3 0.9416426515625 0.9329044124999999 0.953170028125 0.9448529406249999 0.9690201734375 0.9209558828125 0.9610951015625 0.909007353125 0.9416426515625 0.9329044124999999
3 0.8883285296875 0.4623161765625 0.8818443796875 0.4705882359375 0.9027377515625 0.497242646875 0.9092219015625 0.4889705875 0.8883285296875 0.4623161765625
3 0.0907780984375 0.0955882359375 0.0835734875 0.085477940625 0.06700288125000001 0.10386029375000001 0.074927953125 0.11488970624999999 0.0907780984375 0.0955882359375
3 0.036743515625 0.15808823593750002 0.0295389046875 0.1452205875 0.0100864546875 0.1681985296875 0.018011528125000002 0.1810661765625 0.036743515625 0.15808823593750002
3 0.06123919375 0.55238970625 0.052593659375000004 0.5615808828125 0.0684438046875 0.58363970625 0.0770893375 0.5744485296875 0.06123919375 0.55238970625
3 0.11095100937499999 0.7518382359375 0.1195965421875 0.7408088234375 0.1037463984375 0.7178308828125 0.0951008640625 0.72886029375 0.11095100937499999 0.7518382359375
3 0.7817002875 0.2049632359375 0.7744956765625 0.190257353125 0.7543227671875 0.2123161765625 0.7629683 0.2251838234375 0.7817002875 0.2049632359375
3 0.6678674359375 0.2794117640625 0.6772334296875 0.265625 0.662103746875 0.2435661765625 0.652017290625 0.257352940625 0.6678674359375 0.2794117640625
3 0.6628242078125 0.14246323593750002 0.654178675 0.1516544125 0.6729106625 0.1764705875 0.6801152734375 0.1672794125 0.6628242078125 0.14246323593750002
3 0.7629683 0.17095588281250002 0.75360230625 0.15808823593750002 0.7334293953125 0.1829044125 0.7427953890625 0.1939338234375 0.7629683 0.17095588281250002
3 0.1671469734375 0.01011029375 0.1599423625 0.0009191171874999999 0.1404899140625 0.0220588234375 0.1484149859375 0.0330882359375 0.1671469734375 0.01011029375
3 0.90057636875 1 0.9178674359375 0.9779411765624999 0.9092219015625 0.9678308828125 0.891210375 0.9889705875000001 0.8991908671875001 1 0.90057636875 1
3 0.0842939484375 0.5845588234375 0.0742074921875 0.5983455875 0.09293948125 0.625 0.102305475 0.612132353125 0.0842939484375 0.5845588234375
3 0.10590778125 0.6185661765625 0.097982709375 0.63051470625 0.116714696875 0.6544117640625 0.12536023125 0.6443014703125 0.10590778125 0.6185661765625
3 0.102305475 0.69761029375 0.11167147031249999 0.6865808828125 0.09293948125 0.6608455875 0.0835734875 0.671875 0.102305475 0.69761029375
3 0.0727665703125 0.700367646875 0.0821325640625 0.690257353125 0.065561959375 0.6654411765625 0.054755043749999996 0.6764705875 0.0727665703125 0.700367646875
3 0.0900576375 0.72426470625 0.09942363125 0.7123161765625 0.0835734875 0.6884191171875 0.0713256484375 0.7022058828125 0.0900576375 0.72426470625
3 0.15057636875 0.8115808828125 0.1599423625 0.8005514703125 0.1419308359375 0.7775735296875 0.133285303125 0.7886029406249999 0.15057636875 0.8115808828125
3 0.128242075 0.7803308828125 0.139048990625 0.7702205875 0.121757925 0.7435661765625 0.11095100937499999 0.7545955875 0.128242075 0.7803308828125
3 0.27881844375 0.862132353125 0.2701729109375 0.8731617640625 0.2910662828125 0.8998161765624999 0.299711815625 0.8897058828125 0.27881844375 0.862132353125
3 0.742074928125 0.25551470625 0.73414985625 0.2674632359375 0.7543227671875 0.2922794125 0.761527378125 0.28125 0.742074928125 0.25551470625
3 0.68299711875 0.17003676406249998 0.674351584375 0.180147059375 0.690922190625 0.20588235312499997 0.700288184375 0.195772059375 0.68299711875 0.17003676406249998
3 0.8177233421875 0.3602941171875 0.81051873125 0.3685661765625 0.828530259375 0.3970588234375 0.8371757921875 0.38694852968750004 0.8177233421875 0.3602941171875
3 0.796829971875 0.3290441171875 0.7889048984375 0.340992646875 0.81051873125 0.366727940625 0.8184438046875 0.356617646875 0.796829971875 0.3290441171875
3 0.858789625 0.4172794125 0.8515850140625 0.42738970624999995 0.8710374640625 0.4540441171875 0.878242075 0.4439338234375 0.858789625 0.4172794125
3 0.819164265625 0.2922794125 0.8263688765625 0.309742646875 0.85590778125 0.2876838234375 0.8472622484375 0.27113970625 0.819164265625 0.2922794125