3 0.0859232171875 0.62208800625 0.0871419859375 0.6065573765625001 0.06520414375 0.5987920625 0.06520414375 0.6134598796875 0.0859232171875 0.62208800625
3 0.1986593546875 0.032786885937499996 0.1901279703125 0.042277825000000005 0.2035344296875 0.0672993953125 0.21206581406249997 0.0560828296875 0.1986593546875 0.032786885937499996
3 0.1736745890625 0.1044003453125 0.182205971875 0.0940465921875 0.1687995125 0.06902502187500001 0.1596587453125 0.079378775 0.1736745890625 0.1044003453125
3 0.1639244359375 0.11734253593749999 0.1730652046875 0.1052631578125 0.1560024375 0.0802415875 0.14868982343749998 0.09059534062499999 0.1639244359375 0.11734253593749999
3 0.1523461296875 0.12424503906249999 0.16026812968749998 0.1147540984375 0.1468616703125 0.091458153125 0.1389396703125 0.1026747203125 0.1523461296875 0.12424503906249999
3 0.03960999375 0.2553925796875 0.0469226078125 0.2450388265625 0.0316879953125 0.22001725625000002 0.024984765625 0.230371009375 0.03960999375 0.2553925796875
3 0.0511883 0.197584125 0.0450944546875 0.208800690625 0.059719682812499994 0.231233821875 0.067032296875 0.21915444375 0.0511883 0.197584125
3 0.088970140625 0.1958584984375 0.0975015234375 0.1855047453125 0.0828762953125 0.1622088 0.074954296875 0.1742881796875 0.088970140625 0.1958584984375
3 0.1005484453125 0.18464193281250002 0.10847044531250001 0.17342536718749998 0.093845215625 0.149266609375 0.0853138328125 0.1613459875 0.1005484453125 0.18464193281250002
3 0.12187690468750001 0.1622088 0.1304082875 0.151855046875 0.11639244374999999 0.12855910312500002 0.10847044531250001 0.13891285625 0.12187690468750001 0.1622088
3 0.06886045156250001 0.58067299375 0.0694698359375 0.5668679890625 0.0475319921875 0.5582398625 0.0469226078125 0.5729076796875 0.06886045156250001 0.58067299375
3 0.22486288906250002 0.0431406390625 0.23278488749999998 0.0336496984375 0.21694088906250003 0.009490940625 0.210237659375 0.01898188125 0.22486288906250002 0.0431406390625
3 0.11943936562499999 0.710094909375 0.11943936562499999 0.7238999140625 0.140767825 0.7264883515625 0.140767825 0.7126833484375 0.11943936562499999 0.710094909375
3 0.132845825 0.7471958578125 0.13162705624999999 0.7610008625 0.155393053125 0.7661777390625 0.1560024375 0.7497842968749999 0.132845825 0.7471958578125
3 0.141377209375 0.769628990625 0.1395490546875 0.7842968078125 0.1620962828125 0.7877480593749999 0.16331505156249998 0.772217428125 0.141377209375 0.769628990625
3 0.02437538125 0.8058671265624999 0.0335161484375 0.7972389984375 0.0225472265625 0.7756686796875 0.013406459374999999 0.7860224328125 0.02437538125 0.8058671265624999
3 0.1998781234375 0.8955996546874999 0.197440584375 0.911993096875 0.218159659375 0.9171699734375001 0.220597196875 0.9033649703125001 0.1998781234375 0.8955996546874999
3 0.24131627031249997 0.78084555625 0.2303473484375 0.7748058671875 0.22303473437500002 0.8058671265624999 0.234613040625 0.811044003125 0.24131627031249997 0.78084555625
3 0.21084704375 0.7273511640625 0.2004875078125 0.7238999140625 0.195003046875 0.7549611734375 0.205362584375 0.7584124250000001 0.21084704375 0.7273511640625
3 0.12309567343750001 0.728213978125 0.12187690468750001 0.7428817953125 0.14198659375 0.7454702328125 0.143814746875 0.7325280421875 0.12309567343750001 0.728213978125
3 0.0188909203125 0.4952545296875 0.0176721515625 0.509059534375 0.03960999375 0.5125107859375 0.041438146875 0.49870578125 0.0188909203125 0.4952545296875
3 0.009750153125 0.47454702343750005 0.0085313828125 0.488352028125 0.0310786109375 0.49094046562500004 0.0322973796875 0.47799827500000003 0.009750153125 0.47454702343750005
3 0.0719073734375 0.22001725625000002 0.081048140625 0.211389128125 0.0664229125 0.188093184375 0.0578915296875 0.19930975 0.0719073734375 0.22001725625000002
3 0.0792199875 0.2062122515625 0.087751371875 0.19413287343750002 0.0743449109375 0.17342536718749998 0.06581352812499999 0.18464193281250002 0.0792199875 0.2062122515625
3 0.132845825 0.149266609375 0.141377209375 0.13891285625 0.1261425953125 0.1147540984375 0.118220596875 0.12510785156249998 0.132845825 0.149266609375
3 0.142595978125 0.1371872296875 0.1511273609375 0.12769629062500001 0.1346739796875 0.10181190625 0.12675198125 0.111302846875 0.142595978125 0.1371872296875
3 0.184034125 0.092320965625 0.19378427812500001 0.0819672125 0.1773308953125 0.0560828296875 0.1687995125 0.0672993953125 0.184034125 0.092320965625
3 0.20901889062499998 0.01984469375 0.2004875078125 0.029335634375000003 0.21328458281249998 0.051768765625000004 0.22242535000000002 0.0431406390625 0.20901889062499998 0.01984469375
3 0.19378427812500001 0.079378775 0.2017062765625 0.069887834375 0.1876904328125 0.0448662640625 0.17915905000000001 0.055220017187500005 0.19378427812500001 0.079378775
3 0.2023156609375 0.69887834375 0.1913467390625 0.6945642796875 0.183424740625 0.7264883515625 0.195003046875 0.7333908546875 0.2023156609375 0.69887834375
3 0.2291285796875 0.7627264890625 0.218159659375 0.7584124250000001 0.21328458281249998 0.7877480593749999 0.2242535046875 0.7911993093749999 0.2291285796875 0.7627264890625
3 0.21998781250000002 0.7471958578125 0.20901889062499998 0.74115616875 0.2035344296875 0.7670405515625001 0.21450335156250003 0.771354615625 0.21998781250000002 0.7471958578125
3 0.169408896875 0.8326143234375 0.168190128125 0.8490077656249999 0.192565509375 0.8524590156249999 0.192565509375 0.8369283859375001 0.169408896875 0.8326143234375
3 0.0822669109375 0.9551337359375 0.09079829375000001 0.9465056078125 0.078610603125 0.9154443484374999 0.0694698359375 0.9249352890625 0.0822669109375 0.9551337359375
3 0.15722120625 0.7929249359375 0.156611821875 0.8058671265624999 0.179768434375 0.809318378125 0.179768434375 0.7955133734375 0.15722120625 0.7929249359375
3 0.027422303125000002 0.6626402078125 0.0188909203125 0.670405521875 0.0316879953125 0.69801553125 0.039000609375 0.691113028125 0.027422303125000002 0.6626402078125