3 0.0387168140625 0.5687861265625 0.0287610625 0.5734104046875 0.0453539828125 0.5976878609375 0.0530973453125 0.5907514453125 0.0387168140625 0.5687861265625
3 0.026548671875000002 0.545664740625 0.016592920312500002 0.55260115625 0.026548671875000002 0.571098265625 0.036504425 0.5664739890625 0.026548671875000002 0.545664740625
3 0.05420353906249999 0.677456646875 0.047566371875 0.6867052015625 0.05862831875 0.7063583812500001 0.069690265625 0.699421965625 0.05420353906249999 0.677456646875
3 0.0785398234375 0.6323699421875 0.069690265625 0.640462428125 0.0818584078125 0.6589595375 0.09181415937500001 0.652023121875 0.0785398234375 0.6323699421875
3 0.077433628125 0.7144508671875001 0.069690265625 0.7236994218749999 0.0785398234375 0.7445086703125 0.0896017703125 0.734104046875 0.077433628125 0.7144508671875001
3 0.0940265484375 0.734104046875 0.0796460171875 0.7433526015624999 0.0940265484375 0.7664739890625001 0.107300884375 0.7583815031250001 0.0940265484375 0.734104046875
3 0.10951327500000001 0.7606936421875 0.0962389375 0.7687861265625 0.1128318578125 0.789595375 0.12278761093749999 0.781502890625 0.10951327500000001 0.7606936421875
3 0.1603982296875 0.9884393062499999 0.1537610625 0.9745664734374999 0.136061946875 0.989595375 0.143805309375 0.99884393125 0.1603982296875 0.9884393062499999
3 0.2378318578125 0.9514450859375 0.23008849531250003 0.9630057796875 0.25 0.9872832375 0.2599557515625 0.9745664734374999 0.2378318578125 0.9514450859375
3 0.1637168140625 0.8624277453125 0.150442478125 0.8670520234374999 0.15818584062500002 0.8878612718750001 0.1703539828125 0.88323699375 0.1637168140625 0.8624277453125
3 0.1891592921875 0.8092485546875 0.17809734531250002 0.8127167625 0.188053096875 0.8404624281249999 0.19911504375 0.8346820812500001 0.1891592921875 0.8092485546875
0 0.7898230093749999 0.6289017343750001 0.7732300890625 0.6277456640625 0.7787610625 0.654335259375 0.7909292031249999 0.654335259375 0.7898230093749999 0.6289017343750001
0 0.7710176984375 0.63468208125 0.7588495578125001 0.6393063578125 0.7699115046875 0.663583815625 0.77986725625 0.6589595375 0.7710176984375 0.63468208125
0 0.7555309734375 0.6393063578125 0.7477876109375 0.6462427749999999 0.7588495578125001 0.6682080921875 0.768805309375 0.663583815625 0.7555309734375 0.6393063578125
3 0.86836283125 0.7780346828125 0.8639380531249999 0.7676300578124999 0.8484513281250001 0.7849710984375 0.8539823015625 0.7907514453125 0.86836283125 0.7780346828125
3 0.007743362500000001 0.524855490625 0.0022123890625 0.5317919078125 0.01438053125 0.5502890171875 0.02212389375 0.545664740625 0.007743362500000001 0.524855490625
3 0.8307522125 0.7156069359375 0.8285398234375 0.7040462421875 0.80862831875 0.71676300625 0.8141592921875 0.724855490625 0.8307522125 0.7156069359375
3 0.81637168125 0.7132947984375 0.8108407078125 0.7028901734375 0.7953539828125 0.710982659375 0.7997787609375 0.7236994218749999 0.81637168125 0.7132947984375
3 0.9026548671875 0.8277456640624999 0.8993362828125001 0.8173410406249999 0.88163716875 0.8254335265625 0.8871681421875 0.8369942203124999 0.9026548671875 0.8277456640624999
3 0.900442478125 0.8150289015625001 0.893805309375 0.8023121390625001 0.8772123890625 0.8196531796875 0.8849557515625 0.8254335265625 0.900442478125 0.8150289015625001
3 0.8772123890625 0.78843930625 0.8672566375 0.781502890625 0.8484513281250001 0.7965317921875 0.8606194687500001 0.805780346875 0.8772123890625 0.78843930625
3 0.8882743359375 0.8023121390625001 0.8838495578125001 0.7907514453125 0.8639380531249999 0.806936415625 0.8716814156250001 0.8173410406249999 0.8882743359375 0.8023121390625001
3 0.834070796875 0.8023121390625001 0.8252212390624999 0.8092485546875 0.8373893812500001 0.8265895953125 0.84513274375 0.8196531796875 0.834070796875 0.8023121390625001
3 0.856194690625 0.7572254328125 0.8484513281250001 0.7468208093750001 0.8351769906250001 0.7595375718749999 0.8407079640624999 0.7687861265625 0.856194690625 0.7572254328125
0 0.7411504421874999 0.6427745671875 0.7323008843750001 0.64739884375 0.7488938046875 0.6716763 0.7577433625000001 0.664739884375 0.7411504421874999 0.6427745671875
3 0.8506637171874999 0.7410404625 0.84513274375 0.7329479765625 0.8285398234375 0.7445086703125 0.834070796875 0.7549132953125001 0.8506637171874999 0.7410404625
3 0.8019911499999999 0.75260115625 0.7931415921875 0.7606936421875 0.8064159296875 0.7757225437499999 0.8141592921875 0.7676300578124999 0.8019911499999999 0.75260115625
3 0.8174778765624999 0.7791907515625 0.8097345125000001 0.7861271671875001 0.8252212390624999 0.8034682078125 0.8318584078125 0.7976878609375 0.8174778765624999 0.7791907515625
3 0.7898230093749999 0.6624277453125 0.77986725625 0.663583815625 0.776548671875 0.68323699375 0.7898230093749999 0.6867052015625 0.7898230093749999 0.6624277453125
3 0.7699115046875 0.6959537578125 0.75663716875 0.7052023125 0.768805309375 0.7283237 0.7809734515625 0.717919075 0.7699115046875 0.6959537578125
3 0.7853982296875001 0.7306358375 0.775442478125 0.734104046875 0.7876106187499999 0.75260115625 0.7964601765625 0.747976878125 0.7853982296875001 0.7306358375
0 0.8174778765624999 0.7283237 0.8230088500000001 0.7410404625 0.8506637171874999 0.7225433531250001 0.8429203546874999 0.710982659375 0.8174778765624999 0.7283237
0 0.7334070796875001 0.652023121875 0.723451328125 0.6589595375 0.7389380531249999 0.68092485625 0.7477876109375 0.6728323703125 0.7334070796875001 0.652023121875