3 0.688246096875 0.6236621343750001 0.696510559375 0.6225050624999999 0.69100091875 0.6123806765625 0.6831955921875 0.6138270171875 0.688246096875 0.6236621343750001
3 0.277318640625 0.9673126984374999 0.27272727343750003 0.9632629453125 0.260789715625 0.9699161125 0.26492194687500004 0.97280879375 0.277318640625 0.9673126984374999
3 0.336547290625 0.9326005203125 0.33103764999999996 0.9297078390625 0.3218549125 0.93636100625 0.32736455468750003 0.9386751515625 0.336547290625 0.9326005203125
3 0.3553719015625 0.92479028125 0.3503213953125 0.9213190625 0.34022038593750004 0.92739369375 0.345270890625 0.9305756437499999 0.3553719015625 0.92479028125
0 0.39348025781249996 0.90945906875 0.3902663 0.905120046875 0.37786960468749997 0.9097483359374999 0.38108356250000003 0.9135088234375001 0.39348025781249996 0.90945906875
3 0.3443526171875 0.6363899328125 0.3471074375 0.6334972515625 0.33425160625 0.6288689609375 0.3314967859375 0.6323401796875 0.3443526171875 0.6363899328125
3 0.328282828125 0.63118310625 0.3305785125 0.6280011578125 0.31680440781249997 0.623951403125 0.3140495875 0.627133353125 0.328282828125 0.63118310625
3 0.30899908125 0.6248192078125 0.31221303906250003 0.6219265265625 0.3016528921875 0.61643043125 0.2979797984375 0.61903384375 0.30899908125 0.6248192078125
3 0.2805325984375 0.6149840906249999 0.2846648296875 0.612091409375 0.2741046828125 0.606016778125 0.27043158906250003 0.6086201906250001 0.2805325984375 0.6149840906249999
3 0.260330578125 0.6013884875 0.2635445359375 0.599652878125 0.2548209359375 0.593578246875 0.252525253125 0.5956031234375 0.260330578125 0.6013884875
3 0.065656565625 0.4798958640625 0.06932966093750001 0.48249927656249997 0.0798898078125 0.4784495234375 0.07667585 0.4752675734375 0.065656565625 0.4798958640625
3 0.0771349859375 0.44634075781250004 0.06932966093750001 0.44778709843750003 0.07438016562500001 0.4570436796875 0.08080808125 0.4553080703125 0.0771349859375 0.44634075781250004
0 0.4912764 0.14174139375 0.4931129484375 0.1368238359375 0.4605142328125 0.131327740625 0.4586776859375 0.137113103125 0.4912764 0.14174139375
0 0.4499540859375 0.1350882265625 0.45133149687499996 0.13017066875 0.41919191875 0.12756725468750002 0.41873278281250004 0.13277408125 0.4499540859375 0.1350882265625
3 0.3126721765625 0.9649985531249999 0.3085399453125 0.9609488 0.2956841140625 0.965577090625 0.298438934375 0.9693375765625 0.3126721765625 0.9649985531249999
3 0.21579430624999998 0.9866936656249999 0.21028466406250002 0.98495805625 0.2047750234375 0.9930575640624999 0.20982552812500002 0.9942146375 0.21579430624999998 0.9866936656249999
3 0.9545454546875 0.5701475265625 0.955922865625 0.5672548453124999 0.9444444437499999 0.5649407 0.9430670343750001 0.56783338125 0.9545454546875 0.5701475265625
3 0.525252525 0.64622505 0.5243342515625 0.6430431015625 0.510560146875 0.6442001734375 0.5114784203125 0.647671390625 0.525252525 0.64622505
3 0.9283746562499999 0.56465143125 0.9315886140625 0.5614694828125 0.9178145093750001 0.5579982640625001 0.915518825 0.5611802140625 0.9283746562499999 0.56465143125
3 0.9081726359375001 0.5597338734374999 0.9086317718749999 0.55568411875 0.8953168046875 0.5565519234375 0.896235078125 0.5597338734374999 0.9081726359375001 0.5597338734374999
3 0.8549127640625 0.5553948515625 0.853994490625 0.5519236328125 0.8406795218750001 0.55250216875 0.8415977968749999 0.55626265625 0.8549127640625 0.5553948515625
3 0.8053259875000001 0.5582875328125 0.80486685 0.5551055828125 0.7933884296875 0.5565519234375 0.794306703125 0.5597338734374999 0.8053259875000001 0.5582875328125
3 0.7851239671875 0.5614694828125 0.7832874203125 0.5582875328125 0.7713498624999999 0.5606016781250001 0.773645546875 0.563494359375 0.7851239671875 0.5614694828125
3 0.764921946875 0.56465143125 0.7630854 0.56175875 0.74977043125 0.5643621640625 0.752525253125 0.56783338125 0.764921946875 0.56465143125
3 0.7424242421875 0.572750940625 0.74196510625 0.5687011859375 0.7277318640625 0.569858259375 0.729109275 0.5739080125 0.7424242421875 0.572750940625
3 0.7254361796875 0.5747758171874999 0.7231404953125 0.5704367953125 0.7102846640625 0.57419728125 0.7130394859375 0.5779577671875 0.7254361796875 0.5747758171874999
3 0.709366390625 0.5788255718750001 0.7061524328125001 0.5756436218750001 0.6937557390625 0.5805611796875 0.696969696875 0.5840323984375 0.709366390625 0.5788255718750001
3 0.6914600546874999 0.587792884375 0.6896235078124999 0.584610934375 0.676308540625 0.589239225 0.6795224984375 0.592421175 0.6914600546874999 0.587792884375
3 0.9366391187499999 0.0373155921875 0.938934803125 0.03355510625 0.92332415 0.0300838875 0.921946740625 0.034712178125 0.9366391187499999 0.0373155921875
3 0.5601469234375 0.48423488593749997 0.553259871875 0.48423488593749997 0.5518824609374999 0.4949378078125 0.5583103765625 0.4946485390625 0.5601469234375 0.48423488593749997
3 0.549127640625 0.48394561718749995 0.5431588609375 0.48394561718749995 0.5422405875 0.49349146718750003 0.5477502296875 0.49349146718750003 0.549127640625 0.48394561718749995
3 0.662993571875 0.5970494656249999 0.6680440765625 0.599652878125 0.6767676765624999 0.593578246875 0.6721763078125 0.5912641015625 0.662993571875 0.5970494656249999
3 0.6602387515625 0.6016777546875 0.65656565625 0.599363609375 0.64876033125 0.60428116875 0.6533516984375 0.60717385 0.6602387515625 0.6016777546875
3 0.637741046875 0.6152733578125 0.6336088156249999 0.6129592125000001 0.6239669421875 0.6184553078125 0.6267217625 0.6213479890625 0.637741046875 0.6152733578125
3 0.6207529843749999 0.6248192078125 0.6166207531250001 0.621058721875 0.6037649218750001 0.6274226203125 0.6074380171875 0.63118310625 0.6207529843749999 0.6248192078125
3 0.599632690625 0.632918715625 0.5959595953125 0.6300260343749999 0.584481175 0.6337865203125 0.5881542703125 0.6372577374999999 0.599632690625 0.632918715625
3 0.58034894375 0.637836275 0.5780532593750001 0.6349435921875 0.566115703125 0.6369684703125 0.5674931125 0.64015041875 0.58034894375 0.637836275
3 0.5606060609375 0.642175296875 0.5587695140625 0.6381255421875001 0.5454545453125 0.6410182234375 0.548209365625 0.6444894421875 0.5606060609375 0.642175296875
3 0.5426997250000001 0.645357246875 0.5408631765624999 0.641886028125 0.5280073468750001 0.6447787093749999 0.5303030296875 0.647960659375 0.5426997250000001 0.645357246875