3 0.9229384234375001 0.95540935625 0.9294202374999999 0.9586988296875001 0.9384227578125 0.9440789468749999 0.9326611453125 0.9400584796875 0.9229384234375001 0.95540935625
3 0.6431400796875 0.015350876562499999 0.637018365625 0.0204678359375 0.6467410874999999 0.0317982453125 0.6525027 0.0259502921875 0.6431400796875 0.015350876562499999
0 0.5153042859375 0.48428362500000005 0.509182571875 0.476242690625 0.48073460625 0.49817251406249996 0.48901692499999994 0.506578946875 0.5153042859375 0.48428362500000005
0 0.5513143687500001 0.46491228125 0.5444724515625 0.45650584843750003 0.517824990625 0.4802631578125 0.526107309375 0.48830409374999995 0.5513143687500001 0.46491228125
0 0.5534749734375 0.5 0.5466330578124999 0.49086257343749995 0.50846236875 0.523026315625 0.5167446890625 0.5314327484375 0.5534749734375 0.5
0 0.5613971906249999 0.510599415625 0.5538350734375 0.5014619890625001 0.5160244875 0.5369152046875 0.5239467046875 0.5453216375000001 0.5613971906249999 0.510599415625
0 0.558156284375 0.5358187140624999 0.55167446875 0.5266812859375001 0.5239467046875 0.551169590625 0.5322290234375 0.5595760234375 0.558156284375 0.5358187140624999
0 0.585523946875 0.551900584375 0.5783219296875 0.5413011703125 0.5455527546875001 0.5701754390625 0.553114871875 0.57894736875 0.585523946875 0.551900584375
0 0.5995678796874999 0.57273391875 0.5927259625 0.563596490625 0.5606769890625001 0.5935672515625 0.568959309375 0.601973684375 0.5995678796874999 0.57273391875
0 0.610010803125 0.6209795328125 0.6024486859375 0.626096490625 0.6240547359375 0.653508771875 0.6312567515625 0.646929825 0.610010803125 0.6209795328125
0 0.6161325171875001 0.613669590625 0.6089305 0.619152046875 0.6308966515625001 0.6458333328125 0.637378465625 0.641081871875 0.6161325171875001 0.613669590625
0 0.623694634375 0.60855263125 0.6161325171875001 0.613669590625 0.6377385671875 0.640716375 0.645300684375 0.6348684203125 0.623694634375 0.60855263125
0 0.6449405828125 0.586257309375 0.6355779625 0.5939327484375 0.6568239109375 0.6217105265625 0.66546633125 0.61476608125 0.6449405828125 0.586257309375
0 0.6640259265624999 0.5723684203125 0.6553835078125 0.578581871875 0.6780698593750001 0.6056286546874999 0.684911775 0.5986842109375 0.6640259265624999 0.5723684203125
0 0.67410875 0.5646929828125 0.6640259265624999 0.5712719296875 0.6867122796875 0.5983187140624999 0.694274396875 0.5906432749999999 0.67410875 0.5646929828125
0 0.5902052578125 0.4513888890625 0.5819229390625 0.44371345 0.5574360828125 0.471491228125 0.56823910625 0.4795321640625 0.5902052578125 0.4513888890625
0 0.6625855234375 0.413742690625 0.6694274390625 0.4221491234375 0.6960749015625 0.3994883046875 0.6899531875 0.391081871875 0.6625855234375 0.413742690625
3 0.53546993125 0.318347953125 0.52970831875 0.323099415625 0.54087144375 0.3358918125 0.5462729562499999 0.33040935625 0.53546993125 0.318347953125
3 0.544832553125 0.210526315625 0.5401512421875 0.204312865625 0.5271876125 0.21454678437500002 0.532589125 0.2203947375 0.544832553125 0.210526315625
0 0.509182571875 0.476973684375 0.5030608578125 0.4685672515625 0.4746128921875 0.4901315796875 0.48109470625000006 0.49817251406249996 0.509182571875 0.476973684375
0 0.53510983125 0.44152046718750004 0.5279078140625 0.43274853750000003 0.4990997484375 0.4579678359375 0.5073820671875 0.466739765625 0.53510983125 0.44152046718750004
0 0.49261793281250005 0.4499269 0.48613611875 0.44152046718750004 0.4558876484375 0.466008771875 0.46416996718750003 0.4744152046875 0.49261793281250005 0.4499269
0 0.40331292812499997 0.34758771875 0.3964710125 0.33771929843750004 0.3673028453125 0.3625731 0.3752250625 0.370614034375 0.40331292812499997 0.34758771875
3 0.3046453 0.596491228125 0.297443284375 0.6005116953125 0.30716600625 0.6154970765625001 0.31436802343750003 0.6107456140624999 0.3046453 0.596491228125
3 0.3536190140625 0.4630847953125 0.3485776015625 0.45687134531250007 0.33597407343749996 0.466739765625 0.3413755859375 0.47258771875 0.3536190140625 0.4630847953125
3 0.3428159890625 0.4524853796875 0.338494778125 0.4459064328125 0.3266114515625 0.455774853125 0.33201296406249997 0.461257309375 0.3428159890625 0.4524853796875
0 0.311127115625 0.20138888906250002 0.31580842656249997 0.21016081875 0.3417356859375 0.1962719296875 0.337054375 0.187134503125 0.311127115625 0.20138888906250002
3 0.4692113796875 0.22953216406250002 0.47425279062500003 0.234283625 0.48649621875 0.2247807015625 0.48109470625000006 0.2192982453125 0.4692113796875 0.22953216406250002
3 0.5271876125 0.18128655 0.5333093265625 0.187134503125 0.5455527546875001 0.17580409375 0.5401512421875 0.169225146875 0.5271876125 0.18128655
0 0.4079942390625 0.30299707656249997 0.4151962546875 0.31176900625 0.4436442203125 0.28728070156249996 0.43716240624999997 0.27887426875 0.4079942390625 0.30299707656249997
0 0.41663665781250003 0.3614766078125 0.4097947421875 0.35233918124999997 0.380266475 0.3782894734375 0.387468490625 0.385599415625 0.41663665781250003 0.3614766078125
0 0.5109830750000001 0.42178362500000005 0.5045012609375 0.41228070156249996 0.4746128921875 0.43786549687500004 0.482175009375 0.44554093593750005 0.5109830750000001 0.42178362500000005
0 0.422398271875 0.369152046875 0.4151962546875 0.36038011718749996 0.387468490625 0.386330409375 0.3961109109375 0.3943713453125 0.422398271875 0.369152046875
0 0.4882967234375 0.3157894734375 0.48109470625000006 0.30628655 0.45120633750000005 0.3318713453125 0.4598487578125 0.34027777812500004 0.4882967234375 0.3157894734375
0 0.5088224703125 0.351242690625 0.5009002515625001 0.34137426875 0.4720921859375 0.3673245609375 0.4814548078125 0.376096490625 0.5088224703125 0.351242690625
0 0.4598487578125 0.41301169531250004 0.45336694218750007 0.40387426875 0.4231184734375 0.42945906406249995 0.431040690625 0.438596490625 0.4598487578125 0.41301169531250004
0 0.46561037031249997 0.42068713437499994 0.4584083546875 0.4119152046875 0.430680590625 0.43786549687500004 0.438962909375 0.44554093593750005 0.46561037031249997 0.42068713437499994
0 0.4994598484375 0.396929825 0.49261793281250005 0.3881578953125 0.46272956406250004 0.41337719375 0.46993158125 0.4221491234375 0.4994598484375 0.396929825
0 0.47857399999999994 0.4349415203125 0.4720921859375 0.4250731 0.4425639171875 0.44919590625000005 0.4515664390625 0.45760233906250003 0.47857399999999994 0.4349415203125
3 0.6082102984375 0.15972222187500001 0.6031688875000001 0.153508771875 0.5902052578125 0.163742690625 0.5959668703125 0.1703216375 0.6082102984375 0.15972222187500001
0 0.669787540625 0.21893274843750002 0.6622254234375 0.21016081875 0.6334173562500001 0.2368421046875 0.6420597765625 0.24524853750000003 0.669787540625 0.21893274843750002
3 0.3795462734375 0.609283625 0.3748649625 0.6041666671875 0.362981634375 0.614400584375 0.36838314687499996 0.61951754375 0.3795462734375 0.609283625
0 0.6856319765625 0.2587719296875 0.6964350015624999 0.260599415625 0.7018365140625 0.226973684375 0.6906733890625001 0.2247807015625 0.6856319765625 0.2587719296875
3 0.6636658265625 0.45431286562500006 0.6568239109375 0.45906432812500003 0.6665466328125 0.47112573125 0.6719481453125 0.466739765625 0.6636658265625 0.45431286562500006
3 0.669787540625 0.45065789531249995 0.6640259265624999 0.45431286562500006 0.672668346875 0.46710526249999995 0.6787900609374999 0.46271929843750004 0.669787540625 0.45065789531249995
3 0.68239106875 0.4791666671875 0.6881526828125 0.47478070156249996 0.6795102625 0.4623538015625 0.6733885484375 0.46637426875 0.68239106875 0.4791666671875
3 0.67410875 0.4448099421875 0.6679870359375 0.448830409375 0.677709759375 0.460526315625 0.683111271875 0.45687134531250007 0.67410875 0.4448099421875
3 0.6841915734375 0.45687134531250007 0.6780698593750001 0.460526315625 0.686352178125 0.47258771875 0.6917536906249999 0.4685672515625 0.6841915734375 0.45687134531250007
3 0.6802304640625 0.43932748593750004 0.6737486500000001 0.44371345 0.683471371875 0.4561403515625 0.6892329859374999 0.4513888890625 0.6802304640625 0.43932748593750004
3 0.6895930859375 0.4513888890625 0.683471371875 0.4561403515625 0.6931940937500001 0.4689327484375 0.69859560625 0.4641812859375 0.6895930859375 0.4513888890625
3 0.686352178125 0.43421052656250003 0.6802304640625 0.4389619890625 0.6892329859374999 0.45065789531249995 0.6953547 0.4459064328125 0.686352178125 0.43421052656250003
3 0.699675909375 0.46454678437499997 0.7057976234375001 0.459795321875 0.6960749015625 0.4462719296875 0.6899531875 0.4513888890625 0.699675909375 0.46454678437499997
3 0.6921137921875 0.4290935671875 0.685992078125 0.43311403437499996 0.6949945984375 0.44554093593750005 0.7003961109375 0.44078947343749997 0.6921137921875 0.4290935671875
3 0.705437521875 0.4586988296875 0.7115592359375 0.45431286562500006 0.7018365140625 0.44042397656250004 0.6953547 0.4451754390625 0.705437521875 0.4586988296875
3 0.6975153046875 0.4236111109375 0.6906733890625001 0.4279970765625 0.7018365140625 0.44152046718750004 0.707598128125 0.436403509375 0.6975153046875 0.4236111109375
3 0.7111991359375 0.45394736875 0.71732085 0.448830409375 0.707598128125 0.436403509375 0.7014764140625 0.44042397656250004 0.7111991359375 0.45394736875
3 0.70399711875 0.419225146875 0.6978754046875 0.42324561406249994 0.7072380265625 0.4360380109375 0.712999640625 0.43128655 0.70399711875 0.419225146875
3 0.71732085 0.44809941562500005 0.7223622609375 0.44371345 0.712999640625 0.43128655 0.7072380265625 0.4360380109375 0.71732085 0.44809941562500005
3 0.70939863125 0.413742690625 0.7032769171875 0.4188596484375 0.7137198421875001 0.43165204687500003 0.71984155625 0.4265350875 0.70939863125 0.413742690625
3 0.7230824625000001 0.44371345 0.728483975 0.43932748593750004 0.72020165625 0.42690058437499995 0.7137198421875001 0.43128655 0.7230824625000001 0.44371345
3 0.6766294562499999 0.48428362500000005 0.68203096875 0.47989766093749997 0.6719481453125 0.466739765625 0.6661865328125 0.470760234375 0.6766294562499999 0.48428362500000005
3 0.6705077421875 0.48940058437499995 0.6759092546875001 0.4846491234375 0.66582643125 0.471491228125 0.6593446171874999 0.47551169531250004 0.6705077421875 0.48940058437499995
3 0.6575441125 0.46016081875000003 0.6514223984374999 0.46454678437499997 0.66042491875 0.47551169531250004 0.66582643125 0.47112573125 0.6575441125 0.46016081875000003
3 0.62261433125 0.49195906406249995 0.6161325171875001 0.49597953281249996 0.6254951390625 0.5084064328125 0.63053655 0.504385965625 0.62261433125 0.49195906406249995
0 0.6431400796875 0.25548245625 0.6503420953125 0.2638888890625 0.6766294562499999 0.2423245609375 0.67086784375 0.23355263124999998 0.6431400796875 0.25548245625
3 0.6575441125 0.23355263124999998 0.662945625 0.23976608124999998 0.6748289515625 0.22916666718749998 0.669787540625 0.222222221875 0.6575441125 0.23355263124999998
3 0.647821390625 0.266812865625 0.653583003125 0.27412280624999996 0.6665466328125 0.2624269 0.6615052218749999 0.255847953125 0.647821390625 0.266812865625
0 0.6553835078125 0.27010233906250003 0.6622254234375 0.27741228125 0.686352178125 0.2587719296875 0.6791501625 0.2485380109375 0.6553835078125 0.27010233906250003
0 0.7032769171875 0.334429825 0.7111991359375 0.32711988281250004 0.6906733890625001 0.2993421046875 0.680590565625 0.306652046875 0.7032769171875 0.334429825
3 0.6272956421875 0.5259502921875 0.63053655 0.5328947375 0.6449405828125 0.5263157890625 0.642419878125 0.5193713453125001 0.6272956421875 0.5259502921875
3 0.6525027 0.5292397656250001 0.6471011890625 0.53362573125 0.6571840109375 0.546783625 0.6625855234375 0.5427631578125001 0.6525027 0.5292397656250001
3 0.62801584375 0.4872076015625 0.6229744328125 0.49086257343749995 0.6312567515625 0.5014619890625001 0.6359380625 0.49707602343749996 0.62801584375 0.4872076015625
3 0.6640259265624999 0.49561403437499996 0.669787540625 0.49195906406249995 0.66042491875 0.477704678125 0.6539431046875 0.48209064375 0.6640259265624999 0.49561403437499996
3 0.6416996765625 0.5149853796875 0.6463809859375 0.511330409375 0.6366582640625 0.49817251406249996 0.6308966515625001 0.5025584796875 0.6416996765625 0.5149853796875
3 0.6334173562500001 0.48062865468749993 0.6272956421875 0.4846491234375 0.6377385671875 0.49817251406249996 0.642779978125 0.49378655 0.6334173562500001 0.48062865468749993
3 0.6431400796875 0.49378655 0.6377385671875 0.4985380109375 0.6471011890625 0.510599415625 0.6528628015625 0.50621345 0.6431400796875 0.49378655
3 0.6388188687499999 0.47551169531250004 0.63305725625 0.4795321640625 0.642779978125 0.4923245609375 0.6474612890625 0.487938596875 0.6388188687499999 0.47551169531250004
3 0.645300684375 0.470760234375 0.6391789703125 0.47478070156249996 0.64926179375 0.4875731 0.6539431046875 0.48318713437499994 0.645300684375 0.470760234375
3 0.6579042125 0.501096490625 0.6636658265625 0.49707602343749996 0.65466330625 0.48355263125 0.6485415921875 0.487938596875 0.6579042125 0.501096490625
3 0.6514223984374999 0.46564327499999997 0.645300684375 0.4700292390625 0.65466330625 0.481725146875 0.6597047171875 0.47733918124999997 0.6514223984374999 0.46564327499999997
3 0.27799783906250003 0.6377923984375 0.284119553125 0.6337719296875 0.27403672968750004 0.618421053125 0.2668347140625 0.6231725140625 0.27799783906250003 0.6377923984375
3 0.3118473171875 0.6549707609375 0.30680590625000004 0.648757309375 0.2884407640625 0.6652046781250001 0.29456247812499997 0.6706871343749999 0.3118473171875 0.6549707609375
3 0.8012243421875 0.5124269 0.7969031328125 0.5073099421875 0.7857400078125 0.516081871875 0.79078141875 0.5211988296875 0.8012243421875 0.5124269
3 0.026287360937499997 0.669225146875 0.0331292765625 0.671418128125 0.036370184374999996 0.6546052625 0.029888368749999998 0.6531432749999999 0.026287360937499997 0.669225146875
0 0.0669787546875 0.41593567187499997 0.0712999640625 0.4250731 0.10226863593749999 0.41593567187499997 0.0986676265625 0.40533625781250004 0.0669787546875 0.41593567187499997
0 0.10586964375 0.4060672515625 0.1091105515625 0.41301169531250004 0.1310767015625 0.40570175468749997 0.1281958953125 0.3983918125 0.10586964375 0.4060672515625
3 0.2005761609375 0.3201754390625 0.2056175734375 0.3263888890625 0.21966150468749998 0.3161549703125 0.2153402953125 0.3095760234375 0.2005761609375 0.3201754390625
3 0.13143680156249998 0.48428362500000005 0.126395390625 0.4791666671875 0.115592365625 0.4901315796875 0.12135397968749999 0.49524853750000003 0.13143680156249998 0.48428362500000005
0 0.2304645296875 0.44919590625000005 0.22506301718750002 0.44188596562500004 0.20021606093750002 0.4586988296875 0.2059776734375 0.466739765625 0.2304645296875 0.44919590625000005
3 0.19841555625 0.45175438593750006 0.194454446875 0.44554093593750005 0.183651421875 0.4528508765625 0.18833273281250001 0.4583333328125 0.19841555625 0.45175438593750006
0 0.104789340625 0.498903509375 0.1119913578125 0.4923245609375 0.074900971875 0.44809941562500005 0.0669787546875 0.455774853125 0.104789340625 0.498903509375
0 0.1141519625 0.49561403437499996 0.10694994531249999 0.5021929828125 0.11847317187499999 0.5135233921875 0.1253150875 0.5076754390625 0.1141519625 0.49561403437499996
3 0.063737846875 0.49597953281249996 0.0698595609375 0.4926900578125 0.0619373421875 0.4791666671875 0.055455528125 0.48355263125 0.063737846875 0.49597953281249996
3 0.0248469578125 0.5168128656250001 0.0316888734375 0.515716375 0.028087864062500002 0.500365496875 0.021606049999999998 0.5018274859375 0.0248469578125 0.5168128656250001
3 0.0075621171875 0.5120614031249999 0.014764134374999998 0.51023391875 0.011523226562499999 0.4963450296875 0.003961109375 0.49817251406249996 0.0075621171875 0.5120614031249999
3 0.011523226562499999 0.5281432749999999 0.0180050421875 0.5259502921875 0.0144040328125 0.51169590625 0.0075621171875 0.5135233921875 0.011523226562499999 0.5281432749999999
3 0.015124234375 0.5438596484375 0.021606049999999998 0.5420321640625 0.018725243750000002 0.52741228125 0.011883326562500001 0.5292397656250001 0.015124234375 0.5438596484375
3 0.01908534375 0.558114034375 0.0266474609375 0.556652046875 0.022686351562500002 0.5420321640625 0.0158444359375 0.5438596484375 0.01908534375 0.558114034375
3 0.0223262515625 0.57419590625 0.0291681671875 0.5723684203125 0.025927259375 0.558114034375 0.018725243750000002 0.5599415203125 0.0223262515625 0.57419590625
3 0.04105149375 0.590277778125 0.0482535109375 0.5884502921875 0.0435722 0.5716374265625 0.036730284375 0.5734649125 0.04105149375 0.590277778125
3 0.033849478125 0.6169590640625 0.039611090625 0.6151315796875 0.036370184374999996 0.601242690625 0.029888368749999998 0.60233918125 0.033849478125 0.6169590640625
3 0.0374504859375 0.4250731 0.0360100828125 0.41812865468749993 0.021245948437500002 0.42105263125 0.0223262515625 0.4279970765625 0.0374504859375 0.4250731
3 0.0381706875 0.40972222187499996 0.036370184374999996 0.40204678437499997 0.0183651421875 0.4049707609375 0.020165646875000002 0.4126461984375 0.0381706875 0.40972222187499996
4 0.1256751890625 0.3490497078125 0.10154843281249999 0.3490497078125 0.10154843281249999 0.3640350875 0.1256751890625 0.3640350875 0.1256751890625 0.3490497078125
0 0.20021606093750002 0.2580409359375 0.2056175734375 0.26717836250000004 0.2337054375 0.2521929828125 0.2290241265625 0.243421053125 0.20021606093750002 0.2580409359375
3 0.183291321875 0.0453216375 0.1868923296875 0.051900584375 0.20093626250000002 0.046783625 0.19805545625 0.039473684375 0.183291321875 0.0453216375
0 0.0846236953125 0.23282163749999998 0.088584803125 0.24269005781250003 0.11775297031250001 0.2302631578125 0.1145120640625 0.22149122812500002 0.0846236953125 0.23282163749999998
0 0.0806625859375 0.2474415203125 0.085343896875 0.25694444375000003 0.11307165937500001 0.24378655 0.10983075312499999 0.2353801171875 0.0806625859375 0.2474415203125
0 0.061577242187500006 0.2635233921875 0.072020165625 0.260599415625 0.06553835 0.23647660781250002 0.055455528125 0.23976608124999998 0.061577242187500006 0.2635233921875
0 0.0511343171875 0.27156432812500003 0.06229744375 0.2693713453125 0.05509542656250001 0.239400584375 0.044652503125 0.2423245609375 0.0511343171875 0.27156432812500003
3 0.0291681671875 0.255847953125 0.033849478125 0.26169590625 0.046092906249999996 0.251096490625 0.0414115953125 0.245614034375 0.0291681671875 0.255847953125
3 0.0334893765625 0.278508771875 0.039250990624999996 0.2807017546875 0.047533309375 0.268274853125 0.0414115953125 0.2649853796875 0.0334893765625 0.278508771875
0 0.1620453734375 0.27668128593749997 0.167446884375 0.28581871406250003 0.1933741453125 0.2704678359375 0.188692834375 0.26206140312500004 0.1620453734375 0.27668128593749997
4 0.139719121875 0.3428362578125 0.1141519625 0.3428362578125 0.1141519625 0.35782163749999996 0.139719121875 0.35782163749999996 0.139719121875 0.3428362578125
0 0.1325171046875 0.29239766093749997 0.1368383140625 0.30080409375 0.1638458765625 0.2876461984375 0.1595246671875 0.278143275 0.1325171046875 0.29239766093749997
0 0.10118833281249999 0.3092105265625 0.10586964375 0.318347953125 0.1325171046875 0.3044590640625 0.1281958953125 0.295687134375 0.10118833281249999 0.3092105265625
0 0.069139359375 0.3252923984375 0.07310046875000001 0.3336988296875 0.10118833281249999 0.3216374265625 0.09578682031249999 0.31176900625 0.069139359375 0.3252923984375
0 0.0388908890625 0.3380847953125 0.042491898437499995 0.346856725 0.0698595609375 0.334795321875 0.06517825000000001 0.3256578953125 0.0388908890625 0.3380847953125
0 0.2599927984375 0.289473684375 0.264674109375 0.294956140625 0.27979834375 0.285453215625 0.2751170328125 0.27777777812500004 0.2599927984375 0.289473684375
0 0.11847317187499999 0.32419590625 0.12315448281250001 0.3322368421875 0.1498019453125 0.31871345 0.145120634375 0.3103070171875 0.11847317187499999 0.32419590625
4 0.15340295312500002 0.3358918125 0.12603529062500002 0.3358918125 0.12603529062500002 0.3516081875 0.15340295312500002 0.3516081875 0.15340295312500002 0.3358918125
3 0.0576161328125 0.6546052625 0.064097946875 0.65241228125 0.059776737499999996 0.63669590625 0.053294921875 0.6385233921875 0.0576161328125 0.6546052625
3 0.0698595609375 0.6973684203125 0.0770615765625 0.6955409359375 0.07310046875000001 0.68128655 0.066258553125 0.683114034375 0.0698595609375 0.6973684203125
3 0.3269715515625 0.688596490625 0.33201296406249997 0.6944444437499999 0.3428159890625 0.6845760234375 0.338494778125 0.6790935671875 0.3269715515625 0.688596490625
0 0.12027367656250001 0.7021198828124999 0.126395390625 0.6970029234374999 0.1141519625 0.6801900578125 0.10694994531249999 0.6849415203125 0.12027367656250001 0.7021198828124999
0 0.2794382421875 0.7627923984375 0.287000359375 0.756578946875 0.26647461250000004 0.7331871343749999 0.25783219375 0.7390350875 0.2794382421875 0.7627923984375
0 0.3323730640625 0.77266081875 0.3413755859375 0.7671783624999999 0.32913215625 0.74926900625 0.3197695359375 0.754385965625 0.3323730640625 0.77266081875
3 0.354339215625 0.7525584796875 0.3485776015625 0.74926900625 0.3413755859375 0.7624269 0.346777096875 0.766081871875 0.354339215625 0.7525584796875
0 0.34353619062499996 0.840643275 0.3514584078125 0.834429825 0.33309326562499997 0.8081140343750001 0.32337054374999996 0.8150584796875 0.34353619062499996 0.840643275
0 0.33453366875 0.84758771875 0.3417356859375 0.840277778125 0.32337054374999996 0.8157894734375001 0.3132877203125 0.8234649125000001 0.33453366875 0.84758771875
0 0.3255311484375 0.8548976609375 0.33417356875 0.8490497078124999 0.314007921875 0.8234649125000001 0.3050054015625 0.83040935625 0.3255311484375 0.8548976609375
0 0.31796903125 0.8600146203125 0.324450846875 0.8545321640625 0.3089665109375 0.83662280625 0.30140439375 0.8421052625 0.31796903125 0.8600146203125
0 0.31076701406249996 0.8691520468749999 0.31796903125 0.8618421046875 0.294922578125 0.8311403515625001 0.28519985625 0.8391812859375 0.31076701406249996 0.8691520468749999
0 0.302844796875 0.8760964906250001 0.3104069140625 0.869883040625 0.2848397546875 0.840277778125 0.27691753750000003 0.8464912281249999 0.302844796875 0.8760964906250001
0 0.29456247812499997 0.8826754390625 0.3010442921875 0.8760964906250001 0.28195894843749997 0.8556286546875 0.2751170328125 0.8611111109375 0.29456247812499997 0.8826754390625
0 0.1775297078125 0.9703947375 0.167446884375 0.9751461984375001 0.1800504140625 1 0.19193374218749998 0.9985380109375 0.1775297078125 0.9703947375
3 0.11991357656249998 0.9619883046875 0.1119913578125 0.959064328125 0.10767014687500001 0.9762426906250001 0.115232265625 0.978070175 0.11991357656249998 0.9619883046875
3 0.104429240625 0.9941520468749999 0.1109110546875 0.9952485375 0.1137918625 0.9817251468749999 0.10767014687500001 0.9798976609375 0.104429240625 0.9941520468749999
3 0.088224703125 0.9828216375000001 0.0943464171875 0.984283625 0.097947425 0.9696637421875 0.0918257109375 0.9682017546875 0.088224703125 0.9828216375000001
3 0.3795462734375 0.6900584796875 0.384227584375 0.6944444437499999 0.3946705078125 0.687134503125 0.389989196875 0.68128655 0.3795462734375 0.6900584796875
3 0.40295282656250003 0.7097953218749999 0.408714440625 0.714546784375 0.41879726249999993 0.70540935625 0.41411595312499994 0.6999269 0.40295282656250003 0.7097953218749999
3 0.3838674828125 0.6728801171875001 0.3795462734375 0.6663011703125 0.36658264375 0.67726608125 0.3716240546875 0.6834795328125 0.3838674828125 0.6728801171875001
0 0.26899531875 0.7690058484375 0.27691753750000003 0.7624269 0.253871084375 0.7361111109375 0.24666906718749998 0.7426900578125 0.26899531875 0.7690058484375
0 0.23658624375 0.7975146203125 0.24450846249999997 0.790570175 0.22254231249999998 0.7627923984375 0.2124594890625 0.7711988296875 0.23658624375 0.7975146203125
0 0.28592005781249996 0.890716375 0.2938422765625 0.8841374265624999 0.26899531875 0.8556286546875 0.26071300000000003 0.8618421046875 0.28592005781249996 0.890716375
3 0.1462009359375 0.8135964906250001 0.141159525 0.80701754375 0.1281958953125 0.8165204671874999 0.1339575078125 0.823099415625 0.1462009359375 0.8135964906250001
3 0.021245948437500002 0.6907894734375 0.0277277640625 0.6922514625 0.0316888734375 0.6765350875 0.0252070578125 0.6750731 0.021245948437500002 0.6907894734375
3 0.01368383125 0.7203947375 0.020525746875 0.721491228125 0.0237666546875 0.7068713453125001 0.0169247390625 0.7061403515625 0.01368383125 0.7203947375
3 0.1119913578125 0.7302631578125001 0.11055095468750001 0.7233187140624999 0.09578682031249999 0.726973684375 0.0983075265625 0.734283625 0.1119913578125 0.7302631578125001
3 0.115592365625 0.739400584375 0.1141519625 0.731725146875 0.0983075265625 0.7357456140624999 0.10082823125 0.7426900578125 0.115592365625 0.739400584375
3 0.11847317187499999 0.75621345 0.11739287031250001 0.748903509375 0.10298883750000001 0.7525584796875 0.1051494421875 0.7595029234374999 0.11847317187499999 0.75621345
3 0.13071660000000002 0.79605263125 0.12783579375 0.788742690625 0.1148721640625 0.794956140625 0.11883327343750001 0.801900584375 0.13071660000000002 0.79605263125
3 0.1094706515625 0.8256578953125 0.115232265625 0.823099415625 0.1091105515625 0.8099415203125 0.1033489375 0.812134503125 0.1094706515625 0.8256578953125
0 0.1530428515625 0.828216375 0.145480734375 0.8333333328125001 0.1570039609375 0.8494152046875 0.1638458765625 0.8446637421875 0.1530428515625 0.828216375
0 0.2340655390625 0.89912280625 0.245948865625 0.9009502921875001 0.248829671875 0.8724415203125 0.23658624375 0.8713450296874999 0.2340655390625 0.89912280625
0 0.2355059421875 0.830043859375 0.229744328125 0.834064328125 0.2387468484375 0.8464912281249999 0.2441483609375 0.8424707609375 0.2355059421875 0.830043859375
3 0.115232265625 0.9016812859375 0.10839035 0.8998538015624999 0.1051494421875 0.9152046781250001 0.1119913578125 0.915935671875 0.115232265625 0.9016812859375
0 0.09506661875 0.9513888890625 0.10262873593749999 0.9528508765625 0.10694994531249999 0.9367690062499999 0.099387828125 0.9342105265624999 0.09506661875 0.9513888890625
3 0.1256751890625 0.9356725140625001 0.11739287031250001 0.9331140343750001 0.1134317609375 0.9506578953125 0.12135397968749999 0.9521198828124999 0.1256751890625 0.9356725140625001
0 0.19193374218749998 0.896929825 0.20201656406250001 0.8972953218749999 0.2034569671875 0.8779239765625 0.19301404375 0.8768274859374999 0.19193374218749998 0.896929825
0 0.22542311874999998 0.8728070171875 0.21498019375 0.8713450296874999 0.2124594890625 0.8972953218749999 0.22326251406250003 0.89912280625 0.22542311874999998 0.8728070171875
0 0.223982715625 0.896929825 0.2344256390625 0.8983918125000001 0.23658624375 0.8724415203125 0.22650342031249998 0.8713450296874999 0.223982715625 0.896929825
3 0.7151602453125 0.40862573125 0.7086784296874999 0.41301169531250004 0.7191213546874999 0.42580409374999995 0.724522865625 0.421418128125 0.7151602453125 0.40862573125
3 0.729564278125 0.43969298281249997 0.734965790625 0.43457602343749996 0.72524306875 0.42178362500000005 0.7194814546875 0.426169590625 0.729564278125 0.43969298281249997
3 0.7209218578125001 0.403508771875 0.7151602453125 0.408260234375 0.7259632703125 0.421418128125 0.7313647828125001 0.41593567187499997 0.7209218578125001 0.403508771875
3 0.890169246875 0.272295321875 0.8858480375 0.26644736875 0.873604609375 0.277046784375 0.8786460203124999 0.2828947375 0.890169246875 0.272295321875
0 0.843716240625 0.970760234375 0.8375945265625001 0.9747807015625 0.846236946875 0.9868421046875 0.8512783578124999 0.983187134375 0.843716240625 0.970760234375
0 0.9024126750000001 0.9192251468749999 0.8966510624999999 0.9239766078124999 0.9063737843749999 0.9353070171875 0.911775296875 0.9312865499999999 0.9024126750000001 0.9192251468749999
0 0.9078141875 0.909356725 0.9016924734374999 0.914473684375 0.911775296875 0.9265350874999999 0.916816709375 0.9214181281249999 0.9078141875 0.909356725
0 0.9243788265624999 0.915935671875 0.9294202374999999 0.9115497078124999 0.9189773140625 0.8983918125000001 0.9132157 0.903143275 0.9243788265624999 0.915935671875
0 0.9283399359375 0.9078947375 0.9330212453125 0.9046052625 0.9243788265624999 0.8936403515625001 0.919697515625 0.89766081875 0.9283399359375 0.9078947375
0 0.849477853125 0.42434210468750005 0.8422758375000001 0.4298245609375 0.8664025921875 0.4561403515625 0.873604609375 0.4499269 0.849477853125 0.42434210468750005
0 0.8577601734375 0.4170321640625 0.85055815625 0.4236111109375 0.873604609375 0.449561403125 0.881526828125 0.44298245625000005 0.8577601734375 0.4170321640625
0 0.8653222906250001 0.40972222187499996 0.857039971875 0.4166666671875 0.881526828125 0.44152046718750004 0.8905293484374999 0.4338450296875 0.8653222906250001 0.40972222187499996
0 0.8527187609375 0.33771929843750004 0.8455167453125 0.3435672515625 0.8714440046874999 0.368421053125 0.8782859203125 0.3611111109375 0.8527187609375 0.33771929843750004
0 0.8592005765625 0.330774853125 0.8523586609375 0.33662280624999996 0.87756571875 0.36038011718749996 0.88332733125 0.35343567187499997 0.8592005765625 0.330774853125
0 0.8653222906250001 0.3223684203125 0.8581202734375 0.32894736875 0.8862081375 0.3541666671875 0.8926899531249999 0.34612573125 0.8653222906250001 0.3223684203125
0 0.9261793296875 0.336257309375 0.9186172125000001 0.32711988281250004 0.889809146875 0.35343567187499997 0.8980914656250001 0.3611111109375 0.9261793296875 0.336257309375
3 0.8728844078125 0.3092105265625 0.8682030968750001 0.30409356718749997 0.8592005765625 0.31323099375 0.8638818875000001 0.318347953125 0.8728844078125 0.3092105265625
3 0.8512783578124999 0.3092105265625 0.85595966875 0.3150584796875 0.8660424921875001 0.305921053125 0.8610010796875001 0.3000731 0.8512783578124999 0.3092105265625
3 0.854879365625 0.3223684203125 0.8577601734375 0.3150584796875 0.8444364421874999 0.30774853750000003 0.8419157359374999 0.3157894734375 0.854879365625 0.3223684203125
3 0.8419157359374999 0.3044590640625 0.84767735 0.3103070171875 0.8624414843749999 0.29788011718749996 0.857039971875 0.29093567187499997 0.8419157359374999 0.3044590640625
3 0.8865682390625 0.3000731 0.8930500546875001 0.3051900578125 0.9063737843749999 0.28983918124999997 0.8998919703125001 0.28362573125 0.8865682390625 0.3000731
0 0.7331652859375 0.9751461984375001 0.7385667984375 0.971856725 0.7292041765625 0.9568713453125 0.7234425640625 0.9612573093749999 0.7331652859375 0.9751461984375001
0 0.7317248828125 0.0244883046875 0.7259632703125 0.015716374999999998 0.7007562125 0.0358187140625 0.7079582281250001 0.04459064375 0.7317248828125 0.0244883046875
0 0.7911415203125001 0.33771929843750004 0.7994238390625 0.3311403515625 0.7778177890625 0.3037280703125 0.7684551671875 0.3106725140625 0.7911415203125001 0.33771929843750004
3 0.8159884765625 0.45650584843750003 0.8105869640625001 0.460526315625 0.8210298890625 0.4744152046875 0.8267915015625 0.4700292390625 0.8159884765625 0.45650584843750003
3 0.7767374859375 0.49342105312499995 0.770255671875 0.49707602343749996 0.7792581921874999 0.51023391875 0.78537990625 0.505847953125 0.7767374859375 0.49342105312499995
3 0.7821389984375 0.48830409374999995 0.7767374859375 0.4923245609375 0.78501980625 0.504385965625 0.79078141875 0.50073099375 0.7821389984375 0.48830409374999995
3 0.7875405109375 0.4828216375 0.7817788984375 0.4875731 0.7929420234375 0.49963450312499996 0.7979834359375 0.49524853750000003 0.7875405109375 0.4828216375
3 0.7929420234375 0.47807017500000004 0.7871804109375 0.4828216375 0.7983435359375 0.49597953281249996 0.8033849484375001 0.4912280703125 0.7929420234375 0.47807017500000004
3 0.7987036375 0.47258771875 0.7929420234375 0.476973684375 0.8030248468750001 0.4890350875 0.8080662578125001 0.48428362500000005 0.7987036375 0.47258771875
3 0.8051854515624999 0.46820175468749997 0.7990637375 0.47258771875 0.8095066624999999 0.48574561406249994 0.8156283765625 0.48099415156249997 0.8051854515624999 0.46820175468749997
3 0.8113071656249999 0.4630847953125 0.8051854515624999 0.466739765625 0.8138278718749999 0.4791666671875 0.819589484375 0.47551169531250004 0.8113071656249999 0.4630847953125
3 0.8224702921875 0.4510233921875 0.8159884765625 0.45540935625 0.827511703125 0.46929824531250003 0.8332733171875001 0.46564327499999997 0.8224702921875 0.4510233921875
0 0.7515304281249999 0.3442982453125 0.759452646875 0.336257309375 0.7371263953125 0.3088450296875 0.7274036734375 0.316885965625 0.7515304281249999 0.3442982453125
3 0.8318329125 0.4448099421875 0.827151603125 0.4375 0.8145480734375001 0.4451754390625 0.8199495859375 0.4524853796875 0.8318329125 0.4448099421875
3 0.8296723078125 0.4470029234375 0.82355059375 0.4510233921875 0.8336334171875001 0.4641812859375 0.8393950312499999 0.459795321875 0.8296723078125 0.4470029234375
3 0.8455167453125 0.43530701718750003 0.8404753328125001 0.42836257343749995 0.82895210625 0.43823099374999996 0.83435361875 0.44407894687500005 0.8455167453125 0.43530701718750003
3 0.8365142234375 0.44334795312499997 0.830392509375 0.44773391875 0.8401152328125001 0.45942982499999996 0.84515664375 0.45540935625 0.8365142234375 0.44334795312499997
3 0.8411955343749999 0.43786549687500004 0.8357940218750001 0.44188596562500004 0.84479654375 0.45394736875 0.85055815625 0.4499269 0.8411955343749999 0.43786549687500004
3 0.846236946875 0.43421052656250003 0.8415556359374999 0.4375 0.85055815625 0.4484649125 0.8552394671875 0.44371345 0.846236946875 0.43421052656250003
0 0.7861001078125 0.527046784375 0.7806985953125001 0.5208333328125 0.762333453125 0.5380116953125 0.7680950671875 0.5434941515625 0.7861001078125 0.527046784375
3 0.8973712640624999 0.278143275 0.8923298531249999 0.2704678359375 0.876125315625 0.284356725 0.8822470296875 0.2913011703125 0.8973712640624999 0.278143275
3 0.88332733125 0.261330409375 0.8790061218749999 0.2536549703125 0.86136118125 0.266081871875 0.8674828953124999 0.2733918125 0.88332733125 0.261330409375
3 0.735325890625 0.4338450296875 0.7414476046875 0.42836257343749995 0.7313647828125001 0.4166666671875 0.72524306875 0.421418128125 0.735325890625 0.4338450296875
3 0.8764854156249999 0.25548245625 0.8718041046874999 0.24963450312500002 0.8584803750000001 0.25950292343750003 0.8631616859375001 0.2653508765625 0.8764854156249999 0.25548245625
4 0.16600648125 0.3322368421875 0.1595246671875 0.3322368421875 0.1595246671875 0.33771929843750004 0.16600648125 0.33771929843750004 0.16600648125 0.3322368421875
4 0.1721281953125 0.32967836250000004 0.1652862796875 0.32967836250000004 0.1652862796875 0.336257309375 0.1721281953125 0.336257309375 0.1721281953125 0.32967836250000004
4 0.16564638125 0.34027777812500004 0.15736406249999998 0.34027777812500004 0.15736406249999998 0.34758771875 0.16564638125 0.34758771875 0.16564638125 0.34027777812500004
4 0.1688872890625 0.3494152046875 0.16024486875 0.3494152046875 0.16024486875 0.3563596484375 0.1688872890625 0.3563596484375 0.1688872890625 0.3494152046875
3 0.5750810234375 0.1838450296875 0.5714800140625 0.1783625734375 0.5617572921875 0.1860380109375 0.5649982 0.1900584796875 0.5750810234375 0.1838450296875
3 0.572200215625 0.17616959062499998 0.5765214265624999 0.181652046875 0.5887648546875 0.171783625 0.58444364375 0.1666666671875 0.572200215625 0.17616959062499998
3 0.9258192296875001 0.0822368421875 0.9290601374999999 0.0873538015625 0.9402232625 0.08040935625 0.9369823546875 0.07456140312500001 0.9258192296875001 0.0822368421875
4 0.9380626578125 0.0263157890625 0.9287000359375 0.0263157890625 0.9287000359375 0.035453215625 0.9380626578125 0.035453215625 0.9380626578125 0.0263157890625
4 0.9434641703125 0.031432748437500005 0.9366222546875 0.031432748437500005 0.9366222546875 0.038011695312499996 0.9434641703125 0.038011695312499996 0.9434641703125 0.031432748437500005
4 0.9463449765625 0.038011695312499996 0.939142959375 0.038011695312499996 0.939142959375 0.04459064375 0.9463449765625 0.04459064375 0.9463449765625 0.038011695312499996
4 0.933381346875 0.034356725 0.9139359015625 0.034356725 0.9139359015625 0.0493421046875 0.933381346875 0.0493421046875 0.933381346875 0.034356725
4 0.9229384234375001 0.0471491234375 0.9038530781249999 0.0471491234375 0.9038530781249999 0.0595760234375 0.9229384234375001 0.0595760234375 0.9229384234375001 0.0471491234375
4 0.9175369109375 0.0321637421875 0.8966510624999999 0.0321637421875 0.8966510624999999 0.0471491234375 0.9175369109375 0.0471491234375 0.9175369109375 0.0321637421875
4 0.9074540875 0.0500731 0.8880086421875 0.0500731 0.8880086421875 0.0650584796875 0.9074540875 0.0650584796875 0.9074540875 0.0500731
4 0.8858480375 0.0529970765625 0.8682030968750001 0.0529970765625 0.8682030968750001 0.06944444375 0.8858480375 0.06944444375 0.8858480375 0.0529970765625
4 0.9020525749999999 0.0646929828125 0.8797263234375 0.0646929828125 0.8797263234375 0.0767543859375 0.9020525749999999 0.0767543859375 0.9020525749999999 0.0646929828125
4 0.815268275 0.2624269 0.80446525 0.2624269 0.80446525 0.2711988296875 0.815268275 0.2711988296875 0.815268275 0.2624269
0 0.9719121359375 0.1549707609375 0.9621894125000001 0.14948830468750002 0.9474252796875 0.1765350875 0.9564277999999999 0.18201754375 0.9719121359375 0.1549707609375
0 0.9524666906249999 0.1461988296875 0.94310406875 0.1392543859375 0.9247389265624999 0.165935671875 0.93446165 0.17141812812499999 0.9524666906249999 0.1461988296875
0 0.9621894125000001 0.1498538015625 0.9531868921875001 0.1447368421875 0.9362621531249999 0.1725146203125 0.9463449765625 0.1776315796875 0.9621894125000001 0.1498538015625
3 0.8332733171875001 0.2086988296875 0.8282319046875 0.2017543859375 0.814908175 0.2130847953125 0.8206697875 0.2192982453125 0.8332733171875001 0.2086988296875
3 0.8728844078125 0.248903509375 0.8685631984375 0.2412280703125 0.8509182578125 0.2536549703125 0.8563197703125001 0.2609649125 0.8728844078125 0.248903509375
3 0.8671227937499999 0.24305555625 0.86172128125 0.2350146203125 0.8455167453125 0.2485380109375 0.8512783578124999 0.25475146249999997 0.8671227937499999 0.24305555625
3 0.8610010796875001 0.23647660781250002 0.85595966875 0.22953216406250002 0.8411955343749999 0.2412280703125 0.8465970468749999 0.24707602343750001 0.8610010796875001 0.23647660781250002
3 0.8375945265625001 0.2350146203125 0.8426359375000001 0.2412280703125 0.8523586609375 0.232456140625 0.84803745 0.22660818749999997 0.8375945265625001 0.2350146203125
3 0.8325531156249999 0.22916666718749998 0.8375945265625001 0.2350146203125 0.8498379546875 0.2244152046875 0.84479654375 0.21893274843750002 0.8325531156249999 0.22916666718749998
3 0.8465970468749999 0.2178362578125 0.840835434375 0.21089181250000003 0.82319049375 0.2251461984375 0.8296723078125 0.23209064375000002 0.8465970468749999 0.2178362578125
3 0.8401152328125001 0.2127192984375 0.8357940218750001 0.2061403515625 0.8203096859375 0.21893274843750002 0.8257111984375 0.2244152046875 0.8401152328125001 0.2127192984375
3 0.8105869640625001 0.2076023390625 0.8167086781249999 0.21198830468750002 0.8314728125 0.19919590625 0.8253510984375 0.192616959375 0.8105869640625001 0.2076023390625
0 0.9380626578125 0.13961988281249998 0.9294202374999999 0.1341374265625 0.914656103125 0.16228070156250002 0.924018725 0.16703216406250002 0.9380626578125 0.13961988281249998
3 0.7925819234375 0.1041666671875 0.7839395031249999 0.10124269062499999 0.77961829375 0.11878655 0.7879006125 0.12134502968750001 0.7925819234375 0.1041666671875
3 0.8473172484375 0.0701754390625 0.8426359375000001 0.0646929828125 0.8293122078125 0.07419590625 0.83435361875 0.08040935625 0.8473172484375 0.0701754390625
3 0.851638459375 0.0774853796875 0.8473172484375 0.07054093593750001 0.8336334171875001 0.08040935625 0.8383147281250001 0.08625730937500001 0.851638459375 0.0774853796875
3 0.8537990640625001 0.084795321875 0.8501980546875 0.07931286562499999 0.8386748296875 0.08662280624999999 0.8429960390625 0.0924707609375 0.8537990640625001 0.084795321875
3 0.858840475 0.09210526249999999 0.854879365625 0.084429825 0.8426359375000001 0.0932017546875 0.8473172484375 0.09941520468750001 0.858840475 0.09210526249999999
3 0.8656823906250001 0.097953215625 0.86172128125 0.090277778125 0.8465970468749999 0.09941520468750001 0.8509182578125 0.10635964843750001 0.8656823906250001 0.097953215625
0 0.9096146921875 0.12353801093750001 0.900612171875 0.11732456093750002 0.8851278359375 0.1458333328125 0.8948505578124999 0.1509502921875 0.9096146921875 0.12353801093750001
3 0.76881526875 0.49597953281249996 0.762333453125 0.501096490625 0.772776378125 0.5142543859375001 0.7785379906250001 0.5095029234374999 0.76881526875 0.49597953281249996
3 0.76377385625 0.5025584796875 0.7576521421875 0.5073099421875 0.767734965625 0.5208333328125 0.773136478125 0.516081871875 0.76377385625 0.5025584796875
3 0.7572920421875 0.5073099421875 0.751170328125 0.51169590625 0.7619733531249999 0.5252192984375 0.7670147640625 0.5204678359375 0.7572920421875 0.5073099421875
3 0.751170328125 0.510599415625 0.7446885125 0.515716375 0.756571840625 0.5296052625 0.7616132515625 0.5248538015624999 0.751170328125 0.510599415625
3 0.683111271875 0.5036549703125 0.6762693546875 0.5084064328125 0.6870723796875 0.5211988296875 0.6921137921875 0.516081871875 0.683111271875 0.5036549703125
3 0.69859560625 0.5321637421875 0.7043572203124999 0.52741228125 0.6931940937500001 0.5146198828124999 0.6881526828125 0.5193713453125001 0.69859560625 0.5321637421875
3 0.6885127828125001 0.4985380109375 0.68239106875 0.5025584796875 0.6910334890625001 0.5142543859375001 0.6964350015624999 0.510599415625 0.6885127828125001 0.4985380109375
3 0.6931940937500001 0.49195906406249995 0.6867122796875 0.49597953281249996 0.697155203125 0.5095029234374999 0.702556715625 0.505116959375 0.6931940937500001 0.49195906406249995
3 0.7083183296875 0.5222953218749999 0.713359740625 0.51790935625 0.7036370187500001 0.504385965625 0.6978754046875 0.5091374265625 0.7083183296875 0.5222953218749999
3 0.6993158078125 0.48684210468750005 0.6931940937500001 0.4912280703125 0.7036370187500001 0.505116959375 0.70939863125 0.50073099375 0.6993158078125 0.48684210468750005
3 0.71444004375 0.518274853125 0.7205617578125 0.5131578953125 0.7090385312499999 0.5 0.70399711875 0.5047514625 0.71444004375 0.518274853125
3 0.705437521875 0.4828216375 0.700036009375 0.4861111109375 0.7097587328125 0.49963450312499996 0.71444004375 0.494883040625 0.705437521875 0.4828216375
3 0.7194814546875 0.51169590625 0.7248829671875 0.5076754390625 0.7155203453125 0.49561403437499996 0.7101188328125 0.5 0.7194814546875 0.51169590625
3 0.7115592359375 0.47733918124999997 0.7047173203125 0.4813596484375 0.7155203453125 0.49451754374999995 0.7209218578125001 0.4904970765625 0.7115592359375 0.47733918124999997
3 0.72560316875 0.5069444437499999 0.73064458125 0.5021929828125 0.721281959375 0.4901315796875 0.716240546875 0.49451754374999995 0.72560316875 0.5069444437499999
3 0.71732085 0.47258771875 0.7115592359375 0.4766081875 0.721281959375 0.48940058437499995 0.7263233703124999 0.4850146203125 0.71732085 0.47258771875
3 0.7317248828125 0.5025584796875 0.7367662953125 0.49780701718750003 0.7274036734375 0.4846491234375 0.7209218578125001 0.48940058437499995 0.7317248828125 0.5025584796875
3 0.7234425640625 0.46783625781250004 0.7180410515625 0.47295321562500003 0.7288440765625 0.48684210468750005 0.7342455890624999 0.48099415156249997 0.7234425640625 0.46783625781250004
3 0.737846596875 0.498903509375 0.7443284125 0.49378655 0.7342455890624999 0.481725146875 0.728483975 0.4861111109375 0.737846596875 0.498903509375
3 0.7302844796875 0.4638157890625 0.7238026640624999 0.46820175468749997 0.735325890625 0.4813596484375 0.740367303125 0.4766081875 0.7302844796875 0.4638157890625
3 0.7443284125 0.49378655 0.7508102265625001 0.4904970765625 0.7414476046875 0.4766081875 0.7356859921875001 0.4802631578125 0.7443284125 0.49378655
3 0.6921137921875 0.5380116953125 0.696795103125 0.5332602343749999 0.686352178125 0.5201023390625 0.680590565625 0.5244883046875 0.6921137921875 0.5380116953125
3 0.6773496578125 0.5095029234374999 0.6715880453125 0.5135233921875 0.680950665625 0.5248538015624999 0.685992078125 0.5204678359375 0.6773496578125 0.5095029234374999
3 0.6852718765625 0.5427631578125001 0.6903132875 0.538742690625 0.680590565625 0.5255847953125 0.6748289515625 0.5299707609375 0.6852718765625 0.5427631578125001
3 0.7601728484375 0.4119152046875 0.764854159375 0.40716374218749996 0.7558516390625 0.3958333328125 0.749729925 0.4005847953125 0.7601728484375 0.4119152046875
3 0.7274036734375 0.398026315625 0.7205617578125 0.40241228125 0.7317248828125 0.415204678125 0.7371263953125 0.41045321562500003 0.7274036734375 0.398026315625
3 0.7414476046875 0.4290935671875 0.74720921875 0.4239766078125 0.7385667984375 0.41228070156249996 0.732445084375 0.4163011703125 0.7414476046875 0.4290935671875
3 0.732445084375 0.392543859375 0.726683471875 0.397295321875 0.737846596875 0.4108187140625 0.743248109375 0.40533625781250004 0.732445084375 0.392543859375
3 0.7436082109375 0.4060672515625 0.737846596875 0.41045321562500003 0.7468491171875 0.4236111109375 0.75261073125 0.4177631578125 0.7436082109375 0.4060672515625
3 0.7396471015625 0.38961988281250004 0.7338854875 0.39400584843750003 0.743248109375 0.40533625781250004 0.7482895203125 0.3998538015625 0.7396471015625 0.38961988281250004
3 0.75261073125 0.41739766093749997 0.75837234375 0.41301169531250004 0.7486496218750001 0.40021929843750004 0.7425279078125 0.40460526249999995 0.75261073125 0.41739766093749997
3 0.745768815625 0.3837719296875 0.7396471015625 0.3877923984375 0.7493698234374999 0.3998538015625 0.754051134375 0.3947368421875 0.745768815625 0.3837719296875
3 0.7655743609375001 0.4075292390625 0.771696075 0.40314327499999997 0.762333453125 0.39144736875 0.7562117390624999 0.3958333328125 0.7655743609375001 0.4075292390625
3 0.6719481453125 0.5131578953125 0.6651062296875 0.5168128656250001 0.67410875 0.5292397656250001 0.6795102625 0.5248538015624999 0.6719481453125 0.5131578953125
3 0.754051134375 0.37975146249999997 0.74756931875 0.3837719296875 0.7554915375 0.3958333328125 0.7619733531249999 0.39144736875 0.754051134375 0.37975146249999997
3 0.759452646875 0.374634503125 0.7533309328125 0.3786549703125 0.76089305 0.38961988281250004 0.7666546640624999 0.38450292343750003 0.759452646875 0.374634503125
3 0.7709758734375 0.4013157890625 0.7767374859375 0.39656432812500003 0.767374865625 0.38450292343750003 0.76089305 0.38961988281250004 0.7709758734375 0.4013157890625
3 0.6733885484375 0.5529970765625001 0.6784299609375 0.5489766078125 0.6694274390625 0.5369152046875 0.6640259265624999 0.5416666671875 0.6733885484375 0.5529970765625001
3 0.6593446171874999 0.5248538015624999 0.653222903125 0.5292397656250001 0.6618653218749999 0.540935671875 0.6676269359375 0.5369152046875 0.6593446171874999 0.5248538015624999
3 0.6651062296875 0.51790935625 0.6575441125 0.523026315625 0.6683471375 0.535453215625 0.67410875 0.5303362578125 0.6651062296875 0.51790935625
3 0.6787900609374999 0.5486111109375 0.684551675 0.5434941515625 0.6737486500000001 0.5307017546874999 0.6679870359375 0.5358187140624999 0.6787900609374999 0.5486111109375
3 0.7360460921875001 0.45906432812500003 0.729924378125 0.4630847953125 0.7400072015625 0.47551169531250004 0.7454087140625 0.470760234375 0.7360460921875001 0.45906432812500003
3 0.7464890171875 0.47039473750000005 0.740367303125 0.4751461984375 0.7504501265625 0.4875731 0.756571840625 0.482456140625 0.7464890171875 0.47039473750000005
3 0.74216780625 0.4524853796875 0.7356859921875001 0.4572368421875 0.7468491171875 0.4700292390625 0.7522506296875 0.46564327499999997 0.74216780625 0.4524853796875
3 0.69859560625 0.55701754375 0.6921137921875 0.56323099375 0.7036370187500001 0.5771198828124999 0.7090385312499999 0.5712719296875 0.69859560625 0.55701754375
3 0.8073460562499999 0.397295321875 0.80194454375 0.4013157890625 0.8087864609375 0.41045321562500003 0.8138278718749999 0.4064327484375 0.8073460562499999 0.397295321875
3 0.8138278718749999 0.392543859375 0.8073460562499999 0.39656432812500003 0.81778898125 0.41045321562500003 0.82319049375 0.40533625781250004 0.8138278718749999 0.392543859375
3 0.8253510984375 0.40570175468749997 0.8314728125 0.4013157890625 0.8210298890625 0.3874269 0.8141879718749999 0.39144736875 0.8253510984375 0.40570175468749997
3 0.822110190625 0.4279970765625 0.8278718046875 0.4239766078125 0.8185091828125 0.41008771875 0.8123874687500001 0.4141081875 0.822110190625 0.4279970765625
3 0.8278718046875 0.4225146203125 0.8336334171875001 0.4188596484375 0.824990996875 0.40533625781250004 0.8188692828124999 0.40862573125 0.8278718046875 0.4225146203125
3 0.68779258125 0.56871345 0.68203096875 0.57273391875 0.6921137921875 0.5858918125 0.6975153046875 0.5815058484375 0.68779258125 0.56871345
3 0.6924738921875 0.563596490625 0.6870723796875 0.56798245625 0.69823550625 0.5815058484375 0.7029168171875 0.5771198828124999 0.6924738921875 0.563596490625
3 0.70399711875 0.5526315796875 0.69823550625 0.55701754375 0.70939863125 0.5712719296875 0.71444004375 0.5665204671875 0.70399711875 0.5526315796875
3 0.8023046453125 0.40314327499999997 0.7965430328124999 0.4075292390625 0.8055455531250001 0.4177631578125 0.8105869640625001 0.41337719375 0.8023046453125 0.40314327499999997
3 0.710478934375 0.5471491234375 0.7029168171875 0.551900584375 0.71444004375 0.5657894734375 0.71984155625 0.5603070171875 0.710478934375 0.5471491234375
3 0.7155203453125 0.5420321640625 0.70939863125 0.546418128125 0.72020165625 0.5603070171875 0.72524306875 0.555921053125 0.7155203453125 0.5420321640625
3 0.7227223625 0.5391081875 0.7169607484375 0.5427631578125001 0.7277637734375 0.556652046875 0.7335253875000001 0.55226608125 0.7227223625 0.5391081875
3 0.7292041765625 0.5343567250000001 0.7230824625000001 0.5391081875 0.7335253875000001 0.5515350875 0.7385667984375 0.5471491234375 0.7292041765625 0.5343567250000001
3 0.7335253875000001 0.52741228125 0.7274036734375 0.5328947375 0.7396471015625 0.5471491234375 0.7446885125 0.5423976609375 0.7335253875000001 0.52741228125
3 0.740727403125 0.5241228062500001 0.7342455890624999 0.528508771875 0.7443284125 0.5420321640625 0.750090025 0.5369152046875 0.740727403125 0.5241228062500001
3 0.7436082109375 0.515716375 0.7371263953125 0.5208333328125 0.749729925 0.5358187140624999 0.7554915375 0.5303362578125 0.7436082109375 0.515716375
3 0.814908175 0.43092105312499995 0.819589484375 0.42690058437499995 0.8131076703125 0.4163011703125 0.8069859562499999 0.4203216375 0.814908175 0.43092105312499995
3 0.8095066624999999 0.4375 0.8156283765625 0.43311403437499996 0.8062657546875001 0.419956140625 0.7997839390625 0.4239766078125 0.8095066624999999 0.4375
3 0.7562117390624999 0.481725146875 0.7612531515625001 0.477704678125 0.7533309328125 0.466739765625 0.74756931875 0.470760234375 0.7562117390624999 0.481725146875
3 0.7792581921874999 0.46198830468749996 0.784299603125 0.4579678359375 0.7763773859375 0.4462719296875 0.770615771875 0.45065789531249995 0.7792581921874999 0.46198830468749996
3 0.7486496218750001 0.44809941562500005 0.742888009375 0.45175438593750006 0.7522506296875 0.46454678437499997 0.7576521421875 0.4608918125 0.7486496218750001 0.44809941562500005
3 0.7619733531249999 0.477704678125 0.7670147640625 0.4736842109375 0.75801224375 0.461257309375 0.7518905296875 0.46564327499999997 0.7619733531249999 0.477704678125
3 0.754411234375 0.4448099421875 0.7493698234374999 0.44809941562500005 0.7576521421875 0.46016081875000003 0.7626935546875 0.455774853125 0.754411234375 0.4448099421875
3 0.767374865625 0.47295321562500003 0.773136478125 0.46820175468749997 0.7641339578124999 0.4561403515625 0.75837234375 0.46016081875000003 0.767374865625 0.47295321562500003
3 0.7601728484375 0.43969298281249997 0.7547713359375 0.44371345 0.7644940578125 0.4546783625 0.7695354703125 0.4502923984375 0.7601728484375 0.43969298281249997
3 0.77457688125 0.4685672515625 0.7803384953125 0.4638157890625 0.7698955703125 0.45065789531249995 0.7641339578124999 0.455043859375 0.77457688125 0.4685672515625
3 0.7680950671875 0.43567251406249996 0.7619733531249999 0.43969298281249997 0.7698955703125 0.4513888890625 0.775657184375 0.44663742656250005 0.7680950671875 0.43567251406249996
3 0.7713359734375 0.42836257343749995 0.7659344609375001 0.43201754374999995 0.7763773859375 0.44444444375 0.7814187968749999 0.44042397656250004 0.7713359734375 0.42836257343749995
3 0.7958228296875001 0.4060672515625 0.789701115625 0.40972222187499996 0.7983435359375 0.4225146203125 0.80446525 0.4188596484375 0.7958228296875001 0.4060672515625
3 0.7857400078125 0.45760233906250003 0.7911415203125001 0.453581871875 0.7817788984375 0.44078947343749997 0.7760172843750001 0.4448099421875 0.7857400078125 0.45760233906250003
3 0.7781778890625 0.4221491234375 0.7724162765625 0.42690058437499995 0.7824991 0.43969298281249997 0.7882607125 0.43530701718750003 0.7781778890625 0.4221491234375
3 0.7832193015625 0.41557017500000004 0.7767374859375 0.419225146875 0.786820309375 0.43347953281249996 0.7918617218749999 0.42945906406249995 0.7832193015625 0.41557017500000004
3 0.7915016203125 0.45321637499999995 0.797623334375 0.449561403125 0.7879006125 0.43567251406249996 0.7821389984375 0.43969298281249997 0.7915016203125 0.45321637499999995
3 0.7979834359375 0.44809941562500005 0.80410515 0.44371345 0.7943824265625 0.43092105312499995 0.7882607125 0.43530701718750003 0.7979834359375 0.44809941562500005
3 0.7889809140625 0.4108187140625 0.7828592000000001 0.414473684375 0.7933021250000001 0.4279970765625 0.7987036375 0.4239766078125 0.7889809140625 0.4108187140625
3 0.8033849484375001 0.44152046718750004 0.8091465609374999 0.4375 0.7997839390625 0.4247076015625 0.7940223265624999 0.4290935671875 0.8033849484375001 0.44152046718750004
3 0.1775297078125 0.034356725 0.1811307171875 0.0413011703125 0.19589485 0.03362573125 0.1922938421875 0.0266812859375 0.1775297078125 0.034356725