3 0.8778664015625001 0.9926273453125001 0.88683948125 0.9979892765624999 0.8943170484375 0.9758713140624999 0.8863409765625001 0.9705093828125 0.8778664015625001 0.9926273453125001
0 0.387836490625 0.45710455781250003 0.3988035890625 0.4631367296875 0.4207377859375 0.40147453125 0.410767696875 0.3947721171875 0.387836490625 0.45710455781250003
0 0.402791625 0.5167560328125 0.414257228125 0.524798928125 0.43668992968750003 0.4604557640625 0.426719840625 0.4544235921875 0.402791625 0.5167560328125
0 0.4102691921875 0.5489276140625 0.421236290625 0.55630026875 0.4431704890625 0.49262734531249996 0.43270189375 0.48592493281250004 0.4102691921875 0.5489276140625
0 0.3035892328125 0.528820375 0.2971086734375 0.5435656843750001 0.34247258281250004 0.57640750625 0.3484546359375 0.5609919578125 0.3035892328125 0.528820375
0 0.3723828515625 0.5750670234374999 0.3668993015625 0.591152815625 0.41176470624999995 0.6239946375 0.41874376875 0.6092493296875 0.3723828515625 0.5750670234374999
0 0.2921236296875 0.55630026875 0.287138584375 0.5717158171875 0.3325024921875 0.6025469171875 0.3379860421875 0.5878016078125 0.2921236296875 0.55630026875
0 0.281655034375 0.5730563 0.276669990625 0.5878016078125 0.3210368890625 0.62064343125 0.32851445625000003 0.6052278828125 0.281655034375 0.5730563
0 0.2736789625 0.594504021875 0.2671984046875 0.6085790890625 0.3140578265625 0.6407506703125 0.31954137656250003 0.626675603125 0.2736789625 0.594504021875
0 0.384346959375 0.6447721171875 0.37886340937499996 0.660857909375 0.42522432656250003 0.6910187671875 0.43120638125 0.6769437 0.384346959375 0.6447721171875
0 0.3793619140625 0.6648793562499999 0.37288135625 0.680965146875 0.419740778125 0.711796246875 0.42472582187499996 0.696380696875 0.3793619140625 0.6648793562499999
0 0.3723828515625 0.6863270781249999 0.3678963109375 0.703083109375 0.4147557328125 0.730563003125 0.419740778125 0.7144772125000001 0.3723828515625 0.6863270781249999
0 0.42821535468749994 0.6159517421875 0.42323030937499995 0.630026809375 0.46909272187499995 0.66152815 0.474576271875 0.6461126 0.42821535468749994 0.6159517421875
0 0.3120638078125 0.7332439671875 0.3060817546875 0.749329759375 0.352442671875 0.7808310984375 0.359421734375 0.76541555 0.3120638078125 0.7332439671875
0 0.2981056828125 0.747319034375 0.2931206375 0.76206434375 0.3379860421875 0.7935656843750001 0.3439680953125 0.7794906171875 0.2981056828125 0.747319034375
0 0.28963110625 0.7634048250000001 0.2841475578125 0.7781501343749999 0.3300099703125 0.810321715625 0.3359920234375 0.7955764078125 0.28963110625 0.7634048250000001
0 0.357926221875 0.788203753125 0.35343968124999997 0.8049597859375 0.40179461562499996 0.8331099203125 0.40628115625000005 0.817024128125 0.357926221875 0.788203753125
0 0.34097706875 0.7989276140625 0.33549351875 0.8143431640625 0.3818544359375 0.8458445046874999 0.38683948125 0.8304289546874999 0.34097706875 0.7989276140625
0 0.41375872343750003 0.1816353890625 0.4237288140625 0.1890080421875 0.44715852500000003 0.12667560312499998 0.437188434375 0.12131367343749999 0.41375872343750003 0.1816353890625
0 0.4541375875 0.1722520109375 0.46460618125 0.180965146875 0.48953140624999997 0.12131367343749999 0.479561315625 0.11461125937500001 0.4541375875 0.1722520109375
0 0.46360917187500006 0.20174262812500002 0.47357926250000004 0.20978552343749998 0.5 0.148123325 0.48953140624999997 0.1414209109375 0.46360917187500006 0.20174262812500002
0 0.4217347953125 0.20911528124999998 0.433698903125 0.2164879359375 0.4541375875 0.1548257375 0.4431704890625 0.14946380625 0.4217347953125 0.20911528124999998
0 0.42921236250000006 0.2426273453125 0.43968095781249994 0.24865951718749998 0.46211365937500004 0.1876675609375 0.4516450640625 0.1816353890625 0.42921236250000006 0.2426273453125
0 0.47158524375 0.2292225203125 0.48155533437500003 0.236595175 0.5064805578125 0.1782841828125 0.49651046875000004 0.170911528125 0.47158524375 0.2292225203125
0 0.4351944171875 0.269436996875 0.4486540375 0.278150134375 0.47108673906250004 0.2164879359375 0.45962113593750004 0.20978552343749998 0.4351944171875 0.269436996875
0 0.47806580312499997 0.2580428953125 0.4880358921875 0.26541555 0.5119641078125 0.205764075 0.5014955140625 0.1990616625 0.47806580312499997 0.2580428953125
0 0.44616151562499995 0.3016085796875 0.4556331 0.309651475 0.4775672984375 0.2459785515625 0.4680957125 0.23994638125 0.44616151562499995 0.3016085796875
0 0.45014955156249997 0.33243967812499997 0.4616151546875 0.3398123328125 0.483050846875 0.2774798921875 0.47357926250000004 0.271447721875 0.45014955156249997 0.33243967812499997
0 0.45962113593750004 0.3619302953125 0.47108673906250004 0.3686327078125 0.49451645 0.30630026875 0.483050846875 0.2995978546875 0.45962113593750004 0.3619302953125
0 0.46660019999999996 0.39142091093750003 0.47806580312499997 0.398793565625 0.5 0.33579088437500004 0.4890329015625 0.329088471875 0.46660019999999996 0.39142091093750003
0 0.474576271875 0.42426273437499995 0.48654037812500006 0.4316353890625 0.5084745765625 0.36796246718750003 0.4980059828125 0.3605898125 0.474576271875 0.42426273437499995
0 0.3958125625 0.48793565625 0.40677966093749995 0.49463807031249996 0.42921236250000006 0.4323056296875 0.4192422734375 0.42627345781250003 0.3958125625 0.48793565625
0 0.35493519375 0.49731903437499997 0.36490528437499997 0.506032171875 0.38833499531250004 0.44235925 0.3783649046875 0.436327078125 0.35493519375 0.49731903437499997
3 0.843469590625 0.9410187671875001 0.8354935187500001 0.9363270781249999 0.8275174484375001 0.9611260046875 0.8364905281249999 0.96581769375 0.843469590625 0.9410187671875001
0 0.380857428125 0.4256032171875 0.39232303125 0.4316353890625 0.41326021874999996 0.3693029484375 0.40229312031250003 0.363270778125 0.380857428125 0.4256032171875
0 0.1984047859375 0.2392761390625 0.2098703890625 0.24731903437499997 0.23180458593750003 0.186327078125 0.219840478125 0.180965146875 0.1984047859375 0.2392761390625
0 0.20488534375 0.26876675625 0.218344965625 0.2761394109375 0.24027916249999998 0.2138069703125 0.22931206406250002 0.206434315625 0.20488534375 0.26876675625
0 0.21385842500000002 0.294235925 0.2248255234375 0.30294906093749996 0.2477567296875 0.2432975875 0.23678963125000002 0.23592493281250002 0.21385842500000002 0.294235925
0 0.1849451640625 0.3693029484375 0.1959122625 0.376675603125 0.2188434703125 0.3163538875 0.20887337968750003 0.30764075 0.1849451640625 0.3693029484375
0 0.22731804531250002 0.357908846875 0.23878364843750002 0.366621984375 0.262213359375 0.3056300265625 0.2522432703125 0.29691689062500004 0.22731804531250002 0.357908846875
0 0.23678963125000002 0.3900804296875 0.2477567296875 0.39745308281249997 0.27018943125 0.33512064375 0.2597208375 0.3277479890625 0.23678963125000002 0.3900804296875
0 0.1724825515625 0.4631367296875 0.17796610156249998 0.4490616625 0.13260219374999999 0.4162198390625 0.12711864374999998 0.43029490625 0.1724825515625 0.4631367296875
0 0.22183449687499998 0.4953083109375 0.22681954062499998 0.4798927609375 0.1814556328125 0.4490616625 0.175972084375 0.4644772125 0.22183449687499998 0.4953083109375
0 0.273180459375 0.5281501343749999 0.278165503125 0.51005361875 0.23130608125 0.480563003125 0.2258225328125 0.49664879375000004 0.273180459375 0.5281501343749999
0 0.11415752812499999 0.623324396875 0.12013958124999999 0.6092493296875 0.0747756734375 0.5784182312499999 0.0702891328125 0.5924932968750001 0.11415752812499999 0.623324396875
0 0.1071784640625 0.638739946875 0.1136590234375 0.6253351203124999 0.0702891328125 0.5938337796875001 0.0653040875 0.6072386062499999 0.1071784640625 0.638739946875
0 0.1001994015625 0.6528150140625 0.1056829515625 0.6407506703125 0.0623130609375 0.6072386062499999 0.05732801562499999 0.619973190625 0.1001994015625 0.6528150140625
0 0.286141575 0.6655495984375001 0.290628115625 0.6508042890625 0.246261215625 0.617292225 0.24027916249999998 0.6313672921875 0.286141575 0.6655495984375001
0 0.2841475578125 0.21782841875 0.2956131609375 0.225201071875 0.31954137656250003 0.16487935625 0.30907278125 0.15817694375 0.2841475578125 0.21782841875
0 0.32751744843749997 0.211796246875 0.3374875375 0.21983914218749998 0.3634097703125 0.158847184375 0.35343968124999997 0.15147453125000002 0.32751744843749997 0.211796246875
0 0.294117646875 0.2553619296875 0.3035892328125 0.26206434375 0.32602193437500004 0.1983914203125 0.31455633125000004 0.1916890078125 0.294117646875 0.2553619296875
0 0.33549351875 0.24128686250000003 0.34795613125 0.24798927656249997 0.3698903296875 0.186327078125 0.3589232296875 0.1789544234375 0.33549351875 0.24128686250000003
0 0.3000997015625 0.28418230625 0.3120638078125 0.29289544218749997 0.3334995015625 0.22989276093750002 0.3235294125 0.22319034843750002 0.3000997015625 0.28418230625
0 0.34446659999999996 0.271447721875 0.354436690625 0.2774798921875 0.37886340937499996 0.2138069703125 0.368394815625 0.20777479843750002 0.34446659999999996 0.271447721875
0 0.3105682953125 0.313672921875 0.32153539375 0.320375334375 0.343469590625 0.2580428953125 0.333000996875 0.2513404828125 0.3105682953125 0.313672921875
0 0.34995015 0.30630026875 0.3619142578125 0.313672921875 0.384346959375 0.25 0.3733798609375 0.2446380703125 0.34995015 0.30630026875
0 0.31605184375 0.341152815625 0.32602193437500004 0.3498659515625 0.348953140625 0.29088471875 0.33898305156249997 0.2835120640625 0.31605184375 0.341152815625
0 0.3245264203125 0.3753351203125 0.336490528125 0.382707775 0.3589232296875 0.3210455765625 0.3474576265625 0.31434316406249996 0.3245264203125 0.3753351203125
0 0.3574277171875 0.33512064375 0.369391825 0.34249329687499996 0.3918245265625 0.2808310984375 0.37986041875 0.2741286859375 0.3574277171875 0.33512064375
0 0.3300099703125 0.40616622031249994 0.34197407812499997 0.4121983921875 0.3634097703125 0.35053619375 0.35393818593750004 0.34249329687499996 0.3300099703125 0.40616622031249994
0 0.36540378906250004 0.3659517421875 0.37686939218750004 0.3739946375 0.3978065796875 0.3109919578125 0.3873379859375 0.3049597859375 0.36540378906250004 0.3659517421875
0 0.33998005937500003 0.434316353125 0.3514456625 0.443029490625 0.37437686875 0.3806970515625 0.36241276093749997 0.3739946375 0.33998005937500003 0.434316353125
0 0.3723828515625 0.39343163593749997 0.38334995 0.40147453125 0.40677966093749995 0.339142090625 0.3953140578125 0.33243967812499997 0.3723828515625 0.39343163593749997
0 0.346959121875 0.46715817656249997 0.357926221875 0.4738605890625 0.3793619140625 0.4095174265625 0.3688933203125 0.4041554953125 0.346959121875 0.46715817656249997
0 0.54237288125 0.145442359375 0.553838484375 0.15348525468750002 0.5762711859375 0.09115281562500001 0.5667996015625001 0.0844504015625 0.54237288125 0.145442359375
0 0.5922233296875 0.16621983906249999 0.603190428125 0.1722520109375 0.62562313125 0.11126005312500001 0.6151545359374999 0.1038874 0.5922233296875 0.16621983906249999
0 0.558325025 0.2037533515625 0.56879361875 0.211796246875 0.592721834375 0.14946380625 0.5817547359375 0.14276139375000002 0.558325025 0.2037533515625
0 0.5992023921875 0.1990616625 0.6111665000000001 0.205093834375 0.6331006984374999 0.14276139375000002 0.6226321031250001 0.13605898125 0.5992023921875 0.1990616625
0 0.5179461609375 0.607908846875 0.5289132609375 0.6152815015625 0.5528414749999999 0.5522788203125 0.54237288125 0.5449061656249999 0.5179461609375 0.607908846875
0 0.560817546875 0.5938337796875001 0.5717846453125001 0.60053619375 0.59371884375 0.5375335125 0.5832502500000001 0.531501340625 0.560817546875 0.5938337796875001
0 0.5667996015625001 0.6193029484375 0.576769690625 0.6280160859375 0.6011964109375 0.5676943703124999 0.5912263203125 0.5609919578125 0.5667996015625001 0.6193029484375
0 0.576769690625 0.6575067031249999 0.58823529375 0.6642091156250001 0.6091724828125 0.5998659515625 0.5977068796875 0.5931635390625 0.576769690625 0.6575067031249999
0 0.520438684375 0.6950402140625 0.5269192421875 0.6789544234375 0.48005982031250005 0.6508042890625 0.47507477500000006 0.6648793562499999 0.520438684375 0.6950402140625
0 0.5782652046875 0.7707774796875 0.5842472578125 0.756032171875 0.5373878359375001 0.721179625 0.5314057828125 0.7365951749999999 0.5782652046875 0.7707774796875
0 0.5692921234375 0.7902144765625 0.5737786640625 0.774798928125 0.52841475625 0.7426273453125 0.52293120625 0.7567024124999999 0.5692921234375 0.7902144765625
0 0.5613160515625 0.8109919578125 0.5667996015625001 0.794235925 0.5209371890625001 0.7640750671875 0.5154536390625 0.778820375 0.5613160515625 0.8109919578125
0 0.550348953125 0.8277479890624999 0.55483549375 0.8123324390625 0.50897308125 0.781501340625 0.5039880359375 0.79758713125 0.550348953125 0.8277479890624999
0 0.539880359375 0.8451742624999999 0.5458624125 0.8297587125 0.5 0.7989276140625 0.4960119640625 0.8130026812500001 0.539880359375 0.8451742624999999
0 0.74925224375 0.8485254687499999 0.7547357921875 0.8331099203125 0.7088733796875 0.8022788203125 0.7043868390625 0.817024128125 0.74925224375 0.8485254687499999
0 0.621136590625 0.288203753125 0.6340977062500001 0.2955764078125 0.65353938125 0.2319034859375 0.6425722828125 0.22453083125 0.621136590625 0.288203753125
0 0.8035892328124999 0.886729221875 0.8095712859375 0.8719839140625 0.7637088734375 0.839142090625 0.7582253234375 0.854557640625 0.8035892328124999 0.886729221875
0 0.8085742765624999 0.8619302953125001 0.8140578265625 0.8451742624999999 0.767696909375 0.8150134046874999 0.7627118640624999 0.8304289546874999 0.8085742765624999 0.8619302953125001
0 0.8733798609375001 0.9349865953125001 0.8783649046875001 0.9189008046874999 0.8315054828124999 0.886729221875 0.8275174484375001 0.9014745312500001 0.8733798609375001 0.9349865953125001
3 0.016949153124999998 0.01876675625 0.00897308125 0.014075067187500002 0.0014955140625 0.0355227875 0.00897308125 0.04088471875 0.016949153124999998 0.01876675625
3 0.10667995937500001 0.0201072390625 0.096211365625 0.01876675625 0.0932203390625 0.044235924999999995 0.1036889328125 0.045576407812500004 0.10667995937500001 0.0201072390625
3 0.121136590625 0 0.1116650046875 0.0013404828125 0.1136590234375 0.026139410937500003 0.12263210312499999 0.024798928125 0.121136590625 0
3 0.0214356921875 0.8056300265624999 0.013459621875 0.8002680968749999 0.0049850453125 0.8223860593750001 0.013459621875 0.8270777484374999 0.0214356921875 0.8056300265624999
3 0.08823529375 0.844504021875 0.0797607171875 0.83847185 0.0727816546875 0.8579088468749999 0.08125623125 0.863270778125 0.08823529375 0.844504021875
3 0.0109670984375 0.95241286875 0.0189431703125 0.9577747984375 0.0294117640625 0.9316353890625001 0.0199401796875 0.9269437 0.0109670984375 0.95241286875
3 0.0702891328125 0.9276139406249999 0.0737786640625 0.917560321875 0.0578265203125 0.905495978125 0.053838484374999995 0.9148793562499999 0.0702891328125 0.9276139406249999
3 0.1071784640625 0.8880697046874999 0.11465603124999998 0.8941018765625 0.1251246265625 0.8719839140625 0.1171485546875 0.8652815015625 0.1071784640625 0.8880697046874999
3 0.1365902296875 0.885388740625 0.1276171484375 0.8793565687499999 0.1196410765625 0.9028150140625 0.1291126625 0.90817694375 0.1365902296875 0.885388740625
3 0.1754735796875 0.9128686328125 0.1665004984375 0.907506703125 0.1570289125 0.930965146875 0.16600199375 0.9369973187499999 0.1754735796875 0.9128686328125
3 0.128115653125 0.87734584375 0.136091725 0.8827077750000001 0.1430707875 0.8612600531249999 0.1365902296875 0.8565683640625 0.128115653125 0.87734584375
3 0.1679960125 0.9034852546875 0.175972084375 0.908847184375 0.1849451640625 0.886729221875 0.175972084375 0.8820375328125 0.1679960125 0.9034852546875
3 0.013459621875 0.796916890625 0.021934196875 0.8036193031250001 0.0294117640625 0.7828418234375001 0.0214356921875 0.7761394109374999 0.013459621875 0.796916890625
3 0.9571286140625 0.752680965625 0.9476570296875 0.74664879375 0.9381854437499999 0.7721179625000001 0.9486540375000001 0.7774798921875 0.9571286140625 0.752680965625
0 0.55483549375 0.56300268125 0.566301096875 0.569034853125 0.5887337984375 0.506032171875 0.5782652046875 0.5 0.55483549375 0.56300268125
0 0.50348953125 0.5449061656249999 0.5144566296875 0.5529490609375001 0.5383848453125 0.49195710468750004 0.5269192421875 0.48391420937499996 0.50348953125 0.5449061656249999
0 0.546859421875 0.53418230625 0.5568295109375 0.54088471875 0.5792622140625 0.4819034859375 0.56879361875 0.4738605890625 0.546859421875 0.53418230625
0 0.5069790625 0.38203753281249997 0.5189431703125 0.3894101875 0.5413758718749999 0.32841823125 0.5294117640625 0.320375334375 0.5069790625 0.38203753281249997
0 0.674975075 0.13605898125 0.686440678125 0.1441018765625 0.7098703890625 0.0817694375 0.698903290625 0.0750670234375 0.674975075 0.13605898125
0 0.7188434703125 0.1260053625 0.7298105687499999 0.132707775 0.752741775 0.070375334375 0.7422731796875001 0.0643431640625 0.7188434703125 0.1260053625
0 0.6869391828125 0.1655495984375 0.69790628125 0.1722520109375 0.7203389828125 0.10991957031249999 0.7098703890625 0.1038874 0.6869391828125 0.1655495984375
0 0.7273180453125 0.155495978125 0.739282153125 0.1628686328125 0.7617148546875 0.10053619375 0.75074775625 0.094504021875 0.7273180453125 0.155495978125
0 0.69242273125 0.1977211796875 0.70338983125 0.2037533515625 0.7248255234375 0.1414209109375 0.7153539375 0.13605898125 0.69242273125 0.1977211796875
0 0.7347956124999999 0.186327078125 0.7452642078125 0.19302949062500002 0.7671984046875 0.130026809375 0.7567298109375 0.12399463749999999 0.7347956124999999 0.186327078125
0 0.74376869375 0.2138069703125 0.7542372875 0.221179625 0.7766699906250001 0.158847184375 0.767696909375 0.15147453125000002 0.74376869375 0.2138069703125
0 0.7013958125 0.22654155468749998 0.712861415625 0.23391420937500002 0.735792621875 0.1695710453125 0.725324028125 0.1635388734375 0.7013958125 0.22654155468749998
0 0.614157528125 0.25737265468750004 0.6266201390624999 0.26407506718749996 0.6480558328125 0.20107238593750001 0.6375872390625 0.19369973125 0.614157528125 0.25737265468750004
0 0.5792622140625 0.29624664843750004 0.5907278171875 0.30227882031250003 0.61316051875 0.24195710468749998 0.6021934203125 0.2332439671875 0.5792622140625 0.29624664843750004
0 0.48554337031249994 0.29088471875 0.4960119640625 0.29758713124999997 0.5209371890625001 0.236595175 0.5094715859375001 0.2292225203125 0.48554337031249994 0.29088471875
0 0.4935194421875 0.3230563 0.50348953125 0.3304289546875 0.5279162515625 0.26742627343750003 0.5164506484375 0.2607238609375 0.4935194421875 0.3230563
0 0.5019940171874999 0.351206434375 0.5129611171875 0.35723860625000003 0.5338983046875 0.294235925 0.523928215625 0.2875335125 0.5019940171874999 0.351206434375
0 0.5942173484375 0.3552278828125 0.606679959375 0.363270778125 0.6296111671875 0.30294906093749996 0.6176470593750001 0.294906165625 0.5942173484375 0.3552278828125
0 0.6331006984374999 0.5140750671875 0.644067796875 0.5201072390625 0.665004984375 0.456434315625 0.6555334 0.4510723859375 0.6331006984374999 0.5140750671875
0 0.636091725 0.3491957109375 0.6455633093750001 0.35656836406250003 0.6709870390625 0.2955764078125 0.6605184453125 0.288203753125 0.636091725 0.3491957109375
0 0.6021934203125 0.3900804296875 0.6136590234375 0.39745308281249997 0.6365902296875 0.3378016078125 0.6251246265625 0.3297587125 0.6021934203125 0.3900804296875
0 0.51595214375 0.4128686328125 0.527417746875 0.4195710453125 0.54935194375 0.35723860625000003 0.53888335 0.351206434375 0.51595214375 0.4128686328125
0 0.4880358921875 0.48592493281250004 0.4995014953125 0.49262734531249996 0.5224327015625 0.4316353890625 0.511465603125 0.4249329765625 0.4880358921875 0.48592493281250004
0 0.5214356921875 0.4383378015625 0.532901296875 0.4450402140625 0.5568295109375 0.3840482578125 0.5458624125 0.3780160859375 0.5214356921875 0.4383378015625
0 0.5314057828125 0.47184986562500003 0.5408773671875 0.47788203749999997 0.5643070781249999 0.4189008046875 0.5533399796875 0.41152815 0.5314057828125 0.47184986562500003
0 0.49700897343749995 0.509383378125 0.5074775671875 0.516085790625 0.5304087734375 0.45509383437500006 0.519441675 0.4483914203125 0.49700897343749995 0.509383378125
0 0.5393818546875 0.5013404828125 0.5498504484375 0.5067024124999999 0.5712861421875 0.44369973125 0.5613160515625 0.43699731875000003 0.5393818546875 0.5013404828125
0 0.6096709875 0.4189008046875 0.6206380859375 0.42627345781250003 0.642073778125 0.3626005359375 0.6321036890625 0.357908846875 0.6096709875 0.4189008046875
0 0.64506480625 0.3813672921875 0.6550348953125 0.386729221875 0.6769690921875 0.3243967828125 0.6674975078125 0.31769437031250003 0.64506480625 0.3813672921875
0 0.6490528421875 0.4095174265625 0.6605184453125 0.4195710453125 0.6839481562499999 0.354557640625 0.6734795609375 0.34785522812499997 0.6490528421875 0.4095174265625
0 0.660019940625 0.4390080421875 0.6709870390625 0.44571045624999994 0.693419740625 0.382707775 0.6824526421875 0.3753351203125 0.660019940625 0.4390080421875
0 0.6241276171875 0.47922252031249996 0.6345962109375 0.486595175 0.6575274171875 0.42359249375 0.647557328125 0.41823056249999996 0.6241276171875 0.47922252031249996
0 0.1640079765625 0.2707774796875 0.1754735796875 0.278820375 0.198903290625 0.2171581765625 0.1874376875 0.20911528124999998 0.1640079765625 0.2707774796875