3 0.10087719375 0.6185935640625 0.08991228125 0.61740166875 0.08991228125 0.64481525625 0.10087719375 0.64481525625 0.10087719375 0.6185935640625
0 0.6907894734375 0.6901072703125 0.6907894734375 0.67818831875 0.6282894734375 0.676996425 0.6271929828125 0.688915375 0.6907894734375 0.6901072703125
0 0.6907894734375 0.7199046484375 0.6907894734375 0.7091775921875 0.63048245625 0.7067938015624999 0.63048245625 0.7187127531249999 0.6907894734375 0.7199046484375
0 0.6896929828125 0.7532777109375 0.6896929828125 0.7413587609375 0.6282894734375 0.735399284375 0.6271929828125 0.7497020265625001 0.6896929828125 0.7532777109375
0 0.6951754390625 0.735399284375 0.6951754390625 0.724672228125 0.6282894734375 0.7222884390625001 0.6282894734375 0.7342073890624999 0.6951754390625 0.735399284375
0 0.691885965625 0.767580453125 0.69298245625 0.756853396875 0.6282894734375 0.7520858171875 0.6282894734375 0.7640047671875 0.691885965625 0.767580453125
0 0.6973684203125 0.7842669843750001 0.6962719296875 0.7711561375 0.6228070171875 0.7699642437499999 0.6228070171875 0.7818831937499999 0.6973684203125 0.7842669843750001
0 0.8081140343750001 0.8724672234374999 0.8081140343750001 0.8855780687499999 0.8717105265624999 0.8867699640625 0.8717105265624999 0.87365911875 0.8081140343750001 0.8724672234374999
0 0.8081140343750001 0.8069129921875 0.8081140343750001 0.8188319421875001 0.8684210531250001 0.8188319421875001 0.8673245609375 0.805721096875 0.8081140343750001 0.8069129921875
0 0.80701754375 0.7914183546875 0.80701754375 0.8045292015625 0.8739035093749999 0.8033373062500001 0.8739035093749999 0.790226459375 0.80701754375 0.7914183546875
0 0.8125 0.7747318234375 0.8125 0.7854588796875001 0.8739035093749999 0.7854588796875001 0.8739035093749999 0.773539928125 0.8125 0.7747318234375
0 0.8081140343750001 0.7580452921874999 0.8081140343750001 0.7687723484375 0.8717105265624999 0.7699642437499999 0.8706140343750001 0.756853396875 0.8081140343750001 0.7580452921874999
0 0.8114035093749999 0.740166865625 0.8114035093749999 0.750893921875 0.8717105265624999 0.7532777109375 0.8717105265624999 0.7413587609375 0.8114035093749999 0.740166865625
0 0.8125 0.723480334375 0.8125 0.7342073890624999 0.875 0.7342073890624999 0.875 0.7222884390625001 0.8125 0.723480334375
0 0.8114035093749999 0.7067938015624999 0.8114035093749999 0.7175208578125 0.875 0.7187127531249999 0.8760964906250001 0.707985696875 0.8114035093749999 0.7067938015624999
0 0.8135964906250001 0.691299165625 0.8135964906250001 0.7044100125 0.875 0.702026221875 0.875 0.688915375 0.8135964906250001 0.691299165625
0 0.80701754375 0.659117996875 0.8081140343750001 0.6710369484375 0.875 0.6710369484375 0.875 0.659117996875 0.80701754375 0.659117996875
0 0.8103070171875 0.6412395703125 0.8103070171875 0.6543504171875 0.8782894734375001 0.653158521875 0.8782894734375001 0.6412395703125 0.8103070171875 0.6412395703125
0 0.8125 0.625744934375 0.8135964906250001 0.63885578125 0.8728070171875 0.6376638859375 0.8728070171875 0.6245530390625 0.8125 0.625744934375
0 0.6995614031249999 0.707985696875 0.7006578953125 0.6948748515625 0.629385965625 0.6924910609375 0.629385965625 0.7056019078125 0.6995614031249999 0.707985696875
0 0.6984649125 0.653158521875 0.6973684203125 0.6412395703125 0.6326754390625 0.63885578125 0.6326754390625 0.6507747312500001 0.6984649125 0.653158521875
3 0.28837719375000004 0.91299165625 0.27741228125 0.9141835515625001 0.2763157890625 0.9332538734375 0.2861842109375 0.9344457687500001 0.28837719375000004 0.91299165625
0 0.7006578953125 0.6376638859375 0.7006578953125 0.625744934375 0.631578946875 0.62336114375 0.631578946875 0.6352800953125 0.7006578953125 0.6376638859375
0 0.164473684375 0.395709178125 0.16557017499999999 0.38259833125 0.0932017546875 0.374255065625 0.09210526249999999 0.3861740171875 0.164473684375 0.395709178125
0 0.1666666671875 0.412395709375 0.1688596484375 0.3992848625 0.0986842109375 0.3945172828125 0.0986842109375 0.4052443390625 0.1666666671875 0.412395709375
0 0.1765350875 0.42789034531250003 0.1776315796875 0.41597139375000003 0.1041666671875 0.407628128125 0.10197368437500001 0.420738975 0.1765350875 0.42789034531250003
0 0.169956140625 0.4445768765625 0.1721491234375 0.43146603125 0.1096491234375 0.42789034531250003 0.10855263125 0.43980929687500003 0.169956140625 0.4445768765625
0 0.1765350875 0.461263409375 0.1787280703125 0.44815256249999996 0.11732456093750002 0.4421930875 0.11403508749999999 0.4541120375 0.1765350875 0.461263409375
0 0.17105263125 0.473182359375 0.1721491234375 0.461263409375 0.0942982453125 0.45768772343749997 0.0942982453125 0.4707985703125 0.17105263125 0.473182359375
0 0.183114034375 0.48629320624999994 0.183114034375 0.47556615 0.120614034375 0.47437425468749994 0.11951754375000001 0.48748510156249997 0.183114034375 0.48629320624999994
0 0.14692982500000001 0.5017878421875 0.148026315625 0.4910607859375 0.0767543859375 0.48867699687500005 0.0756578953125 0.5005959468750001 0.14692982500000001 0.5017878421875
0 0.2182017546875 0.5041716328125 0.2203947375 0.49225268125 0.16008771875 0.4910607859375 0.158991228125 0.5029797375 0.2182017546875 0.5041716328125
0 0.3092105265625 0.6817640046875 0.3092105265625 0.69368295625 0.34978070156249996 0.6948748515625 0.35087719375000004 0.6829559 0.3092105265625 0.6817640046875
0 0.2357456140625 0.0822407625 0.23464912343750002 0.0727056015625 0.20394736875000002 0.0727056015625 0.20394736875000002 0.0834326578125 0.2357456140625 0.0822407625
0 0.305921053125 0.697258640625 0.30701754375 0.7091775921875 0.351973684375 0.7115613828125 0.351973684375 0.6984505359375001 0.305921053125 0.697258640625
0 0.3015350875 0.7103694875000001 0.3026315796875 0.724672228125 0.341008771875 0.7258641234375001 0.341008771875 0.712753278125 0.3015350875 0.7103694875000001
0 0.3048245609375 0.7282479140625 0.3048245609375 0.740166865625 0.3453947375 0.740166865625 0.3453947375 0.7282479140625 0.3048245609375 0.7282479140625
0 0.305921053125 0.7449344453125 0.3048245609375 0.7580452921874999 0.3486842109375 0.7616209781250001 0.35087719375000004 0.7497020265625001 0.305921053125 0.7449344453125
0 0.709429825 0.6030989265625 0.7083333328125 0.5911799765625 0.6447368421874999 0.5947556609375 0.6458333328125 0.6066746125 0.709429825 0.6030989265625
0 0.6962719296875 0.6209773546874999 0.6962719296875 0.6090584031249999 0.6337719296875 0.6078665078125 0.6337719296875 0.6185935640625 0.6962719296875 0.6209773546874999
0 0.8146929828125 0.6090584031249999 0.8146929828125 0.6209773546874999 0.8782894734375001 0.6209773546874999 0.8793859656249999 0.6102502984375 0.8146929828125 0.6090584031249999
0 0.919956140625 0.5220500593749999 0.919956140625 0.5101311078124999 0.8848684203125 0.5089392140625 0.8848684203125 0.5220500593749999 0.919956140625 0.5220500593749999
0 0.9243421046875 0.49821215781249995 0.9353070171875 0.4970202625 0.93201754375 0.43980929687500003 0.919956140625 0.4410011921875 0.9243421046875 0.49821215781249995
0 0.960526315625 0.63885578125 0.960526315625 0.6269368296875 0.8947368421874999 0.6269368296875 0.8947368421874999 0.6376638859375 0.960526315625 0.63885578125
3 0.1403508765625 0.2991656734375 0.1403508765625 0.2860548265625 0.1118421046875 0.28486293281249997 0.11074561406250001 0.297973778125 0.1403508765625 0.2991656734375
3 0.1403508765625 0.2836710375 0.1403508765625 0.27056019062500003 0.1096491234375 0.27056019062500003 0.1096491234375 0.2836710375 0.1403508765625 0.2836710375
3 0.1403508765625 0.2669845046875 0.1403508765625 0.2550655546875 0.112938596875 0.253873659375 0.112938596875 0.2657926109375 0.1403508765625 0.2669845046875
3 0.148026315625 0.2526817640625 0.14692982500000001 0.2395709171875 0.1162280703125 0.238379021875 0.11403508749999999 0.25148986875 0.148026315625 0.2526817640625
3 0.1458333328125 0.23718712812499998 0.148026315625 0.22526817656250003 0.118421053125 0.22169249062500002 0.118421053125 0.23599523281249998 0.1458333328125 0.23718712812499998
3 0.14912280625000002 0.22169249062500002 0.15021929843749998 0.20738975 0.120614034375 0.2061978546875 0.120614034375 0.22050059531250002 0.14912280625000002 0.22169249062500002
3 0.15021929843749998 0.205005959375 0.1513157890625 0.1918951125 0.1217105265625 0.19070321875000001 0.1217105265625 0.2038140640625 0.15021929843749998 0.205005959375
3 0.15241228125 0.19070321875000001 0.1546052625 0.1764004765625 0.125 0.17520858125 0.12390350937500001 0.1871275328125 0.15241228125 0.19070321875000001
3 0.153508771875 0.17520858125 0.153508771875 0.16209773593750001 0.126096490625 0.1597139453125 0.125 0.1728247921875 0.153508771875 0.17520858125
3 0.1546052625 0.15852205 0.1567982453125 0.1466030984375 0.126096490625 0.1430274140625 0.125 0.1549463640625 0.1546052625 0.15852205
3 0.1557017546875 0.1430274140625 0.1578947375 0.1299165671875 0.129385965625 0.1275327765625 0.1271929828125 0.139451728125 0.1557017546875 0.1430274140625
3 0.046052631249999997 0.84147795 0.03508771875 0.835518475 0.0252192984375 0.8593563765625 0.03508771875 0.8641239578125001 0.046052631249999997 0.84147795
3 0.0592105265625 0.84147795 0.046052631249999997 0.8402860546875001 0.043859648437499996 0.8665077468750001 0.057017543749999997 0.8665077468750001 0.0592105265625 0.84147795
3 0.08333333281250001 0.8402860546875001 0.07456140312500001 0.84147795 0.07346491250000001 0.8617401671874999 0.0811403515625 0.8629320625 0.08333333281250001 0.8402860546875001
3 0.09539473750000001 0.8462455296875 0.085526315625 0.8474374250000001 0.085526315625 0.8676996421875 0.0942982453125 0.8688915375 0.09539473750000001 0.8462455296875
3 0.120614034375 0.8450536359375 0.11074561406250001 0.843861740625 0.1096491234375 0.8712753281250001 0.118421053125 0.8724672234374999 0.120614034375 0.8450536359375
3 0.1611842109375 0.9117997609374999 0.1513157890625 0.9106078671875 0.14912280625000002 0.9344457687500001 0.158991228125 0.9356376640624999 0.1611842109375 0.9117997609374999
3 0.1392543859375 0.314660309375 0.1392543859375 0.3015494640625 0.11074561406250001 0.30035756875 0.1096491234375 0.3122765203125 0.1392543859375 0.314660309375
3 0.1337719296875 0.3623361140625 0.1337719296875 0.34922526875000004 0.1052631578125 0.34922526875000004 0.1052631578125 0.3623361140625 0.1337719296875 0.3623361140625
3 0.22149122812500002 0.25864123906250003 0.22258771875 0.2467222890625 0.1984649125 0.24433849843750002 0.1973684203125 0.25744934375 0.22149122812500002 0.25864123906250003
3 0.23355263124999998 0.1406436234375 0.23355263124999998 0.1299165671875 0.2138157890625 0.128724671875 0.2127192984375 0.139451728125 0.23355263124999998 0.1406436234375
0 0.9572368421874999 0.6507747312500001 0.9572368421874999 0.63885578125 0.89144736875 0.63885578125 0.892543859375 0.6519666265625 0.9572368421874999 0.6507747312500001
0 0.9517543859375 0.6674612640625 0.9517543859375 0.6567342078125 0.8859649125000001 0.6567342078125 0.8870614031249999 0.6686531578125 0.9517543859375 0.6674612640625
0 0.9528508765625 0.69964243125 0.9528508765625 0.6877234796875 0.8881578953125 0.685339690625 0.8881578953125 0.6984505359375001 0.9528508765625 0.69964243125
0 0.9484649125000001 0.7187127531249999 0.9473684203125 0.707985696875 0.8892543859375 0.7056019078125 0.8892543859375 0.7175208578125 0.9484649125000001 0.7187127531249999
0 0.9495614031249999 0.7342073890624999 0.9484649125000001 0.723480334375 0.8848684203125 0.723480334375 0.8859649125000001 0.735399284375 0.9495614031249999 0.7342073890624999
0 0.9638157890624999 0.62336114375 0.9638157890624999 0.6126340875 0.8870614031249999 0.6090584031249999 0.8881578953125 0.6221692484375 0.9638157890624999 0.62336114375
0 0.9572368421874999 0.685339690625 0.9572368421874999 0.6734207390625 0.8958333328125001 0.6686531578125 0.8958333328125001 0.6829559 0.9572368421874999 0.685339690625
3 0.23464912343750002 0.10011918906249999 0.23464912343750002 0.08700834375 0.210526315625 0.0858164484375 0.21162280625 0.09892729375 0.23464912343750002 0.10011918906249999
3 0.22807017499999999 0.2407628125 0.22807017499999999 0.23003575625 0.20394736875000002 0.23003575625 0.20394736875000002 0.2407628125 0.22807017499999999 0.2407628125
3 0.23355263124999998 0.1132300359375 0.23464912343750002 0.101311084375 0.20942982500000001 0.10011918906249999 0.20942982500000001 0.11084624531250001 0.23355263124999998 0.1132300359375
3 0.2313596484375 0.1537544703125 0.2313596484375 0.14183551875 0.2072368421875 0.1406436234375 0.2072368421875 0.15256257499999998 0.2313596484375 0.1537544703125
3 0.2313596484375 0.1787842671875 0.232456140625 0.1656734203125 0.2061403515625 0.16328963125 0.205043859375 0.1764004765625 0.2313596484375 0.1787842671875
3 0.2302631578125 0.1895113234375 0.2313596484375 0.17997616249999998 0.210526315625 0.1787842671875 0.210526315625 0.188319428125 0.2302631578125 0.1895113234375
3 0.22916666718749998 0.20262216875 0.2302631578125 0.1918951125 0.20833333281250002 0.1895113234375 0.20833333281250002 0.20262216875 0.22916666718749998 0.20262216875
3 0.22916666718749998 0.2169249109375 0.2302631578125 0.2038140640625 0.20833333281250002 0.20262216875 0.2072368421875 0.21334922500000003 0.22916666718749998 0.2169249109375
3 0.226973684375 0.2288438625 0.22807017499999999 0.2169249109375 0.2006578953125 0.2169249109375 0.19956140312499998 0.2288438625 0.226973684375 0.2288438625
0 0.10635964843750001 0.3313468421875 0.1052631578125 0.34326579218750003 0.1436403515625 0.3456495828125 0.1447368421875 0.3313468421875 0.10635964843750001 0.3313468421875