2 0.8703828078125 0.6177552890625 0.866577121875 0.61798528125 0.8643384828125 0.6623735046875 0.8679203046874999 0.6623735046875 0.8703828078125 0.6177552890625
2 0.23326617343749997 0.3003679859375 0.2305798078125 0.304277828125 0.24132527499999998 0.314627415625 0.2446832328125 0.3109475625 0.23326617343749997 0.3003679859375
2 0.23102753593749997 0.29254829843749997 0.2285650328125 0.295538178125 0.2491605109375 0.3153173875 0.252070740625 0.31232750625 0.23102753593749997 0.29254829843749997
2 0.25184687656250004 0.2953081875 0.2507275578125 0.2969181234375 0.2599059765625 0.30496780156250003 0.261025296875 0.303357865625 0.25184687656250004 0.2953081875
2 0.24983210156250002 0.2964581421875 0.2482650546875 0.29829806875 0.2578912015625 0.307267709375 0.25945825 0.30496780156250003 0.24983210156250002 0.2964581421875
2 0.24647414374999999 0.2966881328125 0.244011640625 0.29921803125 0.2576673375 0.31232750625 0.2599059765625 0.3091076359375 0.24647414374999999 0.2966881328125
2 0.23953436250000001 0.282428703125 0.23617640468749998 0.28587856562499997 0.246921871875 0.295538178125 0.24983210156250002 0.2920883171875 0.23953436250000001 0.282428703125
2 0.23595254062499998 0.28587856562499997 0.23326617343749997 0.2888684453125 0.2431161859375 0.29829806875 0.246026415625 0.29484820625 0.23595254062499998 0.28587856562499997
2 0.289679875 0.4970101203125 0.2894560109375 0.4928702859375 0.25139915 0.49517019375000004 0.25184687656250004 0.499770009375 0.289679875 0.4970101203125
2 0.322364003125 0.581876725 0.3237071859375 0.5775069 0.28609805312500003 0.565087396875 0.2849787328125 0.56922723125 0.322364003125 0.581876725
2 0.8614282515625 0.6423643046875 0.8650100734375 0.6428242875 0.8659055296875 0.6299448015625 0.8625475703125 0.6299448015625 0.8614282515625 0.6423643046875
2 0.737855384375 0.7936982515625 0.7351690171875 0.7973781046874999 0.765166778125 0.8245170187499999 0.76762928125 0.8215271390625001 0.737855384375 0.7936982515625
2 0.40541750624999995 0.499770009375 0.40340273125000004 0.504599815625 0.42489366406249995 0.5154093843750001 0.426684575 0.5105795765625001 0.40541750624999995 0.499770009375
2 0.3507947171875 0.41214351406249994 0.346093575 0.4155933765625 0.36400268593749996 0.43652253906249994 0.36825610000000003 0.43238270468750006 0.3507947171875 0.41214351406249994
2 0.3935527203125 0.3831646734375 0.3875083953125 0.3831646734375 0.3881799859375 0.3999540015625 0.394448175 0.3988040484375 0.3935527203125 0.3831646734375
2 0.38728453125 0.3744250234375 0.38168793437500004 0.37488500468749997 0.3825833890625 0.397884084375 0.3879561234375 0.397424103125 0.38728453125 0.3744250234375
2 0.340496978125 0.4245630171875 0.336467428125 0.4287028515625 0.355719721875 0.44802207968749996 0.3593015453125 0.44365225468749997 0.340496978125 0.4245630171875
2 0.3478844859375 0.41858325625 0.341616296875 0.425712971875 0.358629953125 0.44296228125 0.36422655000000004 0.43629254843750004 0.3478844859375 0.41858325625