1 0.8212269484375 0.5395189 0.857357921875 0.5378006875 0.857357921875 0.4836769765625 0.8227324046875 0.4845360828125 0.8212269484375 0.5395189
1 0.8795634171875 0.43556701093749994 0.8505833640624999 0.4381443296875 0.8505833640624999 0.491408934375 0.8803161453125 0.4862542953125 0.8795634171875 0.43556701093749994
1 0.29582235625000003 0.4080756015625 0.33421151718750003 0.3797250859375 0.31576966562500003 0.26975945 0.28039141875 0.2955326453125 0.29582235625000003 0.4080756015625
1 0.36958976250000003 0.3994845359375 0.368837034375 0.4561855671875 0.386902521875 0.4604811 0.38765525 0.40120274843750003 0.36958976250000003 0.3994845359375
1 0.367707940625 0.3118556703125 0.3673315765625 0.392611684375 0.39518253593749997 0.395189003125 0.394806171875 0.3109965640625 0.367707940625 0.3118556703125
1 0.41625893906250006 0.35567010312499997 0.415506209375 0.27491408906250003 0.390666165625 0.2757731953125 0.3925479859375 0.35567010312499997 0.41625893906250006 0.35567010312499997
1 0.57245013125 0.3144329890625 0.60331200625 0.31701030937499997 0.6036883703125 0.26718213125 0.5732028609375 0.2663230234375 0.57245013125 0.3144329890625
1 0.6149793 0.316151203125 0.649228453125 0.31786941562500004 0.64998118125 0.26374570468749997 0.6164847578125 0.2628865984375 0.6149793 0.316151203125
1 0.6593902890625001 0.30841924375 0.6947685359375 0.3135738828125 0.6951449000000001 0.260309278125 0.660895746875 0.2560137453125 0.6593902890625001 0.30841924375
1 0.704930371875 0.318728521875 0.74030861875 0.3213058421875 0.7395558906249999 0.26374570468749997 0.7053067375000001 0.261168384375 0.704930371875 0.318728521875
1 0.7418140765625 0.44158075625000004 0.7071885578125 0.4390034359375 0.7064358296875 0.4879725078125 0.741061346875 0.490549828125 0.7418140765625 0.44158075625000004
1 0.7301467828125 0.5326460484375 0.7659013921875 0.5317869421875 0.7647723 0.4776632296875 0.7290176890625 0.4785223375 0.7301467828125 0.5326460484375
1 0.6417011671874999 0.5378006875 0.6744448625 0.536082475 0.6733157703125 0.47250859062500006 0.6409484375 0.4742268046875 0.6417011671874999 0.5378006875
1 0.6443357171875 0.4278350515625 0.6146029359375 0.43127147812500005 0.6164847578125 0.488831615625 0.6454648093750001 0.4845360828125 0.6443357171875 0.4278350515625
1 0.5912683484375 0.5352233671875 0.6251411359375 0.536082475 0.6262702296875 0.48109965624999995 0.5927738046875 0.4785223375 0.5912683484375 0.5352233671875
1 0.560030109375 0.42697594531250005 0.5235227703125 0.4175257734375 0.5208882203125 0.488831615625 0.5570191953125 0.4974226796875 0.560030109375 0.42697594531250005
1 0.5551373734375 0.6486254296875 0.5220173124999999 0.6486254296875 0.5223936765625 0.7044673546875 0.5551373734375 0.7079037796875001 0.5551373734375 0.6486254296875
1 0.6484757250000001 0.6537800687499999 0.61385020625 0.654639175 0.6146029359375 0.7113402062499999 0.6496048171875 0.7079037796875001 0.6484757250000001 0.6537800687499999
1 0.691757621875 0.6529209625 0.6631539328125 0.6512027484375 0.6627775687499999 0.7053264609375 0.690628528125 0.7079037796875001 0.691757621875 0.6529209625
1 0.7418140765625 0.6589347078125 0.7071885578125 0.6512027484375 0.704930371875 0.7061855671874999 0.7399322546875 0.713917525 0.7418140765625 0.6589347078125
1 0.7866014296875 0.6503436421875 0.751223184375 0.6512027484375 0.7519759125000001 0.7104811 0.78697779375 0.7079037796875001 0.7866014296875 0.6503436421875
1 0.058712834375 0.82817869375 0.0933383515625 0.8324742265625 0.0955965375 0.778350515625 0.060218290625000004 0.7749140890625 0.058712834375 0.82817869375
1 0.23259314999999997 0.80670103125 0.26759503125 0.8127147765625 0.2683477609375 0.7568728515625 0.23522769999999998 0.74914089375 0.23259314999999997 0.80670103125
1 0.2420022578125 0.624570446875 0.1987203609375 0.6142611687499999 0.1953330828125 0.701030928125 0.23786225 0.71305841875 0.2420022578125 0.624570446875
1 0.293940534375 0.642611684375 0.2566804671875 0.6314432984375 0.2529168234375 0.7018900343750001 0.290176890625 0.7113402062499999 0.293940534375 0.642611684375
1 0.290176890625 0.76890034375 0.3255551375 0.7628865984375001 0.3232969515625 0.70962199375 0.2890477984375 0.7147766328125 0.290176890625 0.76890034375
1 0.34625517499999997 0.6494845359375 0.3123823859375 0.6503436421875 0.3135114796875 0.7147766328125 0.347007903125 0.7121993125 0.34625517499999997 0.6494845359375
1 0.3936770796875 0.654639175 0.358675196875 0.6572164953125 0.35905156250000003 0.71305841875 0.39405344375 0.7121993125 0.3936770796875 0.654639175
1 0.9232216781249999 0.6537800687499999 0.8942416265625001 0.6512027484375 0.8931125328125 0.702749140625 0.9228453140624999 0.7087628859375 0.9232216781249999 0.6537800687499999
1 0.92886714375 0.4175257734375 0.8885961609375 0.42182130625 0.8901016187499999 0.489690721875 0.9296198718750001 0.4879725078125 0.92886714375 0.4175257734375
1 0.8682724875 0.5326460484375 0.903650734375 0.5429553265625 0.9066616484375001 0.4845360828125 0.8716597671875 0.471649484375 0.8682724875 0.5326460484375
1 0.2581859234375 0.47938144375 0.2898005265625 0.38144329843749997 0.2566804671875 0.3221649484375 0.222807678125 0.413230240625 0.2581859234375 0.47938144375