3 0.24193548437499998 0.7816229109374999 0.23416965312500002 0.7828162296875 0.23536439687500002 0.8186157515625 0.24133811249999998 0.81980906875 0.24193548437499998 0.7816229109374999
2 0.926523296875 0.7004773265625001 0.9348865 0.70167064375 0.9366786140625001 0.6587112171875 0.92712066875 0.6563245828125 0.926523296875 0.7004773265625001
3 0.18817204375000002 0.7088305484374999 0.1887694140625 0.721957040625 0.20370370312500002 0.7183770890625001 0.2031063328125 0.7064439140625 0.18817204375000002 0.7088305484374999
2 0.17502986874999998 0.24940334062499997 0.181003584375 0.24343675468749998 0.174432496875 0.21360381875 0.16845878125 0.2183770890625 0.17502986874999998 0.24940334062499997
3 0.047192353124999996 0.7816229109374999 0.048984468749999996 0.79236276875 0.060931900000000004 0.7828162296875 0.059139784375000004 0.7732696890625 0.047192353124999996 0.7816229109374999
3 0.019115890625 0.935560859375 0.0221027484375 0.9463007156250001 0.0334528078125 0.9343675421875 0.0316606921875 0.9224343671874999 0.019115890625 0.935560859375
3 0.0238948625 0.94988066875 0.0274790921875 0.9594272078125 0.037634409375 0.9451073984375 0.03464755 0.9343675421875 0.0238948625 0.94988066875
3 0.39665471874999997 0.6634844875 0.3894862609375 0.66229116875 0.3882915171875 0.6873508359375 0.3942652328125 0.6873508359375 0.39665471874999997 0.6634844875
3 0.7807646359375 0.7959427203125 0.7813620078125 0.7828162296875 0.7688172046874999 0.7816229109374999 0.7688172046874999 0.79236276875 0.7807646359375 0.7959427203125
3 0.6158900843749999 0.60739856875 0.62066905625 0.6085918859375 0.62066905625 0.5871121718750001 0.614695340625 0.5859188546875 0.6158900843749999 0.60739856875
2 0.69235364375 0.547732696875 0.69892473125 0.5525059671875 0.7048984468749999 0.5178997609375 0.698327359375 0.514319809375 0.69235364375 0.547732696875
2 0.5997610515625 0.575178996875 0.6063321390625 0.576372315625 0.608124253125 0.5441527453125 0.6009557937500001 0.5429594265625 0.5997610515625 0.575178996875
3 0.5752688171875 0.6670644390625 0.5818399046875 0.665871121875 0.5824372765625 0.6336515515625 0.5764635609375001 0.632458234375 0.5752688171875 0.6670644390625
3 0.621266428125 0.6109785203125 0.614695340625 0.6109785203125 0.614695340625 0.63484486875 0.620071684375 0.63484486875 0.621266428125 0.6109785203125
3 0.60752688125 0.620525059375 0.613500596875 0.620525059375 0.61409796875 0.593078759375 0.608721625 0.5906921234375 0.60752688125 0.620525059375
3 0.6057347671875 0.581145584375 0.5997610515625 0.581145584375 0.6009557937500001 0.6097852031250001 0.6051373953125 0.6085918859375 0.6057347671875 0.581145584375
3 0.46893667812500006 0.63484486875 0.46296296249999996 0.6360381859375 0.46415770624999997 0.6610978515625 0.46893667812500006 0.6610978515625 0.46893667812500006 0.63484486875
3 0.3148148140625 0.8496420046875001 0.3207885296875 0.8496420046875001 0.3195937875 0.8257756562499999 0.313620071875 0.8269689734375 0.3148148140625 0.8496420046875001
3 0.6780167265625 0.738663484375 0.68160095625 0.749403340625 0.6911589015625 0.7338902140625 0.687574671875 0.724343675 0.6780167265625 0.738663484375
3 0.4324970125 0.81980906875 0.4378733578125 0.8186157515625 0.43667861406249997 0.8007159906249999 0.4313022703125 0.8019093078124999 0.4324970125 0.81980906875
3 0.53584229375 0.71957040625 0.53584229375 0.7326968968750001 0.5507765828125 0.7350835328125 0.5513739546875 0.721957040625 0.53584229375 0.71957040625
3 0.4587813625 0.7625298328125 0.4587813625 0.7529832937500001 0.439665471875 0.7517899765625 0.439665471875 0.7625298328125 0.4587813625 0.7625298328125
3 0.4062126640625 0.7088305484374999 0.405017921875 0.71957040625 0.421744325 0.721957040625 0.42114695312499995 0.7112171843749999 0.4062126640625 0.7088305484374999
3 0.350657109375 0.958233890625 0.3452807640625 0.9606205250000001 0.3470728796875 0.9809069218750001 0.35244922343749996 0.979713603125 0.350657109375 0.958233890625
3 0.2933094390625 0.7004773265625001 0.2933094390625 0.7147971359375 0.30645161249999997 0.715990453125 0.305854240625 0.70167064375 0.2933094390625 0.7004773265625001
3 0.265232975 0.7398568015625 0.265232975 0.7517899765625 0.2795698921875 0.7529832937500001 0.28016726406250003 0.7398568015625 0.265232975 0.7398568015625