3 0.721957040625 0.2235188515625 0.7064439140625 0.239676840625 0.750596659375 0.266606821875 0.76372315 0.25224416562499996 0.721957040625 0.2235188515625
3 0.5990453453125 0.1481149015625 0.5835322203125 0.1624775578125 0.62291169375 0.18402154375 0.6360381859375 0.172351884375 0.5990453453125 0.1481149015625
1 0.1789976140625 0.5610412921875 0.2601431984375 0.6077199281250001 0.2995226734375 0.5664272890625 0.22553699218749998 0.5215439859375001 0.1789976140625 0.5610412921875
1 0.3806682578125 0.5691202875 0.2959427203125 0.5224416515625 0.24821002343749998 0.5610412921875 0.334128878125 0.61490125625 0.3806682578125 0.5691202875
1 0.26968973749999997 0.6238779171875 0.3412887828125 0.6687612203125 0.38424820937500004 0.6337522437499999 0.317422434375 0.5906642734374999 0.26968973749999997 0.6238779171875
1 0.474940334375 0.626570915625 0.3973747015625 0.5852782765625 0.3472553703125 0.6274685812499999 0.429594271875 0.6750448828125 0.474940334375 0.626570915625
1 0.6503579953124999 0.7387791734375 0.5835322203125 0.6947935375000001 0.5262529828125 0.735188509375 0.5918854421875 0.7827648109374999 0.6503579953124999 0.7387791734375
1 0.5632458234375 0.683123878125 0.5011933171875 0.638240575 0.4451073984375 0.676840215625 0.5095465390625 0.7235188515625001 0.5632458234375 0.683123878125
1 0.6109785203125 0.526032315625 0.6897374703125 0.580789946875 0.7541766109375 0.5341113109375 0.6730310265624999 0.4766606828125 0.6109785203125 0.526032315625
1 0.744630071875 0.45421903124999996 0.6754176609375 0.41651705625 0.6300715984374999 0.456912028125 0.6980906921875001 0.49551167031250004 0.744630071875 0.45421903124999996
1 0.4474940328125 0.40035906718750003 0.5190930781249999 0.44524237031249997 0.5608591890625 0.40843806093749996 0.49045346093750003 0.3653500890625 0.4474940328125 0.40035906718750003
1 0.5799522671874999 0.3204667859375 0.514319809375 0.2701974859375 0.46300715937500003 0.30341113124999997 0.5298329359375 0.35457809687499997 0.5799522671874999 0.3204667859375
1 0.46658711249999996 0.25314183125 0.40572792343749997 0.22082585312499997 0.35918854375 0.2612208265625 0.42124105 0.298025134375 0.46658711249999996 0.25314183125