2 0.486127865625 0.3752276859375 0.47587454687499997 0.363387978125 0.460193003125 0.3970856109375 0.4710494578125 0.40892531875 0.486127865625 0.3752276859375
2 0.5560916765624999 0.364298725 0.5367913140625 0.3497267765625 0.5006031359375 0.44535519062500006 0.5199034984375001 0.46265938125000006 0.5560916765624999 0.364298725
2 0.5006031359375 0.279599271875 0.4770808203125 0.25683060156250004 0.4300361875 0.36612021875 0.45114595937499996 0.3897996359375 0.5006031359375 0.279599271875
2 0.3980699640625 0.3397085609375 0.417370325 0.35883424375 0.4565741859375 0.26958105625 0.4342581421875 0.24772313281249997 0.3980699640625 0.3397085609375
2 0.4282267796875 0.2531876140625 0.4113389625 0.235883425 0.37394451093750003 0.322404371875 0.39022919218749996 0.3397085609375 0.4282267796875 0.2531876140625
2 0.368516284375 0.179417121875 0.34921592343749996 0.1584699453125 0.3100120625 0.2513661203125 0.3281061515625 0.27322404375 0.368516284375 0.179417121875
2 0.31966224374999996 0.1894353375 0.3100120625 0.18032786875 0.295536790625 0.222222221875 0.3057901078125 0.23041894375 0.31966224374999996 0.1894353375
2 0.2647768390625 0.2030965390625 0.2792521109375 0.22131147499999998 0.311821471875 0.1502732234375 0.2967430640625 0.134790528125 0.2647768390625 0.2030965390625
2 0.24849215937500002 0.179417121875 0.2605548859375 0.190346084375 0.27563329375 0.14936247656249999 0.26236429375000003 0.1393442625 0.24849215937500002 0.179417121875
2 0.2080820265625 0.1894353375 0.229191796875 0.21038251406250003 0.2647768390625 0.1147540984375 0.241857659375 0.09471766875 0.2080820265625 0.1894353375
2 0.204463209375 0.1165755921875 0.2153196625 0.12659380625 0.23160434218749998 0.0856102 0.219541615625 0.07377049218750001 0.204463209375 0.1165755921875
2 0.1670687578125 0.10018215 0.1779252109375 0.10746812343750001 0.18878166406250002 0.0701275046875 0.177322075 0.0628415296875 0.1670687578125 0.10018215
2 0.4770808203125 0.3606557375 0.486127865625 0.36976320625 0.5018094093750001 0.3315118390625 0.49155609218749996 0.322404371875 0.4770808203125 0.3606557375
2 0.5422195421875 0.46357012812500004 0.55367913125 0.47540983593749997 0.5705669484375 0.4326047359375 0.5591073578125 0.42076502656250003 0.5422195421875 0.46357012812500004
2 0.5506634499999999 0.491803278125 0.56031363125 0.500910746875 0.5723763578125001 0.46812386093749997 0.5633293125 0.45901639375 0.5506634499999999 0.491803278125
2 0.5838359468750001 0.458105646875 0.593486128125 0.46812386093749997 0.609167671875 0.42714025468749994 0.5983112187499999 0.418943534375 0.5838359468750001 0.458105646875
2 0.257539203125 0.1083788703125 0.257539203125 0.12386156718750001 0.27563329375 0.12659380625 0.27563329375 0.1111111109375 0.257539203125 0.1083788703125
3 0.42702050625 0.686703096875 0.4234016890625 0.6976320578124999 0.43968636875 0.7112932609375 0.44330518750000003 0.7003642984375 0.42702050625 0.686703096875
3 0.0747889015625 0.5318761390625 0.083835946875 0.538251365625 0.09167671875 0.506375228125 0.0832328109375 0.502732240625 0.0747889015625 0.5318761390625
3 0.5922798546875 0.991803278125 0.6013269 0.9836065578125 0.589867309375 0.9562841531249999 0.5802171296874999 0.965391621875 0.5922798546875 0.991803278125
3 0.533172496875 0.8597449906250001 0.5259348609375001 0.8679417125000001 0.54101326875 0.8934426234374999 0.548854040625 0.8843351546875 0.533172496875 0.8597449906250001
3 0.0199034984375 0.7030965390625 0.0313630875 0.7112932609375 0.0434258140625 0.6703096546875 0.031966225 0.6630236796875 0.0199034984375 0.7030965390625
3 0.055488540625000006 0.67304189375 0.06634499375 0.679417121875 0.075995175 0.64480874375 0.065138721875 0.638433515625 0.055488540625000006 0.67304189375
3 0.064535584375 0.6320582875 0.077201446875 0.642076503125 0.0880579015625 0.6074681234375 0.0765983109375 0.599271403125 0.064535584375 0.6320582875
3 0.17370325625 0.5428051 0.1797346203125 0.5264116578125 0.1604342578125 0.5118397078125 0.15500603125 0.5273224046875 0.17370325625 0.5428051
3 0.102533171875 0.5127504546874999 0.11399276250000001 0.5118397078125 0.11519903437500001 0.4763205828125 0.103136309375 0.4772313296875 0.102533171875 0.5127504546874999
3 0.530156815625 0.7759562843750001 0.524125453125 0.7905282328125 0.5446320874999999 0.8105646625 0.5500603140625 0.7969034609375 0.530156815625 0.7759562843750001
3 0.47889022968750006 0.7322404375 0.47346200312500003 0.7459016390625 0.495174909375 0.765027321875 0.5006031359375 0.7522768671875 0.47889022968750006 0.7322404375
3 0.06031363125 0.4380692171875 0.0657418578125 0.4244080140625 0.0452352234375 0.408014571875 0.0404101328125 0.4225865203125 0.06031363125 0.4380692171875
3 0.39565741875 0.67304189375 0.3992762359375 0.6593806921875001 0.38359469218750003 0.64480874375 0.3793727375 0.6593806921875001 0.39565741875 0.67304189375
3 0.2889022921875 0.6520947171875 0.2949336546875 0.638433515625 0.27563329375 0.6147540984375001 0.2683956578125 0.6293260468749999 0.2889022921875 0.6520947171875
3 0.2303980703125 0.506375228125 0.22436670625000002 0.5218579234375 0.24668275 0.5428051 0.2527141140625 0.5273224046875 0.2303980703125 0.506375228125
2 0.8878166468750001 0.779599271875 0.8992762359375 0.7887067390625 0.91435464375 0.7449908921875 0.9022919187499999 0.734972678125 0.8878166468750001 0.779599271875
2 0.738841978125 0.6921675781250001 0.7599517484375 0.7112932609375 0.8033775640625 0.5910746812500001 0.779855246875 0.5728597453125001 0.738841978125 0.6921675781250001
2 0.7249698437500001 0.627504553125 0.7352231609375 0.64116575625 0.7539203859375 0.6038251359375 0.7430639328125 0.590163934375 0.7249698437500001 0.627504553125
2 0.5621230390624999 0.5118397078125 0.5735826296875 0.5245901640625 0.589867309375 0.4817850640625 0.57901085625 0.46903460781249995 0.5621230390624999 0.5118397078125