3 0.9534161484375 0.9396170843749999 0.950310559375 0.9455081 0.9596273296875 0.9528718703125 0.9627329187500001 0.9477172312500001 0.9534161484375 0.9396170843749999
3 0.4745341609375 0.05670103125 0.46956521718750005 0.0530191453125 0.4639751546875 0.0662739328125 0.46894410000000003 0.06921944062499999 0.4745341609375 0.05670103125
3 0.45962732968750003 0.073637703125 0.455279503125 0.0699558171875 0.449689440625 0.08394698125 0.4540372671875 0.0868924890625 0.45962732968750003 0.073637703125
3 0.465217390625 0.07805596406250001 0.460248446875 0.07437407968750001 0.45465838437499995 0.08836524375 0.45962732968750003 0.0905743734375 0.465217390625 0.07805596406250001
3 0.473291925 0.07805596406250001 0.47018633593750003 0.073637703125 0.4645962734375 0.087628865625 0.46832298124999994 0.0905743734375 0.473291925 0.07805596406250001
3 0.5012422359375 0.073637703125 0.497515528125 0.071428571875 0.492546584375 0.0846833578125 0.49627329218750005 0.0868924890625 0.5012422359375 0.073637703125
3 0.48322981406250004 0.07511045625 0.4881987578125 0.07805596406250001 0.49192546562499995 0.0640648015625 0.486956521875 0.0618556703125 0.48322981406250004 0.07511045625
3 0.47080745312500005 0.06921944062499999 0.4745341609375 0.071428571875 0.48012422343749994 0.058910162499999995 0.475776396875 0.055964653125 0.47080745312500005 0.06921944062499999
3 0.45900621093750005 0.0618556703125 0.4633540375 0.064801178125 0.46832298124999994 0.05228276875 0.46273291875 0.0493372609375 0.45900621093750005 0.0618556703125
3 0.450310559375 0.064801178125 0.44596273281250004 0.062592046875 0.439130434375 0.07658321093750001 0.44472049687500004 0.0802650953125 0.450310559375 0.064801178125
3 0.4534161484375 0.058173784375 0.45838509375000003 0.061119293750000005 0.4633540375 0.048600884375 0.45838509375000003 0.044182621875 0.4534161484375 0.058173784375
3 0.44720496875000004 0.0544919 0.4540372671875 0.058173784375 0.45838509375000003 0.044182621875 0.4540372671875 0.041237114062500003 0.44720496875000004 0.0544919
3 0.442236025 0.0493372609375 0.4484472046875 0.0530191453125 0.45279503125 0.039764359375 0.44720496875000004 0.0368188515625 0.442236025 0.0493372609375
3 0.4366459625 0.046391753125000004 0.442236025 0.050073637500000004 0.4465838515625 0.037555228125 0.44161490625 0.03387334375 0.4366459625 0.046391753125000004
3 0.43167701875000003 0.04344624375 0.4360248453125 0.0471281296875 0.4409937890625 0.03387334375 0.4366459625 0.030927834375 0.43167701875000003 0.04344624375
3 0.4142857140625 0.0633284234375 0.42049689375000004 0.067010309375 0.424223603125 0.053755523437499994 0.4198757765625 0.0508100140625 0.4142857140625 0.0633284234375
3 0.45590062187499997 0.0699558171875 0.450310559375 0.067010309375 0.445341615625 0.0802650953125 0.450310559375 0.083210603125 0.45590062187499997 0.0699558171875
3 0.43291925468750003 0.07437407968750001 0.43850931718749997 0.07805596406250001 0.442236025 0.0640648015625 0.4378881984375 0.0618556703125 0.43291925468750003 0.07437407968750001
3 0.41925465781250004 0.036082475 0.4254658390625 0.039764359375 0.43043478281249997 0.025036818750000002 0.42608695625 0.0220913109375 0.41925465781250004 0.036082475
3 0.4906832296875 0.0220913109375 0.4875776390625 0.028718704687500003 0.496894409375 0.034609720312499995 0.5 0.028718704687500003 0.4906832296875 0.0220913109375
3 0.5515527953125 0.0265095734375 0.5565217390625 0.029455081249999997 0.560248446875 0.016200295312499998 0.555279503125 0.0139911640625 0.5515527953125 0.0265095734375
3 0.5434782609375 0.0132547859375 0.545341615625 0.00662739375 0.5360248453125 0.0029455078125 0.5335403734375 0.007363770312499999 0.5434782609375 0.0132547859375
3 0.539751553125 0.016936671875 0.542236025 0.0132547859375 0.5329192546875 0.007363770312499999 0.5304347828125 0.0117820328125 0.539751553125 0.016936671875
3 0.5378881984375 0.0243004421875 0.539751553125 0.0198821796875 0.5298136640625 0.0139911640625 0.5273291921875 0.0198821796875 0.5378881984375 0.0243004421875
3 0.5354037265625 0.0316642125 0.53726708125 0.0265095734375 0.5273291921875 0.0220913109375 0.52608695625 0.0265095734375 0.5354037265625 0.0316642125
3 0.49378882031250004 0.014727540624999999 0.4913043484375 0.0220913109375 0.5012422359375 0.0265095734375 0.5037267078125 0.02061855625 0.49378882031250004 0.014727540624999999
3 0.4875776390625 0.028718704687500003 0.4857142859375 0.034609720312499995 0.49440993750000006 0.0390279828125 0.49627329218750005 0.034609720312499995 0.4875776390625 0.028718704687500003
3 0.4378881984375 0.061119293750000005 0.43291925468750003 0.057437407812499994 0.4273291921875 0.06921944062499999 0.43105589999999994 0.073637703125 0.4378881984375 0.061119293750000005
3 0.48385093125 0.034609720312499995 0.48260869531250006 0.0405007359375 0.4913043484375 0.0471281296875 0.49503105625000005 0.041973490625 0.48385093125 0.034609720312499995
3 0.48322981406250004 0.033136965625 0.4850931671875 0.0279823265625 0.4751552796875 0.02061855625 0.473291925 0.025773195312500004 0.48322981406250004 0.033136965625
3 0.4857142859375 0.02724595 0.488819875 0.0228276875 0.4776397515625 0.016200295312499998 0.4751552796875 0.02061855625 0.4857142859375 0.02724595
3 0.488819875 0.0198821796875 0.4913043484375 0.014727540624999999 0.4807453421875 0.0095729015625 0.4782608703125 0.0139911640625 0.488819875 0.0198821796875
3 0.4913043484375 0.0139911640625 0.49316770156249995 0.008836525000000001 0.48260869531250006 0.0036818843749999997 0.4807453421875 0.008100146875 0.4913043484375 0.0139911640625
3 0.43167701875000003 0.058173784375 0.42670807499999996 0.0544919 0.42173912968750005 0.067010309375 0.42670807499999996 0.07069219374999999 0.43167701875000003 0.058173784375
3 0.4273291921875 0.039764359375 0.43105589999999994 0.0427098671875 0.43540372656250004 0.029455081249999997 0.43229813593750005 0.0265095734375 0.4273291921875 0.039764359375
3 0.3360248453125 0.21281296093750002 0.34161490625 0.215022090625 0.3459627328125 0.2002945515625 0.34161490625 0.1973490421875 0.3360248453125 0.21281296093750002
3 0.95279503125 0.9565537562499999 0.955279503125 0.951399115625 0.9434782609375001 0.9425625921874999 0.9416149062500001 0.9484536078125 0.95279503125 0.9565537562499999
3 0.3434782609375 0.19293078125000002 0.3490683234375 0.1973490421875 0.354658384375 0.1833578796875 0.3490683234375 0.180412371875 0.3434782609375 0.19293078125000002
3 0.213043478125 0.016200295312499998 0.21490683281249998 0.0110456546875 0.2055900625 0.0036818843749999997 0.20372670781250002 0.008836525000000001 0.213043478125 0.016200295312499998
3 0.355900621875 0.1664212078125 0.360248446875 0.1686303390625 0.36397515468749997 0.15684830624999999 0.360869565625 0.154639175 0.355900621875 0.1664212078125
3 0.3614906828125 0.15243004375 0.3670807453125 0.1553755515625 0.3701863359375 0.1435935203125 0.36645962656250003 0.139911634375 0.3614906828125 0.15243004375
3 0.371428571875 0.1266568484375 0.376397515625 0.1303387328125 0.3807453421875 0.1200294546875 0.3751552796875 0.11634757031250001 0.371428571875 0.1266568484375
3 0.375776396875 0.11487481562499999 0.381366459375 0.11929307812500001 0.3875776390625 0.1075110453125 0.38260869531249997 0.1030927828125 0.375776396875 0.11487481562499999
3 0.2329192546875 0.0110456546875 0.22919254687500001 0.008100146875 0.22360248437500002 0.0198821796875 0.22857142812500003 0.0235640640625 0.2329192546875 0.0110456546875
3 0.21055900625 0.021354934375000002 0.2124223609375 0.016936671875 0.20310559062500003 0.010309278125 0.20124223593749999 0.0154639171875 0.21055900625 0.021354934375000002
3 0.20496894375000002 0.058910162499999995 0.20993788750000003 0.05670103125 0.20372670781250002 0.045655375 0.20124223593749999 0.0471281296875 0.20496894375000002 0.058910162499999995
3 0.0173913046875 0.4484536078125 0.0124223609375 0.44550809999999996 0.0068322984375 0.45949926406249997 0.0118012421875 0.4617083953125 0.0173913046875 0.4484536078125
3 0.12049689374999999 0.1303387328125 0.11428571406250002 0.128129603125 0.1093167703125 0.1406480125 0.11552795 0.1435935203125 0.12049689374999999 0.1303387328125
3 0.0484472046875 0.326215021875 0.042236024999999996 0.321796759375 0.0360248453125 0.3379970546875 0.042236024999999996 0.3409425625 0.0484472046875 0.326215021875
3 0.539130434375 0.058173784375 0.5434782609375 0.060382915625 0.5478260875000001 0.0471281296875 0.5434782609375 0.04344624375 0.539130434375 0.058173784375
3 0.5322981359375001 0.0382916046875 0.534782609375 0.0324005890625 0.5248447203125 0.02724595 0.524223603125 0.0324005890625 0.5322981359375001 0.0382916046875
3 0.5304347828125 0.044182621875 0.5329192546875 0.037555228125 0.523602484375 0.033136965625 0.5223602484375001 0.0390279828125 0.5304347828125 0.044182621875
3 0.602484471875 0.9653902796875 0.607453415625 0.9698085421875 0.613664596875 0.9594992640625 0.6093167703125 0.955817378125 0.602484471875 0.9653902796875
3 0.24534161562499998 0.95213549375 0.2484472046875 0.9455081 0.23726708125 0.93888070625 0.23416149062499997 0.9462444765625 0.24534161562499998 0.95213549375
3 0.32173912968749996 0.7275405 0.3198757765625 0.7334315171875 0.334161490625 0.7415316640625 0.3366459625 0.7356406484375 0.32173912968749996 0.7275405
3 0.265217390625 0.8689248890625001 0.2695652171875 0.86377025 0.2621118015625 0.8541973484375 0.2571428578125 0.8593519875 0.265217390625 0.8689248890625001
3 0.3279503109375 0.807805596875 0.3335403734375 0.80706921875 0.3322981359375 0.7901325484374999 0.3254658390625 0.7908689250000001 0.3279503109375 0.807805596875
3 0.37763975156249996 0.8483063328125 0.38385093124999997 0.849042709375 0.38385093124999997 0.8321060390625 0.3788819875 0.8313696609375001 0.37763975156249996 0.8483063328125
3 0.4770186328125 0.9543446250000001 0.48136645937500006 0.958026509375 0.4875776390625 0.9447717234375 0.48322981406250004 0.9403534609375 0.4770186328125 0.9543446250000001
3 0.6099378875 0.9734904265625 0.6155279499999999 0.9771723124999999 0.6192546578125 0.9631811484374999 0.6142857140625 0.9609720171875 0.6099378875 0.9734904265625
3 0.1857142859375 0.6539027984375 0.18385093125000002 0.6605301921875 0.1944099375 0.66568483125 0.1962732921875 0.6597938140624999 0.1857142859375 0.6539027984375
3 0.6509316765625 0.9035346093750001 0.6490683234375 0.9101620031250001 0.6596273296875 0.9160530187499999 0.6621118015625 0.9094256265625 0.6509316765625 0.9035346093750001
3 0.6621118015625 0.9108983796875 0.6602484468750001 0.916789396875 0.6701863359375 0.9219440359375 0.673291925 0.916789396875 0.6621118015625 0.9108983796875
3 0.6720496890625001 0.916789396875 0.6701863359375 0.9219440359375 0.6801242234375 0.9263622968749999 0.681987578125 0.92047128125 0.6720496890625001 0.916789396875
3 0.6838509312500001 0.9197349046875001 0.6807453421874999 0.9263622968749999 0.6906832296875 0.9322533140625 0.6931677015625 0.9270986750000001 0.6838509312500001 0.9197349046875001
3 0.6956521734375001 0.9263622968749999 0.6931677015625 0.9337260671875001 0.7055900625 0.9396170843749999 0.7074534156250001 0.9337260671875001 0.6956521734375001 0.9263622968749999
3 0.7142857140625 0.9381443296875001 0.7124223609375 0.9447717234375 0.7229813671875001 0.9506627390625001 0.7248447203125 0.9455081 0.7142857140625 0.9381443296875001
3 0.2142857140625 0.6686303390624999 0.21180124218750002 0.6745213546875 0.22360248437500002 0.6811487484375001 0.22670807499999998 0.675994109375 0.2142857140625 0.6686303390624999
3 0.181366459375 0.68851251875 0.18385093125000002 0.681885125 0.1720496890625 0.67525773125 0.1695652171875 0.6811487484375001 0.181366459375 0.68851251875
3 0.5267080749999999 0.0515463921875 0.528571428125 0.045655375 0.5192546578125 0.039764359375 0.5173913046874999 0.045655375 0.5267080749999999 0.0515463921875
3 0.044720496875 0.614874815625 0.0465838515625 0.6089838000000001 0.0360248453125 0.6045655375 0.034161490625 0.61119293125 0.044720496875 0.614874815625
3 0.313043478125 0.267304859375 0.3173913046875 0.26951399062500003 0.3223602484375 0.25625920468749996 0.318012421875 0.2540500734375 0.313043478125 0.267304859375
3 0.5037267078125 0.018409425 0.5055900624999999 0.0132547859375 0.49627329218750005 0.008100146875 0.49378882031250004 0.0132547859375 0.5037267078125 0.018409425
3 0.22732919218749997 0.9020618562499999 0.22236024843750002 0.899852725 0.218633540625 0.91163475625 0.224223603125 0.9145802656249999 0.22732919218749997 0.9020618562499999
3 0.1229813671875 0.31958762812499997 0.1173913046875 0.3166421203125 0.113664596875 0.3313696609375 0.1192546578125 0.33357879218750003 0.1229813671875 0.31958762812499997
3 0.059006210937500005 0.6229749625000001 0.060869565625 0.6163475703125 0.049689440625 0.6104565531249999 0.047826087499999996 0.614874815625 0.059006210937500005 0.6229749625000001
3 0.16397515468749999 0.67967599375 0.1664596265625 0.6737849781249999 0.155279503125 0.6678939609375 0.1540372671875 0.6745213546875 0.16397515468749999 0.67967599375
3 0.06397515468750001 0.5868924890625 0.0621118015625 0.5935198828125 0.07453416093750001 0.5994108984375 0.076397515625 0.594256259375 0.06397515468750001 0.5868924890625
3 0.0788819875 0.594256259375 0.07453416093750001 0.600883653125 0.0850931671875 0.60677466875 0.088819875 0.600883653125 0.0788819875 0.594256259375
3 0.0701863359375 0.628129603125 0.0720496890625 0.6229749625000001 0.0621118015625 0.6156111921874999 0.059627329687499994 0.6229749625000001 0.0701863359375 0.628129603125
3 0.0850931671875 0.6369661265625 0.0875776390625 0.6310751109375 0.075776396875 0.625920471875 0.07329192500000001 0.62960235625 0.0850931671875 0.6369661265625
3 0.09316770156250001 0.6045655375 0.0906832296875 0.6104565531249999 0.1012422359375 0.6156111921874999 0.1043478265625 0.6104565531249999 0.09316770156250001 0.6045655375
3 0.12360248437500002 0.6575846828125 0.126708075 0.650957290625 0.11552795 0.6450662734375 0.113043478125 0.650957290625 0.12360248437500002 0.6575846828125
3 0.6590062109375 0.9462444765625 0.6614906828125 0.9410898375000001 0.6509316765625 0.935198821875 0.6490683234375 0.9403534609375 0.6590062109375 0.9462444765625
3 0.8788819875 0.94329896875 0.8832298140624999 0.9469808546875 0.8900621125000001 0.9344624453125 0.8863354031249999 0.9315169359375 0.8788819875 0.94329896875
3 0.8875776390624999 0.92930780625 0.8913043484375001 0.9329896906249999 0.896894409375 0.9219440359375 0.8944099375000001 0.9175257734375 0.8875776390624999 0.92930780625
3 0.95279503125 0.3689248890625 0.94720496875 0.364506628125 0.942236025 0.37776141406249997 0.9478260875 0.380706921875 0.95279503125 0.3689248890625
3 0.9416149062500001 0.414580265625 0.9459627328125 0.4175257734375 0.9509316765625 0.403534609375 0.9465838515625 0.4005891015625 0.9416149062500001 0.414580265625
3 0.929192546875 0.40795287187499996 0.934161490625 0.41163475624999996 0.939751553125 0.39764359374999997 0.934161490625 0.3946980859375 0.929192546875 0.40795287187499996
3 0.9229813671875 0.405743740625 0.929192546875 0.40868924843750004 0.9335403734375 0.39322533125 0.929192546875 0.389543446875 0.9229813671875 0.405743740625
3 0.9180124218750001 0.40206185625 0.9229813671875 0.40500736406250004 0.9279503109375 0.38880706875 0.923602484375 0.38659793750000004 0.9180124218750001 0.40206185625
3 0.9124223609375001 0.39764359374999997 0.9180124218750001 0.4005891015625 0.9223602484375 0.38659793750000004 0.9180124218750001 0.3836524296875 0.9124223609375001 0.39764359374999997
3 0.9074534156249999 0.3946980859375 0.9118012421874999 0.39764359374999997 0.9180124218750001 0.3836524296875 0.9136645968750001 0.3799705453125 0.9074534156249999 0.3946980859375
3 0.9583850937499999 0.3711340203125 0.9534161484375 0.3681885125 0.9490683234375 0.38144329843749997 0.95279503125 0.3836524296875 0.9583850937499999 0.3711340203125
3 0.8956521734375 0.916789396875 0.89937888125 0.9197349046875001 0.903105590625 0.9108983796875 0.90062111875 0.907952871875 0.8956521734375 0.916789396875
3 0.9826086953125 0.40132547812499997 0.9881987578125001 0.4042709875 0.9931677015625 0.3902798234375 0.9869565218749999 0.3880706921875 0.9826086953125 0.40132547812499997
3 0.9826086953125 0.3843888078125 0.9770186328125 0.38144329843749997 0.971428571875 0.3939617078125 0.9770186328125 0.39764359374999997 0.9826086953125 0.3843888078125
3 0.975776396875 0.38144329843749997 0.9701863359375 0.378497790625 0.965838509375 0.39101620000000004 0.9701863359375 0.39322533125 0.975776396875 0.38144329843749997
3 0.9695652171875 0.3770250375 0.9645962734375001 0.3755522828125 0.9596273296875 0.387334315625 0.9652173906250001 0.3902798234375 0.9695652171875 0.3770250375
3 0.9639751546875001 0.37481590625 0.9590062109374999 0.3711340203125 0.955279503125 0.382916053125 0.9596273296875 0.385125184375 0.9639751546875001 0.37481590625
3 0.542236025 0.15390279843750002 0.5440993781250001 0.1480117828125 0.5354037265625 0.142120765625 0.5329192546875 0.146539028125 0.542236025 0.15390279843750002
3 0.9583850937499999 0.4241531671875 0.9627329187500001 0.427098675 0.9677018640625 0.41531664218750003 0.9639751546875001 0.41163475624999996 0.9583850937499999 0.4241531671875
3 0.971428571875 0.5213549343749999 0.9689441000000001 0.52724595 0.9788819875 0.533136965625 0.9826086953125 0.5279823265625 0.971428571875 0.5213549343749999
3 0.9677018640625 0.52945508125 0.965838509375 0.536082475 0.975776396875 0.5412371140625 0.9782608703125 0.5346097203125 0.9677018640625 0.52945508125
3 0.9745341609375 0.5154639171875 0.9726708078125 0.5213549343749999 0.9832298140625 0.52724595 0.9844720499999999 0.5220913109375 0.9745341609375 0.5154639171875
3 0.9770186328125 0.508100146875 0.97391304375 0.5139911640625 0.9844720499999999 0.52061855625 0.9869565218749999 0.514727540625 0.9770186328125 0.508100146875
3 0.981366459375 0.5014727546875 0.9795031062499999 0.508836525 0.9888198750000001 0.5154639171875 0.9919254656250001 0.508100146875 0.981366459375 0.5014727546875
3 0.9875776390625 0.74300441875 0.9925465843750001 0.74521355 0.99503105625 0.7334315171875 0.9906832296875001 0.7319587624999999 0.9875776390625 0.74300441875
3 0.9795031062499999 0.7555228281249999 0.9850931671875 0.7584683359375 0.9913043484375 0.7474226796875 0.9857142859374999 0.7444771718750001 0.9795031062499999 0.7555228281249999
3 0.9751552796875 0.7680412375000001 0.9801242234374999 0.771723121875 0.9850931671875 0.7592047125 0.9801242234374999 0.7562592046875001 0.9751552796875 0.7680412375000001
3 0.9670807453125001 0.7857142859375 0.9726708078125 0.7886597937500001 0.9782608703125 0.773932253125 0.97391304375 0.771723121875 0.9670807453125001 0.7857142859375
3 0.9608695656249999 0.7982326953125 0.9664596265625001 0.801178203125 0.970807453125 0.7893961703125 0.9664596265625001 0.7864506625 0.9608695656249999 0.7982326953125
3 0.9521739124999999 0.8159057437499999 0.9565217390624999 0.819587628125 0.9614906828124999 0.8085419734375 0.957763975 0.8048600890625 0.9521739124999999 0.8159057437499999
3 0.9434782609375001 0.8321060390625 0.9484472046875 0.8357879234375 0.9540372671874999 0.82474226875 0.950310559375 0.8203240062500001 0.9434782609375001 0.8321060390625
3 0.9372670812499999 0.845360825 0.9409937890625001 0.8497790875 0.9459627328125 0.8394698078125 0.9409937890625001 0.835051546875 0.9372670812499999 0.845360825
3 0.9285714281249999 0.860088365625 0.9329192546874999 0.86377025 0.9378881984375 0.8534609718749999 0.9335403734375 0.849042709375 0.9285714281249999 0.860088365625
3 0.9198757765625001 0.876288659375 0.9229813671875 0.8799705453125 0.9298136640625 0.8674521359374999 0.926708075 0.86377025 0.9198757765625001 0.876288659375
3 0.91055900625 0.8902798234375 0.9155279500000001 0.8946980859375 0.9223602484375 0.8821796765625001 0.918633540625 0.8777614140625 0.91055900625 0.8902798234375