3 0.143198090625 0.8563283921875 0.151153540625 0.8570885593750001 0.14797136093750002 0.8479665531249999 0.14001591093750002 0.8487267203125001 0.143198090625 0.8563283921875
2 0.16626889375 0.6636259984375 0.1567223546875 0.66286583125 0.153540175 0.6738882546875 0.1630867140625 0.674648421875 0.16626889375 0.6636259984375
2 0.38663484531250003 0.5203344734375001 0.37788385 0.51957430625 0.3723150359375 0.5286963124999999 0.38106602968750003 0.5302166484375 0.38663484531250003 0.5203344734375001
2 0.35719968125 0.51463321875 0.3492442328125 0.5138730515625001 0.3428798734375 0.526035728125 0.35163086718750003 0.5267958953125 0.35719968125 0.51463321875
2 0.326173428125 0.5237552265625001 0.334128878125 0.5248954765625 0.338106603125 0.516153553125 0.330151153125 0.5153933859375 0.326173428125 0.5237552265625001
2 0.3078758953125 0.5264158109375 0.32060461406249996 0.5275560625 0.32776451875 0.5123527171875 0.31583134375 0.5108323828125 0.3078758953125 0.5264158109375
2 0.3953858390625 0.5765868484375 0.4112967375 0.5784872671875 0.420843278125 0.5575826687500001 0.40652346875 0.5564424171875 0.3953858390625 0.5765868484375
2 0.3595863171875 0.5815279359375001 0.3699284015625 0.5830482703125 0.37708830625 0.5716457625 0.3659506765625 0.570125428125 0.3595863171875 0.5815279359375001
2 0.3786793953125 0.581147853125 0.3890214796875 0.582288103125 0.39379474999999997 0.5720258453125 0.383452665625 0.5708855953125 0.3786793953125 0.581147853125
2 0.3349244234375 0.565184340625 0.32378679374999997 0.5640440890625 0.3182179796875 0.5762067656250001 0.32776451875 0.577347015625 0.3349244234375 0.565184340625
2 0.313444709375 0.55872291875 0.321400159375 0.5594830859375 0.32776451875 0.5499809953125 0.3182179796875 0.5488407453125 0.313444709375 0.55872291875
2 0.319013525 0.612314709375 0.3285600640625 0.6130748765625 0.3325377890625 0.6005321171875 0.32219570468750003 0.6001520328125001 0.319013525 0.612314709375
2 0.3023070796875 0.5948308625000001 0.2919649953125 0.5936906125 0.2848050921875 0.6047130375 0.2951471765625 0.6058532875 0.3023070796875 0.5948308625000001
2 0.32219570468750003 0.723679209375 0.3102625296875 0.7229190421875 0.305489259375 0.7400228046875 0.3182179796875 0.7404028890625 0.32219570468750003 0.723679209375
2 0.21320604687500003 0.66704675 0.20445505156250002 0.6666666671875 0.201272871875 0.6757886734375 0.21002386562500003 0.6761687578125 0.21320604687500003 0.66704675
2 0.4264120921875 0.3052071453125 0.4391408109375 0.3071075640625 0.4494828953125 0.2896237171875 0.43595863125 0.2877232984375 0.4264120921875 0.3052071453125
2 0.2832140015625 0.7039148609375 0.2919649953125 0.7046750281249999 0.29435163124999997 0.6951729375 0.28560063593749996 0.6947928546875 0.2832140015625 0.7039148609375
2 0.225934765625 0.8494868875 0.221957040625 0.854047890625 0.24741447968750002 0.8582288109375 0.251392203125 0.8529076390625001 0.225934765625 0.8494868875
2 0.24025457499999997 0.874192321875 0.24343675468749998 0.86963131875 0.21002386562500003 0.8643101484375 0.2060461421875 0.8692512359375 0.24025457499999997 0.874192321875
2 0.24264120937500003 0.8829342453125 0.24502784375000003 0.876092740625 0.20843277656249998 0.8715317375 0.20365950625 0.8779931578125 0.24264120937500003 0.8829342453125
2 0.2275258546875 0.8897757500000001 0.23150357968750002 0.8852147468749999 0.2060461421875 0.8798935765625 0.201272871875 0.8840744968750001 0.2275258546875 0.8897757500000001
2 0.232299125 0.898137590625 0.23627685 0.891296084375 0.19968178125 0.88559483125 0.19490851250000002 0.8928164203125 0.232299125 0.898137590625
2 0.201272871875 0.8947168375000001 0.1988862375 0.8985176734375001 0.21877486093749998 0.9004180921874999 0.22036595 0.8966172562500001 0.201272871875 0.8947168375000001
2 0.21559268125000003 0.9160015203125 0.217979315625 0.910300265625 0.184566428125 0.9072595968750001 0.1813842484375 0.9129608515625 0.21559268125000003 0.9160015203125
2 0.21161495624999999 0.9247434437500001 0.2147971359375 0.9201824406249999 0.1853619734375 0.9167616875 0.1829753375 0.921322690625 0.21161495624999999 0.9247434437500001
2 0.3532219578125 0.949448878125 0.35003977656249996 0.9540098828125 0.3747016703125 0.95895096875 0.3786793953125 0.954389965625 0.3532219578125 0.949448878125
2 0.363564040625 0.9277841125 0.3595863171875 0.9338654500000001 0.3914081140625 0.9388065375 0.39459029375 0.9331052828124999 0.363564040625 0.9277841125
2 0.3699284015625 0.9205625234375001 0.366746221875 0.92588369375 0.39856801875 0.9312048656249999 0.40175019843750004 0.9262637781249999 0.3699284015625 0.9205625234375001
2 0.40254574375 0.521474725 0.39379474999999997 0.5207145578125 0.39061257031249996 0.53059673125 0.39856801875 0.5313568984375 0.40254574375 0.521474725
2 0.39459029375 0.5153933859375 0.40413683437500003 0.516153553125 0.40891010312500004 0.503990878125 0.3993635640625 0.5028506265625 0.39459029375 0.5153933859375
2 0.450278440625 0.45496009062500004 0.4367541765625 0.4530596734375 0.42482100312500004 0.4713036875 0.43754972187499996 0.47320410468749996 0.450278440625 0.45496009062500004
2 0.3977724734375 0.45458000781249996 0.38981702500000004 0.45343975625 0.383452665625 0.462941846875 0.3929992046875 0.46446218124999994 0.3977724734375 0.45458000781249996
2 0.383452665625 0.306347396875 0.39856801875 0.3055872296875 0.3929992046875 0.2839224625 0.379474940625 0.2846826296875 0.383452665625 0.306347396875
2 0.366746221875 0.3071075640625 0.3802704859375 0.30596731250000003 0.375497215625 0.2839224625 0.3619729515625 0.2846826296875 0.366746221875 0.3071075640625
2 0.346857596875 0.3040668953125 0.3595863171875 0.3036868109375 0.35879077187499997 0.2846826296875 0.346062053125 0.2850627140625 0.346857596875 0.3040668953125
2 0.3325377890625 0.3082478140625 0.3476531421875 0.30786773125 0.34447096250000003 0.2850627140625 0.330151153125 0.28582288125 0.3325377890625 0.3082478140625
2 0.3142402546875 0.3006461421875 0.32537788437500004 0.3006461421875 0.32537788437500004 0.2850627140625 0.3142402546875 0.2850627140625 0.3142402546875 0.3006461421875
2 0.2951471765625 0.30596731250000003 0.311058075 0.3055872296875 0.30946698437500003 0.285442796875 0.2959427203125 0.2862029640625 0.2951471765625 0.30596731250000003
2 0.3977724734375 0.3603192703125 0.4073190140625 0.36145952187499997 0.41447891875 0.3500570125 0.40413683437500003 0.3489167609375 0.3977724734375 0.3603192703125
2 0.4097056484375 0.364500190625 0.420843278125 0.3664006078125 0.4280031828125 0.35233751406249997 0.41686555312499995 0.35081717968750004 0.4097056484375 0.364500190625
2 0.4272076375 0.3664006078125 0.4383452671875 0.3679209421875 0.44550517031250003 0.353477765625 0.4327764515625 0.35233751406249997 0.4272076375 0.3664006078125
2 0.4821002390625 0.376662865625 0.4940334125 0.37856328437500003 0.5051710421875 0.35993918593749996 0.49244232343750005 0.35803876875 0.4821002390625 0.376662865625
2 0.4940334125 0.3549981 0.5051710421875 0.3568985171875 0.5115354015625 0.3428354234375 0.499602228125 0.34131508906249997 0.4940334125 0.3549981
2 0.4972155921875 0.340554921875 0.48528241875000006 0.33865450468749997 0.47653142343750005 0.3538578484375 0.4884645984375 0.3549981 0.4972155921875 0.340554921875
2 0.48289578437499997 0.3382744203125 0.4725537 0.3367540859375 0.4638027046875 0.35119726406249996 0.474940334375 0.35233751406249997 0.48289578437499997 0.3382744203125
2 0.45982497968749997 0.33295325 0.44709626093750005 0.331432915625 0.4367541765625 0.34815659375 0.44868735156249995 0.3500570125 0.45982497968749997 0.33295325
2 0.4821002390625 0.40250855156250004 0.468575975 0.400608134375 0.45505171093749996 0.423793234375 0.46937151874999994 0.4260737359375 0.4821002390625 0.40250855156250004
2 0.4367541765625 0.4291144046875 0.44789180625 0.43025465625 0.45425616562500004 0.41543139531250006 0.4431185359375 0.41429114375 0.4367541765625 0.4291144046875
2 0.45425616562500004 0.3952869625 0.44232299062499997 0.3933865453125 0.43357199687500003 0.40782972187500005 0.4447096265625 0.40973014062499996 0.45425616562500004 0.3952869625
2 0.4120922828125 0.4222729 0.42163882187499996 0.42417331875000003 0.429594271875 0.41201064218749994 0.4184566421875 0.4104903078125 0.4120922828125 0.4222729
2 0.43754972187499996 0.3952869625 0.42879872656250007 0.3941467125 0.42243436718750005 0.40554922031249996 0.43038981718749997 0.40668947187500004 0.43754972187499996 0.3952869625
2 0.38663484531250003 0.4169517296875 0.3969769296875 0.4184720640625 0.4033412890625 0.40782972187500005 0.3929992046875 0.4063093875 0.38663484531250003 0.4169517296875
2 0.37311058125 0.4161915625 0.3826571203125 0.41733181249999995 0.3890214796875 0.40554922031249996 0.379474940625 0.40440897031249995 0.37311058125 0.4161915625
2 0.38663484531250003 0.38616495624999997 0.37708830625 0.3850247046875 0.36913285625 0.3990878 0.3786793953125 0.40022805000000006 0.38663484531250003 0.38616495624999997
2 0.3476531421875 0.412770809375 0.35560859218749996 0.41391106093749996 0.362768496875 0.40326871875 0.3540175015625 0.40212846874999997 0.3476531421875 0.412770809375
2 0.37311058125 0.4484986703125 0.362768496875 0.44697833593749997 0.3532219578125 0.46104142968749995 0.363564040625 0.46218167968749996 0.37311058125 0.4484986703125
2 0.3723150359375 0.9137210187499999 0.36913285625 0.9182820218750001 0.40175019843750004 0.9247434437500001 0.40572792343749997 0.9194222734374999 0.3723150359375 0.9137210187499999
2 0.37708830625 0.906119346875 0.3723150359375 0.9129608515625 0.4073190140625 0.9182820218750001 0.4112967375 0.9114405171875 0.37708830625 0.906119346875
2 0.3762927609375 0.86849106875 0.373906125 0.873052071875 0.39856801875 0.877232990625 0.40095465468749997 0.8726719875000001 0.3762927609375 0.86849106875
2 0.0342084328125 0.3211706578125 0.043754971875 0.3211706578125 0.0453460625 0.31242873437499996 0.036595067187500004 0.31204865000000004 0.0342084328125 0.3211706578125
2 0.12967382656249998 0.31698973750000004 0.1384248203125 0.3166096546875 0.13683373125 0.306347396875 0.1280827359375 0.3071075640625 0.12967382656249998 0.31698973750000004
2 0.14081145625 0.31356898593750004 0.14956244999999999 0.31394906875 0.151153540625 0.30330672812500004 0.14240254531250002 0.30292664375 0.14081145625 0.31356898593750004
2 0.1503579953125 0.3112884828125 0.15751790000000002 0.3112884828125 0.15751790000000002 0.3021664765625 0.1503579953125 0.3025465609375 0.1503579953125 0.3112884828125
2 0.15751790000000002 0.310528315625 0.16467780468749998 0.3101482328125 0.163882259375 0.29988597499999997 0.15751790000000002 0.3002660578125 0.15751790000000002 0.310528315625
2 0.16467780468749998 0.3116685671875 0.172633253125 0.3112884828125 0.171837709375 0.301406309375 0.163882259375 0.301406309375 0.16467780468749998 0.3116685671875
2 0.1089896578125 0.3166096546875 0.117740653125 0.3166096546875 0.117740653125 0.30786773125 0.1089896578125 0.30748764687499996 0.1089896578125 0.3166096546875
2 0.1209228328125 0.24971493749999998 0.1217183765625 0.2455340171875 0.097056484375 0.246294184375 0.097056484375 0.2504751046875 0.1209228328125 0.24971493749999998
2 0.1280827359375 0.2455340171875 0.1272871921875 0.2405929296875 0.0986475734375 0.2409730140625 0.09944311875 0.246294184375 0.1280827359375 0.2455340171875
2 0.0548926015625 0.2174078296875 0.0533015109375 0.22158875 0.0731901359375 0.22310908437500002 0.07478122499999999 0.21892816406249999 0.0548926015625 0.2174078296875
2 0.06205250624999999 0.210186240625 0.060461415625 0.2139870765625 0.07875895000000001 0.21474724374999998 0.0795544953125 0.2113264921875 0.06205250624999999 0.210186240625
2 0.02863961875 0.2079057390625 0.027048528125 0.2124667421875 0.0493237875 0.2139870765625 0.0509148765625 0.209045990625 0.02863961875 0.2079057390625
2 0.02863961875 0.23337134218750002 0.02863961875 0.23755226093749998 0.0469371515625 0.23755226093749998 0.047732696875 0.23337134218750002 0.02863961875 0.23337134218750002
2 0.0898965796875 0.20600532187499998 0.097852028125 0.20410490312500001 0.089101034375 0.1942227296875 0.0803500390625 0.19612314687500002 0.0898965796875 0.20600532187499998
2 0.10739856875 0.19004180937499998 0.109785203125 0.18548080625000002 0.0898965796875 0.18320030468749998 0.08750994375 0.1877613078125 0.10739856875 0.19004180937499998
2 0.1280827359375 0.19308247812499998 0.13046937187500002 0.1889015578125 0.113762928125 0.18662105625 0.1113762921875 0.1904218921875 0.1280827359375 0.19308247812499998
2 0.21081941093749998 0.11592550312500001 0.21320604687500003 0.11022425 0.1813842484375 0.1052831625 0.17661097812499998 0.11174458437499998 0.21081941093749998 0.11592550312500001
3 0.2498011140625 0.0114025078125 0.2537788390625 0.0136830109375 0.2665075578125 0.0102622578125 0.2625298328125 0.007601671875 0.2498011140625 0.0114025078125
3 0.3643595859375 0.0543519578125 0.35879077187499997 0.052831623437499996 0.350835321875 0.05815279375 0.3540175015625 0.060053210937500004 0.3643595859375 0.0543519578125
3 0.3786793953125 0.056252375 0.373906125 0.054732040625 0.3659506765625 0.060053210937500004 0.3707239453125 0.0619536296875 0.3786793953125 0.056252375
3 0.3858393 0.05815279375 0.381861575 0.056252375 0.3747016703125 0.0619536296875 0.3786793953125 0.0638540484375 0.3858393 0.05815279375
3 0.396181384375 0.060053210937500004 0.3914081140625 0.057772709374999995 0.3826571203125 0.0634739640625 0.3874303890625 0.0649942984375 0.396181384375 0.060053210937500004
3 0.41607000781250003 0.061573546874999996 0.4112967375 0.060053210937500004 0.40175019843750004 0.064614215625 0.40572792343749997 0.06613455 0.41607000781250003 0.061573546874999996
3 0.4383452671875 0.06423413125 0.4343675421875 0.062333714062500004 0.42163882187499996 0.0665146328125 0.425616546875 0.068795134375 0.4383452671875 0.06423413125
3 0.338106603125 0.078677309375 0.34447096250000003 0.0775370578125 0.34447096250000003 0.070695553125 0.3365155125 0.0714557203125 0.338106603125 0.078677309375
3 0.3532219578125 0.0794374765625 0.35879077187499997 0.0805777265625 0.362768496875 0.07411630625 0.3564041375 0.072595971875 0.3532219578125 0.0794374765625
2 0.10103420781250001 0.3158494875 0.1089896578125 0.315469403125 0.1089896578125 0.3067274796875 0.101829753125 0.3067274796875 0.10103420781250001 0.3158494875
2 0.018297534375 0.32003040625 0.0262529828125 0.32003040625 0.027048528125 0.3116685671875 0.019093078125 0.3116685671875 0.018297534375 0.32003040625
2 0.4725537 0.693652603125 0.47653142343750005 0.6887115171875 0.4510739859375 0.6837704296875 0.44709626093750005 0.6890916 0.4725537 0.693652603125
2 0.010342084375000001 0.320410490625 0.018297534375 0.3207905734375 0.0198886234375 0.3112884828125 0.011933175 0.3112884828125 0.010342084375000001 0.320410490625
2 0.47175815468750004 0.6822500953125 0.474940334375 0.6776890921875001 0.45425616562500004 0.673508171875 0.450278440625 0.678449259375 0.47175815468750004 0.6822500953125
2 0.3619729515625 0.6142151265625 0.3707239453125 0.6153553781250001 0.375497215625 0.6054732046875 0.366746221875 0.6047130375 0.3619729515625 0.6142151265625
2 0.5178997609375 0.5720258453125 0.51471758125 0.577347015625 0.5433572 0.5815279359375001 0.5465393796875 0.5769669328125 0.5178997609375 0.5720258453125
2 0.6030230703125 0.41201064218749994 0.5982498015625 0.41771189687500004 0.6292760546875 0.42417331875000003 0.6340493234375 0.4184720640625 0.6030230703125 0.41201064218749994
2 0.6189339703125001 0.40326871875 0.6149562453125 0.4074496390625 0.637231503125 0.41239072656250003 0.6404136828125 0.40782972187500005 0.6189339703125001 0.40326871875
2 0.653937946875 0.3990878 0.6515513125 0.4028886359375 0.6690533015625 0.4063093875 0.6714399359375001 0.40250855156250004 0.653937946875 0.3990878
2 0.9077167859375 0.08019764375 0.9101034203125 0.07487647343750001 0.8814638031250001 0.0695553015625 0.877486078125 0.07487647343750001 0.9077167859375 0.08019764375
2 0.2848050921875 0.10604332968750001 0.28639618125 0.112884834375 0.3293556078125 0.1113645 0.32776451875 0.1045229953125 0.2848050921875 0.10604332968750001
2 0.338106603125 0.12922842968749998 0.330151153125 0.1322690984375 0.34447096250000003 0.14139110625 0.35163086718750003 0.1383504375 0.338106603125 0.12922842968749998
2 0.35560859218749996 0.1284682625 0.3476531421875 0.1322690984375 0.36913285625 0.14253135625 0.3762927609375 0.1387305203125 0.35560859218749996 0.1284682625
2 0.381861575 0.12922842968749998 0.373906125 0.13340935 0.39459029375 0.14481185937500002 0.4033412890625 0.1402508546875 0.381861575 0.12922842968749998
2 0.1813842484375 0.11174458437499998 0.1829753375 0.1052831625 0.1439936359375 0.10224249375000001 0.14240254531250002 0.10908399843750001 0.1813842484375 0.11174458437499998
2 0.1964996015625 0.10338274375 0.19968178125 0.0969213234375 0.153540175 0.0916001515625 0.151153540625 0.098821740625 0.1964996015625 0.10338274375
2 0.188544153125 0.11934625624999999 0.1901352421875 0.11364500156249999 0.15990453437500002 0.1109844171875 0.1567223546875 0.11668567031249999 0.188544153125 0.11934625624999999
2 0.21877486093749998 0.1387305203125 0.21002386562500003 0.1356898515625 0.1901352421875 0.1501330296875 0.19968178125 0.15355378125000002 0.21877486093749998 0.1387305203125
2 0.1853619734375 0.1402508546875 0.1917263328125 0.14481185937500002 0.21002386562500003 0.13759027031249998 0.20365950625 0.133789434375 0.1853619734375 0.1402508546875
2 0.23627685 0.1546940328125 0.2498011140625 0.15545420000000001 0.2521877484375 0.1372101859375 0.23945902968750002 0.136830103125 0.23627685 0.1546940328125
2 0.0357995234375 0.14747244375 0.0262529828125 0.1505131125 0.038981703125 0.1603952875 0.0485282421875 0.1581147859375 0.0357995234375 0.14747244375
2 0.10580747812499999 0.20334473593750002 0.11455847187499998 0.19992398281249998 0.0922832140625 0.1889015578125 0.0835322203125 0.19308247812499998 0.10580747812499999 0.20334473593750002
2 0.066825775 0.22576966875 0.06603023125 0.231090840625 0.09069212343750001 0.232611175 0.0922832140625 0.22729000312499997 0.066825775 0.22576966875
2 0.023070803125 0.22462941875000003 0.022275257812499998 0.22957050625000003 0.050119331249999996 0.2299505890625 0.051710421875 0.2250095015625 0.023070803125 0.22462941875000003
2 0.14956244999999999 0.31889015625 0.1503579953125 0.323451159375 0.1750198890625 0.32269099218749997 0.1750198890625 0.31851007187499997 0.14956244999999999 0.31889015625
2 0.117740653125 0.3196503234375 0.1169451078125 0.3242113265625 0.14001591093750002 0.3242113265625 0.14001591093750002 0.3196503234375 0.117740653125 0.3196503234375
2 0.002386634375 0.3207905734375 0.011137629687500001 0.3207905734375 0.012728718750000001 0.3112884828125 0.0031821796875000003 0.3112884828125 0.002386634375 0.3207905734375
2 0.3953858390625 0.30292664375 0.4097056484375 0.3040668953125 0.41766109843750004 0.2862029640625 0.40413683437500003 0.2846826296875 0.3953858390625 0.30292664375
2 0.47334924375 0.3082478140625 0.48448687343749997 0.3097681484375 0.4932378671875 0.2949448875 0.48289578437499997 0.29380463749999997 0.47334924375 0.3082478140625
3 0.39459029375 0.0855188140625 0.400159109375 0.08627898125 0.40254574375 0.0805777265625 0.3969769296875 0.079817559375 0.39459029375 0.0855188140625
2 0.499602228125 0.3147092359375 0.5123309468749999 0.3166096546875 0.5218774859375 0.2991258078125 0.508353221875 0.29798555625 0.499602228125 0.3147092359375
2 0.5616547328125 0.1942227296875 0.574383453125 0.19650323125 0.5847255375 0.18053971875 0.5719968171875001 0.17825921718749999 0.5616547328125 0.1942227296875
2 0.5218774859375 0.18510072187499998 0.531424025 0.18662105625 0.5393794749999999 0.17445838125 0.5298329359375 0.172938046875 0.5218774859375 0.18510072187499998
2 0.5059665875 0.1877613078125 0.5178997609375 0.1889015578125 0.5274463 0.1725579625 0.51471758125 0.171037628125 0.5059665875 0.1877613078125
2 0.4447096265625 0.1793994671875 0.4558472546875 0.18053971875 0.46459825 0.1657164578125 0.45346062031249995 0.1638160390625 0.4447096265625 0.1793994671875
2 0.44391408125 0.2056252375 0.43357199687500003 0.20410490312500001 0.42482100312500004 0.216267578125 0.43516308593749997 0.21816799687500002 0.44391408125 0.2056252375
2 0.45186953125 0.2204484984375 0.46221161562499996 0.22158875 0.47016706406250003 0.20828582343750002 0.45982497968749997 0.207145571875 0.45186953125 0.2204484984375
2 0.495624503125 0.2113264921875 0.48607796406250003 0.20980615781249998 0.47891805937500004 0.22348916718749998 0.4884645984375 0.22462941875000003 0.495624503125 0.2113264921875
2 0.49244232343750005 0.22576966875 0.5019888625 0.2269099203125 0.5091487671875 0.21474724374999998 0.49880668281249996 0.21322690937500002 0.49244232343750005 0.22576966875
2 0.5242641203125 0.21474724374999998 0.5131264921875001 0.21360699374999997 0.5051710421875 0.22729000312499997 0.51471758125 0.2288103375 0.5242641203125 0.21474724374999998
2 0.5489260140625001 0.21968833124999998 0.5393794749999999 0.21854808124999997 0.5338106609375 0.229190421875 0.5425616546875001 0.2303306734375 0.5489260140625001 0.21968833124999998
2 0.5449482890625 0.23223109062499997 0.5552903734375 0.23375142499999998 0.5632458234375 0.2208285828125 0.55210819375 0.21930824843750002 0.5449482890625 0.23223109062499997
2 0.5481304687499999 0.2519954390625 0.562450278125 0.25427594062500003 0.5767700875 0.232611175 0.5600636437500001 0.2303306734375 0.5481304687499999 0.2519954390625
2 0.537788384375 0.24781451875 0.5465393796875 0.249334853125 0.5529037390625 0.2390725953125 0.5433572 0.23831242812500003 0.537788384375 0.24781451875
2 0.5218774859375 0.24781451875 0.533015115625 0.24971493749999998 0.5417661093749999 0.2360319265625 0.5298329359375 0.2345115921875 0.5218774859375 0.24781451875
2 0.5035799515625 0.249334853125 0.5178997609375 0.251235271875 0.5274463 0.23375142499999998 0.51471758125 0.2318510078125 0.5035799515625 0.249334853125
2 0.4940334125 0.2428734328125 0.5059665875 0.2443937671875 0.5131264921875001 0.2318510078125 0.5027844078125 0.23071075625 0.4940334125 0.2428734328125
2 0.45823389062500003 0.2364120109375 0.4677804296875 0.23717217812500002 0.4725537 0.22805017031250002 0.4638027046875 0.2265298359375 0.45823389062500003 0.2364120109375
2 0.4431185359375 0.23717217812500002 0.45346062031249995 0.2390725953125 0.46062052500000006 0.226149753125 0.4494828953125 0.224249334375 0.4431185359375 0.23717217812500002
2 0.4447096265625 0.224249334375 0.4367541765625 0.22386925156249998 0.43357199687500003 0.232611175 0.44073190156250003 0.23337134218750002 0.4447096265625 0.224249334375
2 0.425616546875 0.270239453125 0.4184566421875 0.2690992015625 0.4112967375 0.27974154375000004 0.4192521875 0.281261878125 0.425616546875 0.270239453125
2 0.4431185359375 0.267198784375 0.43118536250000006 0.2664386171875 0.42243436718750005 0.28316229531250003 0.43516308593749997 0.284302546875 0.4431185359375 0.267198784375
2 0.474940334375 0.271379703125 0.46221161562499996 0.26947928593750003 0.450278440625 0.28582288125 0.46300715937500003 0.2877232984375 0.474940334375 0.271379703125
2 0.521081940625 0.27594070625 0.508353221875 0.274420371875 0.4972155921875 0.29076396875 0.5099443124999999 0.2926643859375 0.521081940625 0.27594070625
2 0.5425616546875001 0.29798555625 0.5529037390625 0.2991258078125 0.5600636437500001 0.285442796875 0.5489260140625001 0.284302546875 0.5425616546875001 0.29798555625
2 0.5322195703125 0.3223109078125 0.5409705640625 0.323451159375 0.5465393796875 0.3131889015625 0.537788384375 0.31204865000000004 0.5322195703125 0.3223109078125
2 0.51471758125 0.31851007187499997 0.5282418453125 0.32003040625 0.5385839296875 0.301026225 0.525059665625 0.299505890625 0.51471758125 0.31851007187499997
2 0.5322195703125 0.191182059375 0.545743834375 0.19308247812499998 0.5552903734375 0.1763587984375 0.5417661093749999 0.1748384640625 0.5322195703125 0.191182059375
2 0.5823389015625 0.1942227296875 0.595067621875 0.19650323125 0.6030230703125 0.18053971875 0.5902943515625 0.179019384375 0.5823389015625 0.1942227296875
2 0.5481304687499999 0.1668567078125 0.5465393796875 0.171037628125 0.570405728125 0.17445838125 0.5735879078125 0.1702774609375 0.5481304687499999 0.1668567078125
2 0.8679395390625 0.077156975 0.865552903125 0.082858228125 0.8957836125 0.08589889843750001 0.8973747015625 0.0805777265625 0.8679395390625 0.077156975
2 0.5218774859375 0.0775370578125 0.5099443124999999 0.075636640625 0.499602228125 0.093880653125 0.5115354015625 0.0954009875 0.5218774859375 0.0775370578125
2 0.5322195703125 0.084758646875 0.5218774859375 0.08361839531250001 0.51471758125 0.095781071875 0.525059665625 0.09730140625 0.5322195703125 0.084758646875
2 0.531424025 0.0984416578125 0.5393794749999999 0.09958190781250001 0.5449482890625 0.08931965 0.536992840625 0.0885594828125 0.531424025 0.0984416578125
2 0.5608591890625 0.0874192328125 0.5505171046874999 0.08589889843750001 0.5433572 0.099201825 0.553699284375 0.100342075 0.5608591890625 0.0874192328125
2 0.5759745421875 0.08589889843750001 0.56404136875 0.08437856406250001 0.5552903734375 0.1014823265625 0.566428003125 0.10300266093749999 0.5759745421875 0.08589889843750001
2 0.5879077171875 0.09122006875000001 0.578361178125 0.08969973437499999 0.5712012734374999 0.1026225765625 0.5807478125000001 0.103762828125 0.5879077171875 0.09122006875000001
2 0.6030230703125 0.090839984375 0.5926809859375 0.08931965 0.5839299921875 0.1052831625 0.59347653125 0.10680349687499999 0.6030230703125 0.090839984375
2 0.5990453453125 0.1071835796875 0.6085918859375 0.108703915625 0.6149562453125 0.0935005703125 0.60540970625 0.09274040312500001 0.5990453453125 0.1071835796875
2 0.6292760546875 0.09274040312500001 0.6189339703125001 0.09122006875000001 0.6109785203125 0.108703915625 0.6213206046875 0.11022425 0.6292760546875 0.09274040312500001
2 0.6587112171875 0.09730140625 0.6483691328125001 0.0954009875 0.63882259375 0.11174458437499998 0.649164678125 0.11326491875 0.6587112171875 0.09730140625
2 0.504375496875 0.1140250859375 0.5155131265625 0.11592550312500001 0.5218774859375 0.10300266093749999 0.5115354015625 0.1014823265625 0.504375496875 0.1140250859375
2 0.549721559375 0.10642341250000001 0.5417661093749999 0.1052831625 0.5338106609375 0.1174458375 0.5433572 0.118966171875 0.549721559375 0.10642341250000001
2 0.56404136875 0.10908399843750001 0.553699284375 0.1075636640625 0.5449482890625 0.120866590625 0.55608591875 0.122386925 0.56404136875 0.10908399843750001
2 0.578361178125 0.10984416562499999 0.5688146374999999 0.10832383125 0.5600636437500001 0.1204865078125 0.570405728125 0.122386925 0.578361178125 0.10984416562499999
2 0.5735879078125 0.1246674265625 0.5847255375 0.1265678453125 0.5926809859375 0.11250475156249999 0.5807478125000001 0.1109844171875 0.5735879078125 0.1246674265625
2 0.5863166265624999 0.1284682625 0.5982498015625 0.13036868125 0.607796340625 0.1140250859375 0.595067621875 0.1121246671875 0.5863166265624999 0.1284682625
2 0.6189339703125001 0.1155454203125 0.6085918859375 0.11364500156249999 0.6006364359374999 0.1277080953125 0.6125696109375001 0.1296085140625 0.6189339703125001 0.1155454203125
2 0.63086714375 0.11668567031249999 0.6237072390625 0.1155454203125 0.6181384249999999 0.125807678125 0.6252983296875 0.126947928125 0.63086714375 0.11668567031249999
2 0.6475735874999999 0.117825921875 0.6356404140625 0.1163055875 0.6252983296875 0.134929684375 0.637231503125 0.136830103125 0.6475735874999999 0.117825921875
2 0.6459824984375 0.14139110625 0.6563245828125 0.14253135625 0.6610978515625 0.1265678453125 0.6507557671875001 0.1250475109375 0.6459824984375 0.14139110625
2 0.68416865625 0.0931204859375 0.6674622109375 0.090839984375 0.653937946875 0.1163055875 0.6706443921874999 0.11858608906250001 0.68416865625 0.0931204859375
2 0.5592680984375 0.1607753703125 0.562450278125 0.1558342828125 0.5298329359375 0.152033446875 0.5274463 0.156974534375 0.5592680984375 0.1607753703125
2 0.516308671875 0.16305587187499998 0.5139220359375 0.1668567078125 0.5409705640625 0.1706575453125 0.5433572 0.166476625 0.516308671875 0.16305587187499998
3 0.3603818609375 0.08171797812500001 0.367541765625 0.0824781453125 0.371519490625 0.0763968078125 0.36515513125 0.07525655625 0.3603818609375 0.08171797812500001
3 0.40413683437500003 0.087799315625 0.4097056484375 0.08817939999999999 0.4120922828125 0.08133789375 0.404932378125 0.0809578109375 0.40413683437500003 0.087799315625
3 0.036595067187500004 0.8563283921875 0.043754971875 0.855188140625 0.041368337500000005 0.8479665531249999 0.0342084328125 0.8483466359375 0.036595067187500004 0.8563283921875
3 0.5552903734375 0.8707715703125001 0.5600636437500001 0.8738122390624999 0.5688146374999999 0.8688711515625 0.5632458234375 0.8669707328125 0.5552903734375 0.8707715703125001
3 0.7931583140625 0.7042949453125 0.7875894984375 0.7042949453125 0.78838504375 0.709616115625 0.7931583140625 0.709616115625 0.7931583140625 0.7042949453125
3 0.8146380265625 0.707715696875 0.8074781218749999 0.706575446875 0.8035003984375001 0.7122767015625 0.8098647578125 0.7134169515625 0.8146380265625 0.707715696875
3 0.823389021875 0.7088559484375 0.8178202062500001 0.707715696875 0.815433571875 0.7137970359375 0.8210023859375 0.7137970359375 0.823389021875 0.7088559484375
3 0.7931583140625 0.6142151265625 0.7931583140625 0.6164956296875 0.8090692125000001 0.6195362984375 0.8106603015625 0.6164956296875 0.7931583140625 0.6142151265625
3 0.7955449484375 0.6100342078125001 0.7955449484375 0.612314709375 0.8090692125000001 0.6149752953125 0.8106603015625 0.6126947921875 0.7955449484375 0.6100342078125001
3 0.8249801109374999 0.6047130375 0.819411296875 0.6035727859375 0.8146380265625 0.610414290625 0.8202068421875 0.6111744578125 0.8249801109374999 0.6047130375
3 0.8138424828125 0.5997719499999999 0.8058870328125 0.598251615625 0.8011137625 0.6058532875 0.8090692125000001 0.607373621875 0.8138424828125 0.5997719499999999
3 0.918854415625 0.617255796875 0.91249005625 0.6164956296875 0.9077167859375 0.62295705 0.9140811453125 0.6237172171875 0.918854415625 0.617255796875
3 0.633253778125 0.5332573171874999 0.6316626890625 0.5362979859375 0.6443914078125 0.5397187375 0.6475735874999999 0.53667806875 0.633253778125 0.5332573171874999
3 0.674622115625 0.5408589890625 0.67223548125 0.5438996578124999 0.686555290625 0.5469403265625 0.6897374703125 0.5438996578124999 0.674622115625 0.5408589890625
3 0.7557677015625 0.9813759031249999 0.757358790625 0.9832763203124999 0.767700875 0.9832763203124999 0.767700875 0.9813759031249999 0.7557677015625 0.9813759031249999
3 0.757358790625 0.9692132265625 0.757358790625 0.9722538953125 0.7724741453124999 0.9718738124999999 0.7716786 0.9688331437500001 0.757358790625 0.9692132265625
3 0.8615751796875 0.7746104140625001 0.8639618140625 0.777271 0.8758949875 0.7746104140625001 0.873508353125 0.7723299124999999 0.8615751796875 0.7746104140625001
3 0.558472553125 0.8156594453125001 0.5513126484375 0.816039528125 0.5544948296875 0.8236412015625 0.5592680984375 0.8240212843749999 0.558472553125 0.8156594453125001
3 0.819411296875 0.777271 0.8138424828125 0.779931584375 0.8249801109374999 0.783732421875 0.8289578359374999 0.78145191875 0.819411296875 0.777271
3 0.8345266499999999 0.78525275625 0.828162290625 0.783732421875 0.8202068421875 0.79247434375 0.827366746875 0.793994678125 0.8345266499999999 0.78525275625
3 0.8639618140625 0.7890535921875 0.86316626875 0.7856328390625 0.8496420046875001 0.7886735078125 0.8520286390624999 0.79133409375 0.8639618140625 0.7890535921875
3 0.85918854375 0.79627518125 0.85521081875 0.7932345109375001 0.8392999203124999 0.7970353484375 0.8432776453124999 0.7996959328125001 0.85918854375 0.79627518125
3 0.9196499609375 0.70201444375 0.914876690625 0.7008741921875 0.9093078765625 0.7069555296875001 0.914876690625 0.7080957812500001 0.9196499609375 0.70201444375
3 0.9132856 0.7012542765625 0.9069212406249999 0.6997339421875 0.902147971875 0.706575446875 0.9085123312500001 0.7073356140625 0.9132856 0.7012542765625
3 0.9053301515625 0.700114025 0.8989657921875001 0.698973775 0.8949880671875 0.7050551125 0.8997613359375001 0.7058152796875 0.9053301515625 0.700114025
3 0.8997613359375001 0.676548840625 0.8949880671875 0.675408590625 0.8894192515625001 0.6818700109375 0.8941925218750001 0.6833903453125 0.8997613359375001 0.676548840625
3 0.9085123312500001 0.6788293421875 0.9037390609375 0.6776890921875001 0.8973747015625 0.6849106796875 0.902147971875 0.6860509312499999 0.9085123312500001 0.6788293421875
3 0.9172633250000001 0.679589509375 0.910898965625 0.6788293421875 0.906125696875 0.6864310140625001 0.9093078765625 0.6868110984375 0.9172633250000001 0.679589509375
3 0.922832140625 0.6807297609375 0.918854415625 0.679589509375 0.91249005625 0.6864310140625001 0.9172633250000001 0.6868110984375 0.922832140625 0.6807297609375
3 0.9291965 0.68110984375 0.9252187749999999 0.6807297609375 0.918854415625 0.687571265625 0.922832140625 0.6887115171875 0.9291965 0.68110984375
3 0.785998409375 0.7027746109375 0.7788385046874999 0.7016343593750001 0.7748607796875 0.7084758640625 0.78042959375 0.7099961984375 0.785998409375 0.7027746109375
3 0.736674621875 0.737742303125 0.7303102625 0.7369821359375 0.723945903125 0.743823640625 0.731901353125 0.7449638921874999 0.736674621875 0.737742303125
3 0.8329355609375 0.709616115625 0.8265712015625001 0.7084758640625 0.8217979312500001 0.7160775375 0.827366746875 0.7168377046875001 0.8329355609375 0.709616115625
3 0.645186953125 0.7875332578124999 0.637231503125 0.7875332578124999 0.63484486875 0.7951349296875 0.6435958625 0.7955150140625 0.645186953125 0.7875332578124999
3 0.5274463 0.8293424546875 0.533015115625 0.830102621875 0.536992840625 0.8232611171875 0.531424025 0.8221208671875001 0.5274463 0.8293424546875
3 0.474940334375 0.83048270625 0.470962609375 0.8316229578125001 0.47891805937500004 0.8388445453125 0.48289578437499997 0.836944128125 0.474940334375 0.83048270625
3 0.470962609375 0.8350437093749999 0.46459825 0.8361839609375 0.474940334375 0.84340555 0.479713603125 0.8418852140625 0.470962609375 0.8350437093749999
3 0.468575975 0.8392246296874999 0.4614160703125 0.8407449640625 0.468575975 0.8468263015625 0.474940334375 0.8456860515625 0.468575975 0.8392246296874999
3 0.4661893390625 0.8456860515625 0.46062052500000006 0.84644621875 0.468575975 0.8525275562499999 0.4741447890625 0.8513873046875 0.4661893390625 0.8456860515625
3 0.4638027046875 0.8498669703124999 0.4590294359375 0.851007221875 0.4661893390625 0.8563283921875 0.470962609375 0.855188140625 0.4638027046875 0.8498669703124999
3 0.5011933171875 0.8719118203124999 0.4948289578125 0.8722919046875001 0.5019888625 0.8791334093750001 0.5075576765625 0.8779931578125 0.5011933171875 0.8719118203124999
3 0.5099443124999999 0.8719118203124999 0.504375496875 0.873052071875 0.5091487671875 0.8795134921875001 0.51471758125 0.8795134921875001 0.5099443124999999 0.8719118203124999
3 0.5186953062499999 0.8734321546875 0.5139220359375 0.8738122390624999 0.5178997609375 0.8802736609374999 0.525059665625 0.8806537437499999 0.5186953062499999 0.8734321546875
3 0.5258552109375 0.8738122390624999 0.5194908515625001 0.874192321875 0.5234685765625 0.8814139109375001 0.5298329359375 0.8806537437499999 0.5258552109375 0.8738122390624999
3 0.53540175 0.876092740625 0.5322195703125 0.877232990625 0.536992840625 0.8829342453125 0.5409705640625 0.8825541625 0.53540175 0.876092740625
3 0.5544948296875 0.8795134921875001 0.547334925 0.8795134921875001 0.55210819375 0.88559483125 0.5568814640624999 0.8852147468749999 0.5544948296875 0.8795134921875001
3 0.583134446875 0.8715317375 0.578361178125 0.8692512359375 0.5688146374999999 0.8734321546875 0.5719968171875001 0.8753325734375 0.583134446875 0.8715317375
3 0.6595067625000001 0.7977955156250001 0.6650755765625 0.7985556828125 0.66825775625 0.7920942609375 0.6634844875 0.7917141765625 0.6595067625000001 0.7977955156250001
3 0.5505171046874999 0.8677309015624999 0.547334925 0.86469023125 0.5385839296875 0.8688711515625 0.5417661093749999 0.8707715703125001 0.5505171046874999 0.8677309015624999
3 0.53540175 0.8597491453125 0.536992840625 0.8624097296875 0.549721559375 0.8597491453125 0.5481304687499999 0.8578487265625 0.53540175 0.8597491453125
3 0.7541766109375 0.8624097296875 0.75894988125 0.8639300640625001 0.7661097859375 0.8567084765624999 0.7605409703125 0.855948309375 0.7541766109375 0.8624097296875
3 0.7891805890625 0.8548080578125001 0.782020684375 0.8532877234375 0.778042959375 0.860129228125 0.7836117734375 0.8612694796874999 0.7891805890625 0.8548080578125001
3 0.78440731875 0.862029646875 0.778042959375 0.8608893953125 0.7724741453124999 0.86659065 0.7788385046874999 0.8673508171875 0.78440731875 0.862029646875
3 0.802704853125 0.8418852140625 0.79634049375 0.8407449640625 0.7931583140625 0.8468263015625 0.798727128125 0.84758646875 0.802704853125 0.8418852140625
3 0.545743834375 0.8232611171875 0.537788384375 0.8221208671875001 0.5346062046875 0.8293424546875 0.5409705640625 0.830102621875 0.545743834375 0.8232611171875
3 0.56404136875 0.8263017859374999 0.5568814640624999 0.8251615359375 0.55210819375 0.8316229578125001 0.558472553125 0.832383125 0.56404136875 0.8263017859374999
3 0.5672235484375 0.8164196125000001 0.5600636437500001 0.8164196125000001 0.5600636437500001 0.82554161875 0.566428003125 0.82554161875 0.5672235484375 0.8164196125000001
3 0.7716786 0.8586088937499999 0.7645186953125 0.8574686437500001 0.7605409703125 0.8639300640625001 0.7661097859375 0.86469023125 0.7716786 0.8586088937499999
3 0.44868735156249995 0.8202204484375001 0.450278440625 0.8232611171875 0.46300715937500003 0.8206005328125 0.46062052500000006 0.8183200296875001 0.44868735156249995 0.8202204484375001
3 0.6873508359375 0.7099961984375 0.6857597453125 0.7130368687499999 0.6976929203125 0.714557203125 0.696897375 0.7122767015625 0.6873508359375 0.7099961984375
3 0.7772474140625001 0.5321170656249999 0.7748607796875 0.5347776515625 0.789976134375 0.538198403125 0.79236276875 0.5355378187500001 0.7772474140625001 0.5321170656249999
3 0.8623707234375001 0.522614975 0.8599840890625 0.5248954765625 0.8750994437499999 0.5283162296875 0.877486078125 0.526035728125 0.8623707234375001 0.522614975
2 0.5648369140625 0.5199543906249999 0.56801909375 0.51463321875 0.547334925 0.5108323828125 0.5433572 0.515013303125 0.5648369140625 0.5199543906249999
2 0.2999204453125 0.6168757125 0.3015115359375 0.613454959375 0.28560063593749996 0.610414290625 0.284009546875 0.6145952109375 0.2999204453125 0.6168757125
2 0.5656324578125 0.1786393 0.558472553125 0.17825921718749999 0.5544948296875 0.18738122343750002 0.5616547328125 0.1877613078125 0.5656324578125 0.1786393
2 0.4821002390625 0.1672367921875 0.46937151874999994 0.16533637343750002 0.46459825 0.179019384375 0.474940334375 0.1797795515625 0.4821002390625 0.1672367921875
2 0.49164677812499996 0.1603952875 0.49005568750000006 0.16305587187499998 0.5099443124999999 0.16533637343750002 0.5099443124999999 0.1626757890625 0.49164677812499996 0.1603952875
2 0.47016706406250003 0.1451919421875 0.468575975 0.1497529453125 0.4908512328125 0.152033446875 0.4908512328125 0.147852528125 0.47016706406250003 0.1451919421875
2 0.5075576765625 0.1026225765625 0.5019888625 0.1014823265625 0.4948289578125 0.1106043328125 0.5027844078125 0.1121246671875 0.5075576765625 0.1026225765625
3 0.068416865625 0.31889015625 0.0739856796875 0.3196503234375 0.07637231562499999 0.3116685671875 0.068416865625 0.3116685671875 0.068416865625 0.31889015625
3 0.060461415625 0.31889015625 0.0676213203125 0.31889015625 0.068416865625 0.3112884828125 0.06125696093750001 0.3116685671875 0.060461415625 0.31889015625
3 0.081145584375 0.3101482328125 0.08830548906249999 0.31090840000000003 0.0898965796875 0.3021664765625 0.08273667500000001 0.3021664765625 0.081145584375 0.3101482328125
3 0.167859984375 0.8943367546875001 0.1758154328125 0.8954770046875 0.17820206875 0.8859749140625001 0.17024661875 0.88559483125 0.167859984375 0.8943367546875001
3 0.16547335000000002 0.9912580765625 0.163882259375 0.9939186624999999 0.1797931578125 0.9965792468749999 0.1829753375 0.9939186624999999 0.16547335000000002 0.9912580765625
3 0.495624503125 0.9429874578125 0.5019888625 0.943367540625 0.5019888625 0.934245534375 0.495624503125 0.934245534375 0.495624503125 0.9429874578125
2 0.32776451875 0.62599771875 0.33571996875 0.626377803125 0.3389021484375 0.6183960468749999 0.3309466984375 0.6176358796875 0.32776451875 0.62599771875
2 0.35003977656249996 0.6191562140625 0.342084328125 0.6183960468749999 0.3389021484375 0.6286583046875001 0.346062053125 0.6290383890625 0.35003977656249996 0.6191562140625
2 0.36913285625 0.621436715625 0.35879077187499997 0.621436715625 0.35481304687500004 0.6316989734375 0.3643595859375 0.6320790578125 0.36913285625 0.621436715625
3 0.9705648375000001 0.404789053125 0.9689737468749999 0.40668947187500004 0.9824980109375 0.4104903078125 0.9840891015625 0.4085898890625 0.9705648375000001 0.404789053125
3 0.8074781218749999 0.33599391875 0.8019093078124999 0.33637400156249997 0.8058870328125 0.3432155078125 0.8098647578125 0.342455340625 0.8074781218749999 0.33599391875
3 0.8305489265625001 0.331432915625 0.8289578359374999 0.3340935 0.8416865546875 0.33599391875 0.8432776453124999 0.33371341718749997 0.8305489265625001 0.331432915625
3 0.85521081875 0.3633599390625 0.85521081875 0.36602052500000004 0.8687350828125 0.3652603578125 0.8687350828125 0.36297985625 0.85521081875 0.3633599390625
3 0.8448687343750001 0.30748764687499996 0.8432776453124999 0.3101482328125 0.8615751796875 0.31242873437499996 0.8623707234375001 0.3097681484375 0.8448687343750001 0.30748764687499996
3 0.9307875890625 0.262257696875 0.9307875890625 0.26453819843750004 0.9435163093750001 0.26567845 0.9435163093750001 0.26377803125 0.9307875890625 0.262257696875
3 0.9268098640625 0.26491828125 0.9252187749999999 0.267198784375 0.9403341281250001 0.26985936875 0.9427207640624999 0.2679589515625 0.9268098640625 0.26491828125
3 0.20206841718750002 0.7502850624999999 0.201272871875 0.7464842265625 0.1853619734375 0.7461041421875 0.184566428125 0.7495248953125 0.20206841718750002 0.7502850624999999
3 0.2004773265625 0.745724059375 0.20206841718750002 0.742683390625 0.1861575171875 0.7434435578125 0.1877486078125 0.746864309375 0.2004773265625 0.745724059375
3 0.15990453437500002 0.8958570890625 0.15910898906249998 0.899657925 0.1758154328125 0.9004180921874999 0.1758154328125 0.8966172562500001 0.15990453437500002 0.8958570890625
2 0.40891010312500004 0.4735841890625 0.40811455781249995 0.47852527499999997 0.4327764515625 0.48118586093750004 0.43595863125 0.4762447734375 0.40891010312500004 0.4735841890625
2 0.5712012734374999 0.5108323828125 0.575178996875 0.50741163125 0.5576770093750001 0.5028506265625 0.5544948296875 0.5062713796875 0.5712012734374999 0.5108323828125
3 0.8639618140625 0.5191942234375 0.8615751796875 0.5218548078125 0.8758949875 0.524135309375 0.877486078125 0.5218548078125 0.8639618140625 0.5191942234375
2 0.5966587109375 0.49980995781250004 0.5982498015625 0.4967692890625 0.579156721875 0.49296845312500004 0.5759745421875 0.4971493734375 0.5966587109375 0.49980995781250004
3 0.8671439937500001 0.5153933859375 0.865552903125 0.51843405625 0.877486078125 0.5207145578125 0.8798727124999999 0.518053971875 0.8671439937500001 0.5153933859375
3 0.7541766109375 0.5028506265625 0.753381065625 0.505131128125 0.765314240625 0.5077917140625 0.7669053296875 0.5047510453124999 0.7541766109375 0.5028506265625
3 0.7565632453125 0.49866970781250003 0.7557677015625 0.5013302921875 0.7669053296875 0.5032307109375 0.769291965625 0.5017103765625001 0.7565632453125 0.49866970781250003
3 0.7478122515625001 0.4823261125 0.7541766109375 0.483846446875 0.75894988125 0.477004940625 0.7525855203125 0.47586469062500003 0.7478122515625001 0.4823261125
3 0.723945903125 0.51463321875 0.7295147171874999 0.5157734703125 0.7342879875 0.5096921328125 0.7271280828125 0.5085518812500001 0.723945903125 0.51463321875
3 0.8369132859375 0.480045609375 0.8345266499999999 0.48308627968750006 0.848846459375 0.48650703125000005 0.8520286390624999 0.4842265296875 0.8369132859375 0.480045609375
3 0.8210023859375 0.477004940625 0.8186157515625 0.480045609375 0.82975338125 0.48308627968750006 0.8329355609375 0.4792854421875 0.8210023859375 0.477004940625
3 0.7836117734375 0.4606613453125 0.782020684375 0.462941846875 0.7955449484375 0.46560243281249997 0.7979315828125 0.4637020140625 0.7836117734375 0.4606613453125
3 0.78838504375 0.4557202578125 0.786793953125 0.45876092812499997 0.80031821875 0.461801596875 0.8042959421875 0.4602812625 0.78838504375 0.4557202578125
3 0.8981702468749999 0.4735841890625 0.8949880671875 0.4762447734375 0.9093078765625 0.4792854421875 0.9116945109374999 0.4762447734375 0.8981702468749999 0.4735841890625
3 0.7971360375 0.433295325 0.7915672234375 0.43215507343750004 0.7875894984375 0.43823641249999995 0.7931583140625 0.4386164953125 0.7971360375 0.433295325
3 0.778042959375 0.46598251562500004 0.7764518687499999 0.4686431015625 0.790771678125 0.4705435203125 0.7915672234375 0.4682630171875 0.778042959375 0.46598251562500004
3 0.7629276046875 0.49068795156249995 0.7629276046875 0.4933485359375 0.775656325 0.4952489546875 0.7764518687499999 0.4933485359375 0.7629276046875 0.49068795156249995
2 0.9618138421875001 0.27480045625 0.9602227531249999 0.277841125 0.9777247421874999 0.281261878125 0.9809069218750001 0.2789813765625 0.9618138421875001 0.27480045625
3 0.9689737468749999 0.17825921718749999 0.9761336515625001 0.1793994671875 0.9801113765625 0.174078296875 0.9721559265625 0.1725579625 0.9689737468749999 0.17825921718749999
3 0.976929196875 0.1470923609375 0.9785202859375 0.14443177499999998 0.961018296875 0.1421512734375 0.9594272078125 0.1451919421875 0.976929196875 0.1470923609375
3 0.9848846453125001 0.0794374765625 0.9824980109375 0.0820980609375 0.996022275 0.0855188140625 0.998408909375 0.082858228125 0.9848846453125001 0.0794374765625
2 0.9307875890625 0.025465603125000003 0.9331742249999999 0.022044849999999998 0.9101034203125 0.01900418125 0.9085123312500001 0.0224249328125 0.9307875890625 0.025465603125000003
2 0.8830548921875 0.050931204687499995 0.8782816234374999 0.05587229218749999 0.9053301515625 0.0611934625 0.9101034203125 0.055492207812500007 0.8830548921875 0.050931204687499995
2 0.7891805890625 0.2056252375 0.7836117734375 0.209045990625 0.8011137625 0.215127328125 0.806682578125 0.2124667421875 0.7891805890625 0.2056252375
2 0.774065234375 0.2223489171875 0.769291965625 0.2276700875 0.78838504375 0.2303306734375 0.79236276875 0.2269099203125 0.774065234375 0.2223489171875
2 0.7788385046874999 0.246294184375 0.7828162296875 0.2428734328125 0.76372315 0.2394526796875 0.7605409703125 0.24249334843749998 0.7788385046874999 0.246294184375
2 0.7732696890625 0.2630178640625 0.778042959375 0.259217028125 0.7565632453125 0.254656025 0.753381065625 0.25959711093750004 0.7732696890625 0.2630178640625
3 0.8926014312499999 0.33105283124999996 0.8886237078124999 0.3348536671875 0.90453460625 0.3382744203125 0.9077167859375 0.33561383437500003 0.8926014312499999 0.33105283124999996
3 0.545743834375 0.830102621875 0.5513126484375 0.8308627890625001 0.55608591875 0.8240212843749999 0.5505171046874999 0.822881034375 0.545743834375 0.830102621875
3 0.5775656328125 0.8194602812499999 0.570405728125 0.819080196875 0.570405728125 0.8270619531250001 0.5767700875 0.8266818703125001 0.5775656328125 0.8194602812499999
3 0.4200477328125 0.0900798171875 0.4264120921875 0.0904599015625 0.4264120921875 0.08361839531250001 0.42322991249999997 0.08361839531250001 0.4200477328125 0.0900798171875
3 0.15910898906249998 0.40402888593749997 0.15990453437500002 0.400608134375 0.145584725 0.400608134375 0.14478918125 0.40326871875 0.15910898906249998 0.40402888593749997
2 0.172633253125 0.3097681484375 0.1813842484375 0.3101482328125 0.180588703125 0.2991258078125 0.171837709375 0.2991258078125 0.172633253125 0.3097681484375
2 0.1869530625 0.3040668953125 0.1853619734375 0.30748764687499996 0.1988862375 0.309388065625 0.201272871875 0.3067274796875 0.1869530625 0.3040668953125
2 0.1829753375 0.30900798125 0.18217979374999999 0.3116685671875 0.19490851250000002 0.3131889015625 0.1964996015625 0.31090840000000003 0.1829753375 0.30900798125
2 0.52665075625 0.2945648046875 0.5338106609375 0.2957050546875 0.5417661093749999 0.2839224625 0.533015115625 0.2827822125 0.52665075625 0.2945648046875
2 0.367541765625 0.3884454578125 0.3595863171875 0.387685290625 0.3564041375 0.395667046875 0.363564040625 0.396807296875 0.367541765625 0.3884454578125
2 0.3802704859375 0.3990878 0.3874303890625 0.40022805000000006 0.3929992046875 0.392626378125 0.38663484531250003 0.3918662109375 0.3802704859375 0.3990878
3 0.10342084375 0.3553781828125 0.1042163875 0.35917901875 0.1193317421875 0.3587989359375 0.12012728749999999 0.35575826718750003 0.10342084375 0.3553781828125
3 0.10262529843749998 0.37514253124999997 0.10501193281250001 0.3781832 0.1209228328125 0.3774230328125 0.1217183765625 0.3747624484375 0.10262529843749998 0.37514253124999997
3 0.10501193281250001 0.3960471296875 0.1042163875 0.3994678828125 0.11853619687500001 0.39984796718750004 0.12012728749999999 0.396807296875 0.10501193281250001 0.3960471296875
3 0.1463802703125 0.36297985625 0.1463802703125 0.36602052500000004 0.15751790000000002 0.3667806921875 0.15990453437500002 0.3637400234375 0.1463802703125 0.36297985625
3 0.1439936359375 0.370581528125 0.14478918125 0.3728620296875 0.1583134453125 0.373622196875 0.15910898906249998 0.37020144374999997 0.1439936359375 0.370581528125
3 0.1439936359375 0.396807296875 0.1439936359375 0.3990878 0.15751790000000002 0.3994678828125 0.15990453437500002 0.39718738125 0.1439936359375 0.396807296875
3 0.018297534375 0.439756746875 0.0262529828125 0.4401368296875 0.0278440734375 0.43367540781249997 0.0198886234375 0.433295325 0.018297534375 0.439756746875
3 0.6173428796875 0.8331432921875 0.6237072390625 0.8350437093749999 0.628480509375 0.8282022046874999 0.62211615 0.8270619531250001 0.6173428796875 0.8331432921875
3 0.0095465390625 0.43367540781249997 0.003977725 0.4344355765625 0.0055688140625 0.4401368296875 0.011933175 0.4401368296875 0.0095465390625 0.43367540781249997
3 0.1797931578125 0.47320410468749996 0.1710421640625 0.4724439375 0.1686555296875 0.48118586093750004 0.1789976140625 0.48156594375 0.1797931578125 0.47320410468749996
2 0.37708830625 0.47206385468749995 0.3786793953125 0.4682630171875 0.3603818609375 0.46674268281250003 0.3595863171875 0.47016343593750004 0.37708830625 0.47206385468749995
2 0.3643595859375 0.5693652609375001 0.35560859218749996 0.568225009375 0.3492442328125 0.5769669328125 0.3579952265625 0.5781071828125001 0.3643595859375 0.5693652609375001
2 0.2895783609375 0.5754465984375 0.29832935625 0.5758266812499999 0.2999204453125 0.566704675 0.29116945156249996 0.566704675 0.2895783609375 0.5754465984375
2 0.4033412890625 0.5781071828125001 0.3953858390625 0.5765868484375 0.3929992046875 0.58570885625 0.40095465468749997 0.58570885625 0.4033412890625 0.5781071828125001
2 0.5568814640624999 0.5378183203125 0.5544948296875 0.541239071875 0.5719968171875001 0.543519575 0.574383453125 0.5404789046875 0.5568814640624999 0.5378183203125
2 0.4948289578125 0.598251615625 0.4932378671875 0.601292284375 0.5171042156250001 0.6054732046875 0.520286396875 0.6020524515625 0.4948289578125 0.598251615625
2 0.5067621328125 0.6396807296875 0.508353221875 0.6366400609375 0.49005568750000006 0.6332193078125 0.4884645984375 0.6370201437499999 0.5067621328125 0.6396807296875
2 0.4980111375 0.651463321875 0.500397771875 0.6476624859375 0.4821002390625 0.6450019 0.47891805937500004 0.6488027359374999 0.4980111375 0.651463321875
2 0.47175815468750004 0.6602052453125 0.4661893390625 0.6632459140625 0.4805091484375 0.6681870015625 0.48607796406250003 0.6651463328125 0.47175815468750004 0.6602052453125
2 0.25059665937500003 0.6697073359375 0.24264120937500003 0.6681870015625 0.238663484375 0.676548840625 0.24821002343749998 0.6776890921875001 0.25059665937500003 0.6697073359375
2 0.12012728749999999 0.3166096546875 0.1280827359375 0.3162295703125 0.1256961015625 0.30748764687499996 0.117740653125 0.30748764687499996 0.12012728749999999 0.3166096546875
2 0.0819411296875 0.3158494875 0.085123309375 0.32003040625 0.10103420781250001 0.3192702390625 0.10103420781250001 0.3158494875 0.0819411296875 0.3158494875
2 0.0898965796875 0.320410490625 0.09069212343750001 0.3238312421875 0.109785203125 0.3238312421875 0.11058074843750001 0.32003040625 0.0898965796875 0.320410490625
2 0.0278440734375 0.2455340171875 0.02863961875 0.24781451875 0.0429594265625 0.24743443593749997 0.0429594265625 0.245153934375 0.0278440734375 0.2455340171875
3 0.425616546875 0.090839984375 0.4327764515625 0.0919802359375 0.43754972187499996 0.08513873125 0.43038981718749997 0.0839984796875 0.425616546875 0.090839984375
3 0.246618934375 0.0729760546875 0.24025457499999997 0.0733561390625 0.24264120937500003 0.08019764375 0.24900556875 0.079817559375 0.246618934375 0.0729760546875
2 0.1893396984375 0.122767009375 0.1909307875 0.11934625624999999 0.1710421640625 0.1174458375 0.17024661875 0.121246675 0.1893396984375 0.122767009375
3 0.2545743828125 0.06993538593750001 0.246618934375 0.06993538593750001 0.24821002343749998 0.0779171421875 0.25536992812500003 0.0779171421875 0.2545743828125 0.06993538593750001
2 0.62688941875 0.10908399843750001 0.636435959375 0.11022425 0.6420047734375001 0.09730140625 0.632458234375 0.09654123906249999 0.62688941875 0.10908399843750001
2 0.49164677812499996 0.09806157343750001 0.49005568750000006 0.100342075 0.5027844078125 0.10224249375000001 0.5059665875 0.09958190781250001 0.49164677812499996 0.09806157343750001
2 0.500397771875 0.147852528125 0.4964200484375 0.150893196875 0.5171042156250001 0.155074115625 0.520286396875 0.15165336406250002 0.500397771875 0.147852528125
2 0.2625298328125 0.09730140625 0.25616547343749996 0.0961611546875 0.251392203125 0.1075636640625 0.2577565625 0.10832383125 0.2625298328125 0.09730140625
2 0.2537788390625 0.097681490625 0.246618934375 0.0969213234375 0.24343675468749998 0.10680349687499999 0.251392203125 0.1071835796875 0.2537788390625 0.097681490625
2 0.2688941921875 0.099201825 0.26093874375000004 0.098821740625 0.25855210781250004 0.107943746875 0.26412092343750004 0.108703915625 0.2688941921875 0.099201825
2 0.10739856875 0.180159634375 0.10739856875 0.1767388828125 0.089101034375 0.17559863125 0.089101034375 0.17825921718749999 0.10739856875 0.180159634375
2 0.11058074843750001 0.1763587984375 0.1113762921875 0.172938046875 0.089101034375 0.17141771249999999 0.0898965796875 0.1748384640625 0.11058074843750001 0.1763587984375
3 0.1487669046875 0.1436716078125 0.1439936359375 0.14139110625 0.13285600625 0.14481185937500002 0.13762927656249999 0.14671227656250002 0.1487669046875 0.1436716078125
3 0.2871917265625 0.1577347015625 0.2808273671875 0.158874953125 0.2848050921875 0.164956290625 0.2919649953125 0.16457620625 0.2871917265625 0.1577347015625
3 0.21161495624999999 0.1577347015625 0.21002386562500003 0.161915621875 0.225934765625 0.16305587187499998 0.2275258546875 0.1596351203125 0.21161495624999999 0.1577347015625
3 0.2617342875 0.20828582343750002 0.25855210781250004 0.2063854046875 0.24900556875 0.20942607343750003 0.251392203125 0.2124667421875 0.2617342875 0.20828582343750002
3 0.3484486875 0.2158874953125 0.346857596875 0.21892816406249999 0.363564040625 0.2204484984375 0.36515513125 0.2177879140625 0.3484486875 0.2158874953125
3 0.25696101875 0.2364120109375 0.2545743828125 0.23337134218750002 0.24264120937500003 0.2360319265625 0.24502784375000003 0.23831242812500003 0.25696101875 0.2364120109375
3 0.1217183765625 0.2805017109375 0.1217183765625 0.2839224625 0.135242640625 0.2850627140625 0.1360381859375 0.2820220453125 0.1217183765625 0.2805017109375
2 0.0095465390625 0.217027746875 0.0095465390625 0.2204484984375 0.0262529828125 0.22158875 0.027048528125 0.2177879140625 0.0095465390625 0.217027746875
2 0.07716785937500001 0.21930824843750002 0.07716785937500001 0.222729 0.093078759375 0.22386925156249998 0.093874303125 0.22006841562499999 0.07716785937500001 0.21930824843750002
2 0.1256961015625 0.2299505890625 0.12490055625 0.2345115921875 0.14081145625 0.23489167656249998 0.143198090625 0.23223109062499997 0.1256961015625 0.2299505890625
2 0.13762927656249999 0.249334853125 0.13683373125 0.246294184375 0.1217183765625 0.24667426875 0.12410501249999999 0.24971493749999998 0.13762927656249999 0.249334853125
2 0.04614160625 0.24211326562500002 0.0453460625 0.2455340171875 0.0636435953125 0.246294184375 0.06523468593750001 0.24211326562500002 0.04614160625 0.24211326562500002
2 0.07080349999999999 0.24325351562500003 0.0715990453125 0.246294184375 0.089101034375 0.24743443593749997 0.09148766875 0.24325351562500003 0.07080349999999999 0.24325351562500003
2 0.2625298328125 0.67008741875 0.2545743828125 0.66894716875 0.251392203125 0.678069175 0.25934765312499997 0.678449259375 0.2625298328125 0.67008741875
2 0.28560063593749996 0.6708475859374999 0.2792362765625 0.67008741875 0.2752585515625 0.6788293421875 0.28241845625 0.679589509375 0.28560063593749996 0.6708475859374999
2 0.308671440625 0.7050551125 0.3166268890625 0.7058152796875 0.321400159375 0.6947928546875 0.311058075 0.6951729375 0.308671440625 0.7050551125
3 0.1630867140625 0.88559483125 0.15751790000000002 0.88559483125 0.1543357203125 0.892056253125 0.1607000796875 0.8928164203125 0.1630867140625 0.88559483125
3 0.0421638828125 0.9840364875000001 0.0429594265625 0.98707715625 0.05807478125 0.987457240625 0.0588703265625 0.9847966546875 0.0421638828125 0.9840364875000001
2 0.3476531421875 0.9429874578125 0.346857596875 0.9467882937500001 0.3723150359375 0.9509692125000001 0.3762927609375 0.9471683765625001 0.3476531421875 0.9429874578125
3 0.46459825 0.987457240625 0.46698488437499996 0.9859369062500001 0.45505171093749996 0.9813759031249999 0.452665075 0.9840364875000001 0.46459825 0.987457240625
3 0.5839299921875 0.971493728125 0.578361178125 0.9707335609375001 0.575178996875 0.9775750671875001 0.5807478125000001 0.97795515 0.5839299921875 0.971493728125
3 0.5926809859375 0.9726339796874999 0.58552108125 0.971493728125 0.5807478125000001 0.9787153171874999 0.5871121718750001 0.9794754843750001 0.5926809859375 0.9726339796874999
3 0.5942720765625 0.949448878125 0.5887032624999999 0.9486887109375 0.5823389015625 0.9574306343749999 0.5887032624999999 0.95781071875 0.5942720765625 0.949448878125
3 0.38822593437499997 1 0.392203659375 0.9931584953125 0.3858393 0.9923983281250001 0.381861575 1 0.38822593437499997 1
3 0.45186953125 0.8969973390625 0.44550517031250003 0.895096921875 0.4383452671875 0.9038388453125 0.44391408125 0.9045990125 0.45186953125 0.8969973390625
3 0.5600636437500001 0.9072595968750001 0.5600636437500001 0.910300265625 0.575178996875 0.9114405171875 0.5767700875 0.9083998484375 0.5600636437500001 0.9072595968750001
3 0.5616547328125 0.9019384265625 0.5592680984375 0.9049790953124999 0.5735879078125 0.9072595968750001 0.5767700875 0.9045990125 0.5616547328125 0.9019384265625
3 0.4757358796875 0.9137210187499999 0.47812251406249995 0.9110604328124999 0.46459825 0.9080197640625001 0.46300715937500003 0.91068035 0.4757358796875 0.9137210187499999
3 0.4661893390625 0.93690611875 0.4725537 0.9376662859374999 0.47334924375 0.9300646140625 0.4661893390625 0.9300646140625 0.4661893390625 0.93690611875
3 0.6690533015625 0.921322690625 0.674622115625 0.921322690625 0.6770087515625 0.91486126875 0.6714399359375001 0.9141011015625 0.6690533015625 0.921322690625
3 0.6587112171875 0.8924363359375 0.6555290375 0.8916761687499999 0.6507557671875001 0.8973774234375 0.6547334921875 0.89775750625 0.6587112171875 0.8924363359375
2 0.383452665625 0.8445458 0.37788385 0.84340555 0.3707239453125 0.8532877234375 0.3762927609375 0.854047890625 0.383452665625 0.8445458
2 0.40095465468749997 0.8221208671875001 0.3929992046875 0.8202204484375001 0.383452665625 0.8316229578125001 0.392203659375 0.833903459375 0.40095465468749997 0.8221208671875001
3 0.44550517031250003 0.82554161875 0.44789180625 0.8282022046874999 0.46221161562499996 0.8259217031249999 0.46062052500000006 0.8236412015625 0.44550517031250003 0.82554161875
3 0.452665075 0.8141391109375 0.4558472546875 0.8175598624999999 0.47016706406250003 0.8152793609375 0.4677804296875 0.8126187765624999 0.452665075 0.8141391109375
3 0.42879872656250007 0.8479665531249999 0.43198090625 0.8513873046875 0.4447096265625 0.8494868875 0.44391408125 0.84644621875 0.42879872656250007 0.8479665531249999
3 0.4566428 0.8525275562499999 0.452665075 0.85366780625 0.46062052500000006 0.8605093125 0.4661893390625 0.8597491453125 0.4566428 0.8525275562499999
3 0.47653142343750005 0.8749524890625 0.47175815468750004 0.8738122390624999 0.46698488437499996 0.8806537437499999 0.4725537 0.8814139109375001 0.47653142343750005 0.8749524890625
3 0.5417661093749999 0.8445458 0.53540175 0.8441657171875001 0.53540175 0.8513873046875 0.5409705640625 0.8513873046875 0.5417661093749999 0.8445458
3 0.5513126484375 0.8456860515625 0.5449482890625 0.8460661343749999 0.5505171046874999 0.8532877234375 0.5552903734375 0.852147471875 0.5513126484375 0.8456860515625
3 0.5592680984375 0.84644621875 0.5529037390625 0.84758646875 0.558472553125 0.8544279734375 0.5648369140625 0.8525275562499999 0.5592680984375 0.84644621875
3 0.5672235484375 0.8472063859375 0.5632458234375 0.84758646875 0.5712012734374999 0.8548080578125001 0.575178996875 0.85366780625 0.5672235484375 0.8472063859375
3 0.14717581562499998 0.8859749140625001 0.1416070015625 0.8863549984375 0.14001591093750002 0.893196503125 0.14478918125 0.8935765874999999 0.14717581562499998 0.8859749140625001
3 0.0007955453125 0.8221208671875001 0.004773270312499999 0.82440136875 0.010342084375000001 0.817939946875 0.004773270312499999 0.8175598624999999 0.0007955453125 0.8221208671875001
2 0.193317421875 0.698593690625 0.201272871875 0.6993538578125 0.20445505156250002 0.6902318515625 0.197295146875 0.6890916 0.193317421875 0.698593690625
3 0.011933175 0.852147471875 0.004773270312499999 0.8525275562499999 0.0031821796875000003 0.8597491453125 0.010342084375000001 0.860129228125 0.011933175 0.852147471875
2 0.20525059687499997 0.700494109375 0.2147971359375 0.70201444375 0.21877486093749998 0.69099201875 0.209228321875 0.6902318515625 0.20525059687499997 0.700494109375
2 0.232299125 0.6993538578125 0.23945902968750002 0.700494109375 0.24343675468749998 0.6944127703125 0.23627685 0.6932725203125 0.232299125 0.6993538578125
3 0.07080349999999999 0.6613454953125 0.06523468593750001 0.6613454953125 0.06603023125 0.6678069171875001 0.072394590625 0.6681870015625 0.07080349999999999 0.6613454953125
3 0.09546539375 0.66894716875 0.101829753125 0.67008741875 0.10103420781250001 0.6621056624999999 0.0962609390625 0.6617255796875 0.09546539375 0.66894716875
3 0.081145584375 0.6472824015625 0.0755767703125 0.646522234375 0.07478122499999999 0.6537438234375 0.07875895000000001 0.6537438234375 0.081145584375 0.6472824015625
3 0.0867144 0.646522234375 0.081145584375 0.646522234375 0.0803500390625 0.6545039906250001 0.08750994375 0.6533637406249999 0.0867144 0.646522234375
3 0.0962609390625 0.646522234375 0.0898965796875 0.6461421515625 0.089101034375 0.6533637406249999 0.097056484375 0.6537438234375 0.0962609390625 0.646522234375
3 0.109785203125 0.6457620671875001 0.1042163875 0.6457620671875001 0.1042163875 0.6541239078125 0.11058074843750001 0.6545039906250001 0.109785203125 0.6457620671875001
3 0.1002386640625 0.7244393765625 0.09546539375 0.7244393765625 0.09466984843750001 0.7305207140625 0.1002386640625 0.7305207140625 0.1002386640625 0.7244393765625
3 0.10739856875 0.725579628125 0.10342084375 0.725579628125 0.10342084375 0.7316609656249999 0.1089896578125 0.7324211328125 0.10739856875 0.725579628125
3 0.097852028125 0.743823640625 0.093078759375 0.744203725 0.09466984843750001 0.7510452296875 0.097852028125 0.7506651468750001 0.097852028125 0.743823640625
3 0.20206841718750002 0.7529456484375 0.2028639625 0.7502850624999999 0.1861575171875 0.7506651468750001 0.1861575171875 0.75332573125 0.20206841718750002 0.7529456484375
3 0.0485282421875 0.72519954375 0.0405727921875 0.7248194609375 0.0405727921875 0.7320410484375001 0.0469371515625 0.7316609656249999 0.0485282421875 0.72519954375
3 0.09546539375 0.72519954375 0.0859188546875 0.7248194609375 0.0859188546875 0.7316609656249999 0.09148766875 0.7316609656249999 0.09546539375 0.72519954375
3 0.1169451078125 0.725579628125 0.109785203125 0.7259597109375 0.1129673828125 0.7320410484375001 0.117740653125 0.7309007984375 0.1169451078125 0.725579628125
3 0.155926809375 0.7510452296875 0.16229116875 0.7510452296875 0.15990453437500002 0.743823640625 0.155131265625 0.7449638921874999 0.155926809375 0.7510452296875
3 0.020684168750000002 0.77841125 0.015115354687499999 0.7780311671875 0.015115354687499999 0.784872671875 0.020684168750000002 0.784872671875 0.020684168750000002 0.77841125
3 0.0819411296875 0.7886735078125 0.08273667500000001 0.7917141765625 0.097056484375 0.7909540093749999 0.097056484375 0.788293425 0.0819411296875 0.7886735078125
3 0.188544153125 0.8213606999999999 0.1909307875 0.82440136875 0.2060461421875 0.822881034375 0.2028639625 0.8194602812499999 0.188544153125 0.8213606999999999
3 0.066825775 0.8422652984375001 0.06603023125 0.8456860515625 0.0803500390625 0.8456860515625 0.081145584375 0.84264538125 0.066825775 0.8422652984375001
2 0.221957040625 0.7974154312499999 0.22116149531249998 0.800836184375 0.24105011875 0.8023565187499999 0.24184566406250002 0.7981755984375 0.221957040625 0.7974154312499999
2 0.251392203125 0.8487267203125001 0.25059665937500003 0.8445458 0.225934765625 0.8456860515625 0.2283214 0.8498669703124999 0.251392203125 0.8487267203125001
2 0.20445505156250002 0.8498669703124999 0.20525059687499997 0.84644621875 0.1869530625 0.8453059671875 0.1861575171875 0.849106803125 0.20445505156250002 0.8498669703124999
2 0.21002386562500003 0.7430634734375 0.21002386562500003 0.74724439375 0.23150357968750002 0.74724439375 0.23150357968750002 0.744203725 0.21002386562500003 0.7430634734375
3 0.002386634375 0.9395667046874999 0.0031821796875000003 0.9426073734375 0.01670644375 0.9426073734375 0.018297534375 0.9399467890625001 0.002386634375 0.9395667046874999