3 0.9373015875 0.9679582718749999 0.9333333328125001 0.9575260812499999 0.9111111109375001 0.9657228015625 0.915873015625 0.9746646796875 0.9373015875 0.9679582718749999
0 0.7380952375 0.5126676609375 0.7174603171875 0.52235469375 0.753174603125 0.589418778125 0.7738095234375 0.58122205625 0.7380952375 0.5126676609375
0 0.6825396828125 0.5067064078125 0.6619047625000001 0.5141579734375 0.691269840625 0.569299553125 0.7103174609375 0.55812220625 0.6825396828125 0.5067064078125
0 0.6396825390624999 0.4351713859375 0.6198412703125 0.44411326406249996 0.652380953125 0.5059612515625 0.672222221875 0.4970193734375 0.6396825390624999 0.4351713859375
0 0.658730159375 0.4172876296875 0.6365079359375 0.42697466406249995 0.66825396875 0.4828614015625 0.6880952375 0.470938896875 0.658730159375 0.4172876296875
0 0.6920634921875 0.479880775 0.6706349203124999 0.488077496875 0.703174603125 0.5432190765625 0.7230158734375001 0.5327868859375 0.6920634921875 0.479880775
0 0.702380953125 0.451564828125 0.68174603125 0.4612518625 0.7134920640625 0.5171385984375 0.734126984375 0.508941878125 0.702380953125 0.451564828125
0 0.696825396875 0.3934426234375 0.6761904765625 0.4031296578125 0.7087301593750001 0.4664679578125 0.7301587296875 0.45752608125 0.696825396875 0.3934426234375
0 0.734920634375 0.4612518625 0.7150793656250001 0.469448584375 0.7420634921875 0.51937406875 0.759523809375 0.510432190625 0.734920634375 0.4612518625
0 0.75555555625 0.450074515625 0.7333333328125 0.4582712375 0.758730159375 0.510432190625 0.7793650796875 0.50223546875 0.75555555625 0.450074515625
0 0.7626984125 0.4552906109375 0.7825396828125 0.4448584203125 0.75 0.390461996875 0.7269841265625 0.4023845 0.7626984125 0.4552906109375
0 0.7833333328125 0.44411326406249996 0.7626984125 0.4530551421875 0.79444444375 0.5059612515625 0.8126984125 0.4962742171875 0.7833333328125 0.44411326406249996
0 0.1515873015625 0.4761549921875 0.172222221875 0.467958271875 0.125396825 0.36214605 0.1015873015625 0.371833084375 0.1515873015625 0.4761549921875
0 0.37380952343749996 0.43144560312499997 0.36587301562499996 0.4135618484375 0.324603175 0.43219075937499996 0.334126984375 0.44858420312499997 0.37380952343749996 0.43144560312499997
0 0.31269841249999997 0.4560357671875 0.30555555624999997 0.439642325 0.26904761875 0.4560357671875 0.27777777812500004 0.471684053125 0.31269841249999997 0.4560357671875
0 0.5198412703125 0.20566318906249997 0.503174603125 0.211624440625 0.5166666671875 0.2459016390625 0.5349206343749999 0.23919523125 0.5198412703125 0.20566318906249997
0 0.5349206343749999 0.2414307 0.5515873015625 0.23323397968749998 0.5357142859375 0.20193740624999998 0.5198412703125 0.209388971875 0.5349206343749999 0.2414307
0 0.5984126984375 0.1795827125 0.58174603125 0.1862891203125 0.596825396875 0.22131147499999998 0.6142857140625 0.2153502234375 0.5984126984375 0.1795827125
0 0.79444444375 0.710134128125 0.815873015625 0.707898659375 0.8103174609374999 0.66169895625 0.7896825390625 0.6631892703125 0.79444444375 0.710134128125
3 0.7515873015625 0.278688525 0.758730159375 0.291356184375 0.7833333328125 0.28166915000000003 0.778571428125 0.268256334375 0.7515873015625 0.278688525
3 0.7547619046875 0.2943368109375 0.7619047625 0.3062593140625 0.7873015875 0.2958271234375 0.78095238125 0.28241430625 0.7547619046875 0.2943368109375
0 0.7698412703125 0.5260804765625 0.75 0.5335320421875 0.7698412703125 0.5737704921875 0.7896825390625 0.5648286140625001 0.7698412703125 0.5260804765625
0 0.7269841265625 0.5372578234375001 0.7071428578125001 0.5469448578125 0.7317460312499999 0.59836065625 0.7539682546875001 0.588673621875 0.7269841265625 0.5372578234375001
3 0.9174603171875001 0.98062593125 0.9111111109375001 0.9642324890625 0.878571428125 0.9783904625 0.8865079359375001 0.991058121875 0.9174603171875001 0.98062593125
0 0.7119047625 0.55812220625 0.690476190625 0.5670640828125 0.7158730156249999 0.6169895671875001 0.7373015875 0.6080476906250001 0.7119047625 0.55812220625
0 0.39206349218750003 0.3032786890625 0.4119047625 0.2943368109375 0.390476190625 0.2459016390625 0.36984127031249997 0.2555886734375 0.39206349218750003 0.3032786890625
0 0.36587301562499996 0.2861400890625 0.3571428578125 0.2645305515625 0.302380953125 0.291356184375 0.31349206406249996 0.30998509687500003 0.36587301562499996 0.2861400890625
0 0.5261904765625001 0.310730253125 0.5365079359375 0.32712369531249996 0.5833333328125 0.3070044703125 0.574603175 0.287630403125 0.5261904765625001 0.310730253125
0 0.697619046875 0.2846497765625 0.6880952375 0.2652757078125 0.6119047625 0.3002980625 0.6238095234375 0.318926975 0.697619046875 0.2846497765625
0 0.47222222187499996 0.3569299546875 0.46031746093750003 0.3345752609375 0.3507936515625 0.3852459015625 0.3642857140625 0.40760059687499994 0.47222222187499996 0.3569299546875
0 0.7539682546875001 0.7585693 0.772222221875 0.751862890625 0.7365079359375 0.67883755625 0.7166666671875 0.6870342765624999 0.7539682546875001 0.7585693
0 0.775396825 0.7444113265625 0.7928571421874999 0.7354694484375 0.75634920625 0.668405365625 0.7365079359375 0.6780923999999999 0.775396825 0.7444113265625
0 0.722222221875 0.75931445625 0.7396825390624999 0.751862890625 0.7103174609375 0.6997019375 0.6920634921875 0.707898659375 0.722222221875 0.75931445625
0 0.5190476187499999 0.40089418749999994 0.5380952375 0.3934426234375 0.5126984125 0.3472429203125 0.4952380953125 0.3554396421875 0.5190476187499999 0.40089418749999994
0 0.5373015875 0.3934426234375 0.5547619046875 0.3859910578125 0.5301587296875 0.342026825 0.5134920640625 0.350223546875 0.5373015875 0.3934426234375
0 0.5515873015625 0.37928465 0.56825396875 0.371833084375 0.5460317453125 0.33233979062499996 0.528571428125 0.34128166875 0.5515873015625 0.37928465
0 0.56825396875 0.3733233984375 0.584920634375 0.3666169890625 0.5619047625 0.3241430703125 0.5460317453125 0.330849478125 0.56825396875 0.3733233984375
0 0.5857142859375 0.368852459375 0.6071428578125 0.359165425 0.58095238125 0.312220565625 0.5611111109375 0.32190759999999996 0.5857142859375 0.368852459375
0 0.6071428578125 0.35469448593749997 0.6238095234375 0.3472429203125 0.6023809531250001 0.307749628125 0.5857142859375 0.31594634843749997 0.6071428578125 0.35469448593749997
0 0.6325396828125001 0.5074515640625 0.6103174609375001 0.5156482859375 0.6396825390624999 0.5730253359375 0.6611111109375 0.5633383015625 0.6325396828125001 0.5074515640625
0 0.622222221875 0.5372578234375001 0.6007936515625001 0.5454545453125 0.6253968249999999 0.5961251859375001 0.646825396875 0.587928465625 0.622222221875 0.5372578234375001
0 0.60634920625 0.6050670640625 0.6253968249999999 0.5968703421875 0.6007936515625001 0.5424739187500001 0.577777778125 0.552160953125 0.60634920625 0.6050670640625
0 0.6642857140625 0.5648286140625001 0.6420634921875 0.5745156484375 0.6698412703125001 0.6296572281249999 0.691269840625 0.6199701937500001 0.6642857140625 0.5648286140625001
0 0.6857142859375001 0.5536512671875 0.6634920640625 0.5640834578125 0.69365079375 0.62071535 0.7142857140625 0.6117734718750001 0.6857142859375001 0.5536512671875
3 0.7666666671875 0.308494784375 0.7738095234375 0.32116244374999997 0.796825396875 0.31147540937499996 0.790476190625 0.29880775000000004 0.7666666671875 0.308494784375
3 0.774603175 0.3248882265625 0.78174603125 0.33904619999999996 0.8055555562500001 0.329359165625 0.8 0.3144560359375 0.774603175 0.3248882265625
3 0.7928571421874999 0.371087928125 0.7912698406249999 0.3852459015625 0.8269841265625001 0.388971684375 0.8269841265625001 0.3740685546875 0.7928571421874999 0.371087928125
3 0.48015872968749995 0.4411326375 0.48650793593749997 0.4530551421875 0.5119047625 0.4426229515625 0.50555555625 0.429210134375 0.48015872968749995 0.4411326375
3 0.802380953125 0.391207153125 0.8 0.40611028281249995 0.8373015875 0.40760059687499994 0.8365079359375001 0.3934426234375 0.802380953125 0.391207153125
3 0.8507936515625 0.42771982187499996 0.85 0.41281669218749995 0.8142857140625 0.41058122187499996 0.8142857140625 0.42622950781249996 0.8507936515625 0.42771982187499996
3 0.834920634375 0.4530551421875 0.834920634375 0.4664679578125 0.86825396875 0.47019374062499997 0.86825396875 0.4560357671875 0.834920634375 0.4530551421875
3 0.9880952375 0.36214605 0.9880952375 0.3457526078125 0.9507936515625 0.3435171390625 0.9507936515625 0.35991058125 0.9880952375 0.36214605
3 0.9960317453125 0.38002980625 0.996825396875 0.3636363640625 0.95634920625 0.36140089375 0.95634920625 0.3763040234375 0.9960317453125 0.38002980625
3 0.9769841265625001 0.5424739187500001 0.9920634921874999 0.54023845 0.9857142859374999 0.508196721875 0.9706349203125001 0.509687034375 0.9769841265625001 0.5424739187500001
3 0.95634920625 0.548435171875 0.972222221875 0.547690015625 0.9674603171875 0.5171385984375 0.9539682546874999 0.51788375625 0.95634920625 0.548435171875
3 0.9420634921875 0.548435171875 0.95634920625 0.5469448578125 0.952380953125 0.52086438125 0.9388888890624999 0.5216095375 0.9420634921875 0.548435171875
3 0.9285714281249999 0.6020864375 0.9444444437499999 0.5976155000000001 0.93174603125 0.5670640828125 0.91825396875 0.571535021875 0.9285714281249999 0.6020864375
3 0.815079365625 0.2570789859375 0.8103174609374999 0.2429210140625 0.7841269843750001 0.2548435171875 0.7920634921875 0.2667660203125 0.815079365625 0.2570789859375
0 0.58095238125 0.86140089375 0.5793650796875001 0.8420268249999999 0.4952380953125 0.8502235468749999 0.49761904687499997 0.868852459375 0.58095238125 0.86140089375
0 0.8619047625 0.7630402390625 0.8547619046875001 0.74217585625 0.777777778125 0.7734724296875 0.7880952375 0.7906110281250001 0.8619047625 0.7630402390625
0 0.9642857140625001 0.7459016390625 0.9539682546874999 0.7228017890625 0.841269840625 0.7757078984375 0.8547619046875001 0.7950819671875 0.9642857140625001 0.7459016390625
3 0.96825396875 0.32339791406249996 0.96825396875 0.308494784375 0.93095238125 0.3055141578125 0.93095238125 0.32116244374999997 0.96825396875 0.32339791406249996
3 0.9444444437499999 0.278688525 0.94365079375 0.2600596125 0.8976190468749999 0.261549925 0.8976190468749999 0.27645305468750003 0.9444444437499999 0.278688525
0 0.86904761875 0.6795827125 0.8896825390625 0.6713859906249999 0.8571428578125 0.6035767515625 0.8388888890624999 0.610283159375 0.86904761875 0.6795827125
3 0.496825396875 0.468703428125 0.5023809531250001 0.48062593124999997 0.527777778125 0.470938896875 0.5190476187499999 0.4567809234375 0.496825396875 0.468703428125
3 0.5420634921875 0.4843517140625 0.5349206343749999 0.469448584375 0.50555555625 0.48211624375 0.5111111109375 0.4962742171875 0.5420634921875 0.4843517140625
3 0.2388888890625 0.5014903125 0.23333333281250002 0.4873323390625 0.1992063484375 0.50074515625 0.20555555625 0.5126676609375 0.2388888890625 0.5014903125
0 0.8896825390625 0.0648286140625 0.9071428578124999 0.0573770484375 0.8865079359375001 0.0126676609375 0.8674603171875 0.020119224999999998 0.8896825390625 0.0648286140625
0 0.9261904765625 0.2414307 0.9277777781250001 0.22131147499999998 0.8753968249999999 0.21833085 0.8746031750000001 0.23770491875 0.9261904765625 0.2414307
0 0.8515873015625001 0.690014903125 0.8706349203125001 0.6825633390625 0.8388888890624999 0.610283159375 0.8198412703125 0.6192250375 0.8515873015625001 0.690014903125
3 0.934126984375 0.2563338296875 0.934126984375 0.24068554375 0.890476190625 0.24068554375 0.890476190625 0.2555886734375 0.934126984375 0.2563338296875
0 0.7984126984375 0.54023845 0.8142857140625 0.547690015625 0.8373015875 0.511177346875 0.8214285718750001 0.5014903125 0.7984126984375 0.54023845
0 0.8119047625 0.5625931453125 0.8261904765624999 0.572280178125 0.8539682546874999 0.53800298125 0.8396825390625 0.5260804765625 0.8119047625 0.5625931453125
3 0.9230158734374999 0.1363636359375 0.9079365078125001 0.1423248875 0.924603175 0.1758569296875 0.9380952375 0.168405365625 0.9230158734374999 0.1363636359375
0 0.4698412703125 0.26229508125 0.4611111109375 0.2429210140625 0.4047619046875 0.2652757078125 0.41507936562500003 0.2853949328125 0.4698412703125 0.26229508125