3 0.9868637109374999 0.7625570781250001 0.9638752046875 0.757077625 0.9490968796875 0.7926940640625 0.97044335 0.7963470312500001 0.9868637109374999 0.7625570781250001
3 0.9605911328125 0.80365296875 0.9359605906249999 0.8 0.9228243015625001 0.8273972609375001 0.9490968796875 0.8310502281250001 0.9605911328125 0.80365296875
3 0.495894909375 0.8191780828124999 0.5024630546875 0.808219178125 0.45155993437499997 0.7972602734375 0.44334975312499997 0.8091324203125 0.495894909375 0.8191780828124999
3 0.5894909687500001 0.8237442921874999 0.582922825 0.8365296796875 0.6321839078125 0.8447488578125 0.6403940890625 0.8337899546875001 0.5894909687500001 0.8237442921874999
3 0.4236453203125 0.8264840187500001 0.4154351390625 0.8401826484375 0.46962233124999997 0.84931506875 0.47783251250000003 0.837442921875 0.4236453203125 0.8264840187500001
3 0.5796387515625 0.851141553125 0.5763546796875 0.8648401828125 0.6256157640625 0.8703196343749999 0.630541871875 0.8584474890625 0.5796387515625 0.851141553125
3 0.3825944171875 0.8958904109375 0.38095238125 0.9086757984375 0.4351395734375 0.91506849375 0.4384236453125 0.9013698625 0.3825944171875 0.8958904109375
3 0.5960591140625 0.9205479453125 0.6026272578125 0.9086757984375 0.5517241375 0.8995433796875 0.54515599375 0.9105022828125 0.5960591140625 0.9205479453125
3 0.384236453125 0.9123287671875 0.3743842359375 0.9242009124999999 0.4351395734375 0.9351598171875001 0.4417077171875 0.9242009124999999 0.384236453125 0.9123287671875
3 0.3596059109375 0.942465753125 0.3530377671875 0.9543379 0.4088669953125 0.9643835609375 0.4187192125 0.952511415625 0.3596059109375 0.942465753125
3 0.5320197046875 0.9369863015625001 0.5270935953125 0.948858446875 0.5714285718750001 0.9543379 0.577996715625 0.9433789953125 0.5320197046875 0.9369863015625001
3 0.5172413796875001 0.9515981734375 0.5123152703125 0.9634703203124999 0.5648604265625 0.9716894984375 0.5697865359375001 0.9589041093749999 0.5172413796875001 0.9515981734375
3 0.5566502468750001 0.9890410953125001 0.5615763546875 0.9762557078125 0.5123152703125 0.9680365296875 0.5057471265625 0.9817351593750001 0.5566502468750001 0.9890410953125001
3 0.6863711 0.9570776249999999 0.66502463125 0.952511415625 0.645320196875 0.9853881281250001 0.6666666671875 0.9890410953125001 0.6863711 0.9570776249999999
3 0.8932676515625 0.9287671234375001 0.87356321875 0.9242009124999999 0.853858784375 0.9543379 0.8752052546875 0.9589041093749999 0.8932676515625 0.9287671234375001
3 0.7471264375 0.8447488578125 0.72413793125 0.841095890625 0.7110016421875 0.8694063921874999 0.7323481109375 0.8721461187499999 0.7471264375 0.8447488578125
3 0.9047619046875001 0.7963470312500001 0.8866995078125001 0.7926940640625 0.870279146875 0.8228310499999999 0.891625615625 0.8264840187500001 0.9047619046875001 0.7963470312500001
3 0.7733990140625 0.7552511421875 0.79802955625 0.76073059375 0.8160919546875001 0.7287671234374999 0.794745484375 0.7223744296875 0.7733990140625 0.7552511421875
3 0.802955665625 0.7077625578125 0.824302134375 0.713242009375 0.84236453125 0.6831050234375 0.8210180625 0.6776255703125 0.802955665625 0.7077625578125
3 0.8210180625 0.6712328765625 0.8456486046875 0.6776255703125 0.8669950734375 0.6420091328125 0.8456486046875 0.6356164390625 0.8210180625 0.6712328765625
3 0.853858784375 0.62648401875 0.8784893265625 0.6319634703125 0.8981937609375 0.5990867578125 0.87356321875 0.5926940640625 0.853858784375 0.62648401875
3 0.9096880125 0.893150684375 0.8899835796875 0.890410959375 0.8752052546875 0.9168949765625 0.8981937609375 0.9205479453125 0.9096880125 0.893150684375
3 0.9392446640625 0.8420091328125 0.9178981937499999 0.837442921875 0.9031198687499999 0.867579909375 0.9228243015625001 0.8703196343749999 0.9392446640625 0.8420091328125
3 0.8784893265625 0.5899543375 0.9014778328125 0.595433790625 0.9195402296875 0.5634703203125 0.8965517234375 0.5579908671875 0.8784893265625 0.5899543375