3 0.9876425859375001 0.37640449375 0.98336501875 0.3700842703125 0.9710076046875 0.380617978125 0.97576045625 0.38974719062499996 0.9876425859375001 0.37640449375
0 0.343631178125 0.75 0.3555133078125 0.749297753125 0.354087453125 0.6853932578124999 0.3417300375 0.686797753125 0.343631178125 0.75
0 0.194391634375 0.7450842703125 0.19391635000000002 0.7261235953125 0.1535171109375 0.7282303375 0.15304182500000002 0.7457865171875 0.194391634375 0.7450842703125
0 0.1045627375 0.834971909375 0.10503802343749999 0.852528090625 0.1411596953125 0.8497191015625001 0.1406844109375 0.8314606734375 0.1045627375 0.834971909375
0 0.05228136875 0.834971909375 0.0527566546875 0.852528090625 0.0917300375 0.8511235953125 0.091254753125 0.8342696625 0.05228136875 0.834971909375
0 0.0009505703125 0.8377808984374999 0.0009505703125 0.855337078125 0.024239543750000002 0.8532303375 0.024239543750000002 0.8363764046875 0.0009505703125 0.8377808984374999
0 0.37357414375000003 0.8820224718749999 0.37357414375000003 0.8981741578125 0.41112167343749995 0.8967696625 0.41112167343749995 0.880617978125 0.37357414375000003 0.8820224718749999
0 0.42442965781249997 0.8792134828125 0.423954371875 0.896067415625 0.46292775625000004 0.89536516875 0.46292775625000004 0.8785112359375 0.42442965781249997 0.8792134828125
0 0.4748098859375 0.8778089890624999 0.4748098859375 0.896067415625 0.514733840625 0.8939606734375 0.5142585546875 0.8771067421875 0.4748098859375 0.8778089890624999
0 0.406368821875 0.8433988765624999 0.4073193921875 0.8602528093749999 0.4557984796875 0.8560393265625 0.454847909375 0.8377808984374999 0.406368821875 0.8433988765624999
0 0.3350760453125 0.8419943812499999 0.33555133125 0.8609550562500001 0.3792775671875 0.8581460671875 0.37880228125 0.8405898875 0.3350760453125 0.8419943812499999
0 0.35741444843750003 0.7464887640625 0.3707224328125 0.7464887640625 0.37119771875 0.6825842703125 0.35836501875 0.6825842703125 0.35741444843750003 0.7464887640625
3 0.8422053234375 0.8265449437499999 0.84315589375 0.8370786515624999 0.8640684406249999 0.8363764046875 0.8631178703125 0.8251404499999999 0.8422053234375 0.8265449437499999
0 0.373098859375 0.749297753125 0.3873574140625 0.74859550625 0.388307984375 0.686797753125 0.375 0.6875 0.373098859375 0.749297753125
0 0.41112167343749995 0.764747190625 0.42300380156250006 0.763342696875 0.42062737656250004 0.7205056187500001 0.4092205328125 0.7219101125 0.41112167343749995 0.764747190625
0 0.39258555156249997 0.7338483140625 0.404942965625 0.7331460671875 0.40541825156250005 0.6762640453125 0.392110265625 0.6769662921874999 0.39258555156249997 0.7338483140625
0 0.423954371875 0.7324438203125 0.4372623578125 0.7317415734375 0.4358365015625 0.67345505625 0.42300380156250006 0.674157303125 0.423954371875 0.7324438203125
0 0.43868821249999995 0.730337078125 0.45294676875000006 0.7296348312500001 0.451045628125 0.67345505625 0.4372623578125 0.67345505625 0.43868821249999995 0.730337078125
0 0.4557984796875 0.7296348312500001 0.4691064640625 0.7296348312500001 0.46815589375 0.672752809375 0.45437262343749996 0.67345505625 0.4557984796875 0.7296348312500001
0 0.4900190109375 0.7703651687499999 0.50380228125 0.7689606734375001 0.4995247140625 0.6706460671875 0.48621672968749996 0.6720505625000001 0.4900190109375 0.7703651687499999
0 0.5052281375 0.7282303375 0.51901140625 0.727528090625 0.5161596953124999 0.6692415734375 0.5028517109374999 0.6699438203125 0.5052281375 0.7282303375
0 0.5228136875 0.7703651687499999 0.5365969578125 0.769662921875 0.5327946765625 0.6692415734375 0.5199619765625 0.6699438203125 0.5228136875 0.7703651687499999
0 0.2704372625 0.610252809375 0.25855513281250003 0.610252809375 0.2604562734375 0.6460674156249999 0.2713878328125 0.6453651687499999 0.2704372625 0.610252809375
0 0.25903041875 0.6074438203125 0.2699619765625 0.6074438203125 0.2694866921875 0.57022471875 0.2580798484375 0.570926965625 0.25903041875 0.6074438203125
0 0.25855513281250003 0.5463483140625 0.268536121875 0.5463483140625 0.26758555156249997 0.5105337078125001 0.2580798484375 0.5112359546875 0.25855513281250003 0.5463483140625
0 0.2661596953125 0.46278089843750003 0.2561787078125 0.46278089843750003 0.25712927812499997 0.4978932578125 0.267110265625 0.4971910109375 0.2661596953125 0.46278089843750003
0 0.2057984796875 0.096207865625 0.20532319375000002 0.0779494375 0.140209125 0.0807584265625 0.1406844109375 0.09831460625 0.2057984796875 0.096207865625
0 0.2062737640625 0.117977528125 0.2057984796875 0.10042134843749999 0.1406844109375 0.10323033749999999 0.1406844109375 0.1207865171875 0.2062737640625 0.117977528125
0 0.20674905 0.1411516859375 0.2062737640625 0.1228932578125 0.1406844109375 0.12640449375 0.1411596953125 0.14396067343750002 0.20674905 0.1411516859375
0 0.1758555140625 0.166432584375 0.1758555140625 0.1481741578125 0.1411596953125 0.14887640468750002 0.14163498125 0.16713483125 0.1758555140625 0.166432584375
0 0.176806084375 0.188202246875 0.1763307984375 0.1699438203125 0.14163498125 0.1713483140625 0.14163498125 0.1896067421875 0.176806084375 0.188202246875
0 0.17728136875 0.2120786515625 0.17728136875 0.194522471875 0.142110265625 0.19522471875 0.142110265625 0.2127808984375 0.17728136875 0.2120786515625
0 0.1706273765625 0.24648876406250003 0.1706273765625 0.2317415734375 0.1425855515625 0.2317415734375 0.142110265625 0.24648876406250003 0.1706273765625 0.24648876406250003
0 0.1782319390625 0.27036516875 0.1782319390625 0.2528089890625 0.1425855515625 0.25351123593749997 0.14306083593750002 0.2717696625 0.1782319390625 0.27036516875
0 0.2096007609375 0.3588483140625 0.2096007609375 0.341292134375 0.1449619765625 0.3433988765625 0.1449619765625 0.361657303125 0.2096007609375 0.3588483140625
0 0.20817490468750002 0.4396067421875 0.20769962031250003 0.4255617984375 0.18250950625 0.4255617984375 0.18250950625 0.44101123593749997 0.20817490468750002 0.4396067421875
0 0.2100760453125 0.4901685390625 0.2096007609375 0.47471910156249997 0.184410646875 0.47612359531250004 0.184410646875 0.491573034375 0.2100760453125 0.4901685390625
0 0.21055133124999997 0.5386235953125 0.2100760453125 0.5238764046875 0.1872623578125 0.5238764046875 0.1872623578125 0.5386235953125 0.21055133124999997 0.5386235953125
0 0.2115019015625 0.5877808984375 0.2115019015625 0.5730337078125001 0.1891634984375 0.570926965625 0.1886882125 0.5856741578125 0.2115019015625 0.5877808984375
0 0.1558935359375 0.625 0.1558935359375 0.6411516859375 0.18346007656250002 0.639747190625 0.18346007656250002 0.62359550625 0.1558935359375 0.625
0 0.162547528125 0.44241572968750004 0.162547528125 0.4276685390625 0.1463878328125 0.4276685390625 0.1468631171875 0.44171348281249995 0.162547528125 0.44241572968750004
0 0.162547528125 0.46699438125 0.162547528125 0.45294943749999994 0.1468631171875 0.45294943749999994 0.147338403125 0.46769662968750003 0.162547528125 0.46699438125
0 0.16349809843750002 0.4901685390625 0.16302281406250002 0.47542134843749995 0.14781368749999999 0.4768258421875 0.14781368749999999 0.4908707859375 0.16349809843750002 0.4901685390625
0 0.16444866875 0.5393258421875 0.163973384375 0.5245786515625 0.1487642578125 0.5252808984375 0.1487642578125 0.540028090625 0.16444866875 0.5393258421875
0 0.255703421875 0.46137640468749996 0.2656844109375 0.4606741578125 0.265209125 0.424157303125 0.2547528515625 0.42485955000000003 0.255703421875 0.46137640468749996
0 0.5532319390625 0.727528090625 0.5660646390624999 0.7268258421875 0.5646387828125 0.6671348312500001 0.551806084375 0.667837078125 0.5532319390625 0.727528090625
0 0.5846007609375 0.7310393265624999 0.597433459375 0.7310393265624999 0.5964828890625 0.6699438203125 0.584125475 0.6706460671875 0.5846007609375 0.7310393265624999
0 0.5993345999999999 0.7261235953125 0.6112167296875 0.7261235953125 0.6097908750000001 0.6657303375 0.5983840296875 0.6671348312500001 0.5993345999999999 0.7261235953125
0 0.9001901140624999 0.46488764062500004 0.899714828125 0.4480337078125 0.8650190109375 0.450842696875 0.8650190109375 0.46769662968750003 0.9001901140624999 0.46488764062500004
0 0.906368821875 0.5449438203125 0.9054182515625 0.528792134375 0.8669201515625 0.5316011234375 0.8669201515625 0.54845505625 0.906368821875 0.5449438203125
0 0.90684410625 0.596207865625 0.906368821875 0.5793539328125 0.8673954374999999 0.582162921875 0.867870721875 0.5997191015625 0.90684410625 0.596207865625
0 0.9895437265625 0.6032303375 0.9786121671875 0.6039325843750001 0.9805133078124999 0.647471909375 0.9914448671875 0.647471909375 0.9895437265625 0.6032303375
0 0.992870721875 0.660112359375 0.9805133078124999 0.6615168546875 0.981463878125 0.7254213484375 0.9938212921874999 0.7261235953125 0.992870721875 0.660112359375
0 0.9938212921874999 0.797752809375 0.98098859375 0.797752809375 0.982889734375 0.8588483140625 0.9971482890625 0.8574438203125 0.9938212921874999 0.797752809375
0 0.9952471484375 0.8637640453125 0.9843155890625 0.8644662921874999 0.9838403046875 0.9241573031250001 0.9952471484375 0.9248595500000001 0.9952471484375 0.8637640453125
0 0.9016159703125 0.818820225 0.9054182515625 0.832162921875 0.9344106468750001 0.8146067421875 0.9301330796875 0.8005617984375 0.9016159703125 0.818820225
0 0.89923954375 0.6207865171875 0.89923954375 0.6039325843750001 0.8683460078125 0.6046348312500001 0.8683460078125 0.6221910109375 0.89923954375 0.6207865171875
0 0.36216729999999997 0.060393257812500004 0.35076045625 0.060393257812500004 0.3512357421875 0.15168539375 0.364068440625 0.15098314531249998 0.36216729999999997 0.060393257812500004
0 0.6321292781250001 0.04845505625 0.6202471484375 0.049157303125 0.6226235734375 0.13974719062500002 0.6354562734375 0.138342696875 0.6321292781250001 0.04845505625
0 0.688212928125 0.0442415734375 0.6758555140625 0.0449438203125 0.6777566546875 0.1369382015625 0.690589353125 0.1362359546875 0.688212928125 0.0442415734375
0 0.6872623578125 0.93609550625 0.6877376421875 0.9508426968749999 0.718631178125 0.9494382015625 0.71815589375 0.9332865171875 0.6872623578125 0.93609550625
0 0.968631178125 0.332162921875 0.96292775625 0.34550561874999997 0.9881178703125 0.366573034375 0.9938212921874999 0.3511235953125 0.968631178125 0.332162921875
3 0.8654942968749999 0.24367977500000002 0.8545627375 0.23665730312500002 0.8422053234375 0.263342696875 0.850285171875 0.2745786515625 0.8654942968749999 0.24367977500000002
3 0.8555133078124999 0.2738764046875 0.8645437265625 0.2844101125 0.8740494296874999 0.25351123593749997 0.8654942968749999 0.24859550625 0.8555133078124999 0.2738764046875
3 0.380703421875 0.8455056187500001 0.38355513281250003 0.8616573031250001 0.40256654062499997 0.8595505625 0.40114068437499995 0.8441011234375001 0.380703421875 0.8455056187500001
3 0.333650190625 0.880617978125 0.33602661562499997 0.8932584265625 0.356463878125 0.8932584265625 0.3545627375 0.8785112359375 0.333650190625 0.880617978125
3 0.7233840296875 0.9283707859374999 0.72576045625 0.9466292140625001 0.7452471484375 0.9487359546875 0.7452471484375 0.931179775 0.7233840296875 0.9283707859374999
3 0.7557034218750001 0.9297752812500001 0.7557034218750001 0.9459269656249999 0.7756654000000001 0.9487359546875 0.776140684375 0.931882021875 0.7557034218750001 0.9297752812500001
0 0.9035171109375 0.48735955000000003 0.9025665406250001 0.471207865625 0.8650190109375 0.47471910156249997 0.8654942968749999 0.49227528125 0.9035171109375 0.48735955000000003
0 0.9001901140624999 0.44382022499999996 0.9001901140624999 0.4269662921875 0.8645437265625 0.4269662921875 0.8640684406249999 0.44382022499999996 0.9001901140624999 0.44382022499999996
0 0.6121673000000001 0.7240168546875 0.6240494296875 0.7247191015625 0.623098859375 0.6664325843750001 0.611692015625 0.6671348312500001 0.6121673000000001 0.7240168546875
0 0.9006654 0.416432584375 0.9001901140624999 0.3988764046875 0.86359315625 0.40168539374999995 0.8640684406249999 0.4185393265625 0.9006654 0.416432584375
0 0.6259505703125 0.7268258421875 0.638307984375 0.7261235953125 0.6378326999999999 0.667837078125 0.625 0.6671348312500001 0.6259505703125 0.7268258421875
0 0.6953422046875 0.7605337078125001 0.708650190625 0.7612359546875 0.7076996203125 0.66081460625 0.694391634375 0.6622191015625 0.6953422046875 0.7605337078125001
0 0.7172053234375 0.7113764046875 0.7295627375 0.7106741578125 0.7286121671875 0.660112359375 0.7153041828125 0.66081460625 0.7172053234375 0.7113764046875
0 0.7295627375 0.71418539375 0.7172053234375 0.714887640625 0.7195817484375 0.769662921875 0.7319391640624999 0.7689606734375001 0.7295627375 0.71418539375
0 0.7371673000000001 0.758426965625 0.7509505703125 0.758426965625 0.74857414375 0.6594101125 0.7362167296875 0.66081460625 0.7371673000000001 0.758426965625
0 0.7571292781250001 0.7542134828125 0.7699619765625 0.7542134828125 0.7675855515625 0.693117978125 0.7552281375 0.693820225 0.7571292781250001 0.7542134828125
0 0.7694866921875 0.709971909375 0.7804182515625 0.7106741578125 0.7804182515625 0.6580056187500001 0.76901140625 0.658707865625 0.7694866921875 0.709971909375
0 0.7851711031249999 0.7155898875 0.7970532312499999 0.714887640625 0.7956273765625 0.6594101125 0.7832699625 0.66081460625 0.7851711031249999 0.7155898875
0 0.8046577953125 0.714887640625 0.8165399234375 0.71418539375 0.8141634984375001 0.6573033703125 0.8022813687499999 0.6580056187500001 0.8046577953125 0.714887640625
0 0.8331749046875 0.707162921875 0.843631178125 0.7064606734375001 0.84315589375 0.6636235953125 0.832224334375 0.6636235953125 0.8331749046875 0.707162921875
0 0.8046577953125 0.8265449437499999 0.8046577953125 0.839887640625 0.836026615625 0.83918539375 0.8355513312499999 0.8244382015625 0.8046577953125 0.8265449437499999
0 0.7656844109375001 0.8272471906250001 0.7656844109375001 0.8448033703125001 0.8027566546875 0.8426966296874999 0.8027566546875 0.8251404499999999 0.7656844109375001 0.8272471906250001
0 0.751901140625 0.8448033703125001 0.75142585625 0.8272471906250001 0.72576045625 0.8272471906250001 0.72576045625 0.8448033703125001 0.751901140625 0.8448033703125001
0 0.6392585546875 0.8342696625 0.6392585546875 0.8497191015625001 0.6829847906250001 0.847612359375 0.6820342203124999 0.8300561796875 0.6392585546875 0.8342696625
0 0.584125475 0.833567415625 0.5846007609375 0.8532303375 0.628326996875 0.8518258421875 0.6278517109374999 0.832162921875 0.584125475 0.833567415625
0 0.597433459375 0.8707865171875 0.5964828890625 0.8904494375 0.6706273765625 0.8869382015625 0.670152090625 0.868679775 0.597433459375 0.8707865171875
0 0.8892585546875 0.352528090625 0.888307984375 0.33356741562500003 0.8621673 0.334971909375 0.8621673 0.35463483125 0.8892585546875 0.352528090625
0 0.8830798484375 0.375 0.8830798484375 0.36025280937500004 0.8626425859375001 0.36025280937500004 0.8631178703125 0.375702246875 0.8830798484375 0.375
0 0.888307984375 0.394662921875 0.888307984375 0.3799157296875 0.8631178703125 0.3799157296875 0.8631178703125 0.394662921875 0.888307984375 0.394662921875
0 0.20532319375000002 0.0716292140625 0.20532319375000002 0.054775281249999995 0.139733840625 0.0582865171875 0.140209125 0.07514045 0.20532319375000002 0.0716292140625