3 0.88227146875 0.767161409375 0.883656509375 0.7755102046875 0.8975069250000001 0.7745825609375 0.8975069250000001 0.766233765625 0.88227146875 0.767161409375
3 0.34833795 0.092764378125 0.34279778437499997 0.092764378125 0.34279778437499997 0.1122448984375 0.3490304703125 0.1122448984375 0.34833795 0.092764378125
3 0.557479225 0.5185528749999999 0.5512465375 0.5185528749999999 0.5505540171875001 0.5361781078125001 0.556786703125 0.5361781078125001 0.557479225 0.5185528749999999
3 0.4909972296875 0.5426716140625001 0.484072021875 0.5417439703125 0.48268698125 0.5602968453125 0.48961218906250004 0.5612244890625 0.4909972296875 0.5426716140625001
0 0.48130193906249996 0.6252319109375 0.488227146875 0.6252319109375 0.488227146875 0.6048237484375 0.48199445937499996 0.6048237484375 0.48130193906249996 0.6252319109375
0 0.5616343484375 0.6382189234375 0.554709140625 0.6372912796875 0.5533241 0.66141001875 0.560941828125 0.6623376624999999 0.5616343484375 0.6382189234375
0 0.5263157890625 0.6372912796875 0.520083103125 0.6372912796875 0.5186980609375 0.6549165125 0.52562326875 0.6549165125 0.5263157890625 0.6372912796875
0 0.5013850421875 0.6354359921875 0.494459834375 0.6345083484375 0.4937673125 0.65769944375 0.5006925203125 0.65769944375 0.5013850421875 0.6354359921875
0 0.47853185624999994 0.7133580703125 0.4847645421875 0.7133580703125 0.4854570640625 0.6948051953125 0.4792243765625 0.6948051953125 0.47853185624999994 0.7133580703125
0 0.5283933515625 0.7179962890625 0.53393351875 0.7179962890625 0.53393351875 0.6985157703125 0.5283933515625 0.6985157703125 0.5283933515625 0.7179962890625
0 0.4653739609375 0.7829313546875001 0.464681440625 0.7903525046875 0.4792243765625 0.7922077921875 0.4792243765625 0.7838589984375 0.4653739609375 0.7829313546875001
0 0.5422437671875 0.824675325 0.5422437671875 0.81632653125 0.5270083109375 0.8144712437500001 0.5263157890625 0.8237476812500001 0.5422437671875 0.824675325
0 0.6108033234375 0.832096475 0.6108033234375 0.8237476812500001 0.594875346875 0.8228200375 0.594875346875 0.83116883125 0.6108033234375 0.832096475
3 0.6004155124999999 0.8766233765625 0.5941828250000001 0.8756957328125001 0.592797784375 0.8951762515624999 0.5997229921875 0.8951762515624999 0.6004155124999999 0.8766233765625
3 0.594875346875 0.9554730984375001 0.6018005546875 0.9564007421875 0.6018005546875 0.9397031546875001 0.5955678671875 0.9387755109375 0.594875346875 0.9554730984375001
3 0.586565096875 0.9582560296875 0.5921052625 0.9573283859374999 0.5921052625 0.9415584421875 0.586565096875 0.9406307984375 0.586565096875 0.9582560296875
3 0.578254846875 0.9564007421875 0.584487534375 0.9564007421875 0.5837950140625 0.9369202218750001 0.5775623265625 0.9369202218750001 0.578254846875 0.9564007421875
3 0.504155125 0.9499072359375 0.5110803328125 0.9499072359375 0.5103878109375 0.932282003125 0.5048476453124999 0.932282003125 0.504155125 0.9499072359375
3 0.49584487499999996 0.9508348796874999 0.5027700828125 0.9508348796874999 0.5020775625 0.932282003125 0.496537396875 0.931354359375 0.49584487499999996 0.9508348796874999
3 0.47853185624999994 0.9499072359375 0.4854570640625 0.9499072359375 0.4847645421875 0.929499071875 0.47853185624999994 0.929499071875 0.47853185624999994 0.9499072359375
3 0.45498615 0.9471243046875 0.460526315625 0.9471243046875 0.460526315625 0.9285714281249999 0.454293628125 0.9285714281249999 0.45498615 0.9471243046875
3 0.5062326875000001 0.8673469390624999 0.5 0.8664192953125 0.5 0.8858998140625 0.5062326875000001 0.8858998140625 0.5062326875000001 0.8673469390624999
3 0.5152354578125 0.8682745828125 0.5090027703125 0.8692022265625001 0.5090027703125 0.8886827453125001 0.515927978125 0.8877551015625 0.5152354578125 0.8682745828125
3 0.48268698125 0.8673469390624999 0.47783933593750005 0.8673469390624999 0.47714681406250004 0.8858998140625 0.48268698125 0.8858998140625 0.48268698125 0.8673469390624999
3 0.459141275 0.8673469390624999 0.4536011078125 0.8682745828125 0.45290858749999996 0.8868274578124999 0.459141275 0.8868274578124999 0.459141275 0.8673469390624999
3 0.33795013906250004 0.18645640000000002 0.34418282499999997 0.18738404375 0.344875346875 0.167903525 0.338642659375 0.16697588125 0.33795013906250004 0.18645640000000002
3 0.313019390625 0.1382189234375 0.3060941828125 0.1382189234375 0.3054016625 0.16141001875 0.3123268703125 0.16233766249999998 0.313019390625 0.1382189234375
3 0.51731301875 0.51576994375 0.5110803328125 0.51576994375 0.5103878109375 0.5343228203125 0.51731301875 0.5352504640625 0.51731301875 0.51576994375
3 0.47437673125 0.5129870125 0.46814404375 0.51391465625 0.46814404375 0.5352504640625 0.4750692515625 0.5352504640625 0.47437673125 0.5129870125
0 0.5699445984375 0.4591836734375 0.5637119109375 0.4582560296875 0.5623268703125001 0.4786641921875 0.569252078125 0.4795918375 0.5699445984375 0.4591836734375
3 0.7354570640625 0.7077922078125 0.742382271875 0.7077922078125 0.742382271875 0.68552875625 0.736149584375 0.6846011125 0.7354570640625 0.7077922078125
3 0.9148199453125001 0.81818181875 0.9148199453125001 0.8274582562499999 0.9272853187500001 0.8274582562499999 0.9272853187500001 0.8191094624999999 0.9148199453125001 0.81818181875
3 0.911357340625 0.8654916515625001 0.911357340625 0.8571428578125 0.8981994453125001 0.8562152140625001 0.8975069250000001 0.8645640078125 0.911357340625 0.8654916515625001
3 0.891966759375 0.8664192953125 0.8926592796874999 0.8571428578125 0.879501384375 0.8562152140625001 0.8788088640625 0.8645640078125 0.891966759375 0.8664192953125
3 0.6945983375 0.19294990781250002 0.6883656515625 0.19294990781250002 0.686980609375 0.2152133578125 0.6939058171875 0.2161410015625 0.6945983375 0.19294990781250002
3 0.695290859375 0.1716141 0.689058171875 0.17068645625 0.6883656515625 0.1910946203125 0.695290859375 0.1910946203125 0.695290859375 0.1716141
3 0.6703601109374999 0.2115027828125 0.6779778390625 0.2115027828125 0.6779778390625 0.19016697656249998 0.67105263125 0.19016697656249998 0.6703601109374999 0.2115027828125
3 0.6295013843749999 0.2115027828125 0.635734071875 0.2115027828125 0.635734071875 0.1892393328125 0.6301939062499999 0.1892393328125 0.6295013843749999 0.2115027828125
3 0.6198060937500001 0.1883116890625 0.6135734078125 0.1883116890625 0.612188365625 0.2105751390625 0.6198060937500001 0.2115027828125 0.6198060937500001 0.1883116890625
3 0.842797784375 0.430426715625 0.836565096875 0.430426715625 0.8358725765624999 0.4499072359375 0.842797784375 0.4499072359375 0.842797784375 0.430426715625
3 0.8282548468750001 0.4526901671875 0.821329640625 0.4526901671875 0.821329640625 0.47309832968750004 0.8282548468750001 0.47309832968750004 0.8282548468750001 0.4526901671875
3 0.7853185593750001 0.5278293140625 0.779085871875 0.5278293140625 0.7783933515625 0.5491651203125001 0.7846260390625 0.5491651203125001 0.7853185593750001 0.5278293140625
3 0.618421053125 0.67625231875 0.6114958453125 0.67625231875 0.610110803125 0.6975881265625 0.6177285312499999 0.6975881265625 0.618421053125 0.67625231875
3 0.531163434375 0.5473098328125 0.5249307484375 0.5463821890625 0.52354570625 0.568645640625 0.5304709140625 0.569573284375 0.531163434375 0.5473098328125
3 0.62811634375 0.67996289375 0.6350415515625001 0.67996289375 0.6350415515625001 0.6567718 0.62811634375 0.6567718 0.62811634375 0.67996289375
3 0.6371191140625 0.67625231875 0.6440443218749999 0.6753246749999999 0.6440443218749999 0.6549165125 0.6371191140625 0.6549165125 0.6371191140625 0.67625231875
3 0.6544321328125 0.6771799625 0.6606648203125001 0.6771799625 0.6606648203125001 0.6558441562499999 0.655124653125 0.6558441562499999 0.6544321328125 0.6771799625
3 0.6786703593750001 0.6289424859375 0.6862880890625 0.6289424859375 0.6876731296874999 0.602968459375 0.680747921875 0.602040815625 0.6786703593750001 0.6289424859375
3 0.6724376734375 0.581632653125 0.6648199453125 0.580705009375 0.663434903125 0.6048237484375 0.67105263125 0.6048237484375 0.6724376734375 0.581632653125
3 0.6461218843750001 0.6057513921875 0.6391966765625 0.6057513921875 0.637811634375 0.6261595546875001 0.6454293625 0.6270871984374999 0.6461218843750001 0.6057513921875
3 0.62188365625 0.598330240625 0.61565096875 0.598330240625 0.6149584484374999 0.6205936921874999 0.6211911359375 0.6205936921874999 0.62188365625 0.598330240625
3 0.6405817171875 0.5287569578125 0.6329639890625 0.5278293140625 0.6322714687500001 0.5519480515625 0.6405817171875 0.5528756953125 0.6405817171875 0.5287569578125
3 0.616343490625 0.5519480515625 0.6232686984375 0.5528756953125 0.62396121875 0.5278293140625 0.618421053125 0.5269016703125 0.616343490625 0.5519480515625
3 0.6073407203125 0.5519480515625 0.6135734078125 0.5519480515625 0.614265928125 0.5287569578125 0.608033240625 0.5287569578125 0.6073407203125 0.5519480515625
3 0.49792243750000004 0.5445269015624999 0.49307479218749994 0.5445269015624999 0.49168975000000004 0.5649350656250001 0.49792243750000004 0.5658627093749999 0.49792243750000004 0.5445269015624999
3 0.31648199374999997 0.1076066796875 0.32340720156249997 0.1076066796875 0.3240997234375 0.085343228125 0.317174515625 0.085343228125 0.31648199374999997 0.1076066796875
3 0.062326870312500005 0.234693878125 0.0616343484375 0.243042671875 0.07756232656249999 0.243970315625 0.07756232656249999 0.23562152187500002 0.062326870312500005 0.234693878125
3 0.8337950140625001 0.6307977734375 0.8282548468750001 0.6307977734375 0.8275623265625001 0.6512059375 0.83310249375 0.65027829375 0.8337950140625001 0.6307977734375
3 0.0644044328125 0.2217068640625 0.0644044328125 0.230983303125 0.07756232656249999 0.23191094687499997 0.07825484687499999 0.2226345078125 0.0644044328125 0.2217068640625
3 0.1495844875 0.2708719859375 0.1495844875 0.27922077968750003 0.1627423828125 0.2801484234375 0.1627423828125 0.2717996296875 0.1495844875 0.2708719859375
3 0.1523545703125 0.24489795937499997 0.15166205 0.252319109375 0.163434903125 0.253246753125 0.1641274234375 0.246753246875 0.1523545703125 0.24489795937499997
3 0.27354570625 0.08256029687500001 0.26731301875 0.08256029687500001 0.2666204984375 0.10296845937500002 0.27354570625 0.10296845937500002 0.27354570625 0.08256029687500001
3 0.24584487500000002 0.182745825 0.2527700828125 0.182745825 0.253462603125 0.16326530625 0.24792243749999998 0.16233766249999998 0.24584487500000002 0.182745825
3 0.23891966718750002 0.160482375 0.24584487500000002 0.160482375 0.2451523546875 0.1419294984375 0.23961218906249998 0.1419294984375 0.23891966718750002 0.160482375
3 0.22229916875 0.17810760625 0.22853185625 0.17903525 0.2292243765625 0.1586270875 0.2236842109375 0.15769944375 0.22229916875 0.17810760625
3 0.21329639843749998 0.1808905375 0.22022160624999998 0.1808905375 0.22022160624999998 0.160482375 0.2139889203125 0.15955473125 0.21329639843749998 0.1808905375
3 0.20567867031249998 0.17996289375000002 0.21121883593750002 0.17996289375000002 0.21121883593750002 0.160482375 0.206371190625 0.15955473125 0.20567867031249998 0.17996289375000002
3 0.1973684203125 0.1808905375 0.2029085875 0.1808905375 0.2029085875 0.160482375 0.1973684203125 0.160482375 0.1973684203125 0.1808905375
3 0.1945983375 0.15584415625 0.18905817187500001 0.15584415625 0.1883656515625 0.17532467499999999 0.1939058171875 0.17532467499999999 0.1945983375 0.15584415625
3 0.186980609375 0.1567718 0.18144044374999999 0.15584415625 0.180747921875 0.17903525 0.1862880890625 0.17996289375000002 0.186980609375 0.1567718
3 0.178670359375 0.1549165125 0.171745153125 0.1549165125 0.1724376734375 0.17810760625 0.17936288125 0.17810760625 0.178670359375 0.1549165125
3 0.1620498609375 0.1549165125 0.1565096953125 0.1549165125 0.155817175 0.17346938750000002 0.161357340625 0.17346938750000002 0.1620498609375 0.1549165125
3 0.15373961249999998 0.15398886875 0.1488919671875 0.15398886875 0.147506925 0.17254174375 0.15304709218749998 0.17346938750000002 0.15373961249999998 0.15398886875
3 0.1468144046875 0.1549165125 0.1405817171875 0.15398886875 0.139889196875 0.17254174375 0.146121884375 0.17346938750000002 0.1468144046875 0.1549165125
3 0.137811634375 0.15398886875 0.131578946875 0.15398886875 0.131578946875 0.1697588125 0.137811634375 0.1697588125 0.137811634375 0.15398886875
3 0.12811634375 0.15213358125 0.12188365625 0.15213358125 0.12188365625 0.17254174375 0.12811634375 0.17254174375 0.12811634375 0.15213358125
3 0.2236842109375 0.1567718 0.2292243765625 0.1567718 0.229916896875 0.14100185468749998 0.22437673125000002 0.1400742109375 0.2236842109375 0.1567718
3 0.155817175 0.15213358125 0.1620498609375 0.15213358125 0.1620498609375 0.1298701296875 0.155817175 0.1298701296875 0.155817175 0.15213358125
3 0.2153739609375 0.1567718 0.220914128125 0.15769944375 0.220914128125 0.1400742109375 0.2153739609375 0.13914656718750001 0.2153739609375 0.1567718
3 0.206371190625 0.1549165125 0.21191135781249998 0.15398886875 0.21191135781249998 0.1372912796875 0.206371190625 0.1372912796875 0.206371190625 0.1549165125
3 0.17313019375 0.153061225 0.17936288125 0.153061225 0.1800554015625 0.1326530609375 0.1738227140625 0.1326530609375 0.17313019375 0.153061225
3 0.165512465625 0.1512059375 0.17105263125 0.1512059375 0.171745153125 0.1354359921875 0.1662049859375 0.13450834843749998 0.165512465625 0.1512059375
3 0.1481994453125 0.15213358125 0.15443213281249998 0.153061225 0.15512465312499998 0.13450834843749998 0.1488919671875 0.13450834843749998 0.1481994453125 0.15213358125
3 0.131578946875 0.15213358125 0.137811634375 0.15213358125 0.137811634375 0.1335807046875 0.131578946875 0.13450834843749998 0.131578946875 0.15213358125
3 0.163434903125 0.2940630796875 0.163434903125 0.2847866421875 0.1481994453125 0.2838589984375 0.147506925 0.2940630796875 0.163434903125 0.2940630796875
3 0.1488919671875 0.3089053796875 0.1488919671875 0.31632653125 0.161357340625 0.31632653125 0.161357340625 0.3098330234375 0.1488919671875 0.3089053796875
3 0.147506925 0.32003710625 0.147506925 0.3283859 0.163434903125 0.3283859 0.163434903125 0.32003710625 0.147506925 0.32003710625
3 0.191135734375 0.6196660484375001 0.1904432140625 0.6113172546875 0.1765927984375 0.6103896109375 0.1765927984375 0.6187384046875 0.191135734375 0.6196660484375001
3 0.0644044328125 0.2077922078125 0.0637119109375 0.2170686453125 0.07894736875 0.2170686453125 0.07894736875 0.2077922078125 0.0644044328125 0.2077922078125
3 0.0644044328125 0.19666048281249998 0.0644044328125 0.20593692031250002 0.07825484687499999 0.20593692031250002 0.07825484687499999 0.19666048281249998 0.0644044328125 0.19666048281249998
3 0.0637119109375 0.1846011125 0.0637119109375 0.1938775515625 0.0796398890625 0.1938775515625 0.0796398890625 0.1846011125 0.0637119109375 0.1846011125
3 0.06648199375 0.17346938750000002 0.06648199375 0.18181818125 0.080332409375 0.18181818125 0.080332409375 0.17346938750000002 0.06648199375 0.17346938750000002
3 0.06648199375 0.160482375 0.06648199375 0.16883116874999998 0.0796398890625 0.16883116874999998 0.0796398890625 0.160482375 0.06648199375 0.160482375
3 0.0637119109375 0.1363636359375 0.0644044328125 0.14564007343750002 0.07825484687499999 0.1447124296875 0.07756232656249999 0.1354359921875 0.0637119109375 0.1363636359375
3 0.0657894734375 0.12430426718750001 0.0657894734375 0.1335807046875 0.0796398890625 0.1335807046875 0.0796398890625 0.12430426718750001 0.0657894734375 0.12430426718750001
3 0.1904432140625 0.6549165125 0.1904432140625 0.66326530625 0.204293628125 0.66419295 0.20498615 0.6558441562499999 0.1904432140625 0.6549165125
3 0.19944598281249998 0.5213358078125 0.19944598281249998 0.5306122453125 0.21121883593750002 0.5315398890624999 0.21191135781249998 0.5231910953125001 0.19944598281249998 0.5213358078125
3 0.1945983375 0.50742115 0.1945983375 0.49907235625 0.180747921875 0.4981447125 0.180747921875 0.50649350625 0.1945983375 0.50742115
3 0.193213296875 0.51948051875 0.193213296875 0.511131725 0.17936288125 0.51020408125 0.17936288125 0.51948051875 0.193213296875 0.51948051875
3 0.191135734375 0.586270871875 0.191135734375 0.576994434375 0.1759002765625 0.576066790625 0.1759002765625 0.585343228125 0.191135734375 0.586270871875
3 0.1488919671875 0.33116883124999996 0.1488919671875 0.33858998125 0.1627423828125 0.339517625 0.1627423828125 0.332096475 0.1488919671875 0.33116883124999996
3 0.1939058171875 0.5519480515625 0.1945983375 0.5435992578125 0.1800554015625 0.5426716140625001 0.17936288125 0.5519480515625 0.1939058171875 0.5519480515625
3 0.1945983375 0.5408163265625 0.195290859375 0.5324675328125 0.1800554015625 0.5306122453125 0.17936288125 0.5398886828125 0.1945983375 0.5408163265625
3 0.13434903125 0.64842300625 0.13434903125 0.65955473125 0.1481994453125 0.65955473125 0.1481994453125 0.6493506499999999 0.13434903125 0.64842300625
3 0.1350415515625 0.6289424859375 0.1350415515625 0.6372912796875 0.1488919671875 0.6372912796875 0.1488919671875 0.6298701296875 0.1350415515625 0.6289424859375
3 0.1350415515625 0.6076066796874999 0.1350415515625 0.6159554734375 0.15166205 0.6159554734375 0.15166205 0.6085343234375 0.1350415515625 0.6076066796874999
3 0.2513850421875 0.23840445312499997 0.2569252078125 0.23840445312499997 0.2569252078125 0.21892393281250003 0.2513850421875 0.21892393281250003 0.2513850421875 0.23840445312499997
3 0.2590027703125 0.23933209687499998 0.2645429359375 0.240259740625 0.2652354578125 0.21985157656249998 0.2603878109375 0.21985157656249998 0.2590027703125 0.23933209687499998
3 0.1855955671875 0.27922077968750003 0.184903046875 0.2884972171875 0.2029085875 0.2884972171875 0.2029085875 0.2801484234375 0.1855955671875 0.27922077968750003
3 0.184903046875 0.267161409375 0.184903046875 0.27643784843749997 0.2029085875 0.2773654921875 0.20221606718750001 0.26808905312500003 0.184903046875 0.267161409375
3 0.1426592796875 0.421150278125 0.141966759375 0.428571428125 0.155817175 0.430426715625 0.1565096953125 0.423005565625 0.1426592796875 0.421150278125
3 0.1481994453125 0.34230055625 0.1481994453125 0.35064934999999997 0.161357340625 0.35064934999999997 0.161357340625 0.3432282 0.1481994453125 0.34230055625
3 0.7929362875 0.8089053796875 0.7929362875 0.81818181875 0.8060941828124999 0.81818181875 0.8060941828124999 0.8098330234375 0.7929362875 0.8089053796875
3 0.779085871875 0.6771799625 0.7728531859375 0.6771799625 0.7721606640625 0.6994434140625 0.7783933515625 0.6994434140625 0.779085871875 0.6771799625
3 0.8199445984375 0.83487940625 0.819252078125 0.84601113125 0.8337950140625001 0.84601113125 0.8344875343749999 0.83580705 0.8199445984375 0.83487940625
3 0.8504155125 0.260667903125 0.8421052625 0.259740259375 0.8421052625 0.2810760671875 0.8490304703125 0.2810760671875 0.8504155125 0.260667903125
3 0.8614958453125 0.7050092765625 0.8670360109375 0.7059369203125 0.870498615625 0.6864564 0.8635734078124999 0.6864564 0.8614958453125 0.7050092765625
3 0.9085872578125 0.6567718 0.9155124656250001 0.6549165125 0.911357340625 0.6326530609375001 0.9058171749999999 0.6335807046874999 0.9085872578125 0.6567718
3 0.92105263125 0.6586270875 0.928670359375 0.65955473125 0.9300554015625 0.6382189234375 0.9217451531249999 0.6372912796875 0.92105263125 0.6586270875
3 0.8518005546874999 0.6512059375 0.860110803125 0.65213358125 0.8614958453125 0.6298701296875 0.8531855953124999 0.6307977734375 0.8518005546874999 0.6512059375
3 0.8746537390625001 0.653061225 0.8815789468749999 0.65213358125 0.88227146875 0.6261595546875001 0.8753462609374999 0.6270871984374999 0.8746537390625001 0.653061225
3 0.9494459828125 0.5417439703125 0.9494459828125 0.5538033390625 0.96814404375 0.5510204078125 0.968836565625 0.5408163265625 0.9494459828125 0.5417439703125
3 0.9480609421875 0.5315398890624999 0.9480609421875 0.5389610390625 0.9667590031250001 0.5352504640625 0.96606648125 0.5278293140625 0.9480609421875 0.5315398890624999
3 0.9487534625 0.50092764375 0.9494459828125 0.5092764375 0.9653739609375 0.51205936875 0.9653739609375 0.50278293125 0.9487534625 0.50092764375
3 0.9480609421875 0.44248608593750005 0.9480609421875 0.4517625234375 0.9646814406249999 0.45083487968749997 0.9646814406249999 0.4443413734375 0.9480609421875 0.44248608593750005
3 0.911357340625 0.425788496875 0.911357340625 0.43320964687499997 0.9259002765625001 0.435064934375 0.9265927984375001 0.427643784375 0.911357340625 0.425788496875
3 0.9508310249999999 0.2226345078125 0.9501385046875 0.230983303125 0.9674515234375001 0.23191094687499997 0.96814404375 0.2235621515625 0.9508310249999999 0.2226345078125
3 0.6855955671875 0.19016697656249998 0.680747921875 0.1910946203125 0.67936288125 0.2142857140625 0.6849030468749999 0.2152133578125 0.6855955671875 0.19016697656249998
3 0.6876731296874999 0.16883116874999998 0.682825484375 0.16883116874999998 0.6821329640625 0.18738404375 0.6862880890625 0.1892393328125 0.6876731296874999 0.16883116874999998
3 0.6745152359375 0.1103896109375 0.6682825484375 0.1103896109375 0.66689750625 0.13079777343750001 0.6724376734375 0.1317254171875 0.6745152359375 0.1103896109375
3 0.1481994453125 0.256957328125 0.1495844875 0.263450834375 0.1648199453125 0.265306121875 0.1648199453125 0.258812615625 0.1481994453125 0.256957328125
3 0.184903046875 0.256957328125 0.1842105265625 0.264378478125 0.204293628125 0.264378478125 0.204293628125 0.257884971875 0.184903046875 0.256957328125
3 0.1855955671875 0.243970315625 0.186980609375 0.250463821875 0.204293628125 0.251391465625 0.20360110781250002 0.24211502812500002 0.1855955671875 0.243970315625
3 0.1876731296875 0.33580705 0.1876731296875 0.34044526875000003 0.200831025 0.3413729125 0.200831025 0.33487940625 0.1876731296875 0.33580705
3 0.1855955671875 0.3450834875 0.184903046875 0.3525046375 0.19944598281249998 0.35528757031249997 0.19944598281249998 0.34693877500000003 0.1855955671875 0.3450834875
3 0.063019390625 0.14564007343750002 0.0644044328125 0.15584415625 0.0796398890625 0.1549165125 0.0796398890625 0.1447124296875 0.063019390625 0.14564007343750002
3 0.2486149578125 0.15769944375 0.254155125 0.15955473125 0.25484764531250004 0.13914656718750001 0.24930747968750003 0.13914656718750001 0.2486149578125 0.15769944375
3 0.32963988906249997 0.16512059375000002 0.33795013906250004 0.16512059375000002 0.340720221875 0.1400742109375 0.33102493125 0.1400742109375 0.32963988906249997 0.16512059375000002
3 0.1973684203125 0.15213358125 0.204293628125 0.1512059375 0.204293628125 0.1335807046875 0.1966759 0.13450834843749998 0.1973684203125 0.15213358125
3 0.18905817187500001 0.1512059375 0.1959833796875 0.15213358125 0.1973684203125 0.1317254171875 0.1918282546875 0.1335807046875 0.18905817187500001 0.1512059375
3 0.180747921875 0.153061225 0.1876731296875 0.15398886875 0.1883656515625 0.1326530609375 0.18282548437499999 0.1335807046875 0.180747921875 0.153061225
3 0.7749307484375 0.6141001859374999 0.783240996875 0.6141001859374999 0.7846260390625 0.5909090906250001 0.77562326875 0.5909090906250001 0.7749307484375 0.6141001859374999
3 0.54501385 0.4564007421875 0.5380886421875 0.45732838593749997 0.5380886421875 0.4777365484375 0.5443213296875 0.4768089046875 0.54501385 0.4564007421875
3 0.1426592796875 0.38589981406249996 0.1426592796875 0.3951762515625 0.1578947375 0.396103896875 0.159279778125 0.3868274578125 0.1426592796875 0.38589981406249996
3 0.169667590625 0.653061225 0.17105263125 0.6623376624999999 0.1876731296875 0.66326530625 0.186980609375 0.6539888687500001 0.169667590625 0.653061225
3 0.47714681406250004 0.6892393328125 0.47022160625 0.6901669765625 0.47022160625 0.7170686453124999 0.47645429375 0.7152133578125001 0.47714681406250004 0.6892393328125
3 0.46814404375 0.6864564 0.4619113578125 0.6873840437500001 0.460526315625 0.7124304265625 0.46675900312499996 0.7133580703125 0.46814404375 0.6864564
3 0.6108033234375 0.8756957328125001 0.6052631578125001 0.8738404453124999 0.6018005546875 0.8961038968749999 0.6087257625 0.8951762515624999 0.6108033234375 0.8756957328125001
3 0.5360110796875001 0.929499071875 0.5283933515625 0.9304267156250001 0.5270083109375 0.9545454546875 0.5346260390625 0.9526901671875001 0.5360110796875001 0.929499071875
3 0.5616343484375 0.9350649343749999 0.5526315796875 0.932282003125 0.5526315796875 0.9545454546875 0.5595567859374999 0.9545454546875 0.5616343484375 0.9350649343749999
3 0.494459834375 0.9285714281249999 0.48684210468750005 0.929499071875 0.48753462656249996 0.9508348796874999 0.4937673125 0.9526901671875001 0.494459834375 0.9285714281249999
3 0.49792243750000004 0.8664192953125 0.49238227187500005 0.8664192953125 0.49238227187500005 0.8896103890625 0.49792243750000004 0.8877551015625 0.49792243750000004 0.8664192953125
3 0.49168975000000004 0.8682745828125 0.4854570640625 0.8682745828125 0.486149584375 0.8886827453125001 0.4909972296875 0.8886827453125001 0.49168975000000004 0.8682745828125
3 0.4736842109375 0.8664192953125 0.4653739609375 0.8664192953125 0.464681440625 0.8896103890625 0.47022160625 0.8923933203125 0.4736842109375 0.8664192953125
3 0.1011080328125 0.7857142859375 0.1004155125 0.7940630796875 0.11772853125 0.7940630796875 0.116343490625 0.7866419296875 0.1011080328125 0.7857142859375
3 0.4099722984375 0.8098330234375 0.409279778125 0.81818181875 0.42797783906250003 0.81632653125 0.42728531875 0.8089053796875 0.4099722984375 0.8098330234375
3 0.1939058171875 0.6428571421875 0.1939058171875 0.6512059375 0.20844875312500002 0.6512059375 0.209141275 0.6428571421875 0.1939058171875 0.6428571421875
3 0.18351800625 0.410946196875 0.1842105265625 0.41836734687500005 0.1987534625 0.421150278125 0.2001385046875 0.41187384062500004 0.18351800625 0.410946196875
3 0.193213296875 0.6215213359375 0.193213296875 0.6307977734375 0.209141275 0.6298701296875 0.2077562328125 0.6224489796875 0.193213296875 0.6215213359375
3 0.1939058171875 0.6094619671875 0.1939058171875 0.6196660484375001 0.209141275 0.6215213359375 0.210526315625 0.6122448984375 0.1939058171875 0.6094619671875
3 0.1945983375 0.5992578843749999 0.1939058171875 0.6085343234375 0.209141275 0.6113172546875 0.20983379531250002 0.601113171875 0.1945983375 0.5992578843749999
3 0.195290859375 0.586270871875 0.1945983375 0.598330240625 0.210526315625 0.598330240625 0.21121883593750002 0.589053803125 0.195290859375 0.586270871875
3 0.1966759 0.564007421875 0.1966759 0.573283859375 0.209141275 0.574211503125 0.21121883593750002 0.5658627093749999 0.1966759 0.564007421875
3 0.1959833796875 0.5538033390625 0.1959833796875 0.5612244890625 0.21191135781249998 0.564007421875 0.21191135781249998 0.5547309828125 0.1959833796875 0.5538033390625
3 0.238227146875 0.5204081625 0.23753462656250002 0.5278293140625 0.253462603125 0.5315398890624999 0.25484764531250004 0.5231910953125001 0.238227146875 0.5204081625
3 0.1973684203125 0.5306122453125 0.1966759 0.5398886828125 0.21121883593750002 0.5445269015624999 0.212603878125 0.5333951765625 0.1973684203125 0.5306122453125
3 0.1855955671875 0.3682745828125 0.1862880890625 0.3766233765625 0.1980609421875 0.3775510203125 0.19944598281249998 0.3682745828125 0.1855955671875 0.3682745828125
3 0.141966759375 0.39981447187499997 0.1426592796875 0.408163265625 0.1599722984375 0.410018553125 0.1599722984375 0.402597403125 0.141966759375 0.39981447187499997
3 0.1433518 0.410946196875 0.1433518 0.41836734687500005 0.1565096953125 0.42022263437499996 0.1585872578125 0.41280148437499997 0.1433518 0.410946196875
3 0.8414127421875 0.45361781093750003 0.83102493125 0.45547309843750006 0.8344875343749999 0.48051948125 0.8414127421875 0.4795918375 0.8414127421875 0.45361781093750003
3 0.2998614953125 0.7987012984375 0.30055401718749997 0.8098330234375 0.3137119109375 0.8089053796875 0.313019390625 0.7996289421875 0.2998614953125 0.7987012984375
3 0.779085871875 0.5213358078125 0.7853185593750001 0.5222634515625 0.7867036015625 0.50278293125 0.7804709140625 0.50278293125 0.779085871875 0.5213358078125
3 0.18905817187500001 0.6317254171875 0.1904432140625 0.6215213359375 0.178670359375 0.6205936921874999 0.17936288125 0.6289424859375 0.18905817187500001 0.6317254171875
3 0.8296398890625 0.7346938781250001 0.8240997234374999 0.7346938781250001 0.8227146812499999 0.752319109375 0.82894736875 0.753246753125 0.8296398890625 0.7346938781250001
3 0.9335180062499999 0.8608534328124999 0.9335180062499999 0.8682745828125 0.9480609421875 0.8701298703125 0.9487534625 0.8617810765625 0.9335180062499999 0.8608534328124999
3 0.8857340718750001 0.751391465625 0.8857340718750001 0.759740259375 0.8995844875 0.760667903125 0.8995844875 0.752319109375 0.8857340718750001 0.751391465625
3 0.9480609421875 0.5575139140625 0.9480609421875 0.566790353125 0.9646814406249999 0.567717996875 0.9646814406249999 0.5584415578125 0.9480609421875 0.5575139140625
3 0.9383656515625001 0.3896103890625 0.9383656515625001 0.3803339515625 0.9238227140624999 0.3794063078125 0.9238227140624999 0.3886827453125 0.9383656515625001 0.3896103890625
3 0.9556786703125001 0.3905380328125 0.9556786703125001 0.3821892390625 0.9418282546875 0.3812615953125 0.9418282546875 0.3896103890625 0.9556786703125001 0.3905380328125
3 0.6468144046875001 0.2096474953125 0.6523545703125 0.2105751390625 0.6523545703125 0.1920222640625 0.647506925 0.1910946203125 0.6468144046875001 0.2096474953125
3 0.7229916890625 0.11781076093750001 0.716759003125 0.1168831171875 0.71606648125 0.1354359921875 0.72229916875 0.1354359921875 0.7229916890625 0.11781076093750001
3 0.7112188359375 0.68367346875 0.7174515234375 0.68367346875 0.7174515234375 0.66326530625 0.7119113578125 0.66326530625 0.7112188359375 0.68367346875
3 0.6094182828125 0.67903525 0.6031855953124999 0.67810760625 0.6018005546875 0.6985157703125 0.608033240625 0.6994434140625 0.6094182828125 0.67903525
3 0.6094182828125 0.65213358125 0.6038781156249999 0.65213358125 0.602493075 0.67625231875 0.6087257625 0.6771799625 0.6094182828125 0.65213358125
3 0.612188365625 0.6734693875 0.6170360109375 0.6743970312500001 0.6170360109375 0.6586270875 0.612188365625 0.6586270875 0.612188365625 0.6734693875
3 0.6204986156250001 0.67625231875 0.62603878125 0.67625231875 0.62603878125 0.65955473125 0.6211911359375 0.65955473125 0.6204986156250001 0.67625231875
3 0.738227146875 0.6345083484375 0.7451523546875001 0.6354359921875 0.745844875 0.6103896109375 0.7389196671875 0.6103896109375 0.738227146875 0.6345083484375
3 0.6959833796875 0.6818181812499999 0.7022160671875 0.6818181812499999 0.7022160671875 0.6604823750000001 0.6959833796875 0.6604823750000001 0.6959833796875 0.6818181812499999
3 0.7562326875000001 0.7653061218749999 0.7631578953125 0.7653061218749999 0.7631578953125 0.744897959375 0.7562326875000001 0.743970315625 0.7562326875000001 0.7653061218749999
3 0.7396121890625 0.761595546875 0.746537396875 0.761595546875 0.746537396875 0.743042671875 0.7403047093749999 0.743042671875 0.7396121890625 0.761595546875
3 0.6371191140625 0.2096474953125 0.6433518 0.2096474953125 0.6433518 0.1910946203125 0.6371191140625 0.1910946203125 0.6371191140625 0.2096474953125
3 0.6468144046875001 0.18552875625 0.6530470921875 0.18645640000000002 0.6530470921875 0.167903525 0.647506925 0.167903525 0.6468144046875001 0.18552875625
3 0.661357340625 0.1660482375 0.655124653125 0.1660482375 0.655124653125 0.18645640000000002 0.661357340625 0.18645640000000002 0.661357340625 0.1660482375
3 0.6232686984375 0.1122448984375 0.6170360109375 0.1122448984375 0.61565096875 0.1280148421875 0.6225761765625 0.1289424859375 0.6232686984375 0.1122448984375
3 0.6904432140625001 0.1122448984375 0.6842105265625 0.1113172546875 0.682825484375 0.13079777343750001 0.6897506921875001 0.1317254171875 0.6904432140625001 0.1122448984375
3 0.6980609421875 0.11317254218749999 0.692520775 0.1122448984375 0.691135734375 0.1326530609375 0.6973684203125 0.1326530609375 0.6980609421875 0.11317254218749999
3 0.706371190625 0.1150278296875 0.700831025 0.1150278296875 0.7001385046874999 0.1326530609375 0.706371190625 0.1326530609375 0.706371190625 0.1150278296875
3 0.7804709140625 0.49628942499999995 0.7867036015625 0.49721706875000005 0.7880886421875 0.4768089046875 0.7825484765625 0.4758812609375 0.7804709140625 0.49628942499999995
0 0.9155124656250001 0.6113172546875 0.9162049859374999 0.602040815625 0.8968144046875001 0.601113171875 0.8968144046875001 0.6103896109375 0.9155124656250001 0.6113172546875
0 0.8642659281249999 0.65027829375 0.870498615625 0.6512059375 0.870498615625 0.6326530609375001 0.8642659281249999 0.6326530609375001 0.8642659281249999 0.65027829375
0 0.8421052625 0.8107606671875001 0.8414127421875 0.82003710625 0.8587257625 0.82189239375 0.8587257625 0.8116883109374999 0.8421052625 0.8107606671875001
0 0.159279778125 0.3840445265625 0.1585872578125 0.3766233765625 0.1426592796875 0.3775510203125 0.1433518 0.38497217031250003 0.159279778125 0.3840445265625
3 0.1883656515625 0.6419294984375 0.1904432140625 0.6326530609375001 0.1765927984375 0.6307977734375 0.17520775625 0.6400742109374999 0.1883656515625 0.6419294984375
3 0.1523545703125 0.5538033390625 0.1523545703125 0.5445269015624999 0.1405817171875 0.5445269015624999 0.1405817171875 0.5538033390625 0.1523545703125 0.5538033390625
3 0.15304709218749998 0.5417439703125 0.15166205 0.5343228203125 0.1391966765625 0.5324675328125 0.1405817171875 0.5417439703125 0.15304709218749998 0.5417439703125
3 0.2472299171875 0.6141001859374999 0.24653739687499998 0.6057513921875 0.23476454218749998 0.6038961031250001 0.23614958437500003 0.6141001859374999 0.2472299171875 0.6141001859374999
3 0.2015235453125 0.33302411875 0.20221606718750001 0.32560296875 0.186980609375 0.32374768125000003 0.186980609375 0.33302411875 0.2015235453125 0.33302411875
3 0.200831025 0.3228200375 0.200831025 0.3135436 0.186980609375 0.31447124375 0.1876731296875 0.3228200375 0.200831025 0.3228200375
3 0.2001385046875 0.31261595625 0.2001385046875 0.3024118734375 0.1876731296875 0.3033395171875 0.18905817187500001 0.31261595625 0.2001385046875 0.31261595625
3 0.2001385046875 0.29870129843750004 0.19944598281249998 0.2903525046875 0.1883656515625 0.2894248609375 0.1876731296875 0.29870129843750004 0.2001385046875 0.29870129843750004
3 0.3026315796875 0.16697588125 0.2963988921875 0.1660482375 0.29709141250000004 0.182745825 0.3012465375 0.182745825 0.3026315796875 0.16697588125
3 0.3240997234375 0.2226345078125 0.3157894734375 0.2217068640625 0.31509695312499997 0.243970315625 0.32202216093749997 0.243042671875 0.3240997234375 0.2226345078125
3 0.4993074796875 0.09925788437500001 0.49168975000000004 0.098330240625 0.490304709375 0.11781076093750001 0.496537396875 0.11873840468750001 0.4993074796875 0.09925788437500001
0 0.1447368421875 0.3654916515625 0.1447368421875 0.3729128015625 0.1599722984375 0.3719851578125 0.159279778125 0.3654916515625 0.1447368421875 0.3654916515625
0 0.7749307484375 0.8450834875 0.7742382265625001 0.83580705 0.75831025 0.83580705 0.75831025 0.84415584375 0.7749307484375 0.8450834875
0 0.1959833796875 0.410946196875 0.1966759 0.402597403125 0.18351800625 0.40074211562500006 0.18282548437499999 0.409090909375 0.1959833796875 0.410946196875
0 0.18351800625 0.3803339515625 0.18351800625 0.3886827453125 0.1973684203125 0.3905380328125 0.1973684203125 0.3821892390625 0.18351800625 0.3803339515625
0 0.1980609421875 0.3664192953125 0.1980609421875 0.3571428578125 0.180747921875 0.3571428578125 0.180747921875 0.3664192953125 0.1980609421875 0.3664192953125
0 0.2624653734375 0.766233765625 0.261772853125 0.7755102046875 0.2804709140625 0.7773654921875 0.2804709140625 0.768089053125 0.2624653734375 0.766233765625
0 0.253462603125 0.5166975875 0.253462603125 0.50742115 0.2354570640625 0.50649350625 0.2354570640625 0.51576994375 0.253462603125 0.5166975875
0 0.52770083125 0.4564007421875 0.5214681437500001 0.4564007421875 0.520083103125 0.4768089046875 0.52770083125 0.4768089046875 0.52770083125 0.4564007421875
0 0.7313019390625 0.1168831171875 0.7257617734374999 0.1168831171875 0.72437673125 0.1400742109375 0.7306094187500001 0.14100185468749998 0.7313019390625 0.1168831171875
0 0.734072021875 0.40074211562500006 0.7409972296875 0.401669759375 0.74168975 0.3812615953125 0.7347645421875 0.3812615953125 0.734072021875 0.40074211562500006
0 0.7112188359375 0.34972170625 0.7029085875 0.34972170625 0.7022160671875 0.3766233765625 0.710526315625 0.3775510203125 0.7112188359375 0.34972170625
0 0.7527700828125 0.40723562187500006 0.7590027703125 0.40723562187500006 0.7596952906250001 0.3840445265625 0.7527700828125 0.3840445265625 0.7527700828125 0.40723562187500006
0 0.72437673125 0.8413729125 0.72437673125 0.8302411875000001 0.6980609421875 0.82931354375 0.6987534625 0.8404452687499999 0.72437673125 0.8413729125
3 0.12188365625 0.14935065 0.1288088640625 0.14935065 0.1288088640625 0.1298701296875 0.1225761765625 0.1298701296875 0.12188365625 0.14935065