4 0.92425531875 0.7393103453125 0.9214184390625 0.7393103453125 0.9214184390625 0.7448275859375 0.92425531875 0.7448275859375 0.92425531875 0.7393103453125
4 0.31886524843749997 0.466206896875 0.31574468125 0.466206896875 0.31574468125 0.47172413750000003 0.31886524843749997 0.47172413750000003 0.31886524843749997 0.466206896875
4 0.309503546875 0.45793103437499993 0.30751773125000004 0.45793103437499993 0.30751773125000004 0.462068965625 0.309503546875 0.462068965625 0.309503546875 0.45793103437499993
4 0.3089361703125 0.4533333328125 0.3066666671875 0.4533333328125 0.3066666671875 0.45793103437499993 0.3089361703125 0.45793103437499993 0.3089361703125 0.4533333328125
4 0.31574468125 0.468505746875 0.3126241140625 0.468505746875 0.3126241140625 0.47356321875 0.31574468125 0.47356321875 0.31574468125 0.468505746875
4 0.314326240625 0.464367815625 0.31205673749999996 0.464367815625 0.31205673749999996 0.46804597656249997 0.314326240625 0.46804597656249997 0.314326240625 0.464367815625
4 0.313758865625 0.45977011562500003 0.3109219859375 0.45977011562500003 0.3109219859375 0.46390804531249996 0.313758865625 0.46390804531249996 0.313758865625 0.45977011562500003
4 0.31234042500000003 0.455632184375 0.310070921875 0.455632184375 0.310070921875 0.4593103453125 0.31234042500000003 0.4593103453125 0.31234042500000003 0.455632184375
4 0.31177305 0.4501149421875 0.3092198578125 0.4501149421875 0.3092198578125 0.45471264375000003 0.31177305 0.45471264375000003 0.31177305 0.4501149421875
4 0.3174468078125 0.461149425 0.3146099296875 0.461149425 0.3146099296875 0.466206896875 0.3174468078125 0.466206896875 0.3174468078125 0.461149425
4 0.3114893609375 0.466206896875 0.3092198578125 0.466206896875 0.3092198578125 0.46988505781249995 0.3114893609375 0.46988505781249995 0.3114893609375 0.466206896875
4 0.31631205625000003 0.4551724140625 0.3134751765625 0.4551724140625 0.3134751765625 0.460229884375 0.31631205625000003 0.460229884375 0.31631205625000003 0.4551724140625
4 0.31574468125 0.4491954015625 0.31290780156250003 0.4491954015625 0.31290780156250003 0.45379310312500004 0.31574468125 0.45379310312500004 0.31574468125 0.4491954015625
4 0.3673758859375 0.6248275859375 0.3634042546875 0.6248275859375 0.3634042546875 0.6312643671875 0.3673758859375 0.6312643671875 0.3673758859375 0.6248275859375
4 0.366241134375 0.6165517234375 0.361985815625 0.6165517234375 0.361985815625 0.6234482765625 0.366241134375 0.6234482765625 0.366241134375 0.6165517234375
4 0.36425531875 0.59770115 0.361985815625 0.59770115 0.361985815625 0.6013793109375001 0.36425531875 0.6013793109375001 0.36425531875 0.59770115
4 0.36113475156249997 0.5995402296875 0.3585815609375 0.5995402296875 0.3585815609375 0.60413793125 0.36113475156249997 0.60413793125 0.36113475156249997 0.5995402296875
4 0.3634042546875 0.5912643671875 0.3608510640625 0.5912643671875 0.3608510640625 0.59586206875 0.3634042546875 0.59586206875 0.3634042546875 0.5912643671875
4 0.3106382984375 0.4625287359375 0.3086524828125 0.4625287359375 0.3086524828125 0.466206896875 0.3106382984375 0.466206896875 0.3106382984375 0.4625287359375
4 0.3126241140625 0.46988505781249995 0.309787234375 0.46988505781249995 0.309787234375 0.474482759375 0.3126241140625 0.474482759375 0.3126241140625 0.46988505781249995
4 0.358297871875 0.5866666671874999 0.35574468124999997 0.5866666671874999 0.35574468124999997 0.5912643671875 0.358297871875 0.5912643671875 0.358297871875 0.5866666671874999
4 0.4768794328125 0.49793103437499997 0.47177305 0.49793103437499997 0.47177305 0.5066666671875 0.4768794328125 0.5066666671875 0.4768794328125 0.49793103437499997
4 0.478297871875 0.5071264375 0.4731914890625 0.5071264375 0.4731914890625 0.5154022984375 0.478297871875 0.5154022984375 0.478297871875 0.5071264375
4 0.4731914890625 0.5089655171875 0.46836879375 0.5089655171875 0.46836879375 0.516781609375 0.4731914890625 0.516781609375 0.4731914890625 0.5089655171875
4 0.46836879375 0.5112643671875 0.46382978750000003 0.5112643671875 0.46382978750000003 0.5195402296875 0.46836879375 0.5195402296875 0.46836879375 0.5112643671875
4 0.49617021250000004 0.4891954015625 0.49106382968749995 0.4891954015625 0.49106382968749995 0.49747126406250003 0.49617021250000004 0.49747126406250003 0.49617021250000004 0.4891954015625
4 0.4907801421875 0.49149425312500006 0.4865248234375 0.49149425312500006 0.4865248234375 0.4993103453125 0.4907801421875 0.4993103453125 0.4907801421875 0.49149425312500006
4 0.485957446875 0.4942528734375 0.4814184390625 0.4942528734375 0.4814184390625 0.5025287359374999 0.485957446875 0.5025287359374999 0.485957446875 0.4942528734375
4 0.4811347515625 0.4965517234375 0.4768794328125 0.4965517234375 0.4768794328125 0.5039080453125 0.4811347515625 0.5039080453125 0.4811347515625 0.4965517234375
4 0.47177305 0.501149425 0.4669503546875 0.501149425 0.4669503546875 0.5089655171875 0.47177305 0.5089655171875 0.47177305 0.501149425
4 0.2868085109375 0.4372413796875 0.28397163124999997 0.4372413796875 0.28397163124999997 0.4418390796875 0.2868085109375 0.4418390796875 0.2868085109375 0.4372413796875
4 0.4669503546875 0.5039080453125 0.462411346875 0.5039080453125 0.462411346875 0.5108045984375 0.4669503546875 0.5108045984375 0.4669503546875 0.5039080453125
4 0.46156028437499996 0.5057471265625 0.45702127656249997 0.5057471265625 0.45702127656249997 0.51356321875 0.46156028437499996 0.51356321875 0.46156028437499996 0.5057471265625
4 0.5038297875 0.3494252875 0.5012765953125 0.3494252875 0.5012765953125 0.35356321875 0.5038297875 0.35356321875 0.5038297875 0.3494252875
4 0.5007092203125 0.3508045984375 0.4987234046875 0.3508045984375 0.4987234046875 0.354942528125 0.5007092203125 0.354942528125 0.5007092203125 0.3508045984375
4 0.497872340625 0.352643678125 0.4956028375 0.352643678125 0.4956028375 0.3563218390625 0.497872340625 0.3563218390625 0.497872340625 0.352643678125
4 0.5137588656250001 0.36 0.509787234375 0.36 0.509787234375 0.36643678125 0.5137588656250001 0.36643678125 0.5137588656250001 0.36
4 0.501560284375 0.36505747187500004 0.498439715625 0.36505747187500004 0.498439715625 0.37057471249999996 0.501560284375 0.37057471249999996 0.501560284375 0.36505747187500004
4 0.3602836875 0.5935632187500001 0.357730496875 0.5935632187500001 0.357730496875 0.5981609203125 0.3602836875 0.5981609203125 0.3602836875 0.5935632187500001
4 0.40198581562499996 0.565057471875 0.39460992968749997 0.565057471875 0.39460992968749997 0.5774712640625 0.40198581562499996 0.5774712640625 0.40198581562499996 0.565057471875
4 0.9208510640625001 0.7411494249999999 0.918297871875 0.7411494249999999 0.918297871875 0.7457471265625 0.9208510640625001 0.7457471265625 0.9208510640625001 0.7411494249999999
0 0.6700709218750001 0.4901149421875 0.66836879375 0.4910344828125 0.6712056734375 0.5034482765625 0.6726241140625 0.50298850625 0.6700709218750001 0.4901149421875
4 0.24794326249999998 0.5531034484374999 0.24368794375 0.5531034484374999 0.24368794375 0.5604597703125 0.24794326249999998 0.5604597703125 0.24794326249999998 0.5531034484374999
4 0.2428368796875 0.5554022984375 0.238297871875 0.5554022984375 0.238297871875 0.563218390625 0.2428368796875 0.563218390625 0.2428368796875 0.5554022984375
4 0.2465248234375 0.5439080453125 0.24198581562500002 0.5439080453125 0.24198581562500002 0.5521839078124999 0.2465248234375 0.5521839078124999 0.2465248234375 0.5439080453125
4 0.2414184390625 0.546206896875 0.23687943281249998 0.546206896875 0.23687943281249998 0.5540229890624999 0.2414184390625 0.5540229890624999 0.2414184390625 0.546206896875
0 0.0209929078125 0.5154022984375 0.021843971875 0.512643678125 0.0156028375 0.5066666671875 0.0150354609375 0.5089655171875 0.0209929078125 0.5154022984375
0 0.101560284375 0.5521839078124999 0.102411346875 0.554482759375 0.1089361703125 0.5466666671875 0.10808510625000001 0.544367815625 0.101560284375 0.5521839078124999
0 0.4465248234375 0.6795402296875 0.4448226953125 0.6809195406249999 0.4470921984375 0.6891954015625 0.44879432656249996 0.6878160921875 0.4465248234375 0.6795402296875
0 0.5903546093750001 0.5531034484374999 0.5920567375 0.552643678125 0.5892198578125 0.5393103453125 0.58780141875 0.540229884375 0.5903546093750001 0.5531034484374999
4 0.249929078125 0.5618390796875 0.24539007031249999 0.5618390796875 0.24539007031249999 0.5691954015625 0.249929078125 0.5691954015625 0.249929078125 0.5618390796875
0 0.441985815625 0.472643678125 0.4425531921875 0.474942528125 0.44595744687499994 0.47310344843749996 0.4453900703125 0.47080459843750005 0.441985815625 0.472643678125
0 0.46156028437499996 0.59770115 0.4609929078125 0.5954022984375 0.45702127656249997 0.6 0.45843971562499997 0.60229885 0.46156028437499996 0.59770115
0 0.45985815625 0.58758620625 0.4590070921875 0.5857471265624999 0.4556028375 0.5912643671875 0.45645389999999997 0.5931034484375 0.45985815625 0.58758620625
0 0.466099290625 0.6248275859375 0.46751773124999996 0.6234482765625 0.465531915625 0.6174712640625 0.46439716249999996 0.618850575 0.466099290625 0.6248275859375
0 0.4635461 0.6142528734375 0.46184397187500004 0.6151724140625 0.4635461 0.62298850625 0.46468085156249994 0.6225287359375 0.4635461 0.6142528734375
0 0.4547517734375 0.6308045984375 0.45645389999999997 0.6298850578125 0.45390070937500004 0.6174712640625 0.45219858124999995 0.6183908046875 0.4547517734375 0.6308045984375
0 0.8592907796875 0.31080459843749997 0.8607092203125 0.3098850578125 0.8587234046875001 0.300229884375 0.8573049640624999 0.301149425 0.8592907796875 0.31080459843749997
4 0.24482269531249998 0.5645977015625 0.2402836875 0.5645977015625 0.2402836875 0.5719540234375 0.24482269531249998 0.5719540234375 0.24482269531249998 0.5645977015625
4 0.25163120625 0.5416091953125 0.2470921984375 0.5416091953125 0.2470921984375 0.548505746875 0.25163120625 0.548505746875 0.25163120625 0.5416091953125
4 0.3929078015625 0.569655171875 0.3852482265625 0.569655171875 0.3852482265625 0.582068965625 0.3929078015625 0.582068965625 0.3929078015625 0.569655171875
4 0.265531915625 0.54528735625 0.2607092203125 0.54528735625 0.2607092203125 0.5531034484374999 0.265531915625 0.5531034484374999 0.265531915625 0.54528735625
4 0.39943262343749997 0.5498850578125001 0.39177304999999996 0.5498850578125001 0.39177304999999996 0.5627586203125 0.39943262343749997 0.5627586203125 0.39943262343749997 0.5498850578125001
4 0.390070921875 0.554942528125 0.3826950359375 0.554942528125 0.3826950359375 0.5668965515625 0.390070921875 0.5668965515625 0.390070921875 0.554942528125
4 0.3761702125 0.581149425 0.3687943265625 0.581149425 0.3687943265625 0.5935632187500001 0.3761702125 0.5935632187500001 0.3761702125 0.581149425
4 0.373617021875 0.5659770109375 0.365957446875 0.5659770109375 0.365957446875 0.5788505749999999 0.373617021875 0.5788505749999999 0.373617021875 0.5659770109375
4 0.36397163125 0.5710344828125 0.3565957453125 0.5710344828125 0.3565957453125 0.5834482765625 0.36397163125 0.5834482765625 0.36397163125 0.5710344828125
4 0.2669503546875 0.554482759375 0.262411346875 0.554482759375 0.262411346875 0.5618390796875 0.2669503546875 0.5618390796875 0.2669503546875 0.554482759375
4 0.26184397187499997 0.5563218390625 0.2573049640625 0.5563218390625 0.2573049640625 0.56413793125 0.26184397187499997 0.56413793125 0.26184397187499997 0.5563218390625
4 0.26014184375 0.5471264375 0.2556028375 0.5471264375 0.2556028375 0.5554022984375 0.26014184375 0.5554022984375 0.26014184375 0.5471264375
4 0.2527659578125 0.550344828125 0.24851063906249998 0.550344828125 0.24851063906249998 0.55770115 0.2527659578125 0.55770115 0.2527659578125 0.550344828125
4 0.2635461 0.5360919546875 0.2587234046875 0.5360919546875 0.2587234046875 0.544367815625 0.2635461 0.544367815625 0.2635461 0.5360919546875
4 0.258439715625 0.5383908046875 0.253900709375 0.5383908046875 0.253900709375 0.5466666671875 0.258439715625 0.5466666671875 0.258439715625 0.5383908046875
4 0.261560284375 0.5250574718750001 0.2567375890625 0.5250574718750001 0.2567375890625 0.5328735625000001 0.261560284375 0.5328735625000001 0.261560284375 0.5250574718750001
4 0.2564539 0.5268965515625 0.25163120625 0.5268965515625 0.25163120625 0.5342528734374999 0.2564539 0.5342528734374999 0.2564539 0.5268965515625
4 0.26042553125 0.514942528125 0.25503546093749996 0.514942528125 0.25503546093749996 0.5241379312500001 0.26042553125 0.5241379312500001 0.26042553125 0.514942528125
4 0.2547517734375 0.5181609203125 0.249929078125 0.5181609203125 0.249929078125 0.5255172406249999 0.2547517734375 0.5255172406249999 0.2547517734375 0.5181609203125
4 0.254468084375 0.5599999999999999 0.250496453125 0.5599999999999999 0.250496453125 0.5668965515625 0.254468084375 0.5668965515625 0.254468084375 0.5599999999999999
4 0.4828368796875 0.504367815625 0.477730496875 0.504367815625 0.477730496875 0.5121839078125 0.4828368796875 0.5121839078125 0.4828368796875 0.504367815625
4 0.487659575 0.5025287359374999 0.48255319218750004 0.5025287359374999 0.48255319218750004 0.510344828125 0.487659575 0.510344828125 0.487659575 0.5025287359374999
4 0.49248226875 0.4993103453125 0.4879432625 0.4993103453125 0.4879432625 0.5085057468749999 0.49248226875 0.5085057468749999 0.49248226875 0.4993103453125
4 0.69219858125 0.46666666718750005 0.685673759375 0.46666666718750005 0.685673759375 0.47632183906250003 0.69219858125 0.47632183906250003 0.69219858125 0.46666666718750005
4 0.90808510625 0.657931034375 0.9052482265625 0.657931034375 0.9052482265625 0.6625287359375001 0.90808510625 0.6625287359375001 0.90808510625 0.657931034375
4 0.8814184390625 0.6708045984375001 0.878014184375 0.6708045984375001 0.878014184375 0.6763218390625 0.8814184390625 0.6763218390625 0.8814184390625 0.6708045984375001
4 0.8805673765625001 0.6648275859375 0.877730496875 0.6648275859375 0.877730496875 0.6694252875 0.8805673765625001 0.6694252875 0.8805673765625001 0.6648275859375
4 0.8794326234375 0.6593103453125 0.8765957453125001 0.6593103453125 0.8765957453125001 0.6639080453124999 0.8794326234375 0.6639080453124999 0.8794326234375 0.6593103453125
4 0.8862411343750001 0.6257471265625 0.8814184390625 0.6257471265625 0.8814184390625 0.6331034484375 0.8862411343750001 0.6331034484375 0.8862411343750001 0.6257471265625
4 0.889645390625 0.618850575 0.8848226953125 0.618850575 0.8848226953125 0.6266666671875 0.889645390625 0.6266666671875 0.889645390625 0.618850575
4 0.8817021281249999 0.6183908046875 0.8768794328125 0.6183908046875 0.8768794328125 0.6262068968750001 0.8817021281249999 0.6262068968750001 0.8817021281249999 0.6183908046875
4 0.689929078125 0.45103448281249997 0.6828368796875 0.45103448281249997 0.6828368796875 0.4625287359375 0.689929078125 0.4625287359375 0.689929078125 0.45103448281249997
4 0.8751773046875 0.6583908046875 0.8729078015624999 0.6583908046875 0.8729078015624999 0.6625287359375001 0.8751773046875 0.6625287359375001 0.8751773046875 0.6583908046875
4 0.6870921984375 0.43448275937499997 0.6799999999999999 0.43448275937499997 0.6799999999999999 0.44597701093750003 0.6870921984375 0.44597701093750003 0.6870921984375 0.43448275937499997
4 0.6825531921875 0.46390804531249996 0.6771631203124999 0.46390804531249996 0.6771631203124999 0.47218390781249997 0.6825531921875 0.47218390781249997 0.6825531921875 0.46390804531249996
4 0.6799999999999999 0.4487356328125 0.674326240625 0.4487356328125 0.674326240625 0.4574712640625 0.6799999999999999 0.4574712640625 0.6799999999999999 0.4487356328125
4 0.67602836875 0.43908045937500007 0.6726241140625 0.43908045937500007 0.6726241140625 0.4445977015625 0.67602836875 0.4445977015625 0.67602836875 0.43908045937500007
4 0.664113475 0.46482758593750007 0.6609929078125 0.46482758593750007 0.6609929078125 0.46988505781249995 0.664113475 0.46988505781249995 0.664113475 0.46482758593750007
4 0.6740425531249999 0.4308045984375 0.6714893609375 0.4308045984375 0.6714893609375 0.4354022984375 0.6740425531249999 0.4354022984375 0.6740425531249999 0.4308045984375
4 0.68397163125 0.41747126406249996 0.6765957453125 0.41747126406249996 0.6765957453125 0.4294252875 0.68397163125 0.4294252875 0.68397163125 0.41747126406249996
4 0.9117730500000001 0.6560919546874999 0.9086524828125 0.6560919546874999 0.9086524828125 0.6616091953125001 0.9117730500000001 0.6616091953125001 0.9117730500000001 0.6560919546874999
4 0.8757446812499999 0.6629885062499999 0.874042553125 0.6629885062499999 0.874042553125 0.6666666671875 0.8757446812499999 0.6666666671875 0.8757446812499999 0.6629885062499999
4 0.486241134375 0.5227586203125 0.48368794375 0.5227586203125 0.48368794375 0.5273563218749999 0.486241134375 0.5273563218749999 0.486241134375 0.5227586203125
4 0.9148936171875001 0.7434482765625 0.9114893609375001 0.7434482765625 0.9114893609375001 0.7494252875 0.9148936171875001 0.7494252875 0.9148936171875001 0.7434482765625
4 0.9279432625 0.7439080453125 0.9253900703125 0.7439080453125 0.9253900703125 0.748505746875 0.9279432625 0.748505746875 0.9279432625 0.7439080453125
4 0.9248226953125 0.74528735625 0.922269503125 0.74528735625 0.922269503125 0.7498850578125 0.9248226953125 0.7498850578125 0.9248226953125 0.74528735625
4 0.921985815625 0.7466666671875 0.9194326234375 0.7466666671875 0.9194326234375 0.7512643671875 0.921985815625 0.7512643671875 0.921985815625 0.7466666671875
4 0.9191489359375 0.7480459765624999 0.9165957453125 0.7480459765624999 0.9165957453125 0.752643678125 0.9191489359375 0.752643678125 0.9191489359375 0.7480459765624999
4 0.9160283687499999 0.748505746875 0.9126241140625 0.748505746875 0.9126241140625 0.7540229890625 0.9160283687499999 0.7540229890625 0.9160283687499999 0.748505746875
4 0.912340425 0.7517241375 0.9092198578125 0.7517241375 0.9092198578125 0.756781609375 0.912340425 0.756781609375 0.912340425 0.7517241375
4 0.918297871875 0.74298850625 0.9151773046875 0.74298850625 0.9151773046875 0.7480459765624999 0.918297871875 0.7480459765624999 0.918297871875 0.74298850625
4 0.9120567375 0.7457471265625 0.9086524828125 0.7457471265625 0.9086524828125 0.7517241375 0.9120567375 0.7517241375 0.9120567375 0.7457471265625
4 0.8765957453125001 0.6671264375 0.8746099296875001 0.6671264375 0.8746099296875001 0.6712643671875 0.8765957453125001 0.6712643671875 0.8765957453125001 0.6671264375
4 0.9171631203124999 0.7374712640625 0.9140425531249999 0.7374712640625 0.9140425531249999 0.7425287359375 0.9171631203124999 0.7425287359375 0.9171631203124999 0.7374712640625
4 0.9134751765625 0.7393103453125 0.9103546093749999 0.7393103453125 0.9103546093749999 0.7448275859375 0.9134751765625 0.7448275859375 0.9134751765625 0.7393103453125
4 0.9109219859375 0.7393103453125 0.9069503546875 0.7393103453125 0.9069503546875 0.7457471265625 0.9109219859375 0.7457471265625 0.9109219859375 0.7393103453125
4 0.909787234375 0.7581609203124999 0.9066666671875 0.7581609203124999 0.9066666671875 0.7636781609375001 0.909787234375 0.7636781609375001 0.909787234375 0.7581609203124999
4 0.9092198578125 0.7521839078125 0.905531915625 0.7521839078125 0.905531915625 0.7581609203124999 0.9092198578125 0.7581609203124999 0.9092198578125 0.7521839078125
4 0.90808510625 0.7466666671875 0.9046808515625001 0.7466666671875 0.9046808515625001 0.752643678125 0.90808510625 0.752643678125 0.90808510625 0.7466666671875
4 0.9069503546875 0.7411494249999999 0.9032624109375 0.7411494249999999 0.9032624109375 0.74758620625 0.9069503546875 0.74758620625 0.9069503546875 0.7411494249999999
4 0.7571631203125 0.3416091953125 0.7526241140625001 0.3416091953125 0.7526241140625001 0.3498850578125 0.7571631203125 0.3498850578125 0.7571631203125 0.3416091953125
4 0.761985815625 0.3406896546875 0.7574468078125001 0.3406896546875 0.7574468078125001 0.348505746875 0.761985815625 0.348505746875 0.761985815625 0.3406896546875
4 0.7605673765625001 0.3328735625 0.75602836875 0.3328735625 0.75602836875 0.340229884375 0.7605673765625001 0.340229884375 0.7605673765625001 0.3328735625
4 0.606241134375 0.45241379375 0.6031205671875 0.45241379375 0.6031205671875 0.45701149374999994 0.606241134375 0.45701149374999994 0.606241134375 0.45241379375
4 0.630354609375 0.426206896875 0.62751773125 0.426206896875 0.62751773125 0.4308045984375 0.630354609375 0.4308045984375 0.630354609375 0.426206896875
4 0.6266666671875 0.428505746875 0.6241134749999999 0.428505746875 0.6241134749999999 0.432643678125 0.6266666671875 0.432643678125 0.6266666671875 0.428505746875
4 0.622411346875 0.44505747187500005 0.61957446875 0.44505747187500005 0.61957446875 0.4487356328125 0.622411346875 0.4487356328125 0.622411346875 0.44505747187500005
4 0.6190070921874999 0.44597701093750003 0.6164539 0.44597701093750003 0.6164539 0.45057471250000003 0.6190070921874999 0.45057471250000003 0.6190070921874999 0.44597701093750003
4 0.615886525 0.44735632187499996 0.6130496453125 0.44735632187499996 0.6130496453125 0.4519540234375 0.615886525 0.4519540234375 0.615886525 0.44735632187499996
4 0.6127659578125 0.4487356328125 0.610212765625 0.4487356328125 0.610212765625 0.4533333328125 0.6127659578125 0.4533333328125 0.6127659578125 0.4487356328125
4 0.609645390625 0.45103448281249997 0.6068085109375 0.45103448281249997 0.6068085109375 0.455632184375 0.609645390625 0.455632184375 0.609645390625 0.45103448281249997
4 0.6028368796875 0.45379310312500004 0.6 0.45379310312500004 0.6 0.45885057500000004 0.6028368796875 0.45885057500000004 0.6028368796875 0.45379310312500004
4 0.74808510625 0.348505746875 0.7429787234375 0.348505746875 0.7429787234375 0.35586206875 0.74808510625 0.35586206875 0.74808510625 0.348505746875
4 0.5991489359375 0.455632184375 0.59602836875 0.455632184375 0.59602836875 0.460229884375 0.5991489359375 0.460229884375 0.5991489359375 0.455632184375
4 0.6258156031250001 0.48045977031250003 0.6187234046875 0.48045977031250003 0.6187234046875 0.4919540234375 0.6258156031250001 0.4919540234375 0.6258156031250001 0.48045977031250003
4 0.6150354609375001 0.485517240625 0.607659575 0.485517240625 0.607659575 0.49701149375 0.6150354609375001 0.49701149375 0.6150354609375001 0.485517240625
4 0.6235461 0.46298850625 0.6147517734375 0.46298850625 0.6147517734375 0.47770115 0.6235461 0.47770115 0.6235461 0.46298850625
4 0.6127659578125 0.46804597656249997 0.6039716312500001 0.46804597656249997 0.6039716312500001 0.48229885 0.6127659578125 0.48229885 0.6127659578125 0.46804597656249997
4 0.48056737656250004 0.5250574718750001 0.478014184375 0.5250574718750001 0.478014184375 0.5301149421875 0.48056737656250004 0.5301149421875 0.48056737656250004 0.5250574718750001
4 0.48368794375 0.5241379312500001 0.48056737656250004 0.5241379312500001 0.48056737656250004 0.5287356328125 0.48368794375 0.5287356328125 0.48368794375 0.5241379312500001
4 0.64397163125 0.44827586249999996 0.6414184390625 0.44827586249999996 0.6414184390625 0.45287356250000005 0.64397163125 0.45287356250000005 0.64397163125 0.44827586249999996
4 0.6470921984375 0.4468965515625 0.64425531875 0.4468965515625 0.64425531875 0.45103448281249997 0.6470921984375 0.45103448281249997 0.6470921984375 0.4468965515625
4 0.649929078125 0.44597701093750003 0.6470921984375 0.44597701093750003 0.6470921984375 0.4501149421875 0.649929078125 0.4501149421875 0.649929078125 0.44597701093750003
4 0.6448226953125 0.4533333328125 0.641985815625 0.4533333328125 0.641985815625 0.45793103437499993 0.6448226953125 0.45793103437499993 0.6448226953125 0.4533333328125
4 0.7492198578125 0.33885057500000004 0.7432624109375 0.33885057500000004 0.7432624109375 0.3480459765625 0.7492198578125 0.3480459765625 0.7492198578125 0.33885057500000004
4 0.7625531921875 0.320919540625 0.758014184375 0.320919540625 0.758014184375 0.3282758625 0.7625531921875 0.3282758625 0.7625531921875 0.320919540625
4 0.758014184375 0.323218390625 0.7537588656249999 0.323218390625 0.7537588656249999 0.3310344828125 0.758014184375 0.3310344828125 0.758014184375 0.323218390625
4 0.746382978125 0.2818390796875 0.741560284375 0.2818390796875 0.741560284375 0.289655171875 0.746382978125 0.289655171875 0.746382978125 0.2818390796875
4 0.742127659375 0.28505747187499997 0.733617021875 0.28505747187499997 0.733617021875 0.2993103453125 0.742127659375 0.2993103453125 0.742127659375 0.28505747187499997
4 0.7339007093750001 0.289655171875 0.7251063828125 0.289655171875 0.7251063828125 0.304367815625 0.7339007093750001 0.304367815625 0.7339007093750001 0.289655171875
4 0.742411346875 0.1025287359375 0.7270921984375 0.1025287359375 0.7270921984375 0.1268965515625 0.742411346875 0.1268965515625 0.742411346875 0.1025287359375
4 0.65219858125 0.460229884375 0.649645390625 0.460229884375 0.649645390625 0.46482758593750007 0.65219858125 0.46482758593750007 0.65219858125 0.460229884375
4 0.6493617015625001 0.4616091953125 0.6470921984375 0.4616091953125 0.6470921984375 0.46528735625 0.6493617015625001 0.46528735625 0.6493617015625001 0.4616091953125
4 0.6465248234375001 0.4625287359375 0.64368794375 0.4625287359375 0.64368794375 0.4671264375 0.6465248234375001 0.4671264375 0.6465248234375001 0.4625287359375
4 0.6513475171875001 0.455632184375 0.6487943265625 0.455632184375 0.6487943265625 0.45977011562500003 0.6513475171875001 0.45977011562500003 0.6513475171875001 0.455632184375
4 0.6485106390625 0.4565517234375 0.645957446875 0.4565517234375 0.645957446875 0.4606896546875 0.6485106390625 0.4606896546875 0.6485106390625 0.4565517234375
4 0.6456737593749999 0.4574712640625 0.6428368796874999 0.4574712640625 0.6428368796874999 0.462068965625 0.6456737593749999 0.462068965625 0.6456737593749999 0.4574712640625
4 0.6507801421875 0.45103448281249997 0.64822695 0.45103448281249997 0.64822695 0.4551724140625 0.6507801421875 0.4551724140625 0.6507801421875 0.45103448281249997
4 0.6473758859375 0.451494253125 0.6451063828125 0.451494253125 0.6451063828125 0.455632184375 0.6473758859375 0.455632184375 0.6473758859375 0.451494253125
0 0.830354609375 0.1604597703125 0.83177305 0.15908045937499998 0.8297872343750001 0.150344828125 0.8283687937499999 0.1517241375 0.830354609375 0.1604597703125