0 0.78125 0.9755859375 0.794921875 0.9775390625 0.8037109375 0.947265625 0.7890625 0.9443359375 0.78125 0.9755859375
3 0.2744140625 0.0546875 0.28515625 0.0556640625 0.2890625 0.0390625 0.27734375 0.037109375 0.2744140625 0.0546875
3 0.8466796875 0.712890625 0.8564453125 0.7138671875 0.8603515625 0.697265625 0.8505859375 0.6953125 0.8466796875 0.712890625
3 0.310546875 0.0390625 0.302734375 0.0361328125 0.298828125 0.056640625 0.30859375 0.05859375 0.310546875 0.0390625
3 0.353515625 0.1171875 0.3544921875 0.1103515625 0.3369140625 0.109375 0.3369140625 0.1162109375 0.353515625 0.1171875
3 0.615234375 0.107421875 0.615234375 0.115234375 0.6337890625 0.1171875 0.634765625 0.1083984375 0.615234375 0.107421875
3 0.62890625 0.28125 0.630859375 0.291015625 0.6533203125 0.2890625 0.6513671875 0.279296875 0.62890625 0.28125
3 0.201171875 0.3251953125 0.2001953125 0.333984375 0.220703125 0.3359375 0.2216796875 0.328125 0.201171875 0.3251953125
3 0.248046875 0.4462890625 0.2578125 0.4482421875 0.2607421875 0.4287109375 0.2509765625 0.4267578125 0.248046875 0.4462890625
3 0.798828125 0.9794921875 0.8095703125 0.9814453125 0.814453125 0.9638671875 0.8046875 0.9609375 0.798828125 0.9794921875
3 0.82421875 0.8916015625 0.8349609375 0.8935546875 0.837890625 0.873046875 0.828125 0.8720703125 0.82421875 0.8916015625
3 0.8046875 0.900390625 0.8134765625 0.904296875 0.818359375 0.8828125 0.80859375 0.880859375 0.8046875 0.900390625
3 0.865234375 0.689453125 0.8759765625 0.6904296875 0.880859375 0.671875 0.87109375 0.6689453125 0.865234375 0.689453125
3 0.2734375 0.0732421875 0.2822265625 0.0751953125 0.2861328125 0.0576171875 0.27734375 0.0556640625 0.2734375 0.0732421875
3 0.8798828125 0.576171875 0.890625 0.578125 0.89453125 0.5595703125 0.8837890625 0.55859375 0.8798828125 0.576171875
3 0.865234375 0.5634765625 0.876953125 0.5654296875 0.8798828125 0.54296875 0.8681640625 0.5419921875 0.865234375 0.5634765625
3 0.283203125 0.4052734375 0.283203125 0.4130859375 0.3037109375 0.4140625 0.3056640625 0.40625 0.283203125 0.4052734375
3 0.904296875 0.427734375 0.912109375 0.427734375 0.9130859375 0.4111328125 0.904296875 0.4111328125 0.904296875 0.427734375
3 0.904296875 0.263671875 0.9150390625 0.265625 0.9189453125 0.2451171875 0.908203125 0.244140625 0.904296875 0.263671875
3 0.9453125 0.1259765625 0.955078125 0.1279296875 0.9609375 0.109375 0.9521484375 0.1064453125 0.9453125 0.1259765625
3 0.6484375 0.2607421875 0.640625 0.267578125 0.6591796875 0.2802734375 0.666015625 0.275390625 0.6484375 0.2607421875
3 0.2626953125 0.1337890625 0.2734375 0.134765625 0.275390625 0.1201171875 0.2666015625 0.119140625 0.2626953125 0.1337890625
3 0.3623046875 0.1259765625 0.3623046875 0.119140625 0.33984375 0.119140625 0.33984375 0.125 0.3623046875 0.1259765625
3 0.3134765625 0.0166015625 0.3046875 0.015625 0.3046875 0.033203125 0.3125 0.033203125 0.3134765625 0.0166015625