4 0.785888671875 0.63623046875 0.774169921875 0.63623046875 0.774169921875 0.6474609375 0.785888671875 0.6474609375 0.785888671875 0.63623046875
4 0.08544921875 0.99462890625 0.078369140625 0.99462890625 0.078369140625 0.9990234375 0.08544921875 0.9990234375 0.08544921875 0.99462890625
4 0.102783203125 0.989013671875 0.095947265625 0.989013671875 0.095947265625 0.994140625 0.102783203125 0.994140625 0.102783203125 0.989013671875
4 0.79248046875 0.616455078125 0.77490234375 0.616455078125 0.77490234375 0.631591796875 0.79248046875 0.631591796875 0.79248046875 0.616455078125
4 0.7763671875 0.627197265625 0.7646484375 0.627197265625 0.7646484375 0.637939453125 0.7763671875 0.637939453125 0.7763671875 0.627197265625
4 0.72412109375 0.64208984375 0.7041015625 0.64208984375 0.7041015625 0.659912109375 0.72412109375 0.659912109375 0.72412109375 0.64208984375
4 0.73388671875 0.641845703125 0.725341796875 0.641845703125 0.725341796875 0.648681640625 0.73388671875 0.648681640625 0.73388671875 0.641845703125
2 0.422607421875 0.28515625 0.422607421875 0.283447265625 0.4111328125 0.28271484375 0.4111328125 0.28466796875 0.422607421875 0.28515625
2 0.7109375 0.373046875 0.710205078125 0.371337890625 0.7041015625 0.372802734375 0.70458984375 0.375244140625 0.7109375 0.373046875
2 0.70068359375 0.605712890625 0.698974609375 0.603759765625 0.69091796875 0.60791015625 0.69287109375 0.60986328125 0.70068359375 0.605712890625
2 0.658447265625 0.5400390625 0.65576171875 0.538330078125 0.652099609375 0.54345703125 0.654296875 0.544921875 0.658447265625 0.5400390625
2 0.560302734375 0.31640625 0.5556640625 0.317138671875 0.555908203125 0.333984375 0.560546875 0.333984375 0.560302734375 0.31640625
2 0.56494140625 0.33447265625 0.5615234375 0.33447265625 0.560791015625 0.343017578125 0.564208984375 0.343017578125 0.56494140625 0.33447265625
2 0.5615234375 0.335693359375 0.55859375 0.3359375 0.558349609375 0.34326171875 0.561767578125 0.343017578125 0.5615234375 0.335693359375
2 0.563720703125 0.3447265625 0.56005859375 0.345703125 0.5615234375 0.356689453125 0.56494140625 0.3564453125 0.563720703125 0.3447265625
2 0.5595703125 0.344970703125 0.556884765625 0.345947265625 0.55859375 0.357421875 0.56201171875 0.35693359375 0.5595703125 0.344970703125
2 0.622314453125 0.5068359375 0.623779296875 0.510009765625 0.630126953125 0.507568359375 0.62890625 0.50439453125 0.622314453125 0.5068359375
2 0.56396484375 0.358642578125 0.560546875 0.359130859375 0.56201171875 0.370361328125 0.565185546875 0.3701171875 0.56396484375 0.358642578125
2 0.56103515625 0.359619140625 0.558349609375 0.3603515625 0.55908203125 0.371826171875 0.562255859375 0.371337890625 0.56103515625 0.359619140625
2 0.705322265625 0.36181640625 0.70458984375 0.360107421875 0.7001953125 0.362060546875 0.701416015625 0.36328125 0.705322265625 0.36181640625
2 0.7080078125 0.365234375 0.70703125 0.36376953125 0.70166015625 0.366455078125 0.702392578125 0.36767578125 0.7080078125 0.365234375
2 0.498779296875 0.808837890625 0.497314453125 0.8095703125 0.499755859375 0.81396484375 0.50146484375 0.81298828125 0.498779296875 0.808837890625
2 0.708251953125 0.366943359375 0.70751953125 0.365234375 0.701904296875 0.367431640625 0.703125 0.368896484375 0.708251953125 0.366943359375
2 0.5625 0.304931640625 0.560546875 0.304931640625 0.55810546875 0.312744140625 0.560302734375 0.31298828125 0.5625 0.304931640625
2 0.5546875 0.681640625 0.55224609375 0.6787109375 0.54052734375 0.687744140625 0.543212890625 0.69091796875 0.5546875 0.681640625
2 0.559814453125 0.393310546875 0.5654296875 0.39306640625 0.564453125 0.3720703125 0.5595703125 0.371826171875 0.559814453125 0.393310546875
2 0.558349609375 0.359130859375 0.554931640625 0.359375 0.555419921875 0.371337890625 0.559326171875 0.37109375 0.558349609375 0.359130859375
2 0.70947265625 0.37060546875 0.70849609375 0.368896484375 0.702880859375 0.3701171875 0.70361328125 0.372802734375 0.70947265625 0.37060546875
2 0.702880859375 0.35498046875 0.7021484375 0.353271484375 0.6982421875 0.354736328125 0.69921875 0.356201171875 0.702880859375 0.35498046875
2 0.70751953125 0.36328125 0.70654296875 0.361328125 0.700439453125 0.364501953125 0.701416015625 0.3662109375 0.70751953125 0.36328125
2 0.502197265625 0.816650390625 0.501220703125 0.815185546875 0.497314453125 0.817626953125 0.498291015625 0.819091796875 0.502197265625 0.816650390625
2 0.49560546875 0.802734375 0.493896484375 0.803955078125 0.496826171875 0.807861328125 0.498291015625 0.806884765625 0.49560546875 0.802734375
2 0.714599609375 0.39208984375 0.716552734375 0.39453125 0.72314453125 0.39111328125 0.721435546875 0.38818359375 0.714599609375 0.39208984375
2 0.782958984375 0.41064453125 0.781982421875 0.409423828125 0.77685546875 0.411865234375 0.7783203125 0.413818359375 0.782958984375 0.41064453125
2 0.77880859375 0.397216796875 0.77685546875 0.396240234375 0.77294921875 0.400390625 0.774169921875 0.401611328125 0.77880859375 0.397216796875
2 0.782470703125 0.397705078125 0.782958984375 0.40087890625 0.788818359375 0.400146484375 0.7880859375 0.39697265625 0.782470703125 0.397705078125
2 0.77490234375 0.390380859375 0.77587890625 0.39208984375 0.78076171875 0.3896484375 0.780029296875 0.38818359375 0.77490234375 0.390380859375
2 0.76806640625 0.388671875 0.76806640625 0.390380859375 0.771728515625 0.390869140625 0.77197265625 0.38916015625 0.76806640625 0.388671875
2 0.758544921875 0.41064453125 0.757080078125 0.409423828125 0.7529296875 0.412109375 0.75439453125 0.413818359375 0.758544921875 0.41064453125
2 0.76513671875 0.418212890625 0.763671875 0.416748046875 0.7587890625 0.42138671875 0.760009765625 0.422607421875 0.76513671875 0.418212890625
2 0.552978515625 0.501220703125 0.552978515625 0.498046875 0.54296875 0.499267578125 0.543701171875 0.502685546875 0.552978515625 0.501220703125
2 0.70654296875 0.495849609375 0.709228515625 0.498046875 0.716552734375 0.492431640625 0.7138671875 0.48974609375 0.70654296875 0.495849609375
2 0.761962890625 0.423828125 0.76318359375 0.425048828125 0.76513671875 0.423583984375 0.7646484375 0.422119140625 0.761962890625 0.423828125
2 0.675048828125 0.353759765625 0.67333984375 0.35400390625 0.673095703125 0.359375 0.675048828125 0.359375 0.675048828125 0.353759765625
2 0.571533203125 0.4013671875 0.57470703125 0.4013671875 0.57666015625 0.387451171875 0.572265625 0.38671875 0.571533203125 0.4013671875
2 0.56494140625 0.29541015625 0.562744140625 0.295166015625 0.561767578125 0.304443359375 0.564208984375 0.304931640625 0.56494140625 0.29541015625
2 0.5654296875 0.30419921875 0.56201171875 0.304443359375 0.561767578125 0.315673828125 0.564697265625 0.315673828125 0.5654296875 0.30419921875
2 0.611328125 0.705078125 0.611572265625 0.70166015625 0.59228515625 0.698974609375 0.591064453125 0.702880859375 0.611328125 0.705078125
2 0.596923828125 0.7177734375 0.59716796875 0.71533203125 0.5908203125 0.715576171875 0.59130859375 0.717529296875 0.596923828125 0.7177734375
2 0.730224609375 0.5185546875 0.728759765625 0.51708984375 0.72412109375 0.52294921875 0.725830078125 0.524169921875 0.730224609375 0.5185546875
2 0.68603515625 0.3544921875 0.685791015625 0.35205078125 0.677978515625 0.353515625 0.67822265625 0.355224609375 0.68603515625 0.3544921875
2 0.686767578125 0.52587890625 0.68505859375 0.523681640625 0.67578125 0.530517578125 0.677490234375 0.532470703125 0.686767578125 0.52587890625
2 0.685302734375 0.35595703125 0.68505859375 0.354248046875 0.678466796875 0.356201171875 0.678955078125 0.35791015625 0.685302734375 0.35595703125
2 0.69189453125 0.355224609375 0.692626953125 0.356689453125 0.697509765625 0.355224609375 0.697021484375 0.353759765625 0.69189453125 0.355224609375
2 0.69189453125 0.357177734375 0.69287109375 0.35888671875 0.69873046875 0.35791015625 0.697998046875 0.355224609375 0.69189453125 0.357177734375
2 0.69189453125 0.363525390625 0.692626953125 0.365478515625 0.699951171875 0.363525390625 0.69921875 0.36083984375 0.69189453125 0.363525390625
2 0.699951171875 0.366943359375 0.69970703125 0.365234375 0.69384765625 0.367431640625 0.694580078125 0.369140625 0.699951171875 0.366943359375
2 0.705322265625 0.359375 0.704345703125 0.357421875 0.699462890625 0.35986328125 0.7001953125 0.36181640625 0.705322265625 0.359375
2 0.546142578125 0.287841796875 0.54541015625 0.2919921875 0.5615234375 0.29345703125 0.5625 0.288818359375 0.546142578125 0.287841796875
2 0.544921875 0.284912109375 0.544921875 0.28857421875 0.560546875 0.2880859375 0.560302734375 0.285400390625 0.544921875 0.284912109375
2 0.529541015625 0.296630859375 0.529541015625 0.291015625 0.510498046875 0.291015625 0.51025390625 0.29541015625 0.529541015625 0.296630859375
2 0.655029296875 0.408203125 0.65185546875 0.407958984375 0.650146484375 0.4208984375 0.65283203125 0.420654296875 0.655029296875 0.408203125
2 0.673828125 0.353271484375 0.671875 0.353515625 0.670654296875 0.358154296875 0.673095703125 0.358154296875 0.673828125 0.353271484375
2 0.675537109375 0.358642578125 0.677490234375 0.358642578125 0.677490234375 0.353271484375 0.675537109375 0.353271484375 0.675537109375 0.358642578125
2 0.757568359375 0.36767578125 0.75732421875 0.36962890625 0.762939453125 0.3701171875 0.76318359375 0.367919921875 0.757568359375 0.36767578125
2 0.7490234375 0.370849609375 0.749267578125 0.3720703125 0.75390625 0.372314453125 0.75390625 0.370849609375 0.7490234375 0.370849609375
2 0.73486328125 0.373291015625 0.733154296875 0.37255859375 0.73046875 0.374755859375 0.732177734375 0.376220703125 0.73486328125 0.373291015625
2 0.73974609375 0.368896484375 0.73779296875 0.368408203125 0.73486328125 0.37255859375 0.736328125 0.373779296875 0.73974609375 0.368896484375
2 0.731689453125 0.369384765625 0.729736328125 0.3681640625 0.726318359375 0.373046875 0.728759765625 0.3740234375 0.731689453125 0.369384765625
2 0.7314453125 0.365478515625 0.729736328125 0.3642578125 0.72705078125 0.366943359375 0.728515625 0.368408203125 0.7314453125 0.365478515625
2 0.701171875 0.36865234375 0.700439453125 0.36669921875 0.69384765625 0.368896484375 0.694580078125 0.37109375 0.701171875 0.36865234375
2 0.694580078125 0.373291015625 0.6953125 0.375732421875 0.70361328125 0.373291015625 0.702880859375 0.370849609375 0.694580078125 0.373291015625
2 0.695556640625 0.37548828125 0.69677734375 0.3779296875 0.703125 0.3759765625 0.70263671875 0.373779296875 0.695556640625 0.37548828125
2 0.55615234375 0.349609375 0.553955078125 0.350341796875 0.55517578125 0.355712890625 0.557861328125 0.355224609375 0.55615234375 0.349609375
2 0.7119140625 0.540283203125 0.710205078125 0.538818359375 0.7060546875 0.542724609375 0.707763671875 0.543701171875 0.7119140625 0.540283203125
2 0.7490234375 0.44287109375 0.748046875 0.44091796875 0.741455078125 0.44482421875 0.74267578125 0.44677734375 0.7490234375 0.44287109375
2 0.741943359375 0.43505859375 0.740234375 0.43359375 0.735595703125 0.4375 0.736572265625 0.439208984375 0.741943359375 0.43505859375
2 0.441650390625 0.502685546875 0.44140625 0.49853515625 0.419921875 0.50048828125 0.42041015625 0.504638671875 0.441650390625 0.502685546875
2 0.4541015625 0.28759765625 0.44921875 0.286376953125 0.444580078125 0.2998046875 0.449951171875 0.301025390625 0.4541015625 0.28759765625
2 0.556884765625 0.50439453125 0.55615234375 0.50146484375 0.540771484375 0.50341796875 0.541015625 0.506591796875 0.556884765625 0.50439453125
2 0.625 0.412109375 0.6318359375 0.41162109375 0.63232421875 0.38525390625 0.626220703125 0.384765625 0.625 0.412109375
2 0.630859375 0.442138671875 0.63818359375 0.44189453125 0.63720703125 0.410400390625 0.630859375 0.410888671875 0.630859375 0.442138671875
2 0.6533203125 0.42138671875 0.64892578125 0.42041015625 0.643798828125 0.44091796875 0.648193359375 0.442626953125 0.6533203125 0.42138671875
2 0.534423828125 0.291259765625 0.535400390625 0.28564453125 0.506103515625 0.28515625 0.505859375 0.29052734375 0.534423828125 0.291259765625
2 0.509765625 0.48876953125 0.50927734375 0.48486328125 0.486328125 0.48828125 0.4873046875 0.4921875 0.509765625 0.48876953125
2 0.6865234375 0.60546875 0.688232421875 0.60888671875 0.704345703125 0.6025390625 0.702880859375 0.59912109375 0.6865234375 0.60546875
2 0.762939453125 0.4169921875 0.761474609375 0.41552734375 0.757080078125 0.418701171875 0.758544921875 0.4208984375 0.762939453125 0.4169921875
2 0.75830078125 0.4296875 0.76025390625 0.43115234375 0.76416015625 0.427978515625 0.76220703125 0.426025390625 0.75830078125 0.4296875
2 0.69580078125 0.4013671875 0.69482421875 0.39990234375 0.691162109375 0.403076171875 0.692626953125 0.404052734375 0.69580078125 0.4013671875
2 0.696533203125 0.407958984375 0.694580078125 0.40673828125 0.69140625 0.410888671875 0.693115234375 0.412109375 0.696533203125 0.407958984375
2 0.704345703125 0.417236328125 0.70458984375 0.41552734375 0.7001953125 0.414306640625 0.698974609375 0.416015625 0.704345703125 0.417236328125
2 0.712158203125 0.421630859375 0.7138671875 0.423095703125 0.719970703125 0.418701171875 0.71826171875 0.41748046875 0.712158203125 0.421630859375
2 0.737060546875 0.4052734375 0.738037109375 0.406494140625 0.742919921875 0.40185546875 0.740966796875 0.40087890625 0.737060546875 0.4052734375
2 0.559814453125 0.509033203125 0.55908203125 0.50390625 0.53466796875 0.508056640625 0.535888671875 0.512451171875 0.559814453125 0.509033203125
2 0.65966796875 0.71728515625 0.660400390625 0.712158203125 0.639404296875 0.708740234375 0.638671875 0.714599609375 0.65966796875 0.71728515625
2 0.338623046875 0.58349609375 0.329833984375 0.579345703125 0.30419921875 0.6103515625 0.31298828125 0.615478515625 0.338623046875 0.58349609375
2 0.189697265625 0.5830078125 0.18994140625 0.577880859375 0.167724609375 0.577880859375 0.167724609375 0.5830078125 0.189697265625 0.5830078125
2 0.42236328125 0.282958984375 0.42236328125 0.281005859375 0.4111328125 0.28076171875 0.4111328125 0.28271484375 0.42236328125 0.282958984375
2 0.42236328125 0.287353515625 0.42236328125 0.28515625 0.41064453125 0.28466796875 0.41064453125 0.286865234375 0.42236328125 0.287353515625
2 0.41015625 0.283935546875 0.41015625 0.28076171875 0.387939453125 0.281494140625 0.387939453125 0.28466796875 0.41015625 0.283935546875
2 0.619873046875 0.71484375 0.620849609375 0.707763671875 0.591552734375 0.70166015625 0.589599609375 0.708984375 0.619873046875 0.71484375
2 0.405029296875 0.646240234375 0.40087890625 0.64404296875 0.384033203125 0.6650390625 0.388671875 0.66796875 0.405029296875 0.646240234375
2 0.48046875 0.66162109375 0.47607421875 0.65673828125 0.4521484375 0.67431640625 0.45654296875 0.6796875 0.48046875 0.66162109375
2 0.164306640625 0.91943359375 0.16455078125 0.91357421875 0.13818359375 0.911865234375 0.137939453125 0.917724609375 0.164306640625 0.91943359375
2 0.478515625 0.82421875 0.480224609375 0.827392578125 0.49072265625 0.822509765625 0.4892578125 0.819091796875 0.478515625 0.82421875
2 0.385009765625 0.29541015625 0.374755859375 0.288818359375 0.326171875 0.34423828125 0.336181640625 0.351806640625 0.385009765625 0.29541015625
2 0.4033203125 0.318115234375 0.41162109375 0.321044921875 0.424072265625 0.28955078125 0.415283203125 0.287109375 0.4033203125 0.318115234375
2 0.449462890625 0.3046875 0.4404296875 0.302001953125 0.4296875 0.33154296875 0.439208984375 0.33447265625 0.449462890625 0.3046875
2 0.38232421875 0.3994140625 0.391845703125 0.40283203125 0.406982421875 0.36865234375 0.397216796875 0.364990234375 0.38232421875 0.3994140625
2 0.328125 0.35302734375 0.323486328125 0.348876953125 0.302734375 0.36962890625 0.308349609375 0.374755859375 0.328125 0.35302734375
2 0.753173828125 0.402587890625 0.751708984375 0.401123046875 0.74658203125 0.40478515625 0.748046875 0.406494140625 0.753173828125 0.402587890625
2 0.763671875 0.386962890625 0.762939453125 0.385009765625 0.758544921875 0.3857421875 0.759033203125 0.3876953125 0.763671875 0.386962890625
2 0.728759765625 0.430419921875 0.72607421875 0.427734375 0.7216796875 0.431884765625 0.72412109375 0.433837890625 0.728759765625 0.430419921875
2 0.608154296875 0.398193359375 0.60693359375 0.39697265625 0.6025390625 0.4013671875 0.603759765625 0.40234375 0.608154296875 0.398193359375
2 0.729248046875 0.383056640625 0.727294921875 0.382568359375 0.72509765625 0.386962890625 0.72705078125 0.3876953125 0.729248046875 0.383056640625
2 0.75439453125 0.42333984375 0.755615234375 0.42529296875 0.760009765625 0.423095703125 0.758056640625 0.42138671875 0.75439453125 0.42333984375
2 0.745361328125 0.418701171875 0.746826171875 0.420166015625 0.75390625 0.41552734375 0.751953125 0.413330078125 0.745361328125 0.418701171875
2 0.745849609375 0.41455078125 0.747314453125 0.415771484375 0.7509765625 0.412109375 0.750244140625 0.41064453125 0.745849609375 0.41455078125
2 0.7451171875 0.441162109375 0.743896484375 0.43994140625 0.739501953125 0.44287109375 0.74072265625 0.4443359375 0.7451171875 0.441162109375
2 0.606201171875 0.393310546875 0.604736328125 0.39208984375 0.59912109375 0.397705078125 0.60107421875 0.3994140625 0.606201171875 0.393310546875
2 0.7548828125 0.37451171875 0.753662109375 0.373779296875 0.751220703125 0.37646484375 0.75244140625 0.377197265625 0.7548828125 0.37451171875
2 0.742919921875 0.447021484375 0.744873046875 0.4482421875 0.75 0.44482421875 0.748779296875 0.443115234375 0.742919921875 0.447021484375
2 0.769775390625 0.3798828125 0.769775390625 0.37744140625 0.764892578125 0.37646484375 0.764404296875 0.37890625 0.769775390625 0.3798828125
2 0.7783203125 0.380615234375 0.779052734375 0.37890625 0.774658203125 0.377197265625 0.77392578125 0.37890625 0.7783203125 0.380615234375
2 0.754638671875 0.360107421875 0.755126953125 0.3583984375 0.75048828125 0.35791015625 0.750732421875 0.359619140625 0.754638671875 0.360107421875
2 0.74169921875 0.409912109375 0.742919921875 0.41259765625 0.748291015625 0.408447265625 0.746826171875 0.40625 0.74169921875 0.409912109375
2 0.721923828125 0.421142578125 0.720458984375 0.419921875 0.7158203125 0.423095703125 0.716552734375 0.425048828125 0.721923828125 0.421142578125
2 0.724365234375 0.425537109375 0.723388671875 0.424560546875 0.719482421875 0.428466796875 0.720703125 0.429443359375 0.724365234375 0.425537109375
2 0.73828125 0.38525390625 0.73681640625 0.3837890625 0.732177734375 0.38671875 0.7333984375 0.388671875 0.73828125 0.38525390625
2 0.7138671875 0.395263671875 0.712646484375 0.39404296875 0.70849609375 0.397705078125 0.7099609375 0.39892578125 0.7138671875 0.395263671875
2 0.55517578125 0.360595703125 0.552490234375 0.360595703125 0.55322265625 0.369873046875 0.5556640625 0.369873046875 0.55517578125 0.360595703125
2 0.567138671875 0.402587890625 0.570068359375 0.4033203125 0.57275390625 0.3876953125 0.5693359375 0.38720703125 0.567138671875 0.402587890625
2 0.70703125 0.3974609375 0.705322265625 0.396484375 0.701904296875 0.401611328125 0.70361328125 0.40234375 0.70703125 0.3974609375
2 0.772216796875 0.4794921875 0.77099609375 0.478271484375 0.76806640625 0.4814453125 0.769287109375 0.48291015625 0.772216796875 0.4794921875
2 0.7490234375 0.4658203125 0.750732421875 0.46826171875 0.756591796875 0.46533203125 0.75439453125 0.46240234375 0.7490234375 0.4658203125
2 0.7265625 0.45947265625 0.724853515625 0.45751953125 0.717529296875 0.462890625 0.71923828125 0.465087890625 0.7265625 0.45947265625
2 0.715087890625 0.46240234375 0.71337890625 0.4609375 0.7060546875 0.467041015625 0.707275390625 0.46875 0.715087890625 0.46240234375
2 0.699951171875 0.45849609375 0.70166015625 0.460693359375 0.710205078125 0.45556640625 0.708740234375 0.453125 0.699951171875 0.45849609375
2 0.698974609375 0.4501953125 0.7001953125 0.451904296875 0.70458984375 0.44775390625 0.703369140625 0.446533203125 0.698974609375 0.4501953125
2 0.732177734375 0.445068359375 0.733642578125 0.447021484375 0.7392578125 0.44287109375 0.73779296875 0.44091796875 0.732177734375 0.445068359375
2 0.734375 0.4501953125 0.73583984375 0.4521484375 0.741943359375 0.4482421875 0.74072265625 0.4462890625 0.734375 0.4501953125
2 0.552734375 0.362060546875 0.55078125 0.3623046875 0.551513671875 0.370361328125 0.55322265625 0.3701171875 0.552734375 0.362060546875
2 0.70361328125 0.40283203125 0.70166015625 0.401123046875 0.6982421875 0.404541015625 0.69970703125 0.406005859375 0.70361328125 0.40283203125
2 0.739501953125 0.44482421875 0.73828125 0.443603515625 0.732666015625 0.44775390625 0.734375 0.44921875 0.739501953125 0.44482421875
2 0.5009765625 0.815185546875 0.5 0.813720703125 0.49609375 0.81640625 0.4970703125 0.8173828125 0.5009765625 0.815185546875