3 0.19078947398247692 0.45394736842105265 0.18502843705061878 0.45394736842105265 0.1850284382570635 0.4511666535087719 0.19078947297828108 0.4511666535087719
3 0.12719298367210286 0.6666666666666665 0.11785548658815515 0.6666666666666665 0.1178554906895215 0.6632261271929824 0.12719298125807654 0.6632261271929824
3 0.11482297468648994 0.6416153158092244 0.1182995382783929 0.6453095169463461 0.10735752617608796 0.6556055739437294 0.10388096820179271 0.6519113782894614
3 0.1170095122370185 0.6482278417109213 0.11868590395204137 0.6513699334840747 0.11166438443854076 0.6551156178007405 0.10998799561400574 0.6519735285087634
3 0.08929432770855783 0.6997256065182981 0.08771882417647703 0.6966771847033788 0.09524560712509356 0.6927877216490347 0.09682111102426916 0.695836140723819
3 0.050786805236953114 0.7020253178301171 0.04967704278487872 0.7046564252272637 0.04109743360322682 0.7010382102519862 0.04220719693398678 0.6984071054729379
3 0.03131631731184825 0.6574212624594701 0.033812463220783684 0.6592812955295054 0.02785946447056631 0.6672690926043522 0.025363320175415538 0.665409061403483
3 0.0435493007361174 0.6647017016023883 0.045217733502454394 0.6675757559080319 0.03805424904658139 0.6717337010040787 0.03638581907887328 0.6688596491228243
3 0.09153947525021522 0.6811398894223607 0.08940726871412608 0.6787280665380309 0.09542996845016205 0.6734043569079257 0.09756217355038643 0.6758161777966092
3 0.07155305844321447 0.6791094810442272 0.07355792420969465 0.681781855800976 0.06675754847151438 0.6868828987081823 0.06475268530698486 0.6842105263157818
3 0.05852415997776461 0.6746329681015083 0.05961963589629704 0.6768186326432568 0.05306066257810471 0.6801055905186737 0.051965188596454936 0.6779199276315434
3 0.08196524467575728 0.6757686169258835 0.08060321484356336 0.672972496486626 0.08886022619333289 0.6689509410939845 0.09022225654973681 0.671747058906493
3 0.10496853838708375 0.6668997168021897 0.10748849548110684 0.6696981540425209 0.10165817953782152 0.6749475578038036 0.09913822478074508 0.6721491228070515
3 0.05081507649629202 0.6692031726648253 0.053120730293017004 0.6721948485985535 0.046451843956674566 0.6773337786142848 0.0441461929824527 0.6743421052632023
3 0.18859649250509847 0.6666666666666666 0.1820305043860344 0.6666666666666666 0.1820305081010929 0.6628056907894737 0.1885964910857183 0.6628056907894737
3 0.062250311771208544 0.6754570445382344 0.06442051365286261 0.6794983819435335 0.056562734818271565 0.683717418103574 0.05439253728059157 0.6796760844298447
3 0.08024782521545148 0.6858787572517042 0.08315208267458729 0.6888361352539335 0.0768674696104199 0.695006965174708 0.07396321491228264 0.6920495899122682
3 0.09320175532195663 0.675438596491228 0.08396002521931223 0.675438596491228 0.08396003007521813 0.6717910043859648 0.0932017532544478 0.6717910043859648
3 0.10354877924226003 0.6778694325058795 0.1045401161220525 0.6813739150804181 0.09468012419415572 0.6841626784084357 0.09368879166709121 0.6806581995614118
3 0.08367239488404721 0.6652530002419551 0.08626143839046563 0.6679153256585773 0.08029683727306747 0.6737149547368478 0.07770779605266398 0.6710526315789497
3 0.11319808235771234 0.6533992493463493 0.11657556161389948 0.6559282091262767 0.11088981708451229 0.6635206371984594 0.10751233991231857 0.6609916798245713
3 0.13468277232084347 0.6564201651224223 0.1374958116449534 0.6587290978765996 0.13268486556887638 0.6645896327472007 0.1298718278508204 0.6622807017543714
3 0.12110971521110514 0.6605772168030453 0.1181718942639236 0.657894733406749 0.1244610110065878 0.6510078792534958 0.1273988288885448 0.6536903601563187
3 0.17417595341282777 0.6760184156744649 0.1756445229395922 0.6790807586832315 0.1696268817387363 0.6819661555885369 0.16815831469295972 0.6789038146929735
3 0.17728648439833705 0.6775469320565676 0.18017842881408797 0.6801209285821816 0.17522268704215094 0.685688029621817 0.17233074451746688 0.6831140350877026
3 0.22424036193228858 0.6820644605271439 0.22751002422148758 0.6846453752635044 0.2223532129147543 0.6911774037179077 0.21908355263155954 0.6885964912280473
3 0.0609126331474954 0.6436967293659674 0.06295703430214417 0.6470453598099507 0.05485706422621206 0.6519899058157084 0.05281266666668216 0.6486412785087621
3 0.04088768776330198 0.6525517354310467 0.03873506728064058 0.6498362776234671 0.04507868360406064 0.644808157676423 0.04723130299919376 0.6475236133141399
3 0.15270238194716512 0.6170449621099697 0.1510351047588756 0.6144586038765044 0.15899122807013555 0.6093303344298124 0.16065850490451794 0.6119166903723418
3 0.1623444681009687 0.6119929986713868 0.16417430904027697 0.6144609840408284 0.1570898639057532 0.6197130019679525 0.15526002521937698 0.6172450186403811
3 0.01681376975045623 0.9625613993818973 0.01770241776318926 0.959954868421047 0.0259509439363228 0.9627662529986108 0.0250622998455583 0.9653727806289162
3 0.023026317826293052 0.981359649122807 0.01398157127198374 0.981359649122807 0.013981573317778384 0.9798491096491229 0.023026315789479668 0.9798491096491229
3 0.056693304726081806 0.9795637342442902 0.05825275988604517 0.9827816415938617 0.050080703315643404 0.9867407933258057 0.04852125328943657 0.9835228903508787
3 0.05128442940383593 0.8197482087586574 0.05020182368230053 0.823101893061646 0.04242543640361873 0.8205921008771985 0.043508043938118135 0.8172384199993793
3 0.03654890433824676 0.8138014738144915 0.035805955581622584 0.8103711441591436 0.045407476666923685 0.80829203679015 0.04615042840157457 0.8117223622852852
3 0.03399122928090037 0.8081140350877193 0.03142685849343252 0.8081140350877193 0.03142685973512016 0.8042204517543863 0.03399122807013555 0.8042204517543863
3 0.015350879073253054 0.7532894736842105 0.012522794083793087 0.7532894736842105 0.012522796140729042 0.747198625 0.015350877192986445 0.747198625
3 0.014836363360814175 0.7355504119537343 0.019388230262848083 0.7366488503263205 0.018017892964849125 0.7423265078261082 0.013466026315882118 0.7412280701754491
3 0.01644736840466976 0.7266180480158043 0.016519484344257762 0.7324552495691276 0.014212460916155578 0.7324837461096072 0.014140346491217315 0.7266465460525761
3 0.25049465525808046 0.6920818381548514 0.2524204661708609 0.6946820274082876 0.24380090084639505 0.7010650985739207 0.24187509320177014 0.6984649122806577
3 0.19517544049813296 0.6918859649122807 0.18810553134358088 0.6918859649122807 0.1881055345866116 0.6882868124999998 0.1951754383893558 0.6882868124999998
3 0.2045229151000285 0.6926616698566199 0.20610140558130752 0.6957205147748655 0.19808561096704125 0.6998563803695128 0.19650712390341596 0.696797538377236
3 0.17140446323094238 0.6745946361004348 0.17312445899585782 0.6775681889264206 0.16564109028661278 0.6818961927142932 0.16392109758771767 0.6789226425438349
3 0.1627591762907059 0.6812296124591856 0.15958424610255406 0.6786632706829188 0.16698838255035753 0.6695045761585465 0.1701633078737359 0.6720709148377235
3 0.18423024605033334 0.6798127728477378 0.18655611481494816 0.6827258642985201 0.17802910969464847 0.6895330146703589 0.1757032445175355 0.6866199265350929
3 0.18817110534700987 0.6844342649589614 0.18942014419451425 0.6877921042540852 0.1819587076939797 0.6905671829863747 0.18070967214919165 0.6872093464912788
3 0.23026315989181967 0.6896929824561403 0.220722149907715 0.6896929824561403 0.22072215497973957 0.6856408870614032 0.2302631568554716 0.6856408870614032
3 0.1971703789906769 0.6676489470118576 0.19867361558533503 0.6708653030660554 0.18973967466877184 0.6750402036891053 0.1882364418859197 0.671823850877151
3 0.18561734388572404 0.6599691645944389 0.18708255827584708 0.6631146866371616 0.17872814954137084 0.6670057241560492 0.17726293859652742 0.6638602050438487
3 0.17970020343943816 0.6570834840389007 0.18259486158285654 0.6595229317553211 0.17640258249366525 0.6668697326336582 0.17350792653508051 0.6644302872806777
3 0.1744347952925409 0.6568763314029116 0.17701932661498176 0.6593038963218031 0.17194250543582257 0.6647082648618923 0.16935797587711932 0.6622807017543598
3 0.17259925336213655 0.6171704722901696 0.17367429586613525 0.6199998588543828 0.16504669858602483 0.6232775781755263 0.1639716589912723 0.6204481940789671
3 0.15979564143503922 0.6205222363735584 0.1594432545739437 0.6166434629987998 0.17084462826755953 0.6156077625844434 0.17119701887872907 0.6194865317842265
3 0.1994099596607839 0.688827808218159 0.20222852335791686 0.6910261913330125 0.19727686576800352 0.6973738198429105 0.1944583037280836 0.6951754385964721
3 0.19922296905315307 0.6808925000640923 0.19645327024841208 0.6776152827571015 0.2060134381598573 0.6695367501563683 0.20878313433468065 0.6728139632574505
3 0.725870561763486 0.9743544626219173 0.7268361457698802 0.9716815723837888 0.7383583891687522 0.9758427819074998 0.7373928108974042 0.978515667282112
0 0.1922401554826365 0.6013908914592042 0.1898466287032079 0.5982904930990905 0.21407398067321992 0.5795888100090555 0.21646750359695943 0.5826891998351394
3 0.05548331292175135 0.5245006058687589 0.05335198848217715 0.5268258626440249 0.047854035749878676 0.5217868719100384 0.049985359084416814 0.5194616165176695
3 0.08260655263154604 0.4998104407895001 0.0840473384582765 0.4973213231012734 0.09257916614831174 0.5022594557190664 0.09113838248151751 0.5047485715359034
3 0.08634755482455603 0.4960363541666919 0.08822317300155191 0.49378987791201706 0.09539774681024937 0.49977958994129806 0.09352213033253065 0.5020260646036185
3 0.09389796710524934 0.4921714638158111 0.09523656353371734 0.489610770161546 0.10289315954446465 0.4936129400714224 0.10155456505310667 0.4961736320649778
3 0.09744054166674232 0.4908678585526724 0.09818221199452637 0.4877927972278618 0.10487062603317554 0.48940584888771327 0.10412895753256635 0.4924809086330615
3 0.1048743432018 0.48767924342110136 0.10529105268369676 0.48491072925936785 0.1121426362776674 0.4859419364735695 0.11172592838465789 0.48871044921232315
3 0.11732456144636672 0.48464912280701755 0.1090745919773326 0.48464912280701755 0.10907459327563629 0.4823181557017544 0.11732455990863855 0.4823181557017544
3 0.11241543969299528 0.48179573026314443 0.11376325991875547 0.47921328811363556 0.12006567986475147 0.48250239463426164 0.11871786121218975 0.4850848354358197
3 0.12410701040926142 0.4791666627810072 0.12307505042736011 0.4816157286422259 0.11600173721797091 0.4786354602661315 0.11703369766428295 0.4761863957709239
3 0.23421763173314503 0.4585732468816846 0.23233397138187684 0.46189060308295954 0.2254142997243207 0.457961726683168 0.22729796011162762 0.45464437232849697
0 0.5320210479866319 0.9586148204645314 0.5306196462549906 0.9628971190125536 0.5146898059927025 0.957685447903663 0.5160912131767645 0.9534031598517744
0 0.1783774117691337 0.5507767920252102 0.18062100745100906 0.5548800366814747 0.16737475405307123 0.562122207606382 0.16513116447367793 0.5580189682017137
3 0.2285577003904109 0.6743231089721272 0.23161091003066758 0.6763183295694629 0.22729866229178697 0.6829162716033104 0.22424545394733286 0.6809210526315664
0 0.15900547104354246 0.5556892978333022 0.15651342782985012 0.5513464391228906 0.1764465678322722 0.5399093359603161 0.17893861109519094 0.544252186318738
0 0.14567569659857327 0.5068362516419888 0.149528107807555 0.5105144399426715 0.13310730466821497 0.5277116320663425 0.12925490021928 0.52403345065791
1 0.5892216233876297 0.5544877046353166 0.5977176659762335 0.5992385338570694 0.5041090660414511 0.6170078678901216 0.49561345663641987 0.5722574201147343
1 0.6361840601892936 0.7663677127070042 0.6235550208333507 0.7202791052631833 0.7105226601355525 0.6964521982209823 0.7231519873336083 0.7425403444149552
1 0.8031189049013392 0.7824260201323942 0.8238580937455708 0.822872181913442 0.7372783935946927 0.8672569672468534 0.7165397861842848 0.8268113037280658
1 0.9064849044514176 0.8989094069910374 0.9146321924698668 0.9438366249154796 0.819311563001861 0.9611170392795166 0.8111649758772046 0.9161904429824099
1 0.39359991944616013 0.7672980141781505 0.3729865899123297 0.7259065504385952 0.4522391207477767 0.6864444180609038 0.472852522280391 0.7278354744906375
1 0.29459102587361485 0.5098243137895131 0.29861118644828366 0.5550264396940996 0.210861301680211 0.5628295877952662 0.2068414934210523 0.5176277927631041
1 0.24995319353240575 0.4555752187659257 0.26454819899811355 0.49916723164086446 0.17799433338200288 0.5281437296529183 0.16339968201759802 0.4845520197368806
1 0.1877966051133626 0.4146293709894513 0.17780221105010696 0.4560479689164827 0.09838387500008139 0.4368849934210861 0.10837841507475332 0.3954666206722801
1 0.40491115838494807 0.34837131579486247 0.42818656467488836 0.387493200082818 0.34563382449186975 0.43660498493555683 0.3223586773219722 0.3974833263170158
3 0.04327244079001957 0.5252826524123246 0.044546588496814365 0.5222440693959843 0.05194218217832258 0.5253449507353879 0.05066803677050302 0.5283835318025226
3 0.0452853596004843 0.5311503465479295 0.04338250242767572 0.5343207141441847 0.03466614025160197 0.5290895914337855 0.036568997285598925 0.5259192264442899
3 0.033596401310092006 0.5386375076976 0.031556352793586484 0.5410686418218311 0.025056308448483833 0.5356147081449222 0.027096355929188576 0.5331835757102904
3 0.028341301476757508 0.5399999110158981 0.02667871402854871 0.542982757900708 0.02040395852588972 0.5394856258243674 0.022066546052656122 0.5365027807017557
3 0.21660091520709557 0.6776418193504719 0.2154821565502516 0.6744157915874558 0.22325572193926746 0.671720357329038 0.2243744819196536 0.6749463823685977
3 0.2079499637079607 0.6599285220112908 0.21027516580852534 0.6629426217918118 0.20153950653468655 0.6696807630794159 0.19921430811405116 0.6666666666666976
3 0.169956142035403 0.6469298245614035 0.1618558102594534 0.6469298245614035 0.1618558140140749 0.6432196962719298 0.1699561398777405 0.6432196962719298
3 0.164541636494846 0.6397426701747114 0.1665620848762046 0.6428395488547123 0.15946620423744662 0.6474684166783298 0.157445758771928 0.6443715405702224
3 0.14321191701742464 0.6496275861137158 0.14108086690066557 0.6464533365739987 0.1502515083277558 0.6402973550853778 0.152382557704982 0.6434716011825438
3 0.13472167945337787 0.6347657764299071 0.13224335345296367 0.6313870171702773 0.14151988226649337 0.6245834881112483 0.14399820692551657 0.6279622436474253
3 0.12210675782876024 0.6285396416964265 0.11900826323301317 0.6260964886935234 0.1250348960811607 0.618454205043524 0.1281333869703758 0.6208973557931304
3 0.12264797975490183 0.6154056865226023 0.12572062978119902 0.6180127215711648 0.11892456867849432 0.6260216135997572 0.1158519210526947 0.6234145811403694
3 0.1104623658258106 0.6203384779484543 0.1078370312440029 0.6174373183512445 0.11541102682099336 0.6105842056507979 0.11803635926355582 0.613485362471311
3 0.11033380616549948 0.6103084618629899 0.11220220034226713 0.613243631853264 0.1058706062268584 0.6172735678107879 0.10400221439408597 0.6143383998794902
3 0.1063493489322127 0.607025237540563 0.10861121745642777 0.6100433243908102 0.10218317963574464 0.6148601898561564 0.09992131359649647 0.6118421052631228
3 0.036022424553721066 0.6087283272082092 0.038031282106544495 0.6122251055217794 0.03009238918639312 0.6167853794910779 0.028083535087716882 0.6132886041666615
3 0.0315375579564261 0.6062798983396178 0.03353320784765401 0.6092483802719334 0.025454140283613924 0.6146791524913366 0.023458493421003368 0.6117106732456049
3 0.06030557507381218 0.6144432230872168 0.06325456836225385 0.6170049010297142 0.05884618694187793 0.6220792201805398 0.055897195175475645 0.6195175438596546
3 0.05701754475205689 0.6151315789473686 0.04664220282415954 0.6151315789473686 0.04664220696031407 0.611748480263158 0.05701754232154599 0.611748480263158
3 0.0505178021409165 0.6092939789098248 0.05162420453689265 0.6126879919500394 0.04312945279707492 0.6154568457355991 0.04202305372814408 0.612062835526301
3 0.026834475772602673 0.6042114168502077 0.028378943437587623 0.6071190415192453 0.020695365161373047 0.611199930442116 0.019150900219301548 0.6082923081140518
3 0.036467269783997835 0.6005785067321369 0.0374953460773213 0.6036774362747193 0.028400229543876776 0.6066944197386778 0.027372156461638042 0.6035954929258882
3 0.029911834384279246 0.5973274942797484 0.03223211385511604 0.5993359090796866 0.02637110343346194 0.6061062633445633 0.024050825505014473 0.6040978501924029
3 0.024770468087012887 0.5947188586603581 0.027658072405642997 0.5964211894619221 0.023562193300108447 0.6033681266978974 0.020674589912232477 0.6016657971491137
3 0.019319729399171592 0.6303787474939693 0.016726780763633542 0.6278261517502565 0.022010657937698852 0.6224593878855429 0.02460360466966449 0.6250119817950711
3 0.018963155701726464 0.5975877193698667 0.018963156706831796 0.593682185703012 0.021929824557901156 0.5936821865723343 0.021929824603944326 0.5975877191881351
3 0.026903633985966735 0.5440584782789103 0.025226909272078046 0.5466189035988307 0.020534032075715913 0.543545993209313 0.022210756578942892 0.5409855690789164
3 0.04934210700423591 0.9638157894736844 0.04103648245620661 0.9638157894736844 0.04103648593820708 0.9616725405701754 0.049342105263121994 0.9616725405701754
3 0.044640421038366185 0.9853641319005138 0.04208327207288676 0.9823711359205985 0.05035977499744604 0.9753019497909899 0.05291692080845678 0.978294940907315
3 0.024122806059835966 0.9717684054532606 0.024361055083659267 0.9742852969727702 0.016051758518528914 0.9750716214845154 0.01581351286301924 0.972554733079743
0 0.08155732010038719 0.07411291439237334 0.08327634904969727 0.07815443118387166 0.059020763122930475 0.0884713400163683 0.057301735745568294 0.08442982456142346
3 0.9177631622098943 0.9967105263157896 0.9060082411768917 0.9967105263157896 0.906008249760248 0.992836150219298 0.9177631569911 0.992836150219298
0 0.7587838736676531 0.9611057390024607 0.7656416760647744 0.965869679910034 0.7564282162295513 0.9791288593649143 0.7495704232455864 0.9743649298245767
3 0.7263461601716017 0.980258452755583 0.725146720227599 0.9830748940809256 0.716605808335089 0.9794386274044861 0.7178052495559086 0.9766221899817334
3 0.7093286184207273 0.9853974287281053 0.7100199921311514 0.9826379983062055 0.7176780078888214 0.9845561402100974 0.7169866379692849 0.9873155673641963
3 0.7297331787281109 0.9692180635964833 0.7318223424358621 0.9665042515652285 0.740511124341424 0.9731911826740676 0.7384219654419439 0.9759049903047672
3 0.7103038085266462 0.991760210677584 0.7088993475647385 0.9944291238683901 0.7009850528485231 0.990265629820464 0.7023895142190213 0.9875967202346785
3 0.6398521885964783 0.7629844046052572 0.6430198587406721 0.7617004454887435 0.6458333278508235 0.7686403508772036 0.6426656583307704 0.7699243088721472
3 0.6146369640497369 0.7158714554199159 0.6126191758614823 0.7193126326672652 0.6058671883433817 0.7153541143556098 0.6078849764688812 0.7119129400485562
3 0.07359498152550259 0.1479590880207681 0.07017181103697112 0.1497283925577257 0.06733967105265037 0.14424893092106061 0.07076284076254069 0.14247962662806876
3 0.0832630657895379 0.15704243201753554 0.0868539733049829 0.15520119800600038 0.09053782812600275 0.16238566256954595 0.08694692085316547 0.16422689621890724
0 0.11003170302308263 0.0661554650468546 0.11379035351740185 0.07115353494073362 0.09503113035066235 0.08526082730733912 0.09127248135962418 0.08026275877192669
0 0.06749948520803173 0.09702522477253683 0.06277008542235762 0.10178026934931994 0.04661960569558232 0.08571693160063801 0.05134900395103159 0.08096188856375211
3 0.02302631437726177 0.9771639646216433 0.023402415976420343 0.9798696417605672 0.015128835829727905 0.9810193653247216 0.014752737973367402 0.9783136915569239
0 0.21623827133623763 0.5811003839400661 0.21835754908329363 0.5852695886470406 0.19048601074814542 0.5994356293877764 0.1883667467104715 0.5952664364034644
3 0.18749999888336788 0.5646929811376006 0.18750000099134922 0.5679824561403172 0.1750779921422918 0.567982457168584 0.17507799355871612 0.5646929856958105
0 0.17668137307612142 0.5417781384188238 0.17862801175976983 0.5469058882133259 0.15713772355206856 0.5550634395016556 0.155191096491194 0.5499356995614525
0 0.14529125910121365 0.5051773059032592 0.14961316982248718 0.5083135821993885 0.1358639003196913 0.5272590775429608 0.13154199451753357 0.5241228070175323
3 0.32150123673147846 0.5402996054560328 0.3217978541666753 0.5438596491228014 0.31615550928927405 0.5443297163443288 0.3158588936403248 0.5407696743420706
3 0.44457769627081234 0.9891577719297773 0.44523833593495965 0.9862146036631966 0.45119499874238045 0.987551269395277 0.45053436219109244 0.9904944349574185
3 0.4785300144322946 0.8882699854778332 0.4806891493966532 0.8912276071387385 0.47417220812860705 0.8959839736822554 0.4720130767543651 0.8930263552631169
3 0.4637893113070959 0.8880975214820306 0.4621244210147779 0.8852369780050051 0.4685281066747393 0.8815107997920952 0.47019299693886296 0.8843713404152097
3 0.45953827636321876 0.8763272974305546 0.4610960727185329 0.8791172360673695 0.4537418464324219 0.883222585707608 0.4521840537281605 0.8804326502193052
3 0.41528116228073486 0.855530839912259 0.4171051849285732 0.8525227010079377 0.42217898633862205 0.8555985787568874 0.4203549663590138 0.8586067153352456
3 0.4085534057018094 0.845520453947327 0.41087746316566154 0.842850274498927 0.4170610260291596 0.8482311189756728 0.4147369715381046 0.8509012956014369
3 0.5230487278167857 0.6151214797167147 0.518893793895586 0.6169937614245827 0.516142005482493 0.6108877357455991 0.520296934913631 0.6090154552098819
3 0.4665410986842744 0.5701265427631464 0.4699265767541192 0.5679678121904191 0.4743698655688604 0.5749354068527718 0.47098438871671533 0.5770941358696362
3 0.2962768480086879 0.38232022940360066 0.2945623857483497 0.38503632239102875 0.2854872713799068 0.37930814585740436 0.28720173343117494 0.3765920545623233
3 0.3514058475876709 0.4238053432017619 0.35460914223961026 0.42144269782074395 0.35937319548077085 0.4279014861835629 0.35616990188304953 0.43026413033461935
3 0.7210421063596186 0.9751574111841879 0.7228201011281499 0.9728693944872235 0.7317277702705951 0.9797894398926598 0.7299497796890364 0.9820774527477981
3 0.7236842117011975 0.9824561403508771 0.7129850921052139 0.9824561403508771 0.7129850950087757 0.9807416611842105 0.7236842091178914 0.9807416611842105
3 0.31270281526724375 0.5290992489774606 0.31095857206094024 0.5312828675532867 0.30277497934093844 0.524746482379277 0.30451922159386413 0.5225628656448148
0 0.35750712151866537 0.5983780007617642 0.3573124858259007 0.6010890678139259 0.3479874877131124 0.6004196671312234 0.3481821255356863 0.5977086023958039
0 0.3532354087216163 0.6050542424143704 0.3513254780234547 0.6074690949252718 0.34413869859361057 0.6017856281058237 0.3460486282790498 0.5993707776297839
3 0.2598684221965186 0.7017543859649124 0.25013654166673405 0.7017543859649124 0.2501365472587622 0.6978270614035088 0.25986841963344887 0.6978270614035088
3 0.37484684731714424 0.8000925339413841 0.3730729870825371 0.8028051214852409 0.36626318440426076 0.7983528058856972 0.368037044167977 0.7956402210297346
3 0.30969079714907366 0.7584065021929971 0.31257799499803696 0.757010746454086 0.3158175388530253 0.7637107428382348 0.3129303417764504 0.7651064973730098
3 0.20752118496523053 0.6008507534618467 0.2093337689693726 0.6034166353194502 0.19998218295359038 0.6100220194990712 0.19816960197363187 0.6074561403508327
3 0.21381579111437077 0.6151315789473686 0.20677109536995886 0.6151315789473686 0.20677109722771547 0.6124767774122807 0.213815789473756 0.6124767774122807
3 0.2116429639039552 0.6067764806299377 0.21162176516736508 0.6086444355851146 0.20290427236113828 0.6085455115603494 0.2029254725877081 0.6066775581140001
0 0.3251487960526447 0.25008241337719006 0.3294073095345311 0.24727873159604424 0.33653640922545947 0.25810691370123867 0.33227789686725373 0.26091059407541284
1 0.9397293286784816 0.01049642760976364 0.9465601892093218 0.020880851211388607 0.9229121181274422 0.03643651794942896 0.9160812587718965 0.026052095394742666
1 0.9654130401186194 0.04775999858513728 0.9698736041170832 0.05755919402967584 0.947955072480454 0.06753643016421595 0.9434945109646833 0.057737236842122897
1 0.968069852884696 0.03548287422043309 0.9745557310278627 0.04568177198951715 0.951743640056975 0.0601888606292676 0.9452577642543929 0.04998996491230721
3 0.9731117521919259 0.10594105133302353 0.9697561906461942 0.10862147581108043 0.965465548245561 0.10325013706142266 0.9688211093182417 0.10056971287760622
1 0.5076533358718507 0.7507397750550439 0.5121244924574739 0.7995401621186743 0.41444630559396956 0.8084871824934124 0.4099757642543409 0.7596873706140357
1 0.421387269879574 0.6468396370756118 0.4313498580143005 0.6982824210233992 0.3450395118851475 0.7149946653328249 0.33507746052634957 0.6635523563596082
1 0.2468794049547114 0.3801327629540193 0.23086912503799795 0.3058602237092996 0.3933153546252015 0.2708439400258719 0.40932607930699305 0.34511585408962764
3 0.25307083914310624 0.1757190938151773 0.25355221398785943 0.17831152170381742 0.24418049031248756 0.18005169147289107 0.24369911622807194 0.17745926425439593
1 0.07395458881580907 0.08086018859646726 0.08944766516742675 0.02224481860843366 0.19023811065505924 0.048885459593080216 0.1747451027029001 0.10750077332166552
3 0.40538031221376514 0.46325534355500353 0.40803715045171884 0.4662634284336292 0.40126888116526516 0.47224098316242663 0.39861204495616676 0.4692329002192932
3 0.3270062648570047 0.3977309450704962 0.3247515876274747 0.4009556994812434 0.316686308827002 0.3953169024657593 0.3189409855176564 0.3920921499738332
3 0.3933437838041982 0.830612054225471 0.3957445644558675 0.827563358173383 0.402983550654767 0.8332626994539573 0.4005827738683365 0.8363113919467879
3 0.38012813925433875 0.8164551962719594 0.3824060885643803 0.8127035521052406 0.3912061563005409 0.818045750633441 0.3889282125026057 0.8217973899936933
3 0.4327033857880451 0.9257155332648495 0.4313206008033603 0.9294665573943555 0.4184315513667798 0.9247163413723951 0.41981433955527336 0.9209653245162386
3 0.31462129693591123 0.7664723489865962 0.317206299737677 0.7633979179437306 0.32374999381795533 0.7688989152986743 0.32116499429059786 0.7719733432675385
3 0.42295801206137185 0.8589437916666585 0.4268072303977988 0.8572145466589951 0.43068395008981497 0.8658419937350018 0.42683473305316966 0.8675712365940473
3 0.40056961732454965 0.8364779616228292 0.4036085828522573 0.834610176765872 0.40831654396049544 0.8422685903715883 0.40527758007397097 0.8441363730815974
3 0.3954086197890092 0.8260710607781754 0.39307364784622223 0.8284461691481562 0.3874626983181315 0.8229311777809262 0.3897976680082138 0.8205560717590821
3 0.35596630921054384 0.789682524122808 0.35777092163561974 0.7868285974284328 0.3641436208815776 0.790857455527073 0.36233901140803937 0.7937113796313123
3 0.2850877194792929 0.7850877192982457 0.2760170833333859 0.7850877192982457 0.27601708682698245 0.7827869210526317 0.2850877179856752 0.7827869210526317
3 0.19356486622803004 0.7849353179824711 0.19469004959614722 0.7814920041073743 0.2056172857456886 0.7850620589960003 0.20449210794140527 0.7885053681406728
3 0.29264585319219805 0.7941452837279578 0.2939954665807818 0.7969427133146313 0.2846860939145017 0.8014331212489757 0.2833364846491122 0.7986356951754813
3 0.2927909396960331 0.7924092599181614 0.2927620123299448 0.7950611593054079 0.2820860473190123 0.7949447194258997 0.2821149780701262 0.792292823464925
3 0.2796052652547587 0.7807017543859649 0.27031238905908594 0.7807017543859649 0.27031239287339304 0.7779080942982457 0.2796052629056476 0.7779080942982457
3 0.27600653910292294 0.772921060162287 0.27798281677735304 0.7751994341150149 0.270275440340356 0.7818836343580546 0.26829916557016986 0.7796052631579357
3 0.2697368425322111 0.7686403508771928 0.25905778379797084 0.7686403508771928 0.2590577870097377 0.7664154835526316 0.2697368401843505 0.7664154835526316
3 0.3330017543859185 0.7614727807017561 0.33583311565087115 0.7589257966454216 0.34270683008560354 0.7665656220582415 0.33987547172478116 0.7691126030684221
3 0.3218019033396331 0.7906854776198019 0.3237917641833974 0.7931334045588438 0.31587992557444977 0.7995635050580606 0.3138900679824701 0.7971155811403855
3 0.31359649290254765 0.7839912280701754 0.304336259663728 0.7839912280701754 0.3043362638090912 0.7808954122807017 0.31359649021271707 0.7808954122807017
3 0.3065513555873167 0.7861842098769498 0.30655135845563564 0.7844707917300998 0.31632835503091883 0.784470803598347 0.3163283541667852 0.7861842197410582
3 0.2905701765120057 0.7576754385964911 0.2825969945175757 0.7576754385964911 0.2825969992298951 0.7542010307017544 0.2905701748404681 0.7542010307017544
3 0.26400505989875 0.759779695830649 0.26486582971665484 0.7630952589251238 0.25593060340440843 0.7654145606347385 0.2550698377194749 0.7620990010964965
3 0.25109648859597655 0.7486806951625812 0.2525513620395259 0.7511121022460877 0.24668056204382083 0.754624387635091 0.24522569078942524 0.752192982456135
3 0.2503923953531739 0.7455517019082344 0.2514780964146439 0.7482494156404107 0.24285316588827754 0.7517199411346903 0.24176746820171502 0.7490222302631151
3 0.24890350965154084 0.7456140350877193 0.24061283223693408 0.7456140350877193 0.2406128355733017 0.7431876600877195 0.24890350842508724 0.7431876600877195
3 0.2453366301343749 0.7401085983750914 0.2465951984389676 0.7429629581268455 0.2385293577115135 0.746518813043374 0.23727079276306995 0.7436644561403716
3 0.18616060137208024 0.727672520594693 0.18528074561879748 0.730342893483255 0.17694899803791486 0.7275981221832138 0.17782885513292968 0.7249277518943382
3 0.18018117543863355 0.7238703958333111 0.1813279796799634 0.7215636755947188 0.19062823715546529 0.7261866289711206 0.18948143601232914 0.7284933465644635
3 0.4633547445826025 0.8775848171380688 0.46574657801829744 0.8809311888102864 0.4588882908416281 0.8858320137167219 0.4564964616228053 0.8824856458333192
3 0.3371541570397767 0.7837440802383046 0.33508693076692 0.7872833695281081 0.32724242718427377 0.7827024082038075 0.3293096533957396 0.7791631227535358
3 0.39035087817148906 0.9857456140350875 0.382930108552614 0.9857456140350875 0.38293011297366775 0.9828324078947368 0.3903508761076182 0.9828324078947368
3 0.30456108983185004 0.7711831558232494 0.30587023759414933 0.7738919126286182 0.2979456696818943 0.7777211684675738 0.29663652521935546 0.7750124144737289
3 0.42872807109984024 0.9780701754385965 0.4203124430320031 0.9780701754385965 0.4203124470361672 0.9752778486842106 0.4287280681081711 0.9752778486842106
3 0.38015457814299225 0.9686673011463711 0.38263724488990647 0.9716233786438349 0.37590133698165573 0.9772789069770242 0.37341867434213327 0.974322833333359
3 0.44247435577528904 0.9828974861596863 0.44474133876565247 0.9858199495754323 0.43724748941133385 0.9916312695565641 0.43498051096491963 0.9887088103070232
3 0.43591486022683057 0.9789598401704206 0.4383249151273958 0.9819030355647183 0.4303566377415109 0.9884259836155801 0.42794658771936156 0.9854827927631813
3 0.4263311736110609 0.983368279387837 0.42502501587148345 0.9798186182623893 0.43263028729074904 0.9770209470016841 0.4339364469362863 0.9805706038342794
3 0.3837719308917258 0.9835526315789473 0.37897109539483154 0.9835526315789473 0.37897109848427135 0.9805895394736841 0.38377192972495777 0.9805895394736841
3 0.37609649292915037 0.9780701754385965 0.3680717456140883 0.9780701754385965 0.3680717517172525 0.9743290548245612 0.37609649009982604 0.9743290548245612
3 0.37787670049635835 0.9770785719902043 0.3794930200984936 0.9805704829888765 0.37277265168313534 0.9836802602073181 0.37115633662278924 0.9801883530701752
3 0.39932710274752026 0.9796881362639851 0.4020114544440503 0.9828014398025092 0.3952224130656532 0.9886533541809054 0.3925380657894948 0.9855400548245887
3 0.39556783367663684 0.9763510634627356 0.398459942828822 0.9789658994866534 0.39203668428763194 0.9860681840650493 0.3891445787145358 0.9834533517830228
3 0.38633447854238057 0.973008386300903 0.3874488108368723 0.9764101671085242 0.37859261622350004 0.9793103703908219 0.37747828947442486 0.9759085942982667
3 0.42177148888754346 0.9708952241153909 0.42355365132755196 0.9740668258435136 0.4161741621087458 0.9782122467579383 0.4143920042853324 0.9750406490145873
3 0.4000356088073431 0.9602716643560191 0.40252139574636203 0.9623693152205475 0.3976787223003839 0.968106420481708 0.3951929375000418 0.9660087719298184
3 0.39466185930950815 0.9653911954457108 0.39257671042901165 0.9627192939057657 0.39820152732113456 0.9583309300134044 0.4002866748876386 0.9610028287650317
3 0.40235103432678443 0.971451387542477 0.3990838836190278 0.9692450276365948 0.4040033256198967 0.9619624590408976 0.40727047019333895 0.9641688160912479
3 0.5145545668860905 0.9585761589912365 0.5155570049738571 0.9536860005920743 0.5320953236715695 0.9570752421691378 0.5310928993518473 0.961965388537316
3 0.3369522872807238 0.8619012357455729 0.33823775239829956 0.8583871320443457 0.3500047120742238 0.8626905246792774 0.3487192537734245 0.8662046226015713
3 0.3449132077611239 0.8656819852587335 0.3435238813341357 0.8693929028101913 0.33495385480387085 0.8661851065110046 0.33634318316114786 0.8624741934379674
3 0.3070473859648928 0.848899365131596 0.30903288745309965 0.8465954012666398 0.316588790921287 0.853105463539566 0.31460329257936337 0.8554094244261726
3 0.311163499560962 0.7777749898571514 0.31185945664219616 0.7806599596925238 0.30260712106814935 0.7828915312636759 0.3019111677632509 0.7800065646929799
3 0.30924459043194474 0.7758726091836492 0.30920620258984854 0.7776077097048477 0.2997414841626096 0.7773983430938486 0.29977987390350336 0.7756632445175357
3 0.31773299438020786 0.7849009627789144 0.31950881634338657 0.7875509509156257 0.31240386384774865 0.7923112485717886 0.3106280449561609 0.7896612631579222
3 0.3201754413743174 0.7927631578947368 0.31216075642282703 0.7927631578947368 0.31216075965051004 0.7896551820175438 0.3201754385964932 0.7896551820175438
1 0.12067729249599779 0.21993977634287032 0.10280117434206204 0.15905500438599104 0.2100627054095412 0.127562650055111 0.2279389309560429 0.18844723622321144