0 0.44596383886926105 0.22665721038295256 0.448702408264694 0.23146822918416346 0.40785775608333097 0.2547177352973873 0.40511919627192583 0.24990672478070197
0 0.4685841529595791 0.20084115142624995 0.4722369283816761 0.2047385043475317 0.4477659030085306 0.22767353234693624 0.444113131971676 0.22377618368721075
3 0.6578947366836019 0.05262147233573439 0.659248673091156 0.05477455655927105 0.654001542638639 0.05807413674248514 0.6526476063596647 0.05592105263161925
3 0.7600565778155897 0.23108172240295421 0.7637148004386063 0.22848504385964055 0.769092482179758 0.2360610427966675 0.7654342602779707 0.23865772048111425
3 0.7275514135362755 0.27573086173713596 0.7302207555137556 0.27974842274854733 0.7238317571600419 0.2839932888641654 0.721162416666516 0.2799757291666947
3 0.714912278928864 0.25373737145509356 0.7167658140367621 0.2574435300521729 0.7078014869359777 0.2619267026127061 0.7059479535348601 0.2582205454739316
3 0.6942731745507444 0.2203552644419494 0.6976406585802124 0.22375842402376142 0.6902814126381145 0.2310404083714682 0.6869139298245273 0.22763725000003307
3 0.7107363050133699 0.2183108908393555 0.70708619273978 0.2204222504079177 0.7027725812437211 0.21296499603084573 0.7064226918860186 0.21085363706140262
3 0.6887838660024954 0.21278785720955967 0.6918125539173161 0.21666655377411917 0.6844112063379271 0.22244582583984798 0.6813825197367578 0.21856713048242443
0 0.7047602888176243 0.5283422381711774 0.706111633706314 0.5333268731409301 0.6718921372952309 0.5426029922503556 0.670540809210479 0.5376183717105633
3 0.7196455298184219 0.8052156668019782 0.7234774852150849 0.8043002355857416 0.7255716555217759 0.813064598188965 0.7217397004775421 0.8139800283882084
3 0.7218262886261755 0.8148005650676504 0.7186012386899847 0.8172668263800859 0.7137266277404706 0.8108937353289775 0.7169516734172703 0.8084274764659526
3 0.7185493274267856 0.8164008902320418 0.7157466084024691 0.8194199881517887 0.7092577223245371 0.8133973774892945 0.7120604385964953 0.8103782828947775
3 0.6226747236649999 0.09138671061264798 0.6277436645589205 0.09943382374243852 0.6238688227410876 0.10187461013243349 0.6187998824673286 0.09382749754638758
3 0.6024978293928598 0.10609030796385252 0.6063141076800775 0.10386303388223442 0.6112437435594984 0.11230959008650039 0.6074274655391037 0.11453686380571533
3 0.6198889657293876 0.07037459301800776 0.6223866602566659 0.07484934119816755 0.6130738506925582 0.0800475129851292 0.6105761567981745 0.07557276535086327
3 0.4067982446728138 0.18215416609827323 0.40804820906487294 0.18582150742755996 0.3985064006783432 0.18907366938667758 0.3972564375168304 0.18540632910217436
0 0.6180888151619683 0.11746084386392772 0.6212622412280098 0.11354839802631231 0.6360699277506683 0.1255590143323971 0.6328965031625557 0.12947145879002162
0 0.5544130631623148 0.15601909187776802 0.557811419438849 0.1605143944751079 0.5167051907877749 0.1915895573750534 0.5133068412524153 0.18709426091683595
3 0.657894736967819 0.06140350877192982 0.6516330821461906 0.06140350877192982 0.6516330822774989 0.059172721491228084 0.6578947368420813 0.059172721491228084
3 0.6600877189827088 0.06228725180047848 0.6622575185296 0.0649860994557606 0.6562117039258055 0.06984676191874162 0.6540419046052648 0.06714791447371023
3 0.6760198361409948 0.07831319027517658 0.6782904689989664 0.08149336649213261 0.669409004079057 0.08783468235669112 0.6671383717105073 0.0846545065789428
3 0.6913422750806149 0.09006233292177677 0.6929439525005137 0.09202535063223191 0.6864085346213642 0.09735775431630819 0.6848068574561239 0.09539473684209454
3 0.7049966239783316 0.08843775422272189 0.7073733533878794 0.09200597921019057 0.6990872266502492 0.09752520146001423 0.6967104978069756 0.09395697697369355
3 0.6949325151185803 0.09990802540331918 0.6966461035273142 0.10374462484078177 0.6895105218521849 0.10693166789111785 0.687796933999266 0.10309506892564198
3 0.6957057264213518 0.09588374649428918 0.6966714700155308 0.09959978105922018 0.688341002427137 0.10176474173583382 0.6873752593921836 0.09804870765169006
3 0.7104623243266133 0.08030758788124538 0.7121032920721291 0.08311848622322665 0.7040567094369408 0.0878159711007368 0.7024157420776191 0.08500507309375391
3 0.7013115944306492 0.08581070640049296 0.7023120699209358 0.08859458700351963 0.6940348292683893 0.09156926733311237 0.6930343541662296 0.0887853870614378
3 0.695964143618653 0.08280064918546497 0.6982236367396126 0.08567121675265829 0.6915114872866752 0.09095449926068473 0.6892519945174627 0.0880839320175147
3 0.6940927856526287 0.07713512385805486 0.6968301343571284 0.07960957334054206 0.691227199335799 0.08580778255966533 0.6884898508772039 0.08333333333332539
3 0.6874999995827693 0.08788024707647778 0.6889981587053171 0.09050356540666646 0.6819848484759632 0.09450880816832861 0.680486689692998 0.0918854901316154
3 0.6761101341689937 0.08425877903388106 0.6773231831807607 0.08711081529905972 0.6693641992746961 0.09049598042070132 0.6681511506501465 0.08764394448373294
3 0.6862735533825344 0.08266844126548713 0.6880509228349183 0.08548955783901065 0.6808825379638392 0.09000579737400936 0.6791051688701373 0.08718468111482876
3 0.6800232812862532 0.08637335328143864 0.6769884669165549 0.08402574025186332 0.681731400578883 0.0778944519110351 0.6847662145584081 0.0802420647113021
3 0.6868951338299212 0.1044490882718675 0.6883214206767434 0.10710835266030373 0.6816184674751185 0.11070344418868902 0.6801921810135809 0.10804418013113552
3 0.6847472294481349 0.09895744084061327 0.687169537378054 0.10139624549699729 0.6808208558297792 0.10770196220777166 0.6783985482455819 0.10526315789475564
3 0.6809210529333996 0.10087719298245613 0.6759255371799782 0.10087719298245613 0.6759255375161501 0.09666300657894737 0.680921052631561 0.09666300657894737
3 0.6786265499672481 0.09190464802406817 0.6811434491020236 0.09431324566276553 0.6757580489799011 0.09994078185539539 0.673241150113995 0.09753218449047267
3 0.6779492801409788 0.08835370783496486 0.6791391358484589 0.09095640715684966 0.6713492478852459 0.09451763980063682 0.6701593925438374 0.09191494078944626
3 0.5324604813533824 0.14464438898087817 0.5351880581140449 0.14206176535090426 0.5396734854285796 0.1467989129108993 0.5369459090333066 0.149381536166886
0 0.5840134769000542 0.16982151919671476 0.5913669166762929 0.16727026622222557 0.6015915077939553 0.19674016797107982 0.5942380690916025 0.19929141871949435
0 0.5087794714676193 0.2488706977071993 0.503533718543963 0.25448820719413134 0.48334457329599445 0.23563547623785708 0.48859032127188584 0.23001797258775056
0 0.30328119220610006 0.5855279391504671 0.3023499081208456 0.5902413932854133 0.28301439504491555 0.5864214644765253 0.28394568530700326 0.58170801864033
0 0.34181651196695384 0.3348640940954628 0.34445151505588 0.33962255892154947 0.33098950586975207 0.34707688554688904 0.3283545071938079 0.34231842452345196
0 0.3340592098605839 0.32809850096650234 0.33827907671332014 0.33183719713383725 0.3252863654826115 0.34650156082516 0.3210665021930481 0.3427628684210798
0 0.33103576550888647 0.3181643334955777 0.3338514604719194 0.3230249870733781 0.31390033686909646 0.3345819499420504 0.31108464832948357 0.32972130193165666
0 0.33244193507687214 0.3241327484383028 0.33541220168581276 0.32828632064116475 0.3195448223608537 0.33963287622296756 0.3165745603070036 0.3354793081140683
3 0.2715227042619972 0.3547857634372748 0.27425021482554257 0.35918049785185313 0.26135740132667706 0.36718185988785046 0.2586298949503316 0.3627871291366911
0 0.27269412392126924 0.3612850538552697 0.27547449259907353 0.3655875171663731 0.2648796601866934 0.3724339010648112 0.2620992949562151 0.3681314407894768
0 0.30851478522754405 0.5787002264336776 0.3080630522646288 0.5839227498878898 0.28943621538644493 0.5823117308185765 0.28988795614031915 0.5770892160087957
0 0.2766508073999603 0.5891380829540956 0.27907396271928064 0.5841106831140429 0.2948714309347906 0.591724087261302 0.29244828491960106 0.5967514791708672
0 0.25044351644737617 0.27765429495613053 0.2555082935648443 0.2761552036341053 0.2590710666037239 0.28819197239135763 0.25400628982868056 0.2896910629008647
0 0.2887890404309701 0.593944516301236 0.2877809557784303 0.5992889651963219 0.2680911371530783 0.5955753986083748 0.26909922916661344 0.590230959429852
0 0.2781668145335061 0.5978812079134064 0.27718797229249503 0.6031902981974128 0.2597200524892287 0.5999700564535213 0.2606989013157772 0.5946609747807493
0 0.2714014754848222 0.6062956780911832 0.2695617083120396 0.611213785477378 0.25096623224339965 0.6042583461647786 0.25280600328949276 0.5993402478069858
0 0.2483295955204312 0.6071314113457512 0.25086033609807146 0.6027999404698136 0.26444479344786487 0.6107360106739458 0.2619140601577783 0.6150674752305761
0 0.25746396922579606 0.60995727634742 0.2578524033751819 0.616180111954016 0.23838757785995313 0.617394963482308 0.2379991557018002 0.6111721392543944
0 0.22923543987792527 0.6171216000774274 0.23061100554866698 0.6126639410474554 0.24916995034618594 0.6183902739642054 0.24779439423252825 0.6228479248475696
0 0.24201606353665284 0.6241377829487446 0.24024898961738472 0.6285301822928687 0.2223709713171047 0.6213386424054971 0.22413804824554973 0.6169462510965379
0 0.3449876329588051 0.3416638019651031 0.3462808678215197 0.3461944665761233 0.33178285895189674 0.3503326259239039 0.33048962828945605 0.3458019649122945
0 0.2550280581140214 0.2787895263157958 0.25933949588966243 0.27530738281667777 0.26856929207372104 0.28673503647915793 0.2642578562855533 0.29021717777244393
0 0.463054665433674 0.2617167562382554 0.4581158549583506 0.26290552425756286 0.45355759649123684 0.24396831578946968 0.4584963998524927 0.2427795486650495
0 0.47024686790973647 0.6366525644727797 0.48292434942993623 0.6556738009081785 0.4778678359253945 0.6590434804725511 0.465190367324567 0.6400222554824347
0 0.4470348949440677 0.2490139383662817 0.45249922360505934 0.24838082918156276 0.4550853954475542 0.270701479121394 0.44962106688319636 0.2713345877428571
3 0.5240156858079672 0.6152285824203096 0.5271291984648769 0.6119581513158182 0.5330243566585295 0.617569806143486 0.5299108465504787 0.6208402347481402
0 0.491373774811791 0.6035058935977125 0.4961434109519587 0.5999404198391944 0.5099672315612906 0.6184308455907468 0.5051976020423581 0.6219963116808584
0 0.5031370912546436 0.6174883471063564 0.49931889590732226 0.6208357807828925 0.4840711712610073 0.603445689405048 0.48788935689628943 0.6000982629794738
0 0.47943601973679506 0.601835384868438 0.48462638416629034 0.5999997806257682 0.492433096294576 0.6220715834265645 0.48724273385141714 0.6239071836581548
0 0.46987257346484057 0.6119644703947629 0.4734862756449729 0.6080564255988172 0.49027046942092056 0.6235746820543767 0.48665677590622636 0.6274827184425105
0 0.4928952160406652 0.6501948874429909 0.48759372709866966 0.652282242852625 0.4794807883771455 0.6316794791666851 0.48478225673704856 0.6295921283052885
0 0.46475318196132775 0.6402280888965747 0.4603783422272727 0.6438808016901039 0.44636581469296743 0.6271001019736548 0.4507406429771663 0.6234473969349695
3 0.5656965064238193 0.9089912257085122 0.5614418264153755 0.9103273606648467 0.5591436691021272 0.9030111152975251 0.5633983407450387 0.9016749817528891
0 0.44317298245607617 0.6253433135964943 0.4482212029860193 0.624016277619136 0.45386614364031175 0.6454877620614032 0.44881792419209887 0.646814795187259
0 0.45199847244759894 0.6471211488952704 0.44733006920921525 0.651004525830892 0.43391584978076025 0.6348806315789283 0.43858424112363537 0.6309972626433582
0 0.4432510813468298 0.648463121556178 0.43891753980278736 0.6515547854948849 0.4273408333333464 0.6353299133771952 0.43167436303588147 0.6322382554757946
0 0.4215083992600057 0.6408474874138356 0.42686721491224944 0.6377085614035206 0.43726399134516214 0.6554558152233049 0.43190518039921244 0.6585947348557412
0 0.4112963607456095 0.6509590482456292 0.4162630170644661 0.6481911248935821 0.42710369317171626 0.6676406586312919 0.4221370412600436 0.6704085757896677
0 0.40275052741230866 0.6536977971491189 0.40679950283731614 0.6502771606523116 0.41907332021526145 0.6648036485945813 0.4150243508344147 0.6682242785554912
0 0.3966326392543351 0.6578336831140451 0.40091813633773654 0.6536023027028541 0.414658735435637 0.6675167774439156 0.41037324665671804 0.6717481494975559
3 0.7053129907158109 0.09473431394007092 0.7067631674456152 0.09737157179642496 0.6987062013389505 0.10180192682339893 0.6972560250293327 0.09916466932879514
3 0.7129864174585236 0.08384048599855635 0.7149388366320863 0.08670975605757739 0.7087821641049459 0.09089910605092358 0.7068297452505021 0.08802983627576837
3 0.7199563025902762 0.08570900728964051 0.7220252848005657 0.0882580845870257 0.7161240865221998 0.09304783486102068 0.714055104595559 0.09049875782717165
3 0.794956141086459 0.28618421052631576 0.7901185386250518 0.28618421052631576 0.7901185395251105 0.2822797774122808 0.7949561403509051 0.2822797774122808
0 0.13650554758760336 0.42723295305499076 0.13128000895278547 0.42910022529188746 0.12202299780699377 0.40319594736841546 0.12724851971029238 0.4013286784305021
0 0.12700530766392149 0.5278509041628799 0.12312726134575769 0.5313232757056292 0.11276345285091338 0.5197496370613722 0.11664149361865839 0.5162772698477136
0 0.11417373723713808 0.5142216232924264 0.10877934258166988 0.5154963105107777 0.1056490624999924 0.5022501864035089 0.11104344622560802 0.5009755005327023
0 0.13851974671058542 0.5000395910087543 0.1426670129599188 0.4967194745417067 0.16509064366732673 0.5247273321630284 0.16094338575419442 0.5280474393194096
0 0.09583994517549854 0.48609917324560453 0.10089311775539045 0.48427790350331373 0.10606120367060612 0.4986158765152984 0.10100803213640575 0.5004371441754305
0 0.16740294125111177 0.576605925461388 0.16295675546155053 0.579680249598181 0.14720604934211678 0.5569033081140252 0.15165221980169008 0.5538289914037419
0 0.1866123779695954 0.6039227625460846 0.18260319843386696 0.6075404250319217 0.16910761732458468 0.5925859287280593 0.17311678842679612 0.5889682729242676
3 0.7905701763789921 0.26864035087719296 0.7813478332930117 0.26864035087719296 0.7813478342369535 0.2661372072368421 0.7905701754385746 0.2661372072368421
0 0.17376369488022192 0.40447003823301036 0.16994027016630753 0.40834033416833626 0.15042632394465727 0.38906363592451937 0.1542497423245095 0.3851933464912447
3 0.8607456135144957 0.3811467714907734 0.8614091125480172 0.384501700819444 0.8553904132324988 0.3856919544417155 0.8547269155701542 0.3823370263157584
3 0.8588860936126821 0.3731922722376106 0.8617933396157014 0.3757799597944376 0.8555912172726039 0.38274768945693793 0.8526839725876698 0.38016000328943705
3 0.8552557938147629 0.3648195602067902 0.8576218423683031 0.36837064220515925 0.8503188130231365 0.3732363697206568 0.8479527664472926 0.36968528947366536
3 0.8465267018528948 0.3696293552698396 0.8444183388728561 0.3663161571959743 0.8523446326754538 0.361272442982469 0.8544529954239124 0.3645856393241255
3 0.8455978135964415 0.4136328432017763 0.852800611321868 0.4067394652511761 0.8562195604054068 0.4103116964071003 0.849016764774774 0.4172050722213502
3 0.844328062689442 0.41183310936842654 0.8425841823698192 0.409050415096943 0.8520220451903242 0.4031361208531757 0.8537659252945105 0.40591881320132833
3 0.8502118547262398 0.4000530272882199 0.8513806180762913 0.40330079480655406 0.8429586066393995 0.4063314433635927 0.841789845394942 0.40308367763154546
0 0.14973856144240472 0.42071889426886916 0.1443546599405181 0.42363695451677974 0.1311220018695849 0.3992235825654855 0.13650588815789888 0.39630552741230085
0 0.15684234100876893 0.3866855175438572 0.1606397277614633 0.3819352475562632 0.18189559740881123 0.39892648054667185 0.17809821900095812 0.40367674279852245
3 0.8376566882471934 0.3994157636206473 0.8353117289390184 0.3969298219952744 0.8420590518356903 0.3905654550516371 0.8444040099535641 0.39305139529575867
0 0.3729472712326469 0.3028891248638627 0.3774983791968225 0.3003653629578612 0.38773556616115457 0.31882557687798563 0.38318445998629613 0.3213493362555478
0 0.09825852584128825 0.48264713104950485 0.1032367775402463 0.47941313273170444 0.11921566891453494 0.5040084099302431 0.11423742285330718 0.5072424011118464
0 0.35358655592096966 0.31284439144738263 0.35939771502353324 0.3095258384631736 0.3699804610347428 0.3280568443824495 0.3641693044372687 0.3313753939094975
0 0.3467840620486413 0.31654381979780755 0.3533582447109893 0.31362174482190636 0.36268259999940256 0.33459932511706436 0.35610841932737003 0.3375213967591949
0 0.35842125632314037 0.3349560597593776 0.35392979130267577 0.33957941109327533 0.3366913560523699 0.3228332722191863 0.3411828157894661 0.3182099265350961
0 0.4177264382975636 0.30124466454909066 0.4110614822466232 0.302750306271122 0.4059689232456094 0.2802078706140411 0.41263386602747687 0.2787022304582233
0 0.3942976316934619 0.28831675138671564 0.39868704910236374 0.2843505330565349 0.41403529227420677 0.3013360000531697 0.40964587875510006 0.30530221429978915
0 0.38860249342098996 0.29353994846492193 0.39332289959611444 0.29023784371267913 0.4055112400529879 0.30766077631849414 0.4007908365435924 0.31096287785150595
0 0.2773453304924942 0.33948281487739906 0.2809602271950098 0.34282496584393246 0.2619168754039265 0.3634216262104063 0.25830198355265566 0.360079480263173
0 0.16854925326333614 0.3786522463883344 0.17272821668518645 0.37511127933992716 0.19086348400185216 0.39651310827446334 0.18668452599706598 0.4000540694579165
0 0.2763157758183752 0.3338818176687352 0.277873034824097 0.33841919056460457 0.2509132763279922 0.3476716216778462 0.24935602521929923 0.3431342554824983
0 0.2704509201956853 0.32043849589981294 0.2745965646726063 0.3241244830657444 0.2562629836530732 0.3447436343206628 0.25211734405399966 0.3410576523078852
0 0.2697368333011809 0.3239774852541369 0.2710120433633847 0.32960732837571727 0.24425759257849222 0.3356672268250346 0.24298239144741274 0.3300373914473302
0 0.6850593626046475 0.5485391990081468 0.6822729305391704 0.544057098716945 0.692191117324569 0.5378917149123033 0.6949775489557624 0.54237381087252
0 0.6904826456272986 0.5166086424720461 0.694849109794859 0.5200357158890131 0.679424913080652 0.5396861487637498 0.6750584550438816 0.5362590822368268
0 0.45693140342018523 0.6214509029573545 0.46237914692983395 0.6201569989035041 0.46501849874084655 0.6312681801828546 0.4595707557167543 0.6325620828269757
0 0.41729160868476356 0.6431700172600763 0.4223253662280513 0.641306495614049 0.4259598751775684 0.6511228096854372 0.4209261186232425 0.6529863294087168
3 0.8442449714628992 0.3951212907867665 0.8465597561173581 0.3984289286958695 0.8389461235725548 0.4037569167409333 0.8366313410087969 0.4004492807017315
3 0.8388157881020106 0.3873289735452377 0.839989623269048 0.390262820550552 0.8328174257489991 0.3931322886410184 0.8316435920912681 0.39019844298250533
3 0.6833984963557214 0.11360191881506125 0.6824053362473705 0.1101849257929481 0.6896929821857611 0.10806675564864195 0.6906861425511579 0.11148374823044407
3 0.7098609311818791 0.10008411419950178 0.7084436860969845 0.0962336292815932 0.7162145194108689 0.09337343254799077 0.7176317647049473 0.09722391699426917
3 0.6984649119427786 0.11992822998056718 0.699231264878108 0.12305591486635852 0.69114513197826 0.1250371887865615 0.6903787796052256 0.12190950438598344
3 0.705043859071111 0.11430656183754702 0.7072683322166995 0.11685583121604776 0.701426857640854 0.12195303547045916 0.6992023848683857 0.11940376644740278
3 0.7143247782274784 0.10824399622279259 0.7168054111135689 0.11097424935263676 0.7104315513257689 0.11676534044603211 0.7079509188596376 0.1140350877193226
3 0.7127192977739014 0.10613034743655837 0.713839532891825 0.10909313709888727 0.7055149524885564 0.11224066088418973 0.7043947178931376 0.1092778716599769
3 0.7260060177723062 0.09030026831659961 0.7285477128807543 0.09255659892546123 0.7230223218907668 0.09878078458152945 0.7204806270382278 0.09652445424243546
3 0.723427262919472 0.08923815269615537 0.7248882131580103 0.09183053477171829 0.7178559185185804 0.09579360974954346 0.7163949686212163 0.09320122796834836
3 0.7177999715794385 0.09659911885059519 0.7201095641660231 0.09845528855481173 0.7149128686900212 0.10492140631005614 0.7126032763158037 0.1030652368420789
3 0.7116228066768144 0.09021522748089371 0.7135135220909206 0.0934847748733582 0.7074800110918886 0.09697382667309518 0.705589296052608 0.0937042796052496
3 0.708333332624079 0.11695589477148977 0.7105803448002916 0.12031971042492437 0.7033512034545311 0.12514871862345747 0.7011041918859746 0.1217849035087801
3 0.7104473690563964 0.101873812997987 0.7124905615112311 0.10452589770858475 0.7066678807079825 0.10901173351997018 0.704624688596482 0.10635964912282882
3 0.7077098186493913 0.09929445470354291 0.7089337553145469 0.10229581812538321 0.7018874165100897 0.10516925999559536 0.7006634802677354 0.1021678969298346
3 0.7017543855283748 0.11105438409893797 0.7036482303612956 0.1143924731038925 0.6974882336103292 0.11788729582919528 0.6955943892543246 0.11454920723682097
3 0.7014414225528753 0.10637019113761932 0.7037060749138391 0.10881653930043851 0.6972290664604088 0.114812462930896 0.6949644144737022 0.11236611513156351
3 0.6980668030086008 0.10224552695053166 0.7011366390472631 0.10518816795476625 0.6950969151066602 0.11148893538356407 0.6920270794802263 0.10854629479849406
3 0.6970991021402142 0.11508335466747645 0.697850321813462 0.11887497188244295 0.6884784614260298 0.12073177641501166 0.6877272424947023 0.11694015985115572
3 0.6936208229789145 0.11136996702325051 0.6954824559006738 0.11437182034954128 0.6879617519065278 0.11903584957099933 0.6861001195176186 0.11603399671054641
3 0.6985050101196748 0.12028757287886822 0.7016210605177093 0.12254213351084178 0.6959888991999605 0.13032636154045382 0.692872849151172 0.1280718013212171
3 0.7007887404542998 0.12659472830520654 0.7035739402072068 0.1296955839494908 0.6972795103134786 0.13534923358988735 0.6944943111062685 0.13224837846889934
3 0.8315539295858798 0.3729017002174286 0.8337483904062992 0.3765731870036536 0.8255138351822779 0.3814947937796566 0.8233193766866407 0.3778233090159856
3 0.7261322170543281 0.12328102412283176 0.7280038954821748 0.12618891320517123 0.7219261439744287 0.13010087113236862 0.7200544660087189 0.12719298245609273
3 0.724780700875499 0.14673127619984938 0.7266376369811951 0.14929287430925525 0.7195976274263103 0.15439623356423743 0.7177406918859788 0.15183463596486657
3 0.7182017541418872 0.15769069514364784 0.7188962916942501 0.1609011120331301 0.7127225819407386 0.16223671354362187 0.7120280449561278 0.15902629714907002
3 0.7241409959017346 0.16206050594954421 0.7192594171874589 0.1686103078299524 0.7159884105823267 0.16617244046511973 0.7208699890351227 0.1596226392543512
3 0.7167983346869278 0.15291942603054615 0.7186510543591567 0.15584694136556496 0.7113103461731498 0.16049257722773672 0.7094576271929327 0.15756506250001062
3 0.7134077553932912 0.1429862401378269 0.7154057396326152 0.14547136687281326 0.7085086909296479 0.1510163969229313 0.7065107072224919 0.14853127068078847
3 0.7137738338819872 0.1472212747992493 0.7160808871402651 0.1490627212471465 0.7111831065441265 0.15519885495265232 0.708876053584163 0.15335740883737053
3 0.7135039194344017 0.1290252112521875 0.7163468535367201 0.13104475305888633 0.7121959766192276 0.136887962566497 0.7093530427631549 0.13486842105265004
3 0.710040916649632 0.1387755632065348 0.7119398571071542 0.1411371809861217 0.7051166673223861 0.14662356818632705 0.7032177273504203 0.14426195085614243
3 0.7031561206143806 0.1258147083333391 0.7107700471023009 0.12248040199193502 0.7123005238534006 0.12597524656847922 0.7046865975081573 0.12930955266643246
3 0.7058238975382665 0.1339245699688837 0.7090828102564046 0.1370840163244487 0.7030893101770062 0.14326616836884276 0.6998303980263927 0.14010672258775564
3 0.7227653000287546 0.11960195080962613 0.7250532151202833 0.12301696111630449 0.7168515163438087 0.12851173225558152 0.7145636019737367 0.12509672258775473
3 0.7277847222845821 0.10667335146521045 0.7295396981382964 0.10955908819139545 0.7207231386549893 0.11492090398737265 0.7189681633772125 0.11203516776319046
3 0.702850877444348 0.13486842105263158 0.6970380657894566 0.13486842105263158 0.6970380662921798 0.13168590789473686 0.7028508771928728 0.13168590789473686
3 0.7060295127245126 0.13199603904608553 0.7052329616731186 0.12875803521054213 0.7138157894736423 0.12664666447373085 0.7146123408995209 0.12988466774172197
3 0.7171052626164283 0.1129854003736387 0.7185697376952476 0.1155334580733645 0.7114071319243749 0.11965008875426106 0.7099426572758603 0.1171020314275292
3 0.7207639187641917 0.11575953977397233 0.7227424567400931 0.11912068167150806 0.713984565763667 0.12427599543867551 0.7120060285088812 0.1209148541667114
0 0.20752280139413415 0.6230965656796016 0.2097881458332722 0.6179382346491732 0.22979539242885494 0.6267236041932226 0.22753006061623182 0.6318819245092715