0 0.44567932021732304 0.226476962555446 0.44842640319586735 0.2313029379203732 0.40758174990605767 0.2545524440328305 0.4048346765350743 0.2497264769736539
0 0.44567935526310976 0.22538293201752332 0.44282498126426617 0.22085788071320475 0.471444058256111 0.20280539301167835 0.47429843164991325 0.2073304393231677
3 0.6590719646726484 0.052789933622153465 0.660090185861236 0.05528960334656311 0.652032392023898 0.058571880066557856 0.6510141710526796 0.05607221052635951
3 0.7600772534343605 0.23096369792733076 0.7635454298246032 0.22811816228070053 0.7695142980668379 0.23539297848185395 0.7660461225437984 0.23823851317698977
3 0.7267988381146324 0.27528863485061983 0.7296471239035327 0.2792669583332963 0.7233261944123797 0.28379232655221853 0.7204779100877658 0.2798140043859205
3 0.7062613472910471 0.25895839123461545 0.7146429561403238 0.2532822752192931 0.7169927882065394 0.25675207409101675 0.7086111801183961 0.26242818917212773
3 0.695193107760474 0.22073303883458043 0.6979015184763284 0.22479442509120726 0.6892880143479942 0.23053840893473526 0.6865796052630913 0.22647702412280823
3 0.7063073077089257 0.2108862142435956 0.710773628113202 0.21825883015852582 0.7071615122133608 0.2204470129185142 0.7026951929824463 0.21307439802630196
3 0.6840789111842014 0.22155361074563512 0.6814141577996224 0.21727952693715005 0.6897498068105961 0.21208259326735446 0.6924145600493148 0.21635667568752803
0 0.702157974347756 0.5235112411040305 0.7049180328947386 0.5278993432017955 0.6748911921051786 0.5467841508173898 0.6721311480263239 0.5423960614035301
3 0.7267006241488616 0.8125525556610474 0.723256460526386 0.8145514221491111 0.7187008830130708 0.8067034596456127 0.7221450405702399 0.8047045953947168
3 0.7221450467250179 0.8150984642948107 0.7187040748038953 0.8172826954167289 0.7143651008772167 0.8104485778508858 0.7178060676126279 0.8082643489174751
3 0.7179772237611814 0.8172866479130827 0.7144142960329418 0.8193544362709227 0.7099686146159456 0.811695794857721 0.7135315361841776 0.8096280087719196
3 0.6226635253919994 0.09174111629749325 0.6282300635964475 0.10092997807017683 0.6242114253938098 0.10336442893324065 0.6186448879246882 0.09417556780153426
3 0.611003057232665 0.11241794216582505 0.6071404526185233 0.11482283079502942 0.6018612088619193 0.10634361958922547 0.6057238124999458 0.10393873135966428
3 0.6195469306962877 0.07022008384717131 0.622950820175447 0.07439825000002247 0.6141290906449512 0.08158516779777036 0.6107252017543487 0.07740700219294507
3 0.40650180438240113 0.1807986849211361 0.4085039949776501 0.18415458408371552 0.39899972258774596 0.1898249451754736 0.39699753319769115 0.18646904706090872
0 0.6197879391885408 0.11453702158042316 0.6240622390350836 0.1118708969298331 0.634171490525091 0.12807786041465943 0.6298971914050071 0.1307439841240519
0 0.5117471203092236 0.1843444044732084 0.5557099199561435 0.15754923464914838 0.558650539884411 0.16237386652073216 0.5146877432772499 0.18916903234607743
3 0.6537862039314177 0.06400796842075723 0.6521255899122025 0.060995623903481476 0.6590784804358236 0.05716271083637755 0.6607390944678855 0.06017505513232289
3 0.6610169492145133 0.06181619246424097 0.6630551503384368 0.06486101404528875 0.6561087764952163 0.0695109046603099 0.6540705756578973 0.0664660833333321
3 0.668640775855124 0.08723395684019171 0.6665740482455931 0.08369803070171003 0.6758993747812383 0.07824744456151368 0.6779661023834933 0.08178337021863116
3 0.6857460405701659 0.09737417982457892 0.6843240720072572 0.0952074513617965 0.6918261568886237 0.09028403777754074 0.6932481254009417 0.09245076596174955
3 0.6990645693553006 0.09683830148661046 0.6965823837720109 0.09272428837723361 0.7052143971092164 0.08751618554148502 0.7076965826578316 0.09163019806616315
3 0.6904695745614617 0.10722100657899451 0.6882150280998758 0.10358355571365888 0.6957171129145081 0.09893366640904407 0.6979716593265266 0.1025711167690148
3 0.6897978513661656 0.10237982079467033 0.687413169956244 0.09901531688593751 0.6944755580603896 0.09400967677974245 0.6968602393377523 0.09737418025162756
3 0.7103438905193116 0.07986366426192082 0.7121422620614339 0.08260393859649676 0.7042157088861813 0.08780591983647913 0.7024173377193392 0.08506564583334406
3 0.6946013499948549 0.09247442340479449 0.6929702697368612 0.0899890592105688 0.700508403708568 0.08504198862976599 0.7021394839115374 0.08752735252060699
3 0.691185466636739 0.09006925473190315 0.6890803004386044 0.08698030592103884 0.6964222026097104 0.08197669782373164 0.6985273687215567 0.08506564627423718
3 0.6901532291873309 0.08564038153807185 0.6879688804824582 0.08260393859650174 0.6952316001618328 0.07737931218625894 0.6974159487551788 0.08041575478947043
3 0.6874131694013386 0.08725382817617162 0.6892085252031848 0.08974953398335049 0.6819842973452523 0.09494647084991831 0.6801889418859446 0.09245076535086957
3 0.6690747434211062 0.09108315131583722 0.6675962667267186 0.08826710949642697 0.6759319150758074 0.08389074212156866 0.6774103918111223 0.0867067835874374
3 0.6804667960526558 0.09026258223679996 0.6787503643855644 0.08739074938351192 0.6865303044316988 0.08274085994039147 0.6882467360833289 0.0856126924509643
3 0.6787996666666913 0.08615973793861194 0.6766667147362568 0.08290964525923712 0.6833352336568623 0.07853327750135403 0.6854681855288618 0.08178336985565983
3 0.6882749543621003 0.1072710073596966 0.681578216008802 0.11105032785089207 0.6799547899285017 0.10817371987792475 0.6866515277030203 0.10439439959171364
3 0.6799865480649032 0.10735127777703617 0.6779661019736523 0.10421225328951055 0.685392724281428 0.09943209272220395 0.6874131703067405 0.10257111677270275
3 0.6779661019736523 0.10366520833329206 0.675697367353564 0.10054714025468693 0.6820880311165638 0.09589724953373371 0.6843567656068217 0.09901531723773851
3 0.6791675978374769 0.09238224546448112 0.6813003607455812 0.0951859956140392 0.6749231236000242 0.10003703245550219 0.6727903610519661 0.09723328263450845
3 0.6723461848838497 0.09542354309207986 0.6704640175438499 0.09272428837719172 0.6774732091346323 0.08783685128526336 0.6793553763856153 0.09053610567771556
3 0.5387607673793582 0.14824945229143205 0.5355483577893665 0.15017774572485715 0.53193624359983 0.14416024050045165 0.5351486524122038 0.14223194736843486
0 0.6043345558512101 0.19611596247763152 0.5975868621181917 0.20018794104725535 0.580915555829165 0.1725621283951479 0.5876632401316328 0.16849015350875637
0 0.50097249464784 0.255470462969948 0.4857907252910536 0.23233755851122323 0.49245924284127796 0.22796119445217544 0.5076410109649032 0.2510940921052507
0 0.3045290452143945 0.5858861730566928 0.3034961513254757 0.5906729495160449 0.28321272366258654 0.5862966140857403 0.28424562390353003 0.5815098464912413
0 0.3437065898489209 0.33998905701505416 0.33001232323601926 0.3469443928151585 0.32751163026466656 0.3420209796383554 0.3412058903509205 0.3350656458333086
0 0.3226307520243381 0.34451809463025795 0.3195332039473442 0.3397155361841975 0.3358855096782918 0.32916901027683965 0.33898305701620757 0.33397156392622757
0 0.33062597082039247 0.3177591394308328 0.333703807017514 0.3224835888157483 0.31427538484945217 0.33514019832670505 0.31119755482450273 0.33041575438593757
0 0.31894150498123963 0.3389174043809835 0.3161989440789057 0.3345185997806994 0.3329062380855703 0.3241023050793423 0.3356487985287231 0.3285011053043288
3 0.27150936554824057 0.3552783615425595 0.2742428453947241 0.3596827138157953 0.2612274012377611 0.3677601809984486 0.2584939256353209 0.36335583243767294
0 0.26479577631585016 0.37253829276319217 0.261977871767499 0.368187413302744 0.2725363638676299 0.36134934687185605 0.275354267925195 0.36570022327289925
0 0.31127281660610606 0.5798818600396918 0.31036399013157734 0.5850656458333481 0.29000530868347596 0.581496686404541 0.29091414254389747 0.5763129100877561
0 0.29535983043638225 0.589989027454147 0.2939868547965716 0.5953930485829476 0.27675983341566734 0.5910167043772934 0.2781328146929809 0.5856126918859811
0 0.24895804385971587 0.2781728662280547 0.25368858569640906 0.27571159282266394 0.25952353605123335 0.286926037443771 0.254792995124717 0.28938730950960173
0 0.28880514283207503 0.5949380455297657 0.2875798837719685 0.6003829320175649 0.26801619013656364 0.5959809818518778 0.26924145614032113 0.5905361052631865
0 0.27924424355614974 0.6050328246301984 0.2598633357926019 0.6001114027770424 0.2612526200648517 0.5946409436235113 0.2806335087722118 0.5995623629385828
0 0.2720596398576163 0.6044945254144436 0.2709085855262856 0.6096827138157879 0.25114124256174364 0.6052975877147463 0.2522923037280407 0.6001094089912503
0 0.24790579651858025 0.6096229153924015 0.24923589912282296 0.6047592993420908 0.2644587361495496 0.6089219677583295 0.26312864185138096 0.6137855766839988
0 0.2583639751867395 0.6128660673136197 0.2570158377192229 0.6189824945175662 0.23760711982902194 0.6147050375571569 0.23895526535090994 0.6085886217104868
0 0.25062518609377094 0.618708929375245 0.24926184629123327 0.6231780064757038 0.22953412680988095 0.6171605344326895 0.23089747149117557 0.6126914660088033
0 0.24264424247019178 0.6237470001253362 0.24117810526308858 0.628282275219352 0.22220710058059012 0.6221501459002531 0.22367324232459396 0.6176148793859789
0 0.33314809649118615 0.352024070175447 0.33061445055193417 0.34794167595428627 0.34339578261688075 0.34000951880219904 0.34592942823815065 0.3440919097863176
0 0.26257293707180906 0.2907549244675929 0.25551038963340034 0.2778413116094756 0.2605117780052524 0.2751060843960681 0.2675743256579608 0.28801969407897593
0 0.4506807445175127 0.2464442017543884 0.45502927407392235 0.2438214237224986 0.46558775467894975 0.2613269003309674 0.4612392266880079 0.2639496762894429
0 0.46540705701750085 0.6397702412280767 0.4706850663731075 0.6367593230236372 0.48207709351538597 0.6567265187285821 0.4767990891215277 0.6597374300989238
0 0.459166683158287 0.26857258755881636 0.45373714912284413 0.2718818377192861 0.4419169581317419 0.2524886781011742 0.4473464846491879 0.24917943092104222
3 0.5246679305965927 0.6140174541051929 0.5284801337718363 0.6115973739035372 0.5328480425731641 0.6184770788478616 0.5290358408443581 0.6208971571983214
0 0.5091991341050743 0.6195478348250651 0.5040288969298672 0.6225382927631324 0.4924680127933243 0.6025528144492484 0.4976382324560973 0.5995623629385928
0 0.4851347598684015 0.6028446392543921 0.4894762095409533 0.6002110703529281 0.5015282017544678 0.6200765866227795 0.4971867564004242 0.6227101498252279
0 0.4773548212718879 0.6033916853070169 0.4820501753541748 0.6005171213571152 0.4942757659464405 0.6204843176023549 0.4895804166480957 0.6233588752792055
0 0.4723534320175986 0.6091356677631588 0.4769374856559807 0.6063549392901134 0.48888522287643355 0.6260486117881716 0.48430117380462434 0.6288293342356492
0 0.4898171846173227 0.6518305512301515 0.47818838596492697 0.6329321666666352 0.4830371684738566 0.6299489292879201 0.4946659662210777 0.6488473033465663
0 0.4634621013204878 0.6416848846943682 0.45851945478989364 0.6445224586099049 0.447624339912295 0.6255470460526436 0.4525669699382888 0.6227094781285266
3 0.56654627160367 0.9094638899716355 0.5626591164236743 0.9116570760480626 0.5584884692982541 0.9042669583333179 0.562375617217981 0.9020737748273093
0 0.44012225657900217 0.6271881842105255 0.44456199072055824 0.6244432802532248 0.45623784429824354 0.6433260394736636 0.4517981146832426 0.6460709375343315
0 0.43456515679827135 0.6337527357455951 0.4396747131864913 0.6304791576103056 0.4510667426773125 0.6482581699091731 0.44595719159553937 0.6515317412951982
0 0.443456544596188 0.6509846665642157 0.43882358579435277 0.6536064426579797 0.4278966381579039 0.6342997807017744 0.43252958095126814 0.631678010299375
0 0.42192814992097283 0.6403534636838109 0.42734092763157605 0.637308533991252 0.4374772191242755 0.6553248886242388 0.43206444587849546 0.6583698121052745
0 0.41094748574562345 0.6509846831140185 0.41587613951719504 0.6481240893792518 0.42706307346486483 0.667396061403532 0.42213442439719984 0.6702566487379678
0 0.40372325657892816 0.6520787741227845 0.40815890738758753 0.6491770581403306 0.4187173744411439 0.6653149308495687 0.4142817281083353 0.6682166412169935
0 0.3978883026315998 0.6556345734649097 0.4030157912411596 0.6524756294567128 0.41329640256276434 0.6691605472274127 0.40816891873805616 0.6723194849884758
3 0.6988052236841895 0.10257111622802452 0.6969011314749878 0.09972065214395477 0.7046810705944608 0.0945237167998071 0.7065851627204438 0.09737418048278021
3 0.7088080021929954 0.09108315131575034 0.7065943168503281 0.08790845988491168 0.7132628358388047 0.0832585691444677 0.7154765210868845 0.08643326023212639
3 0.71575437609647 0.0924507653508337 0.714002656688308 0.08967036085431265 0.720949030900897 0.08529399427047726 0.7227007502719971 0.08807439845784641
3 0.7904612680995342 0.286394821782234 0.7902195054824688 0.2817286655701794 0.7960105701009752 0.28142862651287137 0.7962523338230767 0.28609478155407037
0 0.1386496531032435 0.42532821073812815 0.13392651733295224 0.42824109743244476 0.11947763267551181 0.4048140043859525 0.12420075588931923 0.40190112276192036
0 0.12670187500498287 0.5284463797466467 0.12248211608471138 0.5314943715300638 0.113364823464849 0.518873085526347 0.1175845751123461 0.5158250975284403
0 0.11697694960582794 0.5139496644978728 0.11229139515478437 0.5169110645563186 0.10419560964908214 0.5041028442982495 0.1088811558006455 0.5011414477190802
0 0.14003890021922416 0.49808533881581507 0.14464755424899067 0.49535115285711306 0.16298593201133826 0.5262592825552527 0.15837728370456716 0.528993460847251
0 0.09447068640349698 0.4871444199561202 0.09923403550692456 0.48452360542225953 0.10669630482459525 0.49808533881580014 0.10193295787451007 0.5007061503054903
0 0.16726872336050747 0.5768599326727941 0.1626677382340631 0.5796973588768576 0.14809669298244899 0.5560722105263286 0.15269766127551065 0.5532347911191152
0 0.18588499101872458 0.6055798541292721 0.18130853071033926 0.608446393627763 0.17060294517534658 0.5913566743421351 0.17517939273704997 0.5884901401140991
3 0.791833799411279 0.266644758078502 0.7921644901315403 0.27078774671053024 0.7813809804209768 0.2716484571902546 0.7810502916665882 0.26750547039469325
0 0.17199224818239145 0.40727569402281544 0.16738465519858892 0.4101940299493365 0.15265832536670132 0.38694458874296567 0.15726590679821584 0.38402625767543946
3 0.8552375657893663 0.3832056896930025 0.8610793375273715 0.37924967238937923 0.8633021763785109 0.3825319487372355 0.8574604053858366 0.3864879651262424
3 0.8546818563596617 0.38183807456140395 0.8524020125565812 0.37859588044710096 0.8601819532027548 0.3731254249747771 0.8624617964918571 0.3763676173155294
3 0.8556655255259784 0.3649191196340904 0.8577382609648794 0.36870897149126064 0.8498082156586406 0.37304586747637763 0.8477354824561871 0.3692560175438395
3 0.8455126425438948 0.36870897149125714 0.8438237813846854 0.36516351834360916 0.8524590164473693 0.36105032785089325 0.8541478780246052 0.36459577911391144
3 0.845234787280674 0.4124726480263003 0.853901451375009 0.4075206983456754 0.8564021448967196 0.4118970675315985 0.8477354819410721 0.41684901564519794
3 0.8441233673245279 0.4116520789473194 0.8424696814389563 0.4087964287432986 0.8521811611842622 0.4031728662280654 0.853834847061762 0.4060285144430706
3 0.8432898026316025 0.40700218859647114 0.8413240771583332 0.40400704692909817 0.8488261633538059 0.3990836363422424 0.8507918885293293 0.40207877635943795
0 0.15059741872312316 0.4206783179235809 0.14533611257490975 0.4238970854943992 0.13060978373459875 0.3998270765904902 0.13587107565786027 0.3966083146929894
0 0.15976660197372894 0.38293216666665403 0.16499359434851613 0.37974645610116414 0.17916417441199428 0.4029959257590444 0.17393718598896157 0.4061816311310092
3 0.8431293986481023 0.39043832662670114 0.8449569320174533 0.3933260394736368 0.8365038307333634 0.3986754578214618 0.8346762993420498 0.39578774671049904
0 0.3876076824484471 0.31838073581062537 0.3832134566447394 0.32119629640090286 0.3718213959015202 0.3034173077754861 0.3762156151315139 0.3006017500000239
0 0.10347317681998902 0.4796885056897677 0.11924352906294189 0.5044450492156942 0.11419838815788808 0.507658643640306 0.0984280485885165 0.48290211124872456
0 0.3534315087720188 0.31345733004384246 0.35916454205801074 0.30991250474199233 0.37083443671781424 0.32878560047237704 0.36510140638620214 0.3323304219267141
0 0.3578771907286864 0.33698030932463385 0.34569439582548966 0.3175333445469285 0.35180720258335896 0.3137040268241821 0.36398999671052934 0.3331509846491651
0 0.3564879326497703 0.33725381651322905 0.35106885757602413 0.3407500620371806 0.338009664934134 0.320509370692092 0.34342873026309917 0.31701312938596743
0 0.4031675460526003 0.28309627960525985 0.40897275402312516 0.27949256312818244 0.4211983594071853 0.29918622775978226 0.41539315428860846 0.3027899405331288
0 0.40160994081497847 0.2838534241443103 0.4130599311010883 0.30362616427189004 0.40789108114040573 0.30661925548248875 0.396441096983267 0.28684652066433003
0 0.38899694407894003 0.2932166304824438 0.3940848471112304 0.2901626136577702 0.4051125317982951 0.30853391666666724 0.40002463102473484 0.31158793049125527
0 0.25853015098209653 0.36087237408917944 0.2559044177631904 0.35667396052628725 0.2796749227456985 0.3418081830490132 0.28230065527691295 0.3460065903121667
0 0.18948634152673094 0.39787222588836685 0.18477354824563008 0.4007111600877286 0.1703358437409861 0.37674483740938247 0.17504862500004492 0.3739059078947205
0 0.2753542445111634 0.33041572096137356 0.27789626451692584 0.3344928476649205 0.25288933197271035 0.3500836851702506 0.2503473190789691 0.3460065646930114
0 0.2525701578947519 0.3427242883772106 0.24976867243094603 0.33792554256263796 0.2736642142785968 0.32397590281175226 0.27646569964315404 0.3287746418812023
0 0.26766716991608064 0.31941953175503457 0.2706307302631785 0.3243982500000084 0.24664235167870174 0.33867674198220804 0.24367879934209213 0.33369803070175746
0 0.6849124758772405 0.5481400438596723 0.6822841710563807 0.543563420634842 0.6924145592105333 0.5377461710525955 0.6950428640616337 0.5423227898555459
0 0.6942007790718208 0.5193460371488168 0.697138094298225 0.5240700219297897 0.6759020170843542 0.5372732099256969 0.672964712719363 0.5325492346491618
0 0.4654070673291244 0.6299234072675763 0.46059140149498035 0.6327766984822628 0.4547564454314852 0.6229298747213204 0.4595721030701725 0.6200765866227927
0 0.42734093886360824 0.6515317220749268 0.42280414116316933 0.6543961958840372 0.41641347463519196 0.6442758487163055 0.4209502642543157 0.6414113782894886
3 0.8366212839913487 0.39989059100876656 0.8439432758780185 0.3947414905732399 0.8464439684511262 0.3982972904405375 0.8391219776992784 0.403446389515196
3 0.8412622906295155 0.3895693003805255 0.8336054482912232 0.3938902706339095 0.8318977489034296 0.39086433223686606 0.8395545887228764 0.3865433628755134
3 0.6843567653509126 0.11487965021932411 0.6827853377103565 0.11168703041761464 0.6911209871517485 0.10758418636386956 0.6926924148859825 0.11077680566201617
3 0.7101972774122487 0.10147702412281395 0.708071362722194 0.09796770902871477 0.7152955911061554 0.09359134261606059 0.7174215057676747 0.09710065726902854
3 0.6978673041162438 0.11841845382093129 0.6996387883772286 0.12117067872808862 0.6919632041245904 0.12611108628169096 0.6901917203947505 0.12335886184207764
3 0.7013059177631931 0.12089715570179158 0.699340253536775 0.11790197385251219 0.7060087736895184 0.1135256063748473 0.7079744378386295 0.11652078779679323
3 0.7095205656128201 0.11650398903986163 0.7074187269736285 0.1132385120613564 0.7150418131125207 0.10833189799019101 0.7171436516750873 0.11159737446156606
3 0.7060294528508848 0.11351203508771603 0.7041909170737881 0.11089732831596497 0.711970856286257 0.10542687000616867 0.7138093919434141 0.10804157636328829
3 0.7224228947368374 0.09928883991231119 0.7203369205699346 0.09653413214578736 0.72756115026516 0.0910636735767828 0.7296471242815414 0.09381838098167995
3 0.7179772160087623 0.09628008771931568 0.7163804346114375 0.09370386377967486 0.7238825183356994 0.08905397433060248 0.7254792997017603 0.09163019794866044
3 0.7134731021959624 0.10424986444006372 0.7118644067983269 0.10175054714916157 0.7191470703671712 0.09706304654474725 0.7207557657144434 0.0995623635033482
3 0.7121422615965685 0.08971553554531794 0.7144392842507159 0.09287248297073974 0.7080486198478866 0.0975223736050096 0.7057515975877777 0.09436542653509927
3 0.7034019242906879 0.1250176001580977 0.7010280635965955 0.12171772478073277 0.7086569820044133 0.11622966632817915 0.7110308425124003 0.11952954113615226
3 0.7101972768633686 0.10202406946287992 0.7122440882067167 0.10468085174121101 0.7058534239046139 0.10960426548555724 0.7038066129385925 0.10694748355260657
3 0.7024173377193392 0.10585339144734683 0.7006167136753447 0.10292677256896121 0.7072852337238373 0.09882392908487422 0.7090858577367953 0.1017505476053066
3 0.6981596277094013 0.11785621751284932 0.6960266743420789 0.11460612719295665 0.7030629351742164 0.10998842267044172 0.7051958884558189 0.11323851251549204
3 0.7018616276532157 0.10667395949983541 0.7036262545157115 0.10952097861524131 0.6961241702389316 0.11417086957003644 0.6943595438596049 0.11132385087715328
3 0.6912878622101744 0.10719656843005915 0.6987720223874021 0.10251800434868771 0.7010280635964818 0.10612691447370383 0.6935439036700473 0.11080547823133875
3 0.6890803004386044 0.12226476973685066 0.6870172801552599 0.11895579251849132 0.695352928791408 0.11375885758022465 0.69741594901393 0.11706783421390916
3 0.68754940644817 0.11879158527565098 0.6857460405701659 0.11570021929829288 0.6933897441678027 0.1112412393375792 0.6951931100393267 0.11433260483548131
3 0.6946373991228256 0.13019693640352709 0.6922169088850296 0.12706753660639686 0.6999968483155499 0.12105003244462312 0.7024173382851586 0.12417943165268333
3 0.697138094298225 0.13512034978069815 0.6945910763187157 0.1318142992659223 0.7013059177631931 0.12664113815787892 0.7038529354916818 0.12994718811345657
3 0.8257849407895037 0.38183807456144747 0.8231557660127464 0.37809909243401485 0.8309357066146958 0.37262863705818505 0.8335648807992584 0.37636761714147166
3 0.7196443453947268 0.13074398245611485 0.7180273214503359 0.12756823745780016 0.7260851156962644 0.12346539463954252 0.7277021397242152 0.12664113908079927
3 0.7179772160087623 0.1512582061403577 0.726613815492783 0.1451168796679259 0.7285587996814229 0.1478521093510889 0.7199222005916681 0.15399343535407153
3 0.7193664903810486 0.15645514114558978 0.7213245775744781 0.1596874005173918 0.7141003484910016 0.16406376857450705 0.7121422620614339 0.16083150986840716
3 0.7243678812753842 0.1630196934747772 0.7177311635153956 0.16807602468078764 0.7152304684586852 0.16479374844844244 0.7218671853070191 0.1597374177631713
3 0.7167770833412987 0.1524917587738888 0.7188107807016877 0.155361050438572 0.711675263580446 0.1604185257164439 0.7096415668859208 0.15754923464916265
3 0.7076965822368493 0.15098468311401428 0.7057422421257797 0.14840381895310065 0.7129664721136351 0.14293336084311006 0.7149208120068806 0.14551422448098633
3 0.7099194221491416 0.15508752741232507 0.7081222914938508 0.1526534195021398 0.7147908108127012 0.1477300072747122 0.7165879412950744 0.15016411471987937
3 0.7168657966220735 0.1326586432196845 0.7103785553570106 0.1374513336297073 0.7081557155484006 0.13444258039678864 0.7146429561404375 0.12964989035085334
3 0.7118043105209608 0.1414236727533782 0.7046401776315179 0.1468818377193089 0.7027093378462723 0.14434752257165492 0.7098734700736031 0.1388893579838231
3 0.7051958881578457 0.12964989035083774 0.7032191585750525 0.12638684589687949 0.7104433870678122 0.12201047974237457 0.7124201166163857 0.12527352366743652
3 0.702139483552628 0.1430525164473882 0.6991440624958614 0.1394011029654493 0.705812581881105 0.13393064464860077 0.7088080025606587 0.13758205746568525
3 0.7224160581176875 0.11962826674872437 0.7246457346491297 0.12308533881576113 0.716316922506735 0.12845707141970233 0.7140872467105055 0.12499999999996965
3 0.7290977824395668 0.10930981076010805 0.7204092127770991 0.1148261521460386 0.7185329254385806 0.11187089692980848 0.727221494331161 0.10635455586883456
3 0.6988052236841895 0.13840262609644752 0.6969846906348494 0.13532036575085857 0.7039310649294066 0.13121752150291435 0.705751597963399 0.13429978133788978
3 0.707140872807031 0.1334792127193137 0.7053236219491055 0.13066159878787192 0.7133814164774321 0.12546466273019263 0.7151986672532757 0.12828227612883292
3 0.7188107810997053 0.11515317297613523 0.7118896399691721 0.11984032326079348 0.7102225107131517 0.11737861604663416 0.7171436513157232 0.11269146600878807
3 0.7201581840882909 0.11553199696413001 0.7224228947368374 0.11870897149118366 0.7141291167878308 0.12462117568969763 0.7118644067983269 0.1214442017544321
0 0.20751109082118546 0.6246228997006741 0.20922478508771292 0.6192560175438476 0.23011044682061765 0.6259241941768696 0.22839676571970813 0.6312910651270806