3 0.2035015723683955 0.3563596492922521 0.20350157531913737 0.3470609951236636 0.2072368431953464 0.34706099681381003 0.207236842105317 0.3563596491228071
0 0.5087591765351362 0.4424163081140459 0.5123920244396913 0.4363593491807096 0.5321193771910657 0.4481907175000668 0.5284865401399657 0.45424766697590446
0 0.5526968725386041 0.45286673539481026 0.547837987447565 0.45627414928296245 0.5351260354159422 0.43814832429365863 0.5399849100876963 0.4347409155701964
0 0.5660780980959998 0.4479095540066103 0.5637151039950368 0.45259819652534433 0.5445552460316776 0.4429425347985564 0.546918241228127 0.43825389912275853
0 0.570667870614102 0.44329136622804344 0.5739825806215322 0.4386286630284641 0.5923272333797058 0.45166905477511565 0.5890125313269436 0.4563317508252468
0 0.604868222847017 0.45372886523420963 0.601517457977252 0.4582228069327549 0.5837405132079994 0.4449687982549798 0.5870912754345454 0.44047486336363145
0 0.6001496471183145 0.4413069427293329 0.6191081050282037 0.4535558353285126 0.6153662987547932 0.4593469243231624 0.5964078454688888 0.4470980375386946
0 0.6080873623385514 0.44364856171760336 0.6126025777732593 0.4390020005516902 0.6291670622304082 0.4550972672389969 0.6246518542326385 0.4597438210519702
0 0.51865300403108 0.46114810475543655 0.5209683744104723 0.4673208147700538 0.4992842826756032 0.4754539081289379 0.49696892434212714 0.4692812083333334
0 0.5268669175826517 0.4566583386266229 0.5318211301394058 0.4599516576890684 0.5190544128589636 0.47915563345898554 0.514100204669603 0.4758623198124933
0 0.5449770131477862 0.45650959256299656 0.548627932513341 0.4603096704858128 0.5316768394424116 0.4765943226678983 0.5280259265350651 0.4727942510965215
0 0.5534181897875214 0.4594408423621286 0.5575692274658195 0.4639870286525454 0.5398696224482364 0.4801471088334502 0.535718592836929 0.47560093033710826
0 0.5706344556165277 0.46113205391218715 0.573244016411536 0.4664127389384197 0.5529063676591477 0.47646232230762786 0.5502968168859752 0.47118164583337235
0 0.5833561023118818 0.4597842942968612 0.5865707044461033 0.4654376950298806 0.5659958871315212 0.47713602275496136 0.5627812960525489 0.47148263157890247
0 0.5813750933829169 0.4789725099942785 0.5767737313595944 0.4745749649122712 0.5931087948672484 0.4574839598951427 0.5977101486496395 0.46188149755833724
0 0.6027946601627718 0.4597232036735402 0.608845037011065 0.46475520413118454 0.593444998242262 0.48327064526273045 0.5873946293860399 0.4782386535087883
0 0.6093417688013005 0.46521079241928337 0.6147014505169182 0.4695269881136373 0.6003590338153799 0.48733560191526876 0.5949993585526272 0.48301941337721604
0 0.634757160498566 0.46239869069781986 0.6376039202351649 0.46900970420737725 0.6167016738177153 0.4780097637847405 0.6138549267707276 0.471398761036514
0 0.5252970096288436 0.5268172012161524 0.5195294057609772 0.5304352176857163 0.5064554306882201 0.5095952473525304 0.5122230175438744 0.5059772379385787
0 0.5184102850101908 0.5095387060301187 0.523771842553856 0.5060645309899549 0.5367302558648817 0.5260611207642566 0.5313687034954455 0.5295352892689335
0 0.5472820534366747 0.5252463139223561 0.5420677302515742 0.5289395138323537 0.5291674627193288 0.5107274802631672 0.5343817728997919 0.5070342869059411
0 0.5204701140351062 0.44272185307013556 0.5239702596707048 0.43693752132143343 0.5440833887770395 0.449107394684729 0.5405832537123842 0.45489171721635996
0 0.5869635741885304 0.38733239399702674 0.5896319876173948 0.3935484369126346 0.5670243345820154 0.4032529350113512 0.56435593201752 0.3970369013157868
0 0.5908233881067417 0.7665533856892744 0.5941162243822191 0.771945287645635 0.5695715148119689 0.7869319592691898 0.5662786995613942 0.7815400756578802
0 0.5690624050373572 0.38508013917011985 0.573880972280449 0.39034204598972505 0.5559822727734627 0.4067319065282351 0.5511637135000456 0.4014700074118609
0 0.5798033496270136 0.31041286357368786 0.5825642353096327 0.31611083051964256 0.5591898147434904 0.32743627663772434 0.5564289374999589 0.32173831688592835
0 0.5898557342362665 0.3127113690727525 0.5925111866229145 0.31844556803057555 0.5693342213761525 0.32917824552202285 0.5666787774122213 0.3234440537280602
0 0.6007510493021755 0.3117746627007151 0.6047295952932927 0.3180592268506788 0.5838303488246765 0.3312894048706254 0.5798518114951321 0.32500484832690607
0 0.6093555787499554 0.3077417004168958 0.6155535664329363 0.3112760008792072 0.6033036117869415 0.33275767887601326 0.5971056271929456 0.329223382675431
0 0.6267225485684094 0.3131159145241099 0.6294864941075957 0.3183514347380641 0.6076188326258034 0.32989547233865074 0.6048548944652339 0.3246599584539447
0 0.6341476148880929 0.3101468193089186 0.6399129531665722 0.3133023658768424 0.6278782182054101 0.3352897224994752 0.6221128826754239 0.3321341798245425
0 0.5111546103013325 0.3671847762208216 0.5150238377193546 0.3613186622806666 0.5344868522596471 0.37415572378212303 0.5306176335641339 0.3800218300048444
0 0.5248304766644196 0.3594241265476607 0.5305320778509213 0.35612076754385613 0.5424953786236983 0.37676859384260614 0.5367937806695409 0.3800719484203646
0 0.5346641271929684 0.36177818750001434 0.5399841094996418 0.35758461910584444 0.5544157922579416 0.37589197220913745 0.549095814838438 0.3800855351030005
0 0.5484750531300051 0.36384956020539233 0.5538011140350818 0.35922396162278064 0.5688374893858281 0.37653660301256753 0.5635114340840346 0.38116219560557935
0 0.580230746487814 0.3808198879185236 0.5742665682960251 0.38443937737675027 0.5625198173042918 0.36508395403632576 0.5684839835525963 0.3614644692982583
0 0.5972925676746854 0.3748088856191359 0.5939101329339564 0.38101220994976515 0.5733333673246079 0.3697929517544293 0.5767158026335437 0.3635896356975671
0 0.6102444724635916 0.3774064649809293 0.6064389602165647 0.38335651286470246 0.5866544330368697 0.37070332272268053 0.5904599440789298 0.3647532828947453
0 0.5994204973594606 0.37059418094488905 0.6035148081140278 0.3654280603069776 0.6218645387193646 0.37997016551586266 0.6177702354519852 0.3851362792335812
0 0.6113774309210385 0.3705408717104923 0.6155337761498458 0.3652169577715457 0.6344241291492381 0.37996390033380556 0.6302677918425843 0.38528780698137277
0 0.5197044689672339 0.38085415337874307 0.5253309580821224 0.38577065783343867 0.5091196522415657 0.4043221375546016 0.503493169956073 0.39940564035086523
0 0.5348885935397902 0.3829969325760212 0.5390291998214707 0.38770394391649327 0.5202729234431445 0.4042024483687243 0.516132324561454 0.3994954440789559
0 0.5474689818207708 0.386461408190791 0.5501903419902874 0.3919839366320443 0.5285662740288899 0.40263920025373556 0.5258449232456996 0.3971166798245965
0 0.5612998206754582 0.38136471794350585 0.5651729113268402 0.38584341833808433 0.5462766197804285 0.4021837814323059 0.5424035361842243 0.39770508771928215
0 0.5404757076109945 0.5162745476240871 0.5436096072949113 0.5112409321300742 0.5637487295354049 0.5237783908237754 0.5606148406423017 0.5288119968637015
0 0.5753851609252933 0.52470677547813 0.5712792497639612 0.5299134653830457 0.5531029331140189 0.5155810910087608 0.5572088395118726 0.5103744107189565
0 0.5868680791901397 0.5243109004981817 0.5818357085511252 0.5299580721440615 0.5648450076754443 0.5148183662280734 0.569877370721315 0.5091712048296535
0 0.5174802812566668 0.5310559116333139 0.5208329570855312 0.5383708747550767 0.49936904727007914 0.5482075574603996 0.4960163881579547 0.540892608552626
0 0.6254352244062602 0.6100454088083779 0.6286083550172634 0.6147756505867488 0.6089373368977249 0.6279697619142541 0.6057642182017844 0.623239530701719
0 0.5664282843124511 0.6798675404337692 0.5602261541700955 0.6831238954419893 0.5481077753829595 0.66004609627901 0.5543098782894731 0.6567897500000169
0 0.5777485932459285 0.6786589553765546 0.5722018693361406 0.6817513637311876 0.5602506536432657 0.6603178874334386 0.5657973552631574 0.6572254868420889
0 0.5953111889494949 0.6752579713305049 0.5915183972889508 0.6812185035704335 0.5707717719297989 0.6680188541666732 0.5745645615493231 0.6620583369490907
0 0.60300016531869 0.6819196474319575 0.5968665806014997 0.6849275772294451 0.5858217467105078 0.6624087247806923 0.5919553048429407 0.6594008027448406
0 0.5969722974596152 0.6712566458468913 0.5993603815790038 0.6660615076754226 0.6193778535254069 0.6752617893513542 0.6169897832021434 0.6804569157945946
0 0.5440667067130107 0.6800975176515377 0.5484830641530607 0.6849767862668651 0.5265778471143676 0.7048008751191188 0.5221615054824724 0.6999216217105081
0 0.5304132321073212 0.6776269323501646 0.5355940063824391 0.681997070649427 0.5166511588168987 0.70445043674033 0.5114703970366463 0.7000803119572814
0 0.522846373775792 0.6813625540274469 0.5254075610622522 0.6871763608213498 0.5031717487514697 0.6969705759424436 0.5006105789474304 0.6911567839912226
0 0.5065000004307194 0.677865233007305 0.5118402975389245 0.6831318372638485 0.49379652529557916 0.7014254233750428 0.48845624232455975 0.6961588333333525
0 0.5404470917998196 0.7562678033097624 0.5355494739558253 0.7612105538456425 0.5152963420807737 0.7411457760271236 0.5201939440789829 0.7362030416666422
0 0.5367454099047109 0.7354031790887268 0.5523378321928476 0.7596541899064997 0.5462591801896224 0.7635618327042498 0.5306667807407166 0.7393108419915198
0 0.5625664607308636 0.7614590004016422 0.55555539522652 0.7651325482551067 0.5414824156063105 0.7382784665038838 0.5484934411156246 0.734604931418505
0 0.5764508438367102 0.7609262288445673 0.5505823883892162 0.7445977773595243 0.5543194923245665 0.7386783048245652 0.5801879165330774 0.7550067432145061
0 0.5661234969718407 0.7421227871476497 0.5720134361791906 0.7375076241682617 0.5901331747595577 0.7606283394613571 0.5842432493159322 0.7652434869135428
0 0.6143086100590835 0.7586675506553014 0.6089927039340637 0.7639713798967993 0.5884685285087699 0.7434039989035433 0.5937844167413004 0.7381001874233412
0 0.5011742913914077 0.7550151190864244 0.5076761552001017 0.7592252240509754 0.49112372471290655 0.7847833136147113 0.4846218728069971 0.7805732236842107
0 0.5319206994557817 0.7617610223157498 0.5351064888443489 0.7676597723428561 0.5083242549561646 0.7821216159745977 0.5051384901315714 0.7762228870614154
0 0.5409959836460985 0.7608863275793891 0.5453668588821756 0.7656820236735816 0.5233617295093609 0.7857341825661178 0.5189908717104572 0.7809385032894494
0 0.6109432715988987 0.6064437606054927 0.6161341900694879 0.6111898762068232 0.6002442603376039 0.6285669735119069 0.5950533519736609 0.6238208684210444
0 0.599303893339993 0.6079922947121275 0.6031597822289996 0.6124754156376012 0.5854419365788317 0.6277125781736425 0.5815860581139987 0.6232294671052314
0 0.5872729738377984 0.6076613526411857 0.5912582322454227 0.6134548780653137 0.5722066126910477 0.6265585939653578 0.5682213684210637 0.6207650811403614
0 0.5483106293362425 0.6025865433481123 0.5418304482050189 0.6075861063137046 0.5279978377193402 0.5896589057017553 0.5344780011479315 0.5846593530796955
0 0.5286461644572 0.5332746478534379 0.5320587471003364 0.5388794967393873 0.5107972569285266 0.5518236399913212 0.5073846875000072 0.5462188026315337
0 0.5424670827133014 0.5333999424217455 0.545353136385188 0.5395107168880593 0.5231161213258702 0.5500120602956386 0.5202300822368215 0.5439012982456566
0 0.5529160756141209 0.5311420997432037 0.557734665256703 0.5364524570116586 0.5404385417283493 0.5521454533914372 0.5356199627193519 0.5468351063596306
0 0.5650847741023881 0.5313615798527608 0.5700841306477287 0.5363979629544758 0.5538438031311443 0.5525174437574859 0.548844456140273 0.5474810701754084
0 0.5740854873045009 0.5327390392290382 0.5795491241154878 0.5367469803403209 0.5653063985919289 0.5561609506465442 0.5598427686403511 0.5521530175438476
0 0.5836339876514103 0.5322055281599015 0.5897892564979657 0.5356438150393322 0.5777491015246596 0.5571963247912242 0.5715938377193197 0.553758044956161
0 0.6023888207483878 0.5377518447248255 0.6062321438720346 0.5447562683441484 0.5856210482612596 0.5560645104757728 0.5817777410728695 0.5490601005768266
0 0.5157595744343553 0.58887544416331 0.5208983421052835 0.5840797182017446 0.5369052157496981 0.6012297306711316 0.5317664579569055 0.6060254464348065
0 0.5395014879385371 0.5899481392543804 0.5434953405543865 0.584714535564345 0.5630520617495449 0.5996369920209221 0.5590582218908366 0.6048705840481872
0 0.5730241684277644 0.6065200615317212 0.5779524496144859 0.6113034770636411 0.5625280158759551 0.6271931884749498 0.5575997445175744 0.6224097828947743
0 0.5490635910088031 0.59103823684211 0.5534434528673273 0.584866865135587 0.5720752478770237 0.5980885424444802 0.5676954002320826 0.6042599013858525
0 0.5746497529163435 0.5960104661246706 0.5772850932017946 0.5897203695175892 0.5982734114707 0.5985128063186 0.5956380865367237 0.6048028899092085
0 0.6105958874503585 0.6022678331833115 0.6067207020116712 0.6071571758269272 0.5887850280637394 0.5929432940187824 0.5926602083333137 0.5880539616228124
0 0.6190374847301428 0.6053844690484083 0.6128129223189944 0.608526413620328 0.6025254506579358 0.588147919956115 0.6087499914257251 0.5850059819579024
0 0.5131046446191476 0.6019104857151635 0.5178948599400428 0.6074926158901428 0.4996966483641927 0.6231073227297045 0.49490644627189795 0.6175252050438579
0 0.5257026776796465 0.6071939396473987 0.5286693004070457 0.6132621501195835 0.5077272453362411 0.623499084275539 0.5047606381579044 0.6174308870614438
0 0.5497542171483474 0.6075118472933916 0.553039947749653 0.6126149017194257 0.5326101066223146 0.6257676272094117 0.5293243892543842 0.6206645844298061
0 0.5489253622826027 0.6251551910340872 0.5457528574561366 0.6206742763158167 0.5644732374196337 0.6074217031134695 0.5676457393783494 0.6119026082210713
0 0.5629600545987614 0.3095050854576149 0.5676134631255536 0.3146916282134701 0.5479497940815463 0.3323334713605976 0.5432963925438798 0.327146935307024
0 0.5490482291239687 0.3098969036449218 0.5533294179818995 0.31440146974966193 0.5342436620951503 0.3325402050363428 0.5299624791666702 0.3280356447368164
0 0.541997800334002 0.30945906874286 0.5448742994979057 0.31553918676537124 0.5221684948515986 0.326280940658906 0.5192920043858749 0.32020083004389843
0 0.4242172356989613 0.20137268677732306 0.44417383356039863 0.21398868419232348 0.44053283798791654 0.21974810757367727 0.4205762423246142 0.20713211293858863
0 0.4806208950843711 0.14633416633978144 0.48504286956085707 0.15026220356810566 0.46755907079466397 0.16994437903550058 0.4631370986841148 0.16601634429820852
0 0.4961170410668956 0.14887684887647526 0.4993375695884197 0.15405470845234573 0.4772140796205804 0.16781498021882296 0.47399355482457395 0.16263712390353294
0 0.48907206573585427 0.17030254219694085 0.485031591008692 0.16428176425434454 0.5062683506228041 0.150030131159667 0.5103088245335812 0.15605090532142793
0 0.5135382719298605 0.17117810307020664 0.5257879292984171 0.14946846369219205 0.531913579545062 0.15292483497334475 0.5196639265421936 0.17463447057778153
0 0.5443262769158537 0.1528045861165466 0.5477227264991598 0.15816979615333956 0.5262250140210654 0.17177882129881059 0.5228285682935621 0.16641361464733748
0 0.5622568327346471 0.1510663929159313 0.5687263091922432 0.15521694985693713 0.5548916651521267 0.1767808448556911 0.548422190789438 0.1726302905701676
0 0.5804769198468875 0.1524217359828518 0.5847581181918713 0.15740238770225062 0.5661320679321307 0.17341257192211398 0.5618508728069855 0.1684319232455873
0 0.592754211877832 0.15460444041982016 0.5963361731505756 0.15983575322275365 0.5762041572405678 0.17362034031044116 0.5726221995613514 0.16838903070172043
0 0.6072160193057243 0.15669116589880436 0.6099246522346675 0.16315521467214236 0.5875180515166676 0.17254417639736436 0.5848094232455878 0.16608013157898152
0 0.528378397658912 0.12930496752515983 0.5321391277219618 0.13417783612762504 0.5154041037869774 0.14709333463305177 0.5116433760964583 0.14222046820172415
0 0.5413476168112084 0.1317420476984614 0.5443883454031493 0.13721721074774257 0.5258160787908537 0.14753158162642413 0.5227753530701875 0.1420564210526202
0 0.5486013621300572 0.1296841307300829 0.5544185648446955 0.1332095145316333 0.5435855094149247 0.15108493066246848 0.5377683079020699 0.14755954844024935
0 0.5729857305359474 0.13373261190459756 0.5780197431308807 0.1384428966174531 0.5635205422607896 0.15393849743344376 0.5584865317982803 0.14922821491229515
0 0.35698556961597205 0.21198474208975726 0.35301930022433226 0.21698380768611528 0.33435187292297996 0.20217322185323416 0.338318140350907 0.1971741600877034
0 0.34694847807020324 0.2021374824561002 0.3511812400471399 0.19741197153448645 0.3688241936694112 0.21321501264722792 0.36459143537695127 0.21794052002241143
0 0.38038799777928034 0.2157480680304119 0.3748058751739336 0.2199063197693691 0.36077613425311483 0.20107275514973794 0.3663582510964716 0.19691450657898057
0 0.395033413396618 0.21127479517212924 0.39151635597283985 0.21702356226525402 0.37112687029650715 0.20454957041843175 0.37464392731828866 0.19880080775132938
0 0.39193493313712224 0.19701762553849747 0.4045755704422618 0.21650178164689213 0.3995975355836663 0.21973131004324553 0.386956902458337 0.20024715762051257
0 0.3994951535087239 0.20269722149124866 0.4047080467844353 0.19882982497680307 0.4189370524560445 0.2180089549158344 0.4137241617200971 0.22187634846185797
0 0.4638067973382931 0.1461905375887974 0.4692204712362127 0.14945366843241742 0.4556939354985161 0.17189459916881417 0.45028026315787884 0.1686314703947309
0 0.45260860148516713 0.14768206534127554 0.4579007484929889 0.15255487142420332 0.4401978304191516 0.17178110451871506 0.43490568640345373 0.16690830153508626
0 0.44423901781738095 0.14636210887479423 0.44852287970206817 0.1513372998387638 0.4312808875429255 0.16618331217112012 0.42699702850870835 0.16120812390349137
0 0.4547846865364136 0.12792067432126328 0.4587985334117093 0.13418253362737403 0.44099020008764 0.1455975922847707 0.4369763563596507 0.1393357357456108
0 0.3402845959114984 0.12199282062313892 0.3460728617916402 0.12761157312322097 0.330024962851553 0.14414353276913738 0.32423669956142476 0.13852478289477338
0 0.35779827543183274 0.12646502400554335 0.3420923014186883 0.1434096560740904 0.33709540241227387 0.13877805482458194 0.352801374484784 0.12183342510592954
0 0.36522915790862953 0.12135845792479075 0.3700473445054513 0.12520374777369359 0.35533560726969426 0.14363760148776766 0.3505174223087124 0.13979231347065665
0 0.37876608609792584 0.1209937041335156 0.3836941486952128 0.1249367723416472 0.3683878492191752 0.14406654432774674 0.36345978837721304 0.14012347807014922
0 0.3910373641684828 0.12307874698371936 0.3958298640350222 0.12727838157891463 0.380345712896883 0.14494834201427412 0.3755532149123155 0.14074870942984205
0 0.413633817423829 0.1272605207473337 0.41755215395096457 0.13106410541304528 0.4030927877531667 0.14595961591666287 0.3991744528508434 0.14215603289469939
0 0.42490331500732736 0.12608207270982166 0.4305532419671181 0.13050374013479432 0.41681194923819476 0.1480620162463923 0.4111620241228593 0.1436403508771933
0 0.4406602067301719 0.12562476233527567 0.44536983342334224 0.13066047994697913 0.4297383853769361 0.14527961999497088 0.42502876096489217 0.14024390460523553
0 0.47612595970247185 0.1277474279258383 0.48095887125305126 0.1325602750402804 0.46556650473235095 0.14801671990315676 0.46073359539468584 0.1432038749999892
0 0.42715604458555845 0.14521388976484506 0.4335986401436003 0.148503207256769 0.4227177278187355 0.16981485943211433 0.4162751335189796 0.16652554383226345
0 0.4904302656755135 0.13158869794583508 0.4931859627047288 0.13727611314839372 0.4748081776942854 0.14618055966945045 0.4720524835527158 0.14049314692983986
0 0.4995488302351987 0.13119024206743232 0.5036117502924071 0.13538526073347434 0.48820420209278836 0.15030754305686586 0.4841412839912209 0.14611252631578903
0 0.3464165199737863 0.14324591345155874 0.34999248908638947 0.14947693522886393 0.3285859320851614 0.1617620160083855 0.32500996710530217 0.15553099780705346
0 0.3616326503607752 0.16436892392970018 0.35597023135960626 0.16104145504384404 0.36770499420356373 0.14107233064973362 0.37336740841192295 0.1443997977313208
0 0.3820512197538619 0.14190225723722605 0.38695458442987274 0.14597371162280412 0.3724121203887307 0.16348747525850849 0.36750875767540947 0.15941602302628982
0 0.3972919439921725 0.14606831869826753 0.39981078002165304 0.15184296755553645 0.3790944047927951 0.16087914360131228 0.37657557236843786 0.15510449780702906
0 0.4081966643436772 0.14384716337447745 0.4128484564099608 0.14892449198490554 0.3956786948890567 0.16465511968990557 0.39102690570177856 0.15957779385965687
0 0.41772856756813326 0.14527743041899482 0.42245524042073157 0.14915251066766702 0.4078990689516786 0.1669074322998858 0.40317239802629956 0.1630323541666644
0 0.4105874343850928 0.20096455435181854 0.4319980405435899 0.21194378110340345 0.4289868534665402 0.21781582091560953 0.4075762489034105 0.20683659649120528
0 0.45471939185745214 0.21476739023171607 0.4508081817313041 0.21980033646601738 0.4317623454431896 0.20499960568477868 0.4356735537280656 0.19996666337719066
0 0.5153405284090695 0.32808444353551225 0.5100455921052571 0.3245504287280433 0.52381196759859 0.3039252139321866 0.5291068947493613 0.3074592245640822
0 0.3240082228985557 0.23481040185240812 0.3041937960526866 0.22092287719301482 0.30835841401903963 0.21498098983891073 0.32817283384690654 0.22886851100617236
0 0.4992950931670066 0.24128091356855866 0.4938431378329824 0.2455444046207586 0.47880367445577576 0.22631295231905388 0.4842556234731319 0.22204946505061302
0 0.49364373903506475 0.22708597258770846 0.49927341042632634 0.22346629157054257 0.5130495697675315 0.24489192343380312 0.5074199009759468 0.24851160112747075
0 0.5015348874593428 0.22892206305641433 0.5053381246316349 0.2239528246821091 0.525235266247023 0.2391809686573703 0.5214320339202914 0.2441502025900691
0 0.5157073386166076 0.23363702443763062 0.5183852543859757 0.22858407565790506 0.540246810300232 0.2401698616957854 0.537568899780922 0.24522280596791163
0 0.5308675698872776 0.2266557847244978 0.5374950029910224 0.22372958654874456 0.54749968404235 0.2463884224820282 0.5408722524925906 0.24931461803436908
0 0.5414042891196686 0.2289584181658695 0.5460391305622352 0.2253288926047174 0.561154418682122 0.24463052785692843 0.5565195800787706 0.2482600502030137
0 0.5736669610331546 0.24332487130082392 0.5692159261002416 0.24741302163900983 0.5528535231541127 0.2295985107881125 0.557304553728045 0.22551036403507296
0 0.5675203850183834 0.2319051802806786 0.5715432301681176 0.22757947015847027 0.5895836279336208 0.24435647812287745 0.5855607867486015 0.24868218437594417
0 0.5985210456252616 0.24665370029383193 0.5937705517291079 0.25036863745918786 0.5788398197659035 0.2312762225475083 0.583590308090379 0.22756128871940828
0 0.5889779185154111 0.23156670345091873 0.5935624243421671 0.22749674122804175 0.6102028638995307 0.24624061916173134 0.6056183615814916 0.25031057766594383
0 0.6232715455852258 0.24766301283593564 0.6181168107632402 0.25129232281878255 0.6039352805435101 0.2311505446308186 0.6090900087718865 0.22752123793861853
0 0.5355728180021515 0.3006920070652616 0.5292715744087673 0.305817483763935 0.5137645272744749 0.2867536705839209 0.5200657620614493 0.2816281995614022
0 0.5310736455178358 0.2880521884017214 0.5368814342104997 0.28449164473686 0.5489757784762332 0.3042188401086723 0.5431679926037987 0.3077793800520565
0 0.5390564086602581 0.2933776870806798 0.5427328497806911 0.2879092138158301 0.5628683935908612 0.3014459222816202 0.5591919592287695 0.3069143895391128
0 0.5552145375604596 0.2886562739290607 0.5605646710525889 0.2856193125000187 0.5716227412704029 0.3050995029971839 0.5662726099974407 0.30813646134845407
0 0.5870831054513701 0.29900784045240114 0.5846462537225534 0.30468009844896404 0.5631217987753416 0.29543324274561816 0.5655586524147793 0.28976099078655937
0 0.5969758146991353 0.30586093790974983 0.5907749352263636 0.3100953017798606 0.5775874572368593 0.29078383991227885 0.5837883270932025 0.28654948060871976
0 0.6008464510820204 0.2974650799618004 0.6044621535088481 0.29092971052627864 0.624710163004579 0.302131639448705 0.6210944685723234 0.3086670019887411
0 0.6156879682179124 0.2905084973539221 0.6215032828947642 0.28616102850877423 0.6355110017974539 0.30489770684468404 0.6296956911098732 0.3092451710728294
0 0.5948170278073803 0.2122883425769372 0.6001424791666068 0.20672966008773655 0.6179713769350883 0.2238102473368481 0.6126459301893874 0.22936892526988645
0 0.6042396684230198 0.22455365422842474 0.5994311590936832 0.2291115618179128 0.5823451984649637 0.211086444078916 0.5871537034356606 0.20652854032252488
0 0.5758537881354187 0.20535254844165873 0.5893626226023798 0.2255107432488929 0.5840675281078802 0.22905914886367335 0.5705586984648789 0.20890095833333372
0 0.4331828243791733 0.22181077665251775 0.45147292099466085 0.2368523195197329 0.4472945715201604 0.2419329893362929 0.4290044781149618 0.2268914499763639
0 0.3390659326412333 0.2339555688984097 0.33460348613584756 0.23788954885053412 0.31901392237625714 0.22020605465162724 0.3234763646059946 0.21627207792615188
0 0.3649003256996366 0.23077700031321322 0.36189711401607383 0.23644611744345032 0.340570637903852 0.2251486017219857 0.3435738500380694 0.2194794894159228
0 0.3779937630785071 0.23214616289423295 0.37539042386083565 0.23717437635709207 0.35335349359081647 0.22576501276493888 0.35595683333338 0.22073680372802004
0 0.38651978546613464 0.23960466513751838 0.38054398019960445 0.24240415982330565 0.37010943530708573 0.22013092214910876 0.37608523163555674 0.2173314299330779
0 0.39624009478166045 0.23890002132793278 0.3780955493422198 0.22359472165062813 0.3823349266436935 0.2185689959087131 0.40047946699246495 0.23387429204822005
0 0.41354200482021497 0.23311508755820046 0.4103098519528885 0.23850868830709424 0.3894126123385604 0.22598606826476111 0.3926447649160991 0.2205924721909091
0 0.4260515750521563 0.23344277075911143 0.422501012936209 0.23864067673974879 0.40217424193974693 0.2247561759139736 0.4057248029018865 0.21955827447682316
0 0.41813996600876635 0.2207702850877147 0.42394967263908256 0.21772489763284894 0.43561897146821593 0.23998614510122201 0.4298092666570028 0.24303152986110815
0 0.4416185263157786 0.22493452741231829 0.4452518537658534 0.22122433431472524 0.4613927787073635 0.23703060570393508 0.45775945422792574 0.24074079585119326
0 0.5469659792893253 0.20786466841763215 0.5681936058228985 0.21749933661426807 0.5651957182934666 0.2241043500946236 0.5439680932017836 0.2144696842105442
0 0.47345488382973144 0.23921766354473906 0.46847701090803184 0.24318202129228444 0.4530953136898006 0.22386820400040747 0.45807318092101923 0.21990384978071362
0 0.45792651669489715 0.20841297108042336 0.46209422539584466 0.20275528384410543 0.48155652649040803 0.21709189927455902 0.47738882268618 0.2227495820744859
0 0.49301371238550473 0.21880239969707005 0.48806459607067154 0.22376267163650826 0.47095180212158994 0.2066885969275302 0.4759009144737547 0.20172832894734263
0 0.4904271005731289 0.20116077532237644 0.5036385601952134 0.2208752331913257 0.49834346703266874 0.2244236379538196 0.4851320120613991 0.20470918421048467
0 0.5192509311025333 0.21707205071804797 0.5160708567514121 0.22307504013046162 0.49504767470727984 0.21193819127337474 0.4982277495272456 0.20593520655779135
0 0.5303153140661152 0.22032652751689302 0.5261329849211052 0.22452448890206572 0.5090166172025192 0.20747209507114336 0.5131989429823989 0.20327413706143427
0 0.5395619106834602 0.22359589824804507 0.5337110899328081 0.22664709024792548 0.5226301151315056 0.2053990350877406 0.5284809282167089 0.2023478455300876
0 0.5530244236387034 0.21691141114767964 0.5493947032880442 0.22242188338403107 0.5289010964912677 0.20892302960528727 0.532530815961195 0.20341256182745365
0 0.5507370850028792 0.7617687620928624 0.5557437365143869 0.7652822821688462 0.5386845129426092 0.7895866689289038 0.5336778717105517 0.7860731611842424
0 0.6109885568705522 0.7641284471209576 0.6159793067424744 0.7679912128040755 0.5977687444293451 0.7915151895656136 0.5927780065788966 0.7876524374999898
3 0.22962015873713426 0.3595734721128312 0.22398131492138873 0.3605141333871317 0.2222275614035425 0.3500015482456102 0.2278663988512335 0.3490608875138834
0 0.7944052339742029 0.5953660148310205 0.7997464588054299 0.5912581816630094 0.8174911385357291 0.6143282118559004 0.8121499233825489 0.6184360340059155
0 0.829181185410107 0.6016944977377867 0.8336163662280569 0.5954090438596265 0.8580627318516463 0.6126570927724013 0.8536275704077525 0.6189425292682169
0 0.8690621677740182 0.6099945911167789 0.8654904729136206 0.6162910467798695 0.8400229342435068 0.6018460613127575 0.8435946293859615 0.5955496228070055
0 0.8605394515623175 0.5959352232826003 0.8827071858419231 0.6138081976134836 0.8781430424124892 0.6194684271644978 0.8559753190788797 0.6015954649122568
0 0.7160293568546194 0.6122126950979533 0.7218980731628335 0.6160237514819437 0.7061571169551826 0.6402606500384151 0.7002884089912413 0.6364496041666721
0 0.7314207476191541 0.6125921735019849 0.7368283761329621 0.6167995238771617 0.7198171503937374 0.6386611282258523 0.7144095317205483 0.6344537889543665
0 0.7480690258190634 0.6169038820659912 0.7512390557045592 0.622366458197092 0.7262442262987179 0.636869634516349 0.7230742138157211 0.6314070734648655
0 0.7569511383278495 0.6135823545947778 0.761558364017219 0.6175504429680418 0.7429529129698267 0.6391500753845683 0.7383456973683451 0.6351819978069929
0 0.7698046221155437 0.6173927715577673 0.7734960426704447 0.6230904993438489 0.748879855705809 0.6390367816971291 0.7451884532894155 0.633339069898871
0 0.7680057984147197 0.6418887390539826 0.7637654383152039 0.6387536514816932 0.7807605224222698 0.6157697587251405 0.7850008666894155 0.6189048377194448
0 0.7780042365086501 0.640722845650307 0.7736775021929816 0.6349199978069958 0.7961450248900519 0.6181697315562968 0.8004717531176766 0.6239725637843129
0 0.8151667741547044 0.6160291582970016 0.8208935296966047 0.6200071203780348 0.8034163346537753 0.6451646038795381 0.7976895888157287 0.6411866535087608
0 0.8284380986929136 0.6164401284121497 0.833947948376931 0.6195597595828575 0.8198949905170139 0.6443769055374295 0.8143851469972105 0.6412572829086313
0 0.8472110090863225 0.6213578674588042 0.8513080736128131 0.6294316671719945 0.823996836014544 0.6432890730503218 0.8198997993421244 0.6352152971491328
0 0.8684508988837933 0.620977895398768 0.8730032712128377 0.626574045913377 0.8506073161012182 0.6447905263931899 0.8460549605263168 0.6391943914473556
0 0.8798678102905342 0.6206546669609272 0.8846529330934345 0.6248233371724238 0.8654455777527801 0.6468683251089383 0.8606604660087669 0.6426996666666757
0 0.6885311779708445 0.6670683309066675 0.6925419083387396 0.6618339619362841 0.7158503035069543 0.6796910841816145 0.7118395903736427 0.6849254373909307
0 0.7101276859483505 0.6615649339258051 0.7277897395085802 0.6826052909409708 0.7225571255122532 0.6869971185430557 0.7048950877193647 0.6659567763158311
0 0.7432160627614621 0.6828161556694516 0.739278896790438 0.6875069039387516 0.7162688331799245 0.6681961535999459 0.7202059901316034 0.6635054199561615
0 0.7545346917838742 0.6829713475178235 0.7514340741868182 0.6871979523589663 0.7280964254213131 0.6700799397284074 0.7311970383772177 0.6658533475877035
0 0.8292879784185061 0.6133463048294706 0.8230696966096502 0.6186121961063157 0.8034743743755826 0.5954754301623543 0.8096926348684974 0.5902095537280442
0 0.779216862986118 0.6111056385057744 0.7740635227404482 0.6155839892132859 0.7548975646930103 0.5935317225877128 0.7600508884085002 0.5890533840004611
0 0.4963941648313721 0.8287056939419004 0.4997053103173812 0.8347686176817563 0.4729821037982447 0.8493597904837943 0.46967098574566535 0.8432968903509018
0 0.7692192546675187 0.6059387395385464 0.7651465781641491 0.6122908613911837 0.7406180241227958 0.596566040570213 0.7446906980576387 0.5902139357869288
0 0.8441194210878393 0.5427444559674615 0.8374776204958607 0.5466262863687111 0.8224786117868916 0.5209652365130537 0.8291203870613799 0.5170834155701647
0 0.8303626991396413 0.5281735516222703 0.8338853428699622 0.5214062482679193 0.8606920960177149 0.5353589824670875 0.8571694716014235 0.5421262692646287
0 0.8720401498193269 0.5403118022974635 0.8666363382538975 0.54544563152299 0.8454205483369606 0.5231160400487443 0.8508243453948126 0.5179822236841816
0 0.8817533458058051 0.5451054267180743 0.8757398070735007 0.5483652724121924 0.8616543357625233 0.5223836184763107 0.8676678508771829 0.5191237807017468
0 0.72188457989364 0.5352332834963562 0.7283526524014405 0.5396342154505233 0.7110975884804702 0.5649917364313526 0.7046295252192749 0.5605908157894434
0 0.7645520838636912 0.5444837626091686 0.7673089747806898 0.5511737423245251 0.7398786990379449 0.5624764575097733 0.7371218278509559 0.5557864945174997
0 0.7764611872323712 0.5457545898725066 0.7790006866057411 0.5515828754934845 0.7524586120238155 0.5631466617053843 0.7499191294318734 0.55731839032156
0 0.7857252500275536 0.5416066659857758 0.7899878014507067 0.5461428995682113 0.7683496198095554 0.5664736860356745 0.7640870800438506 0.5619374638157982
0 0.7952733454926602 0.540824028355006 0.8009181422163465 0.54472119977832 0.7837086777512923 0.5696456406120124 0.7780638892544403 0.5657484791666911
0 0.8075779493335631 0.5400272692087035 0.8129289908055171 0.5434640087743456 0.7970899519749537 0.5681232671108534 0.7917389172006324 0.5646865360466272
0 0.8213333484505938 0.5429697806515779 0.8263959754991674 0.5477661962325419 0.8066686540462342 0.5685864587621662 0.8016060383771446 0.5637900548245244
0 0.8372519504712272 0.5462520717332268 0.8404802581837885 0.5524977762624047 0.8154010628214792 0.5654595676368128 0.8121727725347228 0.5592138780305315
0 0.8500196254819912 0.5462614334312533 0.853235012478649 0.5516645313255091 0.8285731580597258 0.566339407115947 0.8253577861842132 0.5609363223684158
0 0.8641291384521992 0.5476038494992184 0.8675764786353284 0.5542605365110482 0.8407451162647703 0.5681545109168477 0.8372977960526669 0.5614978410087499
0 0.8683526941996433 0.5439983000022497 0.8742596726934835 0.5473213960233652 0.8599723359245672 0.5727154834801552 0.8540653633374404 0.5693923956969543
0 0.8848038033887633 0.5460025789863459 0.8903463834908507 0.5507410325000187 0.871071913249807 0.573284268287931 0.8655293442982384 0.568545826754359
0 0.6987153168859095 0.5902878530701878 0.7064970716230619 0.5865687002902009 0.7194913391784894 0.6137542285196232 0.7117095909635509 0.6174733710032443
0 0.709481652684758 0.5882217818454298 0.7165248266700246 0.5847163889645208 0.7296587144069235 0.6111026484788433 0.7226155466067894 0.6146080319050252
0 0.7524111679418866 0.6150490194102367 0.745550526869124 0.617780562235218 0.7345114485783597 0.5900574749545607 0.7413720559210333 0.5873259396929736
0 0.7680884684335751 0.6840350238134988 0.762973678901858 0.6906447731922689 0.740116590231537 0.6729598544922725 0.7452313706140785 0.6663501249999624
0 0.7766511124190174 0.6896386431779186 0.7713821320593297 0.6928377058785924 0.7562595307751963 0.6679336986163807 0.7615284865001968 0.6647346456504533
0 0.7897132787238661 0.6871104503223247 0.7844309924481649 0.6914343553948613 0.7652681486356414 0.6680273932312335 0.7705504141326855 0.6637035017113786
0 0.7940151187593756 0.6673608516805367 0.79982324096909 0.6646421274874588 0.8123753175108277 0.6914538985499535 0.8065672004967155 0.694172614401832
3 0.19841786839526776 0.2835073836654216 0.19179556182018587 0.2825347590275489 0.19354538417462663 0.27062105359847155 0.2001676840957316 0.2715936777382843
3 0.2273990103816459 0.27155790819399855 0.23414739865620504 0.27262672265585464 0.23229077070197945 0.28434901316721506 0.2255423825527032 0.2832801992424661
3 0.23871189674355264 0.27317499930484657 0.24407769184676908 0.27233049745725446 0.2459925770266409 0.2844970084159166 0.24062678202619736 0.28534150982152134
3 0.25002915570178175 0.2828947368872688 0.25002915849586316 0.2734321299212037 0.2543859659596137 0.27343213162143304 0.25438596491233056 0.2828947368420671
3 0.26315789465888884 0.2746792030378041 0.2636043643861967 0.2861668589819234 0.2589371318247231 0.2863482457576784 0.2584906644736975 0.2748605921052845
3 0.2774122803549517 0.2743785563020637 0.2788003178039844 0.286018697554229 0.2726503388917081 0.2867520362011771 0.27126230482451774 0.27511189802630115
3 0.25488540896833456 0.3161041261763796 0.25799387507333904 0.3052639536429901 0.26381862714151794 0.3069341786930448 0.26071016468654307 0.3177743480986061
0 0.24903304226393175 0.3125000001133061 0.2490330460526593 0.30263049671050224 0.2543859662273462 0.302630499065259 0.25438596491233056 0.31250000000002165
3 0.12084038443231293 0.3117639246505839 0.12676942985717687 0.3132421557819295 0.12373842209854047 0.3253988672900521 0.11780937699813876 0.3239206370583854
3 0.1679260185159137 0.3155017906313727 0.17400094348090533 0.3175289848238139 0.17000790069744198 0.3294946219477895 0.16393297632362192 0.3274674290113004
3 0.1772368238720219 0.3152419356806166 0.1840933534180067 0.3150450974552247 0.1844844824087204 0.3286689948838173 0.17762795286796518 0.3288658329777356
3 0.20394737197557333 0.32675438596491235 0.19736822635888984 0.32675438596491235 0.1973682306726232 0.3145210230263158 0.20394736842115435 0.3145210230263158
3 0.21816998217582295 0.3278508758869908 0.21183881756928713 0.32944030485303866 0.20891927452782966 0.31781126026750456 0.21525043201756944 0.31622183223683153
3 0.23146360745613492 0.33004385964916516 0.2314636147307283 0.3176141086480153 0.23903509035164916 0.3176141138844635 0.23903508771934412 0.3300438602459775
3 0.2566440009585449 0.3186168309482386 0.2637555680241803 0.31972361094722884 0.2618064583512023 0.3322471301810762 0.25469489144745694 0.33114035087720006
3 0.156725801370726 0.3458025006085305 0.15818223525457142 0.35616514214852696 0.15124146246296277 0.3571406036699405 0.1497850328947834 0.3467779660087726
3 0.2755638563332923 0.454279284817295 0.26907733552627633 0.4528508771929772 0.2717014086955487 0.4409354969970818 0.27818791910920027 0.4423639034360143
3 0.25779788683564675 0.581354664328824 0.26221004537967474 0.5818380589526034 0.2609330343173042 0.5934926880122251 0.2565208758555855 0.5930092938958283
3 0.30011260990420396 0.43752224620434693 0.2989593274263598 0.4317848529810188 0.3125 0.42906317543864564 0.3136532863439925 0.4348005634062361
3 0.17553905009344817 0.2702796129125824 0.18018039612741177 0.2706293788913219 0.1793949786919029 0.2810515202112318 0.17475363267544708 0.28070175438596656
3 0.15601066415797504 0.26987406906209455 0.15961747261781056 0.27006659891213897 0.15898262248765604 0.2819594567637891 0.15537581403532386 0.2817669270102451
3 0.14079101315792286 0.27631578947367996 0.14079101627010004 0.26699180085120044 0.14583333449991187 0.2669918029240497 0.14583333333337123 0.2763157896022229
0 0.7816155651142935 0.6935370484337544 0.7844683906612318 0.698689004993096 0.7593899234202581 0.7125737367937539 0.7565371162280599 0.7074217960526382
0 0.8031394835526271 0.6712193881579321 0.8076908204575375 0.6670373958640057 0.8280322258091246 0.6891721945562007 0.823480901432049 0.693354173819301
0 0.8414835508583565 0.6843150117231152 0.8380490941839298 0.6901663462743582 0.813856939232096 0.6759686798277533 0.8172913954542764 0.6701173623964469
0 0.864575085252568 0.6877101233116377 0.8588649471283816 0.6933584445717167 0.8388100723061598 0.6730869282978535 0.8445201932372584 0.6674386237760446
0 0.7222127081454346 0.6895886215345325 0.7252951258008125 0.6967214763169431 0.6973579320374483 0.7087925180304121 0.6942755416666841 0.701659686403538
0 0.7328297559137127 0.6910783474341198 0.7361514576869013 0.6976902545927661 0.7102735407784166 0.7106888625882237 0.7069518629385811 0.7040769758772084
0 0.7428171707630327 0.6900624440144494 0.7469071216532939 0.6951399635229167 0.723846703284039 0.7137123586995175 0.7197567697368186 0.7086348552631763
0 0.7557173836808033 0.691606185871656 0.7594217778171242 0.6959883522072932 0.7378841947585215 0.7141920445528205 0.7341798146929932 0.7098098914473961
0 0.7654933413583649 0.6883081946799335 0.770788520476458 0.692118828466693 0.753393707220539 0.7162866775666509 0.7480985383771213 0.712476055921031
0 0.7856187737646678 0.7137471922975358 0.7821467276585281 0.7086522193137469 0.8069197855689936 0.6917727798284956 0.8103918277780622 0.696867736463042
3 0.12416260087070441 0.2666436176144548 0.1304415430639665 0.2688055809143438 0.12635604471529405 0.2806707340990274 0.1200771030702299 0.27850877192982454
0 0.8318320676665962 0.6955129394533431 0.8348410453218094 0.7010037340913646 0.8093894117140508 0.7149491876118761 0.8063804539473267 0.7094584100877144
0 0.8516652587128419 0.6924316367901313 0.8569930165090227 0.6965998881446845 0.8395630974297319 0.7188750062318054 0.8342353508772931 0.71470676754389
0 0.8654481622235153 0.6936240731503525 0.8707116837274498 0.6985729233416776 0.851666872226815 0.7188256040342801 0.8464033651315503 0.7138767686403584
0 0.8444599657130993 0.9224511601032255 0.8398516257065012 0.9268586289825373 0.8190354361341861 0.9050992693689511 0.8236437554824079 0.900691819078978
0 0.8440020534829955 0.9038211139806144 0.8498226993386879 0.9011165674560596 0.8624474877733519 0.9282803770503424 0.8566268489487356 0.9309849122717678
0 0.8571152196227558 0.9022062456842563 0.8773086152548331 0.9232207620040784 0.8725497191533123 0.9277925243788272 0.8523563432016772 0.9067780274122423
0 0.8907967758279938 0.9275866901339777 0.884861572458135 0.9316994850484539 0.868102235160336 0.9075201627671964 0.874037403508737 0.9034073848684321
0 0.9026203566319282 0.9236700979506021 0.8978090744141127 0.9281789815916992 0.8776064824561445 0.9066269364035303 0.882417743059591 0.9021180713571981
0 0.8320814451285514 0.5392313993096275 0.8258345168014785 0.5440137613529608 0.8077689514515214 0.5204177550413167 0.8140158596492029 0.5156354046052304
0 0.7982781074067589 0.5189976295234272 0.8044596975610148 0.5156866086039326 0.8190226760984842 0.5428729962835356 0.8128410916557414 0.5461840089295918
0 0.8113823315480886 0.5376948679899066 0.8063606106618408 0.5431078875297088 0.7854790625731312 0.5237374905059304 0.7905007730263378 0.5183244835526303
0 0.8308830844298427 0.37245522258771235 0.8369500366040938 0.36858980910917116 0.8526946608312755 0.3933006608669611 0.8466277138088572 0.39716606773114005
0 0.8090585838924653 0.3461608183634918 0.8027188223684334 0.3426179769736878 0.816810372170039 0.3174026364298772 0.8231501188671473 0.32094547263642054
0 0.831589726602715 0.31813645090390613 0.8372792427300055 0.3225666754086204 0.8195620158896872 0.34531926081038805 0.8138725054824363 0.3408890427631777
0 0.8425896379368396 0.318748797510793 0.8484671065135672 0.32262703290234235 0.8320929693659309 0.3474412130910989 0.8262155054824234 0.3435629835526193
0 0.8569217878913378 0.32090888410219837 0.8617444909310734 0.32505088356543527 0.8430315691036867 0.34683837718214006 0.8382088717105489 0.34269638377194955
0 0.8335760700871333 0.3006232104445452 0.8382600433466223 0.2959873897930258 0.8590396776353373 0.31698225819358933 0.8543557107741435 0.32161807240668056
0 0.8489019078440379 0.2963685676779396 0.8544188035341449 0.2937858709805061 0.8666848480353337 0.3199866120993502 0.8611679545357447 0.32256930528580163
0 0.8838497592068961 0.31452681356424 0.8804239004389274 0.32016804181135605 0.8549935256382923 0.3047248846801301 0.8584193837718885 0.2990836644736917
0 0.8931162986366417 0.3201116159921059 0.887278614803904 0.3238058794129341 0.8714765072428463 0.2988360805921637 0.8773141787280565 0.2951418223684439
0 0.87458460701896 0.3262838676088272 0.8773888773093859 0.33302062657152137 0.8499800246731866 0.3444295327202347 0.8471757664473216 0.33769278399121644
0 0.8827474127365349 0.32268890915290377 0.8870587441783755 0.32727094857668787 0.8658037082165038 0.34726954137037613 0.8614923837719743 0.3426875087719517
0 0.8939574198498121 0.3224656443820085 0.8992619260305901 0.3270302264716216 0.8803583847179652 0.34899729680919755 0.8750538848684073 0.3444327214912339
0 0.7179243396280981 0.3697149066820622 0.7230712609649572 0.36460484539472104 0.7427685273798943 0.38444333944187703 0.7376216142188241 0.3895533925193329
0 0.7541029924832401 0.3869519608605923 0.7488638667294936 0.39122778222088556 0.7298839724398931 0.36797289719056137 0.7351230866228207 0.36369708333333295
0 0.7441056721490895 0.36733717872808686 0.7498608876160233 0.36375873654126034 0.7665186081658248 0.3905482200394119 0.7607633977007708 0.39412665569570765
0 0.7583951365058965 0.3687648835701485 0.76435993308246 0.3655493375233162 0.7780301274710837 0.3909062703780147 0.7720653346140125 0.39412181105462174
0 0.7911295158969551 0.3892230736875275 0.7856854074011608 0.3935676237564818 0.7678692826129918 0.3712434144893193 0.7733133793859679 0.36689887171053076
0 0.8046210845030828 0.38986306165558965 0.7993232549267759 0.3941759787015151 0.7815151052632245 0.3723020646929539 0.7868129237435824 0.3679891548062666
0 0.814435147348604 0.3921115686125746 0.8082072171212076 0.39532179734027395 0.7950427515080492 0.36978350184328523 0.8012706644736909 0.36657327850875604
0 0.8306362519444974 0.3873394372697766 0.8271417673672659 0.3926908593587377 0.8027709809084627 0.3767774085139855 0.8062654638157483 0.3714259956140281
0 0.811618320524758 0.3204596864240312 0.815642478989048 0.32596938642094525 0.791634849952402 0.3435034055323937 0.787610700657865 0.337993713815748
0 0.7953505953216791 0.32025368682994004 0.8003181381953937 0.3255854283574042 0.7786080028249671 0.3458119023608464 0.7736404682017337 0.34048016885964527
0 0.7897968585857598 0.32059644362722906 0.7924448359422058 0.3270394295892974 0.765087992376948 0.3382823173896917 0.762440026315744 0.3318393410087472
0 0.3966161985474628 0.7329715027454574 0.4024060748787406 0.7372791914780658 0.3873151617211761 0.7575591445744018 0.38152529605270047 0.7532514682017839
0 0.49770067770043624 0.8325759059871761 0.5021041745426373 0.8365550736887453 0.48212395262271457 0.8586611151423997 0.4777204703947291 0.8546819627192939
0 0.5332156540339383 0.832154297675152 0.5389650847121175 0.8360902299166645 0.5218967525225935 0.8610174344498362 0.5161473344297747 0.8570815175438562
0 0.56104200000118 0.8423138962428951 0.5635617560818673 0.8485333446637051 0.5419878666469913 0.8572718595085149 0.5394681326753243 0.851052429824516
0 0.526077103220473 0.906276161287156 0.519373234753516 0.910998397922839 0.5038950743927444 0.8890303957113403 0.5105989078946322 0.88430817653512
0 0.33756911594025496 0.7327467729324592 0.34168474962007167 0.7378661826149459 0.3229006010537887 0.7529647180858532 0.31878498245612263 0.7478453223683821
0 0.34755421620570814 0.7343988563647461 0.35279929865941995 0.7396703334294271 0.33203666680981314 0.7603254748412177 0.32679160197369583 0.7550540153508785
0 0.3586785004911235 0.7554512132172503 0.35355107346492787 0.7475118925438798 0.37732232304711033 0.732162369793236 0.3824497461016563 0.7401016649858022
0 0.38846558468333114 0.7326894970430354 0.39401336781259033 0.7385607696063003 0.37516381239959173 0.7563687448429044 0.3696160469443157 0.7504974895557193
0 0.4117518520666863 0.7442501508852984 0.3966799226519697 0.7554434282195381 0.39226770394725463 0.7495032982456475 0.4073396160910079 0.7383100303433058
0 0.7567395161913737 0.31693583841842154 0.7620977196384047 0.3209084562625329 0.7440388933916893 0.34526509970989183 0.7386806951753897 0.34129248793858236
0 0.7097399756868299 0.2944996770257061 0.7145725241227865 0.2900222510964694 0.7340798439028049 0.31107619159368055 0.7292473011924585 0.3155536115926502
0 0.7440845586385194 0.3107050216132881 0.7388624606130634 0.3151073187973487 0.720019620614039 0.29275615899121876 0.7252417100116872 0.2883538677593846
0 0.7616650923590669 0.3122097784819621 0.7577204133706346 0.31771612514370445 0.7332734431316794 0.30020311073227224 0.7372181195175926 0.2946967719298246
0 0.7701627198683809 0.3150234255381086 0.7647002925136803 0.318850605496728 0.7474816929824328 0.2942756754385908 0.7529441093433888 0.29044850093191654
0 0.7975752843872215 0.31518019454542334 0.7927838214454823 0.3196715050233338 0.7720395961375743 0.2975415825118185 0.7768310515350549 0.2930502785087903
0 0.786763119177408 0.2967863436827468 0.7922233848684073 0.29346850877191694 0.8070472036898764 0.3178638416167743 0.8015869413474093 0.32118167208288506
0 0.7302987126133758 0.31403095682324567 0.7366099242429982 0.3181214901802443 0.720379380014947 0.3431624888606395 0.7140681732455505 0.33907196162279374
0 0.7420545220377335 0.3166543333678546 0.7485589855228909 0.32085905455972125 0.7327247206603715 0.3453529419841527 0.7262202620613607 0.34114822697366737
0 0.8427415855272784 0.3864304632853418 0.8392655003585787 0.39233226304630525 0.8145117828947832 0.37775327741227477 0.8179878677027546 0.3718514876584865
0 0.8644815113842697 0.3934179333057307 0.8586395618063989 0.397339788596202 0.8421406058932916 0.37276423765776595 0.8479825405702286 0.3688423892543624
0 0.7949102371852632 0.5416155037404964 0.789715178178426 0.544055942463431 0.7771656793078137 0.5173436094019805 0.7823607171052345 0.5149031765350908
0 0.8659543205327509 0.3789455211139236 0.8696743739035355 0.3732408870613604 0.8930138998438224 0.38846015765151415 0.8892938570016895 0.394164782409296
0 0.8728241115748006 0.46938701415434264 0.866338856259631 0.4726264017810715 0.85337372411675 0.4466718590363242 0.8598589572368383 0.44343247807016456
0 0.8608799649338152 0.45334177992618957 0.8642983037281056 0.4479744682017343 0.8880044967082767 0.46307151604571606 0.8845861698811177 0.46843881724274067
0 0.7435810539808472 0.46894326105872913 0.7464600932270287 0.4752313214616314 0.7195049881720479 0.4875720435216574 0.7166259649122821 0.4812839967104917
0 0.7473083174554631 0.46539609938884 0.7523641701917541 0.46851915551863776 0.7368295339657607 0.4936661107907843 0.7317736864035851 0.49054306140351855
0 0.7614990671335136 0.46348639943527054 0.7669896652226953 0.4668216294213129 0.750803100002372 0.4934668013645661 0.7453125076754077 0.49013157894737175
0 0.7772559771899523 0.46934763363535603 0.7808249107098391 0.47456068601074564 0.7562978330593069 0.49135108927748467 0.7527289122806451 0.4861380482455874
0 0.8031645756447006 0.4690515141277125 0.8070720982733519 0.47431911755392275 0.7841696333016444 0.4913070178653047 0.7802621228070166 0.48603942543856604
0 0.8162512886229933 0.46847354197896846 0.8200654765786339 0.47346165424954256 0.7975265264242353 0.4906949637778778 0.7937123497806624 0.4857068618421235
0 0.8229695061602342 0.46842861291115884 0.8285391078144357 0.4717951750934601 0.8130778142638064 0.4973723508359053 0.8075082182017468 0.49400579605260814
0 0.8392120232784919 0.4704095051450408 0.8436499313610284 0.4758323098071754 0.8203607011042777 0.4948903529652756 0.8159228059209909 0.48946756030698635
0 0.8459887900884269 0.4691419705045356 0.8520948100971282 0.47227291533344795 0.838658144833289 0.4984754654524196 0.832552129385931 0.49534452741227397
0 0.8648728606935947 0.472554343928887 0.8689494712283476 0.4781545451613087 0.8445543686533483 0.4959114267069822 0.8404777719298409 0.4903112379385517
0 0.8729181577238023 0.47156665846991774 0.8781215039402923 0.47552245097141643 0.8598573121979598 0.4995449601991809 0.8546539736842078 0.4955891765350715
0 0.885517588379571 0.47223271494547264 0.8909814979163002 0.475901409608198 0.8745910521779479 0.5003104969859694 0.8691271491227326 0.4966418103069964
0 0.7043663662468589 0.51250966963482 0.7246698748274412 0.5343943721924765 0.7195093894137017 0.5391815925621817 0.6992058936403964 0.5172969024123009
0 0.7097481644096888 0.5227458906265294 0.7137017269736816 0.5169274407894531 0.7385410977080937 0.5338040314158172 0.7345875509313373 0.5396224671986526
0 0.7221593826754997 0.5206057686403164 0.7268219452455469 0.5149997669789894 0.7499686155413201 0.534249427139782 0.7453060674320113 0.5398554152412034
0 0.7608310963831855 0.5352602750812954 0.7557902031190906 0.5400983116844376 0.7353942422074624 0.518848946168171 0.7404351228070709 0.5140109210526129
0 0.7863176507860317 0.5386405087261432 0.7806443919769208 0.5434449760161585 0.7609074601351722 0.5201410024727398 0.7665807017543784 0.515336547149144
0 0.842428710879517 0.4422615222115763 0.8626828967248912 0.46287439093124155 0.8573263130989517 0.4681374226116369 0.8370721381579642 0.4475245646930227
0 0.8239460046053182 0.4486587009629934 0.8299588388158554 0.4422366491227739 0.8499936810422923 0.4609936797152669 0.8439808593673206 0.4674157193213882
0 0.828671497941059 0.46087380539448763 0.8241925844509979 0.4678939960867465 0.7993640666753663 0.45205427926372527 0.803842978070179 0.4450341030701659
0 0.8691509656307517 0.39442600184800014 0.8731970930519992 0.3987746620572685 0.8510597857124367 0.41937084614634584 0.8470136666666122 0.4150221940789127
0 0.7530317097269972 0.3962181677858254 0.7573863837852741 0.40234511947338863 0.7342944745465729 0.41875663279425734 0.7299398124999925 0.41262969188599513
0 0.7703178910755923 0.39125994365268496 0.7752009170028487 0.39727435879601214 0.7518126981248088 0.41626199390218355 0.7469296842104995 0.4102475899122683
0 0.7759575295409604 0.39137961781452163 0.7816315922522108 0.39456743210439843 0.7674004851293148 0.4198964390474832 0.7617264265351196 0.41670863048247303
0 0.7937883431661703 0.3930685948594381 0.7983515768956977 0.398098114206025 0.7767422876842147 0.41770301889618383 0.7721790633701175 0.4126735086148959
0 0.8069879035269878 0.39631293745844526 0.8114160417690073 0.4027061734807149 0.7868096282088572 0.41974839518366924 0.7823815032894572 0.4133551710526698
0 0.8165106151061536 0.39297354808271956 0.8217084127553562 0.3972321456819467 0.8032394485549048 0.4197731568049575 0.7980416578947143 0.4155145668859642
0 0.8305627511859939 0.39427544830702027 0.8354214336117138 0.3992022903437585 0.814270116266357 0.4200599316383347 0.8094114429824231 0.41513309868417686
0 0.8427447138286652 0.3948442247546561 0.8477304632647247 0.39922358633667726 0.8277551221459589 0.42196365158774113 0.8227693804824412 0.41758429824563925
0 0.8757538630864019 0.3972261079352686 0.8813251844951537 0.4012525562860778 0.8639268369735191 0.42532508559094084 0.8583555219297523 0.4212986447368097
0 0.7897094002192944 0.44380890899124703 0.7954297713433789 0.4396922125944857 0.8137318095089086 0.46512229402777705 0.8080114459177139 0.46923898149250426
0 0.889727598534023 0.399069643116057 0.8951595524040385 0.40413522459725565 0.8748115972844062 0.42595372019156746 0.869379652609382 0.42088814820528064
0 0.7050009033700917 0.43804374942881724 0.7278690130930272 0.4564823361449323 0.7233048732713314 0.4621425665111155 0.7004367719298443 0.4437039890351
0 0.7392293381141144 0.4558644594572766 0.7345571857744062 0.46152768782087794 0.7116981132585352 0.44267015030691054 0.7163702588153456 0.4370069335586608
0 0.7505220009944651 0.45934575911470654 0.7451388889663804 0.46388364177946606 0.7262310989173102 0.44145545736753683 0.7316141975395567 0.4369175839520698
0 0.764342136330356 0.4642687407625373 0.758899515647613 0.4684315471552417 0.7406017171052781 0.44450977631576044 0.7460443224996425 0.4403469787269156
0 0.7517774846490966 0.4442966918859797 0.757753561306231 0.4396515015006273 0.7758965161758624 0.4629911174807136 0.769920447895629 0.4676362983787462
0 0.7879365074475118 0.46426571570548725 0.7830929140671969 0.4680377924136738 0.7644439782292238 0.444092842808318 0.7692875581140015 0.44032077412281057
0 0.7777653623018068 0.44535181544855396 0.7827191710525767 0.44134608552633064 0.8012759965715759 0.46429351317120787 0.796322195202265 0.46829923489558123
0 0.33208044973150663 0.12073809717935483 0.33666928384673156 0.1280963975323825 0.3145713878478773 0.14187716164817699 0.3099825581140294 0.13451886513154668