2 0.8165698549530589 0.10307017543405074 0.8165698552631966 0.09930307236842568 0.8201754386972198 0.09930307267061952 0.8201754385964932 0.10307017552681585
3 0.3435639484649755 0.260964912280705 0.3435639490271569 0.2591404319353994 0.34868421071837474 0.25914043324379843 0.348684210526244 0.2609649132185984
3 0.23552602712902626 0.5939065578379177 0.23821080482457546 0.5913883081139967 0.24212540607118171 0.5955613274583398 0.23944062964574186 0.5980795758764247
3 0.2420756011836147 0.5903355249394551 0.24090800283397584 0.5927735989202518 0.23619041785048012 0.5905145772188696 0.23735801644738785 0.5880765043859258
3 0.19148765241232013 0.3475877192981952 0.19148765296233705 0.3461397971464818 0.19627193000837906 0.34613979858616756 0.19627192982454744 0.34758772037171837
3 0.22149122829659973 0.349780701754386 0.21996281140354768 0.349780701754386 0.21996281185613498 0.3455946173245614 0.22149122807024924 0.3455946173245614
3 0.22441654256317634 0.35416666672788283 0.22441654276417466 0.34714248018820776 0.22478070181864496 0.34714248026327865 0.2247807017544119 0.3541666666667194
3 0.26166179944857504 0.3822308151991522 0.264263391778627 0.38223781039917604 0.2642504026371171 0.3870683987068149 0.2616488103070651 0.387061403508772
3 0.26864035133974085 0.39035087719298245 0.26609201186124665 0.39035087719298245 0.26609201265227966 0.3862025778508772 0.2686403508771491 0.3862025778508772
3 0.20357271050147574 0.21309983442834876 0.2063683408144925 0.21326584026791767 0.20613517639515067 0.21719240306511875 0.20333954608395288 0.2170263972469629
3 0.23318502520760376 0.21820175446491774 0.2331850256597363 0.21118967530354796 0.23464912292308782 0.21118967556133933 0.23464912280701355 0.21820175438598652
3 0.3520617258772063 0.2346491228933935 0.3520617266754016 0.22761208509089906 0.35416666694322885 0.2276120855262803 0.35416666666662877 0.23464912280706784
3 0.35564761340492623 0.22116266826942158 0.3571869999999535 0.2208248640350882 0.3585363224796083 0.22697368394551296 0.35699693590777315 0.22731148810726595
3 0.34936386336551095 0.23191344465218056 0.35148041424452003 0.23098291346082533 0.3543006561610582 0.2373976217817297 0.3521841054207471 0.23832815273999672
3 0.378289472575716 0.26164288207500164 0.3804587395800354 0.26281785869463425 0.3766685013890765 0.2698153271181241 0.37449923464907897 0.2686403508771705
3 0.32346491215730566 0.456140350512227 0.32346491285113643 0.4638157896744546 0.32067944247592095 0.4638157890142484 0.32067944327991427 0.4561403513509173
3 0.24780701765723734 0.5828424199561403 0.2472715767282807 0.5828424199561403 0.24727157695508595 0.5792560921052633 0.24780701754389156 0.5792560921052633
3 0.33705216453608955 0.4734990026373055 0.33474566712288834 0.4744939345379984 0.33221855267902356 0.4686358546902917 0.33452504824560947 0.4676409232456023
3 0.42642247306321224 0.5086779678225553 0.4313694680546405 0.5111027559335695 0.4297205278704723 0.5144666156943396 0.42477353333777046 0.5120418282913032
3 0.37424738567051463 0.6293527521949789 0.37193627733142876 0.6295759663359638 0.37133300438597416 0.6233305471491263 0.3736441099779313 0.6231073331417197
3 0.34368969219656265 0.7741228068234279 0.3436896940789893 0.7703981282894793 0.347587719472358 0.7703981305117582 0.34758771929818977 0.7741228073366291
3 0.3455607150722244 0.7886917681301082 0.3434821884493431 0.7899791127710887 0.3394018403531618 0.7833922853314641 0.3414803640350783 0.7821049418859908
3 0.4820988194929896 0.7731392845062606 0.4844301916815539 0.772922083564147 0.4852520518282972 0.781742074137414 0.4829206796713379 0.7819592748517258
3 0.5877192983792838 0.7949561403508771 0.5871253662280651 0.7949561403508771 0.5871253664953429 0.7921662061403509 0.5877192982455881 0.7921662061403509
3 0.5330504364035278 0.6787280701754431 0.5330504385958648 0.6760840031880334 0.5383771937210895 0.6760840070903792 0.5383771929824661 0.6787280726237606
3 0.5178238048245021 0.6754385964912254 0.5178238055442534 0.6742684932728445 0.5222388883463509 0.674268495632321 0.5222388881579718 0.675438598319221
3 0.4687850070199602 0.6366348081305225 0.47077710016492347 0.6362861527772151 0.47223357835582647 0.6446069163517314 0.470241485284987 0.6449555714176535
3 0.4660087722661501 0.5164473684210527 0.46130674451762843 0.5164473684210527 0.46130674528944837 0.514164076754386 0.4660087713523353 0.514164076754386
3 0.458333334023564 0.5098684210526313 0.45638689802638055 0.5098684210526313 0.45638689953011635 0.5025587642543858 0.45833333333325754 0.5025587642543858
3 0.5471491231936625 0.3541666666666667 0.5452921666667407 0.3541666666666667 0.5452921676430833 0.34728201096491235 0.5471491228040577 0.34728201096491235
3 0.245142907894774 0.5899122808376837 0.2451429090987176 0.5847119667577777 0.2467105267904799 0.5847119673508373 0.24671052631583734 0.5899122807017841
3 0.2564879992595479 0.6076578678897712 0.25889462210466263 0.6067891835531435 0.26167127971098125 0.6144808271531303 0.2592646571994237 0.6153495108285347
3 0.07346491287160006 0.40899122807017546 0.07204867264624681 0.40899122807017546 0.07204867328243836 0.4019785964912281 0.07346491228076957 0.4019785964912281
3 0.06030701316319664 0.744731335410675 0.061746346279505815 0.7462103950793708 0.05501828145042964 0.752756627788894 0.05357894993471746 0.7512775697036697
3 0.14724135176629716 0.3393042916153218 0.15121241876977365 0.34028756907317576 0.15018838076844077 0.34442310455173575 0.1462173138434082 0.34343982731210637
3 0.14802631583529546 0.3585526315789474 0.14215789912282162 0.3585526315789474 0.14215789998650052 0.3560195317982457 0.14802631507859587 0.3560195317982457
3 0.10421811732453534 0.4616228071121226 0.10421811872379294 0.4559960444914917 0.1063596496799164 0.45599604523862997 0.1063596491228509 0.46162280701751673
3 0.11814671610773075 0.45677812981718263 0.12010870501410409 0.45749407901876293 0.11794057427141524 0.4634352471298785 0.11597858552636353 0.46271929824562225
3 0.11935329824564178 0.46271929833384673 0.11935329891912261 0.45815667632569174 0.12061403535778936 0.45815667664067766 0.12061403508766944 0.46271929824556707
3 0.1293859634151886 0.47368421051531723 0.12938596491221688 0.47096862719299093 0.13486842147847256 0.47096862997892275 0.13486842105260166 0.4736842122288524
3 0.08844817815167971 0.5264407360027992 0.08741260957674513 0.5293789331610963 0.08244652732821578 0.527628782539196 0.08348209649125238 0.5246905866227604
3 0.025741187432231527 0.554757895481794 0.02337551813832306 0.5550600851513079 0.022631035087783857 0.5492324868421032 0.024996702073622146 0.5489302973217766
3 0.14583333333333334 0.5594690833333333 0.1524122807017544 0.5594690833333333 0.1524122807017544 0.5635964912280702 0.14583333333333334 0.5635964912280702
3 0.1548936232846927 0.5241228072541084 0.15489362390985661 0.5157822135185464 0.1557017544773771 0.5157822138157584 0.1557017543859729 0.5241228070175434
3 0.14183642580599098 0.4986073633129056 0.14583333333337123 0.4975364780701802 0.14695611914112305 0.5017267777678307 0.14295921175050808 0.5027976626565579
3 0.05386637821095519 0.7459154433312679 0.051699894038279126 0.742980279936449 0.05743950614305504 0.7387445052735857 0.05960598943727291 0.7416796663028733
3 0.05482456235904465 0.6951754385964913 0.05102322550408189 0.6951754385964913 0.05102322648826885 0.6927629122807017 0.05482456140350678 0.6927629122807017
3 0.22835617543864828 0.6173245614034857 0.22835617688804177 0.6148252817541258 0.23245614083873534 0.614825283828754 0.23245614035090512 0.6173245625165967
3 0.09412463135447524 0.7328903234293723 0.09704390760498427 0.733352614015356 0.0964517096020927 0.7370916156613915 0.09353243339739947 0.7366293252713515
3 0.12500000022407676 0.7324561403508774 0.1243508004386058 0.7324561403508774 0.12435080102920892 0.7268033179824561 0.12499999999897682 0.7268033179824561
3 0.13244223909271113 0.7260065930826622 0.13504979567710507 0.7273994766834269 0.1305575347288368 0.7358078744471448 0.1279499791667149 0.7344149923245855
3 0.15195603173981453 0.7281433136816614 0.15417119223434383 0.7287732752211337 0.15200884886473887 0.7363755750191714 0.14979368859656006 0.7357456140351029
3 0.15570175457366986 0.7335526315789473 0.15485112390342692 0.7335526315789473 0.15485112427893455 0.7305861315789474 0.1557017543859729 0.7305861315789474
3 0.061831642543893395 0.8837719299031114 0.061831644613562275 0.8794717671183364 0.0668859648238822 0.8794717696946961 0.06688596567346394 0.8837719295592545
3 0.07565789532827694 0.8870614035087722 0.07281369364068269 0.8870614035087722 0.07281369429199458 0.8854434791666667 0.075657894736878 0.8854434791666667
3 0.13539961293861325 0.899122807017516 0.13539961577055237 0.8963968842921503 0.14035087817921976 0.8963968886784356 0.14035087719298645 0.8991228095582912
3 0.207236842105317 0.9035087711095405 0.20723684359484196 0.9067982456458826 0.20443866797711507 0.9067982456096509 0.2044386677565626 0.9035087723417784
3 0.259868422228692 0.7576754385964911 0.25583550567284874 0.7576754385964911 0.25583550695967006 0.7550255581140352 0.25986842105271535 0.7550255581140352
3 0.2626634243421222 0.74561403557879 0.26266342846111 0.7368369846701728 0.2653508786488601 0.7368369868421938 0.26535087719298645 0.7456140350877507
3 0.20201353769743946 0.7427912687924039 0.20018968117005898 0.7421633694429152 0.20228197577876017 0.7360869083103632 0.2041058298865437 0.7367148072055916
3 0.16041871820175402 0.771929824916891 0.1604187205625749 0.7648840854429472 0.16228070257966465 0.7648840866228502 0.1622807017544119 0.7719298245613593
3 0.547149122871815 0.34429824561403505 0.5466611030701642 0.34429824561403505 0.5466611031996536 0.34049105043859657 0.5471491228070136 0.34049105043859657
3 0.5502147291666688 0.36842105263158115 0.5502147298983573 0.36483243638964596 0.5526315791946672 0.36483243698069123 0.5526315789473983 0.3684210527381209
3 0.4549545438596491 0.3120535394736842 0.4583333333333333 0.3120535394736842 0.4583333333333333 0.3223684210526316 0.4549545438596491 0.3223684210526316
3 0.802052985745604 0.38048245632463534 0.8020529868077801 0.37325462605811255 0.803728070542661 0.3732546265689102 0.8037280701754526 0.3804824561403376
3 0.806423835411124 0.08771929830599476 0.8064238355489124 0.08082040780537399 0.8081140350876694 0.08082040789469419 0.8081140350997202 0.08771929824553966
3 0.8160033577271406 0.06737118138283701 0.8157894736841627 0.07116169846488091 0.8122734572835952 0.0709633035747331 0.8124873414584499 0.0671727866331095
3 0.814191657894753 0.06578947368425386 0.814191658009122 0.06296230920650674 0.8168859649520073 0.06296230931717683 0.8168859649123306 0.06578947372026117
3 0.7971491222552913 0.12131817171054331 0.7994300752274057 0.12313117013652881 0.7945536808316547 0.129266185116766 0.7922727281013522 0.1274531869621082
3 0.7920768629436452 0.11980982798544998 0.7945958533953217 0.12131009538145375 0.7919709102536672 0.12571742720994197 0.7894519199093111 0.124217159957737
3 0.7894736840349879 0.11784858217005072 0.7910653181393172 0.11845432138245658 0.7891782437222901 0.12341275669708862 0.7875866096491109 0.12280701754385061
3 0.7850877194370014 0.11732456140350876 0.7822035328205175 0.11732456140350876 0.7822035329843402 0.11436155263157893 0.7850877192983035 0.11436155263157893
3 0.7659732277115836 0.13436373009687483 0.7682040476726115 0.13539819572271675 0.7654276992581117 0.14138534267550731 0.7631968793859869 0.14035087719298547
3 0.8442982456533628 0.2017543859649123 0.8439881535086897 0.2017543859649123 0.8439881535872473 0.19551232565789475 0.8442982456140271 0.19551232565789475
3 0.8595581824774854 0.21052631577444347 0.859558183114018 0.20576305043857782 0.8640350877047922 0.20576305114116905 0.8640350877450373 0.21052631579899148
3 0.7969552520335128 0.2855003169682718 0.7992890366585925 0.28436603081628303 0.8025885782421938 0.29115464021010057 0.800254793859267 0.29228892598597006
3 0.8300438599983408 0.29605263157894735 0.8276041085525776 0.29605263157894735 0.8276041092882451 0.29090686403508775 0.8300438596112372 0.29090686403508775
3 0.8274913958333627 0.25799065241228 0.8300150438552691 0.25793981388235865 0.8301863730571313 0.26644449750971927 0.8276627250356796 0.2664953360223616
3 0.8146929827528311 0.45065789473684215 0.8110182269736015 0.45065789473684215 0.8110182277847571 0.4477415263157895 0.8146929820961759 0.4477415263157895
3 0.4641649061446742 0.2757387573881957 0.4671533596682593 0.27705217562807666 0.4641986310481343 0.2837749836378959 0.46121017776840745 0.2824615658092301
3 0.8225276592822865 0.5099390401827071 0.8252964251990988 0.5089095723663486 0.8284101538368986 0.5172833121515472 0.825641388291956 0.518312779248076
3 0.8299087085260908 0.541854301138993 0.8271843085705086 0.5445092173013415 0.819428596993589 0.5365512268966297 0.8221529943749601 0.5338963131554808
3 0.8648292475226071 0.5195682765559175 0.8625917651492045 0.5220292707307411 0.8571046108605742 0.5170408765029747 0.8593420921052939 0.5145798837719072
3 0.8574561408238424 0.5383771929824562 0.8551001425438471 0.5383771929824562 0.8551001434898353 0.5346960986842106 0.8574561403509051 0.5346960986842106
3 0.8742377713201677 0.5525562627006857 0.871278777432849 0.5532229850231172 0.8699096505356465 0.5471471890793819 0.8728686414473259 0.5464804671052648
3 0.8764037498675634 0.5055350451490663 0.873869368115038 0.5073612407547601 0.8693825402800712 0.501134931371132 0.8719169199561065 0.49930873684210036
3 0.8793859652507763 0.5426343969298246 0.8780865938438183 0.5426343969298246 0.8780865945207097 0.537883774122807 0.8793859649123306 0.537883774122807
3 0.8269073535406051 0.5563576512568925 0.8299886163920291 0.558424329153229 0.826273801368302 0.5639623115406621 0.823192539468323 0.5618956348200315
3 0.9106316090001201 0.15994587297059942 0.9087086439673158 0.1604473818698442 0.9071672756351745 0.15453726650101862 0.9090902401316043 0.15403575767542546
3 0.8951141155361029 0.2982456143014852 0.8951141163415741 0.2893231420848151 0.8969298246416884 0.2893231425438082 0.8969298245614254 0.2982456140350803
3 0.9001291494130328 0.2907724355096288 0.9018567111533002 0.29088733455435123 0.9012867327884351 0.2994570042635105 0.8995591710526014 0.29934210526315574
3 0.9137371790920952 0.3261551920705265 0.9161424932125328 0.32735446504955323 0.9116751046724403 0.33631415515008306 0.9092697909494518 0.3351148827769136
3 0.9572368428696336 0.5986842105263158 0.9556191469297346 0.5986842105263158 0.9556191488923105 0.589350231359649 0.9572368420997464 0.589350231359649
3 0.7039396345128353 0.27746946471949535 0.7062809623656676 0.2755775835665598 0.7117711507834201 0.2823718933809281 0.7094298235675751 0.2842637738293989
3 0.7116228062033088 0.2941791520476396 0.7132796825694641 0.2949211678932605 0.7104763762270068 0.3011806121059835 0.7088195000000042 0.3004385964912491
3 0.7219891499355526 0.2662110747976366 0.7243767302891229 0.26564244490323957 0.726368597677947 0.2740057733377506 0.7239810173937258 0.27457440303094793
3 0.7054928497415176 0.3697651480251861 0.7095772244019827 0.3698827924230118 0.7094276099281842 0.37507688430629893 0.7053432352691971 0.37495923994316827
3 0.45504385965375604 0.24232456140350878 0.45489235964919317 0.24232456140350878 0.4548923596585155 0.2410684967105263 0.4550438596490949 0.2410684967105263
3 0.4676712817982889 0.2467105264542062 0.4676712825495315 0.23870574116781695 0.469298245883806 0.2387057415108481 0.4692982456140271 0.2467105263157376
3 0.6687884228736038 0.07985486332324247 0.6664459349840399 0.08028667520835096 0.6649850849050836 0.0723618864062431 0.6673275723684355 0.07193007456140812
3 0.6546052633432282 0.09539473684210527 0.6466450701755093 0.09539473684210527 0.6466450706102478 0.09184006907894736 0.6546052629672658 0.09184006907894736
3 0.6022158135964912 0.2085459144736842 0.6041666666666666 0.2085459144736842 0.6041666666666666 0.21600877192982457 0.6022158135964912 0.21600877192982457
3 0.6244709505671153 0.27617270412273953 0.6276709307603596 0.27791613021450845 0.6241538018998654 0.28437150757686713 0.6209538220899731 0.28262808203192546
3 0.6237210312664274 0.2675438599164325 0.6237210319300175 0.26006689867622856 0.6260964912280542 0.260066899122802 0.6260964912785312 0.2675438596491344
3 0.6465006498843877 0.25810936106977056 0.6485607574991263 0.2588383155497524 0.6463863388806885 0.2649833402556188 0.6443262313596279 0.26425438596491657
3 0.6362831316516804 0.25603367754839357 0.6391678476245488 0.2552657099799974 0.6414762092657611 0.2639364301285605 0.6385914933973709 0.26470439742410645
3 0.6206140355990328 0.31688596491228077 0.6156739766122428 0.31688596491228077 0.6156739771879529 0.3145997138157895 0.6206140350876694 0.3145997138157895
3 0.6402355981819028 0.35087719297151077 0.6402355986841712 0.34786048245608614 0.6425438597808579 0.3478604828817566 0.6425438596490949 0.35087719302665393
3 0.6255993500011527 0.38415445505908885 0.6225336743979142 0.38373448419257533 0.6236737862395785 0.37541234955049646 0.6267394589019659 0.37583232021257945
3 0.6151315789473685 0.38670813925438596 0.6206140350877193 0.38670813925438596 0.6206140350877193 0.3881578947368421 0.6151315789473685 0.3881578947368421
3 0.6184210534801196 0.4199561403508772 0.6132666100294273 0.4199561403508772 0.6132666109537013 0.4172599177631579 0.618421052631561 0.4172599177631579
3 0.6688617410019333 0.695171186895859 0.6681247627163884 0.6966690795875933 0.664260211278588 0.6947679599914585 0.6649971896929401 0.6932700679824791
3 0.6872975621239448 0.6827475894857536 0.6894782565789228 0.6802833782894505 0.6938661492515621 0.6841658761357832 0.6916854563714878 0.6866300858286186
3 0.6260740219298668 0.8234649122806827 0.6260740245821808 0.8209154932755095 0.631578948262927 0.8209154981590353 0.631578947368439 0.82346491540621
3 0.643640350877193 0.8065132850877194 0.6491228070175439 0.8065132850877194 0.6491228070175439 0.8092105263157895 0.643640350877193 0.8092105263157895
3 0.6359649113613841 0.8997500627050712 0.6364813035721681 0.9039462893227661 0.6298611190563861 0.9047607683731309 0.629344731078163 0.9005645455989212
3 0.5899122798640519 0.920225835151207 0.590312061889108 0.9230211443013387 0.5844863375681371 0.9238541138567972 0.5840865581139951 0.9210588070174971
3 0.7182017536651983 0.8348888550989804 0.7190960925679519 0.8378134736878461 0.7153681901731943 0.8389532090255076 0.7144738529747201 0.8360285918898918
3 0.7165809885195813 0.7773914171305643 0.7155388575140478 0.7794263632940855 0.7113468325725307 0.7772799488489561 0.7123889637425691 0.7752450038197346
3 0.6977780372807274 0.7324561403508791 0.698453482596733 0.7324078240950023 0.6990033172263566 0.7400930655574129 0.6983278719147847 0.740141381771554
3 0.7322534429363259 0.5599770656695151 0.730496372720495 0.5627812475258632 0.725293926658992 0.559521760431932 0.7270509967105454 0.5567175800438552
3 0.6842802652215596 0.4298245613347019 0.6842802675438406 0.42686840131573944 0.6918859656962013 0.42686840605479304 0.6918859648416174 0.4298245646065659
3 0.7280701754385965 0.3908148618421053 0.7324561403508771 0.3908148618421053 0.7324561403508771 0.39144736842105265 0.7280701754385965 0.39144736842105265
3 0.7273336370135439 0.38402127363438215 0.728160185307047 0.38053225767547616 0.7321622911398435 0.3814803148172187 0.7313357438131334 0.38496932993907595
3 0.07312254779139948 0.44536324911970154 0.07536666348516974 0.44624793458799683 0.07198238512637545 0.454832053329921 0.06973826973683117 0.45394736842106365
3 0.0833333334622921 0.39473684210526316 0.08270351644739549 0.39473684210526316 0.08270351670523723 0.3896073936403509 0.08333333333337123 0.3896073936403509
2 0.8410358507388764 0.8383065558612034 0.8450823134400025 0.8432635128288866 0.837375192155605 0.8495536172192464 0.8333287362697774 0.8445966665919427
3 0.0715360625907806 0.36383941110853285 0.07340910652487764 0.3633464956818991 0.07527248290534772 0.3704269055310875 0.07339943904776192 0.3709198207558805
3 0.07802960416131555 0.18598369593692432 0.08118422811787696 0.18459384138845217 0.08364129201015658 0.19017070551801696 0.08048666819820482 0.19156055982384462
3 0.10403540241225073 0.22039473684209937 0.1040354025965371 0.21883167761931827 0.10635964918549234 0.2188316778643682 0.1063596491228509 0.22039473696562184
3 0.13407122916669323 0.222587719298207 0.1340712295262847 0.220858718193328 0.13815789485772711 0.22085871892145997 0.138157894736878 0.22258771978740702
3 0.1418831900676878 0.19401639597177367 0.14410610307027127 0.19350696929823388 0.1456946038449587 0.20043840378752611 0.143471690878755 0.200947830352274
3 0.06746243311408762 0.27302631578942055 0.06746243410736952 0.26973684164912537 0.07236842137911026 0.26973684292777816 0.07236842105260166 0.27302631640156244
3 0.8925438606046328 0.6787280701754386 0.889659032279269 0.6787280701754386 0.8896590334410348 0.6751712017543858 0.8925438596490949 0.6751712017543858
3 0.8925438604387637 0.6853070175438596 0.8899787972781041 0.6853070175438596 0.8899787982455791 0.6820175438596491 0.8925438596490949 0.6820175438596491
3 0.1600877192982456 0.009837036184210527 0.16666666666666666 0.009837036184210527 0.16666666666666666 0.013157894736842105 0.1600877192982456 0.013157894736842105
3 0.6513157902965077 0.3103070175438596 0.6461846680316512 0.3103070175438596 0.6461846689809363 0.30663309978070163 0.651315789473756 0.30663309978070163
3 0.8064363540395334 0.5241041625301769 0.8037363458979598 0.5209670849746377 0.8090523037280946 0.5163921447368632 0.811752310711995 0.5195292205490095
3 0.8104179605127229 0.5258795881768421 0.8130560731345895 0.5273979808520751 0.8100793158242823 0.5325694695581387 0.8074412037356069 0.5310510776133247
3 0.8081140358316361 0.5274122807017544 0.8054238254649135 0.5274122807017544 0.8054238264259084 0.5234584846491228 0.8081140350876694 0.5234584846491228
3 0.7467105274030246 0.46381578947368424 0.7441745295224109 0.46381578947368424 0.7441745313855108 0.4553761896929825 0.7467105262641098 0.4553761896929825
3 0.7459819419076439 0.44053349050019935 0.7441154042097651 0.4450525681359993 0.7377496589307384 0.44242344615567536 0.7396161973683775 0.43790437061401827
3 0.8223684224855106 0.43311403508771934 0.8161423749413643 0.43311403508771934 0.8161423764656774 0.4295006359649123 0.8223684210526017 0.4295006359649123
3 0.703442841008723 0.4360260899122811 0.7068681747556411 0.4358849515971392 0.7072960870794986 0.446269488681389 0.7038707533384922 0.4464106268979036
3 0.7074149890351009 0.44517543878994736 0.7074149905906779 0.43807497444742083 0.7094298251546434 0.43807497521608985 0.7094298245614254 0.44517543859653175
3 0.7635079285457778 0.4529217707244927 0.7602541556295819 0.457321210424384 0.7536479538978256 0.45243564553946813 0.7569017258772419 0.44803620833329066
3 0.6403344625560976 0.34266701314037945 0.6442411044261007 0.3430862446624796 0.6436299743231757 0.34878090171952575 0.6397233324734088 0.34836167032392457
3 0.651315790738181 0.32127192982456143 0.6461858202594613 0.32127192982456143 0.6461858216766814 0.31589209539473684 0.651315789473756 0.31589209539473684
3 0.7115963076620346 0.35980421295389065 0.7058044739137586 0.3580683905767218 0.7072084967104502 0.3533838432017397 0.7130003275763102 0.3551196651171652
3 0.7063203220587866 0.35886956023554045 0.7124466970375352 0.36028388857969973 0.7113126295757866 0.3651960754659558 0.7051862547291421 0.36378174751516185
3 0.8508771944568707 0.6019736842105263 0.8470285108679718 0.6019736842105263 0.8470285123887606 0.5977217576754386 0.8508771929824661 0.5977217576754386
3 0.8012400051501345 0.3425240863803843 0.8017424918130018 0.34620631799834467 0.7957796443630514 0.3470199925136018 0.7952771589912118 0.34333776206141464
3 0.800438596918184 0.33881578947368424 0.7956494864250772 0.33881578947368424 0.795649486858224 0.33707134210526324 0.8004385964911762 0.33707134210526324
3 0.8399122820663933 0.3103070175438596 0.832530482101447 0.3103070175438596 0.832530483561186 0.30623238377192985 0.8399122807018102 0.30623238377192985
3 0.8243530699205621 0.3688371420804023 0.8249727234946249 0.37385269392231685 0.8183235067427859 0.37467414423714496 0.8177038552631757 0.3696585942982037
3 0.8223684217931577 0.3618421052631579 0.8185425564754496 0.3618421052631579 0.8185425576483567 0.3572873486842105 0.8223684210526017 0.3572873486842105
3 0.710526316608366 0.3804824561403508 0.7046739002192908 0.3804824561403508 0.7046739019690449 0.3758525120614035 0.7105263152327552 0.3758525120614035
3 0.7335526327148045 0.3892543859649123 0.7282034582200367 0.3892543859649123 0.7282034595100413 0.3854115635964912 0.7335526315789593 0.3854115635964912
3 0.6567982462318014 0.35855263157894735 0.6520858344298404 0.35855263157894735 0.652085835579328 0.35463069846491224 0.6567982453721015 0.35463069846491224
3 0.6466620876328761 0.27222352614078393 0.6436733568922364 0.2697237236344721 0.6499210282057675 0.2622542556712864 0.6529097574846219 0.26475405718315015
3 0.6027887515140264 0.2768516892633264 0.6003435225776457 0.28037400795548756 0.5958046989167087 0.2772231840988948 0.5982499276316275 0.2737008662280682
3 0.601973685003486 0.27521929824561403 0.5969774697291541 0.27521929824561403 0.5969774711165883 0.26973684210526316 0.601973684120253 0.26973684210526316
3 0.5905805098350356 0.2719298246084744 0.5905805103930106 0.26744879368590835 0.593201754461461 0.2674487941215108 0.5932017543859729 0.27192982456143727
3 0.5953947375979851 0.27741228070175444 0.5903186001856966 0.27741228070175444 0.5903186010626769 0.2735818322368421 0.595394736842195 0.2735818322368421
3 0.8242041150944033 0.5467242564886666 0.8276053439795987 0.5485341661729316 0.8239139761966499 0.5554704375114456 0.8205127481343197 0.5536605290208385
3 0.6578947368006993 0.663092216277307 0.6580422861212583 0.669952967614241 0.6550468278918515 0.6700173786356852 0.6548992807017839 0.663156629385992
3 0.16776315789479668 0.07565789455903334 0.16776315814138343 0.07894736842105364 0.1613564780687966 0.0789473685198231 0.16135647807016085 0.0756578949051663
3 0.7171052654483674 0.7291666666666669 0.7123786519028954 0.7291666666666669 0.7123786545849953 0.724418163377193 0.7171052631579187 0.724418163377193
3 0.6931324730402366 0.8378947550485949 0.6954239420674639 0.8384659585954012 0.6935985144499455 0.845787357227852 0.6913070456220112 0.8452161542338672
3 0.6820175455782191 0.8322368421052632 0.6781854862159662 0.8322368421052632 0.6781854881113532 0.8285088497807017 0.6820175438596152 0.8285088497807017
3 0.7105263157855006 0.8415152872760041 0.7105485206182038 0.8475876381301892 0.7087653229523312 0.8475941564787383 0.7087431195175213 0.8415218070175643
3 0.793721356729634 0.8140765757862072 0.7967363986872442 0.8150764233104761 0.7939860984653251 0.823368267487595 0.7909710570174866 0.8223684210526211
3 0.8004385980284496 0.8124999999999999 0.7968067321354511 0.8124999999999999 0.7968067337581033 0.8089778673245612 0.8004385964911762 0.8089778673245612
3 0.8015350895985875 0.8026315789473685 0.7966325887535959 0.8026315789473685 0.796632590860554 0.799300798245614 0.8015350877193441 0.799300798245614
3 0.8047705238991512 0.794693463659542 0.8048432222688007 0.7982452321681224 0.7960993506811747 0.7984241625279224 0.7960266561551634 0.7948723977880279
3 0.7993421052631579 0.7811083947368421 0.8048245614035088 0.7811083947368421 0.8048245614035088 0.7850877192982456 0.7993421052631579 0.7850877192982456
3 0.7991841705082834 0.775226055834843 0.8053943006715372 0.7762094634805076 0.804550589211317 0.7815364421073945 0.7983404591954013 0.7805530350907324
3 0.6649391931964601 0.7865777868818986 0.6611073508646541 0.7883021519687345 0.6572456705836203 0.7797224168778009 0.6610775054824671 0.7779980537280514
3 0.7760495063623694 0.7738718529281376 0.7748427664179189 0.7687227364236664 0.7823874530008652 0.7669548921939532 0.7835941961576509 0.7721040040180477
3 0.780701756516919 0.7642543859649124 0.7756603466626757 0.7642543859649124 0.7756603488933251 0.7605296578947367 0.7807017543859729 0.7605296578947367
3 0.7182017568687797 0.7236842105263158 0.7121015285086969 0.7236842105263158 0.7121015312229702 0.7198098782894737 0.7182017543859729 0.7198098782894737
3 0.8037280680753156 0.6695094471778724 0.80567453729725 0.6737510578272727 0.7988700330922711 0.6768731997131371 0.796923567700901 0.6726315923198559
3 0.7160087740135168 0.7182017543859649 0.7112121217104459 0.7182017543859649 0.7112121239359794 0.7140843234649125 0.7160087719298645 0.7140843234649125
3 0.7105263185083004 0.7149122807017544 0.7073264676653253 0.7149122807017544 0.7073264706681357 0.7066564177631579 0.7105263157894797 0.7066564177631579
3 0.7020605803541002 0.6919644312540573 0.6981721376429277 0.6947244160828481 0.6930851171651966 0.6875585338099401 0.6969735548245808 0.6847985515350623
3 0.6406189895957368 0.6956345576460427 0.6432868254329378 0.6963994327170667 0.6412175811998395 0.7036157516521869 0.6385497456140001 0.7028508771929863
3 0.778089657894725 0.7291666666666996 0.7780896611733397 0.7251936220933892 0.7828947380058935 0.7251936258340447 0.7828947368420813 0.7291666682927597
3 0.7940370715274412 0.663253042458174 0.7908244658070771 0.6650223091786142 0.7855707508209662 0.6554839610542522 0.7887833508771109 0.6537146962719507
3 0.6513157894595452 0.6607994499879977 0.6514627684356356 0.6677600547896255 0.6500784955248946 0.6677892803613531 0.6499315175439051 0.6608286765350441
3 0.6797220254379681 0.7138157882190447 0.6767033922623114 0.7146382829183029 0.6744721308415365 0.7064505937251037 0.6774907587719099 0.7056280997807002
3 0.6821594080917066 0.7126676717480523 0.6792051873871969 0.71374275634739 0.6764192105549682 0.7060883500991548 0.6793734265351077 0.7050132664473787
3 0.7389631285828955 0.6210932913735576 0.7416820055941571 0.6243444197212505 0.7351833090435775 0.6297785455053255 0.7324644348309448 0.6265274197809843
3 0.7775254712856849 0.6086689883573001 0.7805086180933358 0.612239457157632 0.7739288845757528 0.6177362286921957 0.7709457408202525 0.6141657627513348
3 0.7807017564053922 0.618421052631579 0.7761132752399362 0.618421052631579 0.7761132778163073 0.6130898739035088 0.7807017543859729 0.6130898739035088
3 0.7180228269035069 0.2769218626510297 0.7147452869108974 0.27849231309304856 0.7103782243920023 0.269378431146221 0.7136557620613075 0.26780798135966793
3 0.780701754634606 0.12171052631578948 0.7769460700912987 0.12171052631578948 0.7769460703660798 0.11791413157894738 0.7807017543859729 0.11791413157894738
3 0.7741228073190314 0.1151315789473684 0.7693322346491414 0.1151315789473684 0.7693322349532536 0.11147430153508774 0.7741228070175339 0.11147430153508774
3 0.9555157028509029 0.9572368421053015 0.9555157084034818 0.9531332822835351 0.9616228089236074 0.9531332896961043 0.9616228070175339 0.9572368458717462
3 0.8647258673245233 0.7894736842105501 0.864725870808229 0.7855349281428257 0.8695175450791339 0.7855349321825535 0.8695175438596152 0.7894736859861857
3 0.8656484881710185 0.8625452383669767 0.8693366154446949 0.8618510616636715 0.8709360866798761 0.870347038236384 0.8672479596252742 0.871041214147885
3 0.8568134414070983 0.8457961874683322 0.8596369863547579 0.8482846186195298 0.853851272614861 0.8548480380987366 0.8510277303306566 0.8523596097675978
3 0.9292011074587663 0.908909361737491 0.93246420558512 0.907834021072024 0.9354793852396597 0.9169812029384354 0.9322162877836035 0.9180565421636857
3 0.9381754966409517 0.9443747542356672 0.9416259942249781 0.9428663517944347 0.9454791634254889 0.9516781389606699 0.9420286670815585 0.953186539307037
3 0.9262340311230446 0.9417120096442138 0.9300680235140817 0.9425969142475229 0.9280114780293616 0.9515048032738619 0.9241774860299756 0.9506198998367051
3 0.9316279780574632 0.9490216103450256 0.9347980882616866 0.950100554448134 0.9316279745968359 0.9594122758940088 0.9284578651315769 0.9583333333333215
3 0.9261692355012201 0.961183443502653 0.9219802576849361 0.9621907520272716 0.9193922291666468 0.9514311929824554 0.9235811940504846 0.9504238860804431
3 0.9100877226430839 0.9605263157894737 0.9039043664309929 0.9605263157894737 0.9039043723622626 0.9548096074561404 0.9100877182568183 0.9548096074561404
3 0.9000493785586059 0.9615417788164343 0.9065198829744077 0.9628075313691161 0.905497461388677 0.9680326507506568 0.8990269572564102 0.9667668991883562
3 0.9817660292251276 0.6288587230200281 0.9852905677918216 0.6297685033711538 0.9826121043215608 0.6401437473606467 0.9790875661059317 0.6392339679517722
3 0.767899809841424 0.13751864015399431 0.7707174934294017 0.1387101232141162 0.7676969944911889 0.1458531189540669 0.7648793110178076 0.14466163609342397
3 0.08891650189923439 0.18900797084438198 0.085579472136601 0.19091734027288346 0.08071177324404744 0.18241008819454893 0.0840488015351184 0.1805007192982411
3 0.2596990152817398 0.3876489838782002 0.25700834153599317 0.3912415895238093 0.2511380176632656 0.3868452236071915 0.25382869078941894 0.3832526195175744
3 0.2748876658102972 0.4035264743817521 0.2718617166740387 0.40688752281677154 0.26534987680292943 0.4010252067115842 0.2683758245614172 0.397664160087721
3 0.3157894735610398 0.024377640247113794 0.3182613729325112 0.026460460792409893 0.31246111490168005 0.033344227305976325 0.3099892156058104 0.03126140684374657
3 0.4790437774692009 0.24699493455785976 0.4823347872378463 0.2493664686775729 0.4770347890704443 0.25672120453619074 0.4737437799988129 0.25434967124141916
3 0.45908961364148126 0.7811446742656135 0.46856691512221005 0.7829865288743709 0.4675954577854782 0.787984245774152 0.45811815662455047 0.7861423922860472
3 0.45999330811403505 0.8062745646929824 0.4616228070175439 0.8062745646929824 0.4616228070175439 0.8125 0.45999330811403505 0.8125
3 0.6123482557023863 0.37171052629091056 0.6123482587719309 0.3656706557017311 0.6184210536411001 0.3656706588034771 0.618421052631561 0.3717105273325533
2 0.6491228072848116 0.07894736842105263 0.6428475197367334 0.07894736842105263 0.642847520061764 0.07492218969298245 0.6491228070175339 0.07492218969298245
2 0.8366228095153474 0.8388157894736842 0.830880039351996 0.8388157894736842 0.8308800420433045 0.8352728344298246 0.8366228070175339 0.8352728344298246
3 0.8910485061553572 0.8483011447040538 0.8975149835174534 0.8488016871655389 0.8969209478292441 0.856474301622505 0.8904544705251283 0.8559737596613406
3 0.8662280720551507 0.8135964912280702 0.8604175414934616 0.8135964912280702 0.8604175440780182 0.8096438497807017 0.8662280689565023 0.8096438497807017
3 0.8651041045244483 0.7817982456119604 0.8651041052631854 0.7799297017544168 0.8673245616486156 0.779929702597043 0.8673245614035068 0.7817982459610726
3 0.8952666926631991 0.823033574317557 0.894227639934229 0.8275580508544896 0.8886317771613221 0.8262732160789603 0.8896708321532287 0.8217487428067087
3 0.7961808262608656 0.11126972336171038 0.7993641087616652 0.11334990149565354 0.7946868743829327 0.12050741213745092 0.7915035921316758 0.11842723431743822
3 0.7993556096823795 0.11901390307402915 0.8029159374999608 0.1149712171053025 0.8083456671968179 0.11975307146766914 0.8047853399381211 0.12379575690370165
3 0.8153098859307875 0.12449691118253632 0.8182585953907164 0.12464139558157787 0.8179653070463928 0.13062694052253812 0.8150165975877144 0.13048245614035034
3 0.8191171271860185 0.12380204087869556 0.8226475983574346 0.12466634505170533 0.8202781357942968 0.13434497151007208 0.8167476646824525 0.13348066750663187
3 0.6368165603070111 0.09539473684209841 0.636816560845773 0.0917904155106333 0.6436403510651871 0.0917904163770305 0.6436403508771491 0.09539473735764535
3 0.6656435529594091 0.08684239804717078 0.662546811500647 0.0886867687846468 0.6582922579666501 0.0815432893963507 0.6613889989035897 0.0796989188596274
3 0.6678532816280267 0.080892987053575 0.6653786037362579 0.08293144966762338 0.6596062621435976 0.07592388453712644 0.6620809396929417 0.07388542214912933
3 0.8933144199561404 0.07725915679824562 0.8991228070175439 0.07725915679824562 0.8991228070175439 0.08114035087719298 0.8933144199561404 0.08114035087719298
3 0.9050767083251685 0.3715222171540927 0.9059491263965356 0.36627830793524274 0.9119226263659357 0.3672720655157219 0.911050210306712 0.3725159729450602
3 0.9111842120104257 0.4133771929824561 0.9046531776315305 0.4133771929824561 0.9046531791924508 0.40965827850877196 0.9111842105263577 0.40965827850877196
3 0.9065369132891874 0.4140985767482324 0.9104017490236629 0.4143688183444895 0.9100735605023829 0.4190621291176979 0.9062087247762065 0.41879188760213987
3 0.8760964927025725 0.5032894736842104 0.8725733239804185 0.5032894736842104 0.8725733279731003 0.49277356688596496 0.87609649106696 0.49277356688596496
3 0.8673245614035068 0.5054824560918342 0.8673245618546161 0.5131578947984985 0.8647153480155794 0.5131578940212749 0.8647153491178869 0.5054824568691078
3 0.8885601110947619 0.5393380122938983 0.8859753454142947 0.5411445767079637 0.881219419929721 0.5343405708597309 0.8838041831140799 0.5325340076754317
3 0.880482457135372 0.618421052631579 0.877083839892066 0.618421052631579 0.8770838414270656 0.6144608278508772 0.8804824561403848 0.6144608278508772
3 0.8868131864119277 0.8048245611720403 0.8868131898864249 0.799627923524919 0.8914473689518445 0.7996279274868908 0.8914473684210407 0.804824562187627
3 0.6896929832221304 0.843201754385965 0.6882389649123297 0.843201754385965 0.688238966809763 0.8360226557017542 0.6896929824496283 0.8360226557017542
3 0.65736956249998 0.8399122807831388 0.6573695656379641 0.8338926833027936 0.6600877203504751 0.8338926853070294 0.6600877192981898 0.8399122807017768
3 0.6550531578651544 0.8433234182641517 0.6516969375007875 0.8425114149077151 0.6540594928590053 0.8327484769727495 0.6574157049711857 0.8335604792857632
3 0.3877085451157427 0.6276022010560609 0.3912714354863738 0.6265539571840777 0.3938339723769104 0.6352627460948547 0.39027108239145036 0.6363109890519346
3 0.15471647316064718 0.9243229103263505 0.15131771620258405 0.9249095384910514 0.1496640975876744 0.9153313848684194 0.15306284548444182 0.9147447575036891
3 0.20007871073562455 0.9418859647271351 0.20007871381574205 0.9388731732456118 0.20504386058655655 0.9388731775575637 0.20504385964909488 0.9418859668967858
3 0.18092105263157895 0.8996229550438597 0.18530701754385964 0.8996229550438597 0.18530701754385964 0.9024122807017544 0.18092105263157895 0.9024122807017544
3 0.15232984808733363 0.9300016320517861 0.15361286814732011 0.9384134198645296 0.14963317804949838 0.9390202621631046 0.14835016337724483 0.9306084791666895
3 0.18201754385964913 0.9331140350877193 0.1875 0.9331140350877193 0.1875 0.9385964912280702 0.18201754385964913 0.9385964912280702
3 0.050004945094883624 0.9232456139922238 0.050004947368393005 0.9202950526315996 0.05372807090657261 0.9202950553408867 0.05372807017545256 0.9232456151591415
3 0.34269263982741904 0.7607548204053718 0.33948548978355575 0.7619019481841031 0.33642703991995404 0.7533525940505872 0.3396341838513308 0.7522054674721419
3 0.4109319660357187 0.7593452144351165 0.4141686599897412 0.7603060589262632 0.4114088173971595 0.7696011942837304 0.40817212390345503 0.7686403508771801
3 0.40644895973514394 0.6932812914557653 0.4121603145613335 0.6948037899902835 0.41078489599772183 0.6999626404604183 0.40507354150167885 0.6984401427882991
3 0.4067982456140271 0.8000877778410713 0.40679824769256356 0.8048245619423713 0.4018245739275699 0.804824561254362 0.40182457472849364 0.8000877800324456
3 0.40209450456359264 0.8190390851861291 0.4080629317190869 0.8205189734212204 0.40662198504139724 0.8263291506638893 0.4006535582846027 0.8248492635389844
3 0.297880013088502 0.7834472557239142 0.30099544361485187 0.7827052918686256 0.3035292343824949 0.79334241464494 0.3004138041933402 0.7940843775260921
3 0.32346491415762557 0.6743421052631577 0.3195351076856241 0.6743421052631577 0.31953510976416055 0.6694250186403509 0.3234649122806559 0.6694250186403509
3 0.253289471491712 0.5288082895336297 0.25571481588087863 0.5311678889536512 0.25002840089996425 0.5370122354092525 0.24760305805398275 0.534652637551283
0 0.30819458701921576 0.30864596290844176 0.31088341666668384 0.3040613048245528 0.31955895260364287 0.309149222079429 0.3168701254547841 0.3137338779943563
3 0.3410087695359607 0.5018487999771954 0.34345104669023385 0.5034382295335494 0.33874419231472075 0.5106700966440264 0.33630191599866066 0.5090806681455667
3 0.3506431369193024 0.5086149498384107 0.3533309653636252 0.5101156575069575 0.3484018377675966 0.5189432157465973 0.3457140101703544 0.5174425092651801
3 0.37176887494422317 0.515810039116176 0.3792389281928763 0.5155901465899735 0.3793932757390621 0.5208331181279698 0.37192322249427434 0.521053010563092
3 0.45018304600955616 0.5460526321138359 0.4501830482456626 0.5377641260964762 0.4528508776038507 0.5377641273859494 0.45285087719298645 0.5460526315789146
3 0.45723684268727993 0.5460526315789473 0.4557237872807036 0.5460526315789473 0.4557237890055603 0.5368067708333333 0.45723684210486226 0.5368067708333333
3 0.2740744697299533 0.43483934551989917 0.2767985852943866 0.43634168680994856 0.27301312674899236 0.44320525426786495 0.27028901174105613 0.44170291376508847
3 0.2720508728207278 0.43250757034496096 0.27454799318968526 0.4348261163253329 0.268531055036874 0.4413061009339471 0.266033935989185 0.4389875563182694
3 0.40968567105267084 0.3958333333333172 0.40968567359368535 0.391126771632499 0.41557017631942017 0.39112677463365875 0.41557017543857455 0.39583333467408927
0 0.4315164978070243 0.40789473709079044 0.43151649908384115 0.39952194727207724 0.43311403554196204 0.3995219478458748 0.43311403508766944 0.4078947368421463
3 0.4292007138158169 0.40789473710415597 0.42920071520552483 0.3994365284003709 0.4309210531266672 0.3994365290328129 0.430921052631561 0.40789473684206445
3 0.3320900909284319 0.3335443033179191 0.3356177100457671 0.3347737635448726 0.33257243813557125 0.3435110818250118 0.32904481930563634 0.34228162218509567
3 0.2519284013158085 0.7478070176583146 0.25192840660577076 0.7398389916477116 0.2554824582217634 0.739838994740539 0.2554824561403848 0.7478070175438296
3 0.21219098126323388 0.782894737601213 0.21219098403116732 0.7741228049434123 0.21491228070181023 0.7741228070175141 0.21491228076547486 0.7828947368420592
3 0.06570988158500768 0.7551616950773375 0.06975483831490692 0.755525615489779 0.06883796763668215 0.7657147971742934 0.06479301096487688 0.7653508771929797
3 0.07052148712386952 0.7576754384652716 0.07052149122807805 0.7528179067982674 0.07565789597083494 0.7528179110144761 0.075657894736878 0.7576754398116202
3 0.1764094454769065 0.09696320787838181 0.17961797138730162 0.09879936048797719 0.1739676903354166 0.10867273076328658 0.17075916466103536 0.10683657848108259
3 0.1584640712719647 0.23098646593591607 0.1619142045311719 0.23234612559953421 0.15844170037416916 0.24115744792225682 0.15499156736586883 0.23979778872142635
3 0.06806288135408067 0.3063718387466395 0.07310201358689028 0.3079212825978634 0.07191794204936741 0.3117720314893119 0.06687880994400075 0.31022258793179025
3 0.06473738027216314 0.3444233004039671 0.06982318755456163 0.3452606662421332 0.06899181008702726 0.3503099173331856 0.06390600285942583 0.34947255172179686
3 0.2438012906026188 0.3936836851971323 0.24080155823401128 0.3958230000172575 0.2363424943382597 0.38957082261068826 0.23934222478067113 0.38743150877191257
3 0.1583207010176011 0.38409897754202793 0.161791813654645 0.3850989423713578 0.1586111194201294 0.39613936867105676 0.15514000706468778 0.3951394045248962
3 0.1699442898803909 0.3666823947975726 0.17070705543699205 0.3727120288606094 0.16810816589179467 0.3730407812008407 0.1673454013157425 0.3670111480263286
3 0.11183914527907746 0.3651315786548155 0.10821228723409604 0.365779064495277 0.10716938926964303 0.3599375552693766 0.11079624499586771 0.359290069640752
3 0.17299951354573295 0.5953947368385998 0.17299951535085256 0.5916252445175092 0.17653508831961062 0.5916252462608251 0.17653508771934412 0.5953947373771108
3 0.18252230678922388 0.6186846578698749 0.17869252867581054 0.6217663118611667 0.17219162467711158 0.613688134535953 0.1760213980263643 0.6106064835526098
3 0.14744913948425165 0.6232474994231273 0.15118322557020747 0.6243447869003143 0.1487438568565267 0.6326449998180563 0.1450097711511944 0.6315477132491859
3 0.2263833651315963 0.6228070175438504 0.2263833678963465 0.6178307652400149 0.2302631588352142 0.6178307676324282 0.230263157894683 0.6228070181118739
3 0.059210528923244965 0.6469298245614035 0.05182401023409966 0.6469298245614035 0.051824012924157614 0.6432821096491228 0.059210526315723655 0.6432821096491228
3 0.03155333442975916 0.6447368421053062 0.03155333859660914 0.6412275090044169 0.03947368565479792 0.6412275167486736 0.03947368421052033 0.6447368471269926
3 0.08315340396347892 0.6932875605618709 0.08378582069269669 0.6972970611911605 0.07755259354848931 0.6982800768957736 0.0769201798245831 0.694270578947354
3 0.23673105554337326 0.6460504346077801 0.2332165522966534 0.645250536714896 0.23512716604943762 0.6368569612777387 0.2386416636056765 0.6376568584975368
3 0.2448928585545218 0.6608447006619146 0.2417761499033304 0.6597441080392344 0.2457503004385444 0.6484914111842027 0.24886700230968017 0.6495920024942654
3 0.2652573092076409 0.6215384995072398 0.26927194272502675 0.6233378794723154 0.2669436859309826 0.6285318824062651 0.2629290530014714 0.6267325034160045
0 0.21302398885802631 0.5896785631106027 0.21648060932318458 0.5862197786253968 0.22353326649977134 0.5932672744479041 0.22007664914451652 0.5967260558233517
3 0.24214918727784607 0.7509750455761666 0.24227950109650465 0.7543859649122953 0.23470529457460998 0.7546752812276977 0.23457498382720132 0.7512643648539632
3 0.17799399813827677 0.7616803901102456 0.1761794191629633 0.7662457067403478 0.17167982785088043 0.7644575668859149 0.1734944078158378 0.7598922528250426
3 0.16510950068754937 0.7659256604816089 0.16803125353442283 0.7670036795934454 0.16472197200994287 0.7759711964650636 0.16180021978436798 0.774893178563335
3 0.153891368812765 0.7650879447384865 0.15599759189319684 0.7729470464469136 0.1526848959350673 0.7738346796870129 0.15057867653513313 0.7659755811403172
3 0.08223684468725878 0.7543859649122807 0.07776071146452068 0.7543859649122807 0.07776071474336277 0.7486735120614034 0.08223684210520332 0.7486735120614034
3 0.30701754452366004 0.3125 0.30351390021928637 0.3125 0.3035139019439157 0.3051461546052632 0.30701754382380386 0.3051461546052632
3 0.28883270513063053 0.28832619598664666 0.29288509626712766 0.2894711194875836 0.29039228677947904 0.2982940458391939 0.28633989583340735 0.29714912280702976
3 0.6420060734649269 0.8310525910087682 0.6444854800383837 0.8307104133015952 0.6452910517738246 0.8365463217551922 0.6428116452528911 0.8368884992063688
3 0.5376224484649583 0.788377192982481 0.5376224559942102 0.7789671303316772 0.5416666696326047 0.778967135021846 0.5416666666477568 0.7883771931273249
3 0.6390572642544612 0.6608213245613922 0.6403133551888232 0.6605313721399438 0.6416069673452967 0.6661346268618088 0.6403508764676644 0.6664245791148117
3 0.4407894748682111 0.6666666666666666 0.4361951853069286 0.6666666666666666 0.43619518774380595 0.6621170657894738 0.4407894730720727 0.6621170657894738
0 0.6199009393237702 0.6869474358513863 0.6165766385313418 0.6933196196362056 0.6081135789004293 0.688905162060879 0.6114378804824128 0.6825329846491328
3 0.6025102642544198 0.6973684210594426 0.6025102669932494 0.6915852491810728 0.6052631589494695 0.6915852508578854 0.605263157894683 0.6973684210525796
3 0.45065789557099833 0.6765350877192983 0.4485162247806329 0.6765350877192983 0.4485162271043919 0.6693221502192982 0.45065789472778306 0.6693221502192982
3 0.45638483980428646 0.6720113625153598 0.4591903047665937 0.6714661116402668 0.46076459529274416 0.6795651447446027 0.4579591304626547 0.6801103951567755
3 0.49820879924118344 0.6875000006273226 0.49820880153504277 0.6805198508771992 0.5010964914217766 0.6805198523491939 0.5010964912280542 0.687500000000024
3 0.5125371941724097 0.6885964917853424 0.5125371952493651 0.6804747458124293 0.5142543859649322 0.6804747467105308 0.5142543863428273 0.6885964912281465
3 0.5800438603904468 0.6973684210526315 0.578711305865454 0.6973684210526315 0.5787113069867473 0.6907720614035087 0.5800438596490949 0.6907720614035087
3 0.589682093813849 0.7949561427221724 0.5896820980887014 0.7841479166824082 0.5932017543834718 0.7841479188773779 0.5932017546820134 0.7949561403509057
3 0.6210119713780387 0.8055849909118235 0.6271929824561084 0.8039373804824689 0.6286693267331884 0.8094747892948171 0.6224883161019079 0.8111223985624397
3 0.4555112883772381 0.7785087724824186 0.4555112930923997 0.7694029295413881 0.45833333501911966 0.7694029320176085 0.45833333333337123 0.7785087719298053
3 0.4567110384332409 0.3504113889608251 0.4602455936355909 0.3514086138127503 0.4579485692718208 0.3595498559748307 0.4544140142543256 0.35855263157894784
3 0.46271929824561403 0.8064190032894737 0.46600877192982454 0.8064190032894737 0.46600877192982454 0.8157894736842105 0.46271929824561403 0.8157894736842105
3 0.4851763386654966 0.8179824564575423 0.48517634210531924 0.8109907686402961 0.48793859753504876 0.810990770718796 0.4879385964911762 0.8179824561403847
3 0.5073536368133773 0.813466003235424 0.5106038134323398 0.813129751083296 0.5113289863933232 0.8201377727656081 0.5080788098198354 0.820474024623004
3 0.5117851478457851 0.8139891013267949 0.5149136467667859 0.814707832524792 0.5132401730392075 0.8219906603534413 0.5101116743421699 0.8212719298245719
3 0.6049849945020469 0.8173579026371975 0.6059136154710814 0.8218970163972725 0.6003154486714948 0.823042062047672 0.599386831407287 0.8185029515278007
3 0.6372764539473792 0.8377192986714789 0.637276456890163 0.8301882321589298 0.6392543870153986 0.8301882336250714 0.6392543859649322 0.8377192982455814
3 0.6412010029749808 0.8290686708026497 0.6436435751822955 0.8295014124159388 0.6421572356306342 0.8378891535669019 0.6397146635455329 0.8374564124217754
3 0.7202423431986062 0.969835029248058 0.7248091635609626 0.9713184509669889 0.7232806656785442 0.9760226847072148 0.7187138458151594 0.9745392640755759
3 0.7990660711051305 0.9835526323299127 0.7990660753833936 0.9741933460851735 0.8015350885508497 0.9741933487825107 0.8015350877193441 0.9835526315789805
3 0.7971491242172988 0.9824561403508771 0.7946388552632015 0.9824561403508771 0.7946388590958122 0.975425700657895 0.7971491227864362 0.975425700657895
3 0.7960604426648388 0.9879377210934803 0.7926306019703588 0.9883221074254896 0.7915039303414915 0.9782718499220144 0.7949337607414009 0.9778874641724254
3 0.7631578984651242 0.9199561403508771 0.7565801319445882 0.9199561403508771 0.756580137938272 0.914575038377193 0.7631578945715773 0.914575038377193
3 0.5208333344260154 0.6513157894736842 0.5181201840725862 0.6513157894736842 0.5181201855813242 0.6464669396929825 0.5208333333333712 0.6464669396929825
3 0.5219298259634115 0.5537280701754387 0.518372919956164 0.5537280701754387 0.5183729241474566 0.5443239364035087 0.5219298245604023 0.5443239364035087
3 0.5195218057758666 0.5459642274180226 0.5226985782320526 0.5472702387125153 0.5189685875340047 0.5563423164889088 0.515791815682519 0.5550363062703149
3 0.5032894736298203 0.5434051585026137 0.503567931196585 0.5515255400766341 0.5007394742282258 0.5516225211045596 0.5004610186404079 0.5435021414473948
3 0.37344283662275757 0.31140350877192596 0.3734428379829069 0.3074725229738289 0.37828947414629965 0.30747252455302176 0.37828947368427635 0.31140350945308765
3 0.375 0.2933577850877193 0.3815789473684211 0.2933577850877193 0.3815789473684211 0.29714912280701755 0.375 0.29714912280701755
3 0.19285502844002167 0.19881115635755559 0.19669031637329226 0.19905269201030668 0.19609062893528062 0.2085748689145428 0.19225534100883124 0.20833333333333423
3 0.4348777632051224 0.25160349616437866 0.4360011908066781 0.256416934864857 0.4294611553210643 0.2579433080608481 0.4283377291666284 0.25312987061408176
3 0.3341509798659672 0.10786569944750204 0.33699725978476636 0.10868185411671111 0.33437430847709493 0.1178291704818462 0.33152802861275177 0.11701301594635823
3 0.3106519956139664 0.08771929824565401 0.31065199615170513 0.08257610189214393 0.31578947387924927 0.08257610241781005 0.31578947368416266 0.08771929842907825
3 0.5339912285735409 0.24780701754385964 0.5314918799640509 0.24780701754385964 0.5314918806764126 0.2412888837719299 0.5339912280701355 0.2412888837719299
3 0.5383302933760206 0.22878344718283458 0.5354801256646624 0.22982408027456677 0.53258680637623 0.22189975121066843 0.5354369725877177 0.22085911842106706
3 0.5343229012845541 0.33483693876989656 0.5335536736371296 0.33982270998317465 0.5270270745613743 0.33881578947369423 0.5277963035770199 0.3338300199511321
3 0.5916742127192265 0.24162132456141483 0.5948762364971572 0.24078271079171698 0.596970262929176 0.24877804901403594 0.5937682392487886 0.24961666252483553
3 0.6077097949233803 0.22497107874054945 0.6103967048378536 0.22323049627203057 0.6153579083455725 0.23088890835986908 0.6126709988682251 0.23262949027647167
3 0.6263974801988752 0.2697326852439519 0.623394828739606 0.2713926391313744 0.618830869039698 0.2631371780278488 0.6218335186404147 0.2614772247806867
3 0.6181845424243875 0.30853895274729737 0.6238259666750992 0.3102636576412146 0.622375360228375 0.3150083788575952 0.6167339361534232 0.31328367436994464
3 0.46434026367330716 0.2480838888847228 0.46174253010508437 0.2511546181317213 0.45729546312793445 0.24739261892293143 0.45989319627199166 0.2443218903508419
3 0.4679060172747995 0.26523912851734976 0.4706718023328449 0.26628422158793985 0.4672129249648833 0.27543775941527093 0.4644471401273904 0.2743926667661412
3 0.4675453991916356 0.34277078792507926 0.46625513858452905 0.3483593279678333 0.4602164387922585 0.3469651851521173 0.46150670065787835 0.3413766469298182
3 0.4609541666777659 0.34978070172618914 0.46095416776313414 0.3470515317982539 0.46600877228308946 0.347051533524309 0.46600877192975076 0.34978070271994866
3 0.6085526329407003 0.3223684210526316 0.6023603530582022 0.3223684210526316 0.6023603546059348 0.31755289802631587 0.6085526315789593 0.31755289802631587
3 0.6019736846540127 0.26644736842105265 0.5991761254396124 0.26644736842105265 0.5991761266096773 0.25926627521929824 0.6019736842105203 0.25926627521929824
3 0.5267427697368703 0.3519736842105633 0.5267427708907917 0.3470250551048372 0.5296052635577553 0.34702505592104604 0.5296052631579187 0.3519736842728572
3 0.6134883162816323 0.40121235147881795 0.6148564364035565 0.39605742763158486 0.6207864492398585 0.3976311807704715 0.6194183313585881 0.40278610269141896
3 0.6184127980832272 0.41052536610212187 0.6185008763055748 0.41337472565418176 0.6124501100028965 0.41356175320600536 0.6123620328947936 0.41071239473683535
3 0.6082429671052978 0.40570175438593076 0.6082429701440333 0.4009716873074663 0.6151315799844497 0.40097169125242504 0.6151315789473983 0.40570175632939165
3 0.498592254385926 0.5153508776287972 0.4985922593189116 0.5047485028409505 0.5021929844231181 0.5047485053694463 0.5021929824561084 0.5153508771930094
3 0.39906858840663517 0.5296143785156656 0.40188048286370304 0.5306713013338508 0.3992115653602468 0.5377712178888435 0.3963996712431026 0.5367142957225209
3 0.4689540087719024 0.5399070668859652 0.4692980122952122 0.5399041203430343 0.46936946208586505 0.5482450040348047 0.4690254585625553 0.5482479505756989
3 0.47211633321012414 0.5493421058685032 0.47211633496169725 0.5407875433108156 0.4747807017535024 0.5407875445995838 0.4747807018950425 0.5493421052632289