4 0.398275586509385 0.3162739426915566 0.45023588758726873 0.33117273028766514 0.43203644571872246 0.39464183850968365 0.38007616709853664 0.3797431041286609
4 0.3922841358422602 0.44916212761644153 0.339835169191133 0.462238430497505 0.32531403120128743 0.4039967821507096 0.37776259978068083 0.39092053179825687
4 0.45133214254065024 0.4039322986014694 0.4373913464828547 0.4598438870936904 0.3829997453984788 0.44628268907857754 0.39694067434209046 0.39037130811404763
4 0.3307890126084203 0.4688862303917571 0.3867085583780181 0.46497626191274544 0.3910631015562558 0.5272494552994407 0.33514355767624693 0.5311594051902148
4 0.39042532866687907 0.46449620532121216 0.4464045812463837 0.4674297245033037 0.44313751927006706 0.5297692664746652 0.3871582679664698 0.5268357612004736
4 0.48958637810824257 0.15551545891652 0.5427628438386591 0.15458727083513413 0.5438313566702391 0.21580243675604577 0.4906548909063986 0.21673062323180686
4 0.6070372453776827 0.15823409610049632 0.5968226327443062 0.21616406391110393 0.547532876609921 0.20747298475256049 0.5577475515350443 0.14954310087722736
4 0.609564414784245 0.14509880881881107 0.66058437043921 0.14688044590360244 0.6583762982050985 0.2101114824186667 0.6073563426923556 0.20832984836525403
4 0.6623984094939033 0.14722816738358613 0.7143236762009337 0.1435972384450667 0.7189294381403215 0.20946282643511419 0.6670041718109587 0.21309374877004145
4 0.6133914892236589 0.3062314892269417 0.5657907367324242 0.32169755344399076 0.5476132516673715 0.2657527958799145 0.5952137719298207 0.25028677302632835
4 0.6105941063157161 0.2488342086910376 0.6625193790769117 0.2524650862178172 0.6582485815836208 0.313540466580433 0.606323309648019 0.3099095985663824
4 0.5630373964488626 0.3182595935501791 0.6119938433134848 0.32866520425214346 0.6000132847126451 0.38502938976704687 0.5510568480959819 0.37462381135571043
4 0.6659725117472135 0.36874214678996575 0.618380068251895 0.38060786101238164 0.6050206585716751 0.32702579778294527 0.6526128300438359 0.31516011951754974
4 0.5657351700851905 0.3837658060406147 0.6157710818145006 0.3981125847388637 0.5992260524558333 0.45581206032289945 0.5491901632705094 0.4414653366758955
4 0.6722281841691711 0.43796994339101525 0.6230113986445076 0.4549157899018339 0.6030785278996973 0.39702624971722134 0.652294953947262 0.38008047149124596
4 0.5512448479411205 0.4618466448907363 0.600779770629174 0.4494971339481367 0.6155914449325337 0.5089039077090323 0.5660565418354508 0.5212533627362648
4 0.6721394060496095 0.5079869193556614 0.6221030843822746 0.5223336243583584 0.6048963063376505 0.4623261093407926 0.6549321896929996 0.4479794714912226
4 0.332235328807883 0.3926516339699935 0.3220941632434915 0.32862361695973946 0.3774602328281844 0.3198547289675037 0.38760155503780425 0.38388255123744086