3 0.32017544146128785 0.3925438596491228 0.3162501384567804 0.3925438596491228 0.3162501415127963 0.37972238706140343 0.3201754385964932 0.37972238706140343
3 0.1557017530142275 0.7742826883000612 0.15616357793010138 0.7791813895290484 0.14626252701373232 0.7801146307658481 0.14580070833335412 0.7752159353070077
3 0.10045986170416654 0.9176087248082591 0.10507054452102693 0.9167653024036225 0.10809164852059894 0.933276286893078 0.10348096623977199 0.9341197073015549
3 0.12915533227419473 0.8709198826823777 0.12561130153505928 0.8706140350877175 0.12673944078903787 0.8575447126214999 0.13028345933275887 0.8578505596863122
3 0.1304978651315878 0.8684210532423805 0.13049786753640547 0.8574832918198086 0.13157894821893024 0.8574832927632196 0.131578947368439 0.8684210526316235
3 0.14953576644734312 0.8500646359649359 0.15046699887477644 0.8457227106729955 0.15862505592906473 0.8474720214252199 0.1576938288758356 0.8518139420324365
3 0.16118420959389823 0.8364666439751762 0.16118421508417669 0.8432017557580218 0.1482483602675302 0.8432017542317001 0.14824836592333668 0.8364666536161126
3 0.14645782676007002 0.8324388825252093 0.14711476644731647 0.8269705504386196 0.1563331273748645 0.8280777667124231 0.15567619474325056 0.833546092376948
3 0.1546052564732463 0.7997846942037373 0.15664464310032145 0.8047645098436803 0.1459833278951237 0.8091297713300697 0.14394394956150336 0.8041499627193279
3 0.23307948135959577 0.8289473691480854 0.23307949300124164 0.8166285020898372 0.23793860063074135 0.8166285088631992 0.2379385964911762 0.8289473684210524
3 0.06469298939680357 0.8146929824561401 0.0526709385965205 0.8146929824561401 0.05267094560667829 0.8100056666666667 0.06469298245610844 0.8100056666666667
3 0.25886176977792275 0.84918663049976 0.26056579605267416 0.8404221754385699 0.2724181036695654 0.8427260542890906 0.27071409293205306 0.8514904957043312
3 0.2642543921598417 0.8322368421052632 0.26060767054866574 0.8322368421052632 0.2606076779021578 0.8174540087719299 0.2642543859649322 0.8174540087719299
3 0.27710929740942447 0.8166667317662994 0.28202157831492514 0.8176512395695091 0.27920192138094535 0.83171724357528 0.2742896409961304 0.8307327375450133
3 0.30365887061407193 0.8289473696064953 0.30365887905497857 0.8163927101511765 0.307017547016585 0.8163927142483092 0.3070175438596152 0.8289473684210906
3 0.3238373103069989 0.8267543870259871 0.32383731973084195 0.8144032573999107 0.32785088042078314 0.8144032625339753 0.32785087719298645 0.8267543859648682
3 0.4122807104753292 0.7576754385964911 0.3987534096553418 0.7576754385964911 0.39875341876199855 0.7519452302631577 0.4122807017544119 0.7519452302631577
3 0.492031537934281 0.8146929812397257 0.49203154934207305 0.8094941688596881 0.5043859683745495 0.8094941903870554 0.5043859649122169 0.8146929948228451
3 0.06250000626880592 0.8048245614035087 0.052378393640310605 0.8048245614035087 0.052378402882595765 0.798556595394737 0.0625 0.798556595394737
3 0.03444420618541244 0.829027281490671 0.03272114498815881 0.8350350877516527 0.022974574565068906 0.832240314995386 0.02469764035083699 0.8262325164474028
3 0.5039354670296916 0.7609931727905082 0.5030226077868747 0.7656016229374342 0.49367192972204066 0.7637497257498289 0.49458479276313483 0.7591412807017536
3 0.3407309929503981 0.934738364115239 0.34538241453753926 0.9345759769714561 0.34582860636339774 0.9473532741338501 0.341177184791718 0.9475156609801693
3 0.42564112200398085 0.9281985073115727 0.4221833789736138 0.9321283045082078 0.4096100015111688 0.9210681376900787 0.4130677379386043 0.9171383497807021
3 0.4114474285632923 0.9303347157532563 0.4067423264068566 0.9323636600418337 0.4012002693315253 0.919515019230637 0.405905355263144 0.917486078947387
3 0.3937739091708181 0.9176326823529362 0.3985178016672535 0.9162534115013914 0.4025178927996649 0.9300078440732308 0.3977740014599931 0.931387112143557
3 0.3963637837440501 0.9238077959137106 0.39348345590087774 0.9277319577051172 0.3809280711208203 0.9185187069128334 0.3838083958333982 0.9145945537280434
3 0.3765391244701277 0.9260134994317762 0.3723007064518242 0.9304693408957334 0.36243727701219086 0.9210896278847825 0.3666756874999919 0.9166337949561506
3 0.34546118643470436 0.9579443870364552 0.3501981896763482 0.958055322668077 0.3497789484757732 0.9759520373540356 0.34504194524436116 0.9758411020151112
3 0.37024869522224435 0.9370049965207866 0.37149367589813664 0.9439206349432042 0.3608539552218417 0.9458355069186956 0.3596089866790635 0.9389198792037537
3 0.33857934258537625 0.77989712982647 0.3443857537150734 0.7813445413093079 0.33284981563622296 0.8276129135979877 0.32704340755947214 0.8261655105673816
3 0.06798246088737869 0.868421052631579 0.055950668586092434 0.868421052631579 0.05595067723629654 0.8638838914473685 0.0679824551331194 0.8638838914473685
3 0.24845043105256082 0.8172664065772997 0.25219298245610844 0.8171357412280715 0.25268143680409594 0.8311232972845878 0.24893888541259912 0.8312539624042281
3 0.23974500517431352 0.8170107977163802 0.24391979476376946 0.8160471716769101 0.24731374746659185 0.8307480234723291 0.24313895849002165 0.8317116476873991
3 0.20405596890009292 0.9200032344490706 0.2030335300354409 0.9147445578196597 0.2127192982455881 0.912861843201756 0.21374174254401623 0.9181205125871759
3 0.20285087719298245 0.881578947368421 0.2138157894736842 0.881578947368421 0.2138157894736842 0.8892543859649122 0.20285087719298245 0.8892543859649122
3 0.20280790679824562 0.8624349945175438 0.2138157894736842 0.8624349945175438 0.2138157894736842 0.868421052631579 0.20280790679824562 0.868421052631579
3 0.05299140789475132 0.9023562500000185 0.05355227162147003 0.8961455626227257 0.06525383411042185 0.8972020222159306 0.0646929811659902 0.9034126995931699
3 0.05588865570177859 0.884868421052644 0.05588866476205112 0.8790566577955682 0.063596494270314 0.8790566688514755 0.06359649122805422 0.8848684260911385
3 0.5065789399408231 0.7922600758044217 0.5080501002300934 0.7983120197592585 0.4932968061526708 0.8018976687024505 0.4918256587762926 0.7958457359057648
3 0.5056366795209897 0.7517070274910796 0.5043370229236643 0.75782041763141 0.49334754252504354 0.7554845405230868 0.49464720480762026 0.7493711582804803
3 0.4426770477792843 0.9301219599467442 0.4386698219900609 0.9326913559175902 0.43050953372335243 0.919967898154517 0.4345167467105284 0.9173985076754613
3 0.5548757124341819 0.03717284331077266 0.550245836436261 0.037607971256446965 0.5489377500000501 0.023689587719297005 0.5535676254231703 0.023254459800135234
3 0.5017166887932945 0.1574988375444213 0.5062854346205086 0.15838690442034797 0.5036508444227366 0.17194069814745 0.49908209868419817 0.17105263157893763
3 0.470470006215578 0.20498281621874545 0.4686433152871814 0.19816559627090385 0.4802631578947967 0.19505206798250335 0.4820898503943454 0.2018692854276178
3 0.3009070234692217 0.06748585727034914 0.30156244627187334 0.06213054495611072 0.3108835990071839 0.06327133512527533 0.31022817675716396 0.06862664693465
3 0.32563238403156447 0.1522808974228011 0.32176152083332 0.1513157894736717 0.32541343657089783 0.13666875525080252 0.3292842973223742 0.13763386288119533
3 0.3190789481404863 0.1260964912280702 0.30944398280041696 0.1260964912280702 0.30944398365568304 0.12162494407894735 0.319078947368439 0.12162494407894735
3 0.5449013527319266 0.11909618536230526 0.5491295513967316 0.12216450589382183 0.5415701690305923 0.13258141471917273 0.5373419710094822 0.12951309494473612
3 0.583726856450312 0.07606079855063323 0.5957415373684398 0.07215700152687754 0.5979336153666281 0.07890352849619398 0.5859189345882214 0.08280732519564793
3 0.2317264894066966 0.24620085722530963 0.23363585889251226 0.26175109813080993 0.22773270645404864 0.26247591206170673 0.22582334090293443 0.2469256747221309
3 0.607439723103198 0.24888536693070779 0.6132705538805112 0.24802758095028385 0.6154887209465869 0.2631053548423824 0.6096578902808005 0.263963140313366
3 0.2238143003537516 0.24906870046516263 0.22826132159150347 0.2504282637959199 0.22395382462502766 0.2645174572864371 0.21950680372810893 0.26315789473685375
3 0.08541684267800065 0.2695619843062111 0.08957914909547071 0.26823647387872096 0.09373299342973951 0.28127988578064345 0.08957068735549001 0.2826053954466504
3 0.09616539159401327 0.11513157884942365 0.0961653925438668 0.1114382039474001 0.10635964942287046 0.11143820596908763 0.1063596491228509 0.11513158022202259
3 0.09428155668467753 0.10463671613878535 0.09707045065795228 0.0980801271929335 0.10870854463257729 0.10303046107118076 0.10591965220964994 0.10958704869947333
3 0.03990781914603758 0.021655228832208502 0.041839175438553866 0.015711125000019133 0.051767305472480984 0.018936969413065274 0.04983594940790681 0.024881073049847123
3 0.5116208261242718 0.1624500325006894 0.5169004129403447 0.16156576195092087 0.5193567686250162 0.17623144625857648 0.5140771818925032 0.17711571646970217
3 0.5997281091838431 0.34893108986902677 0.611745139328491 0.34766809614137095 0.6122976675840164 0.3529250511850029 0.6002806374948477 0.35418804455596953
3 0.5434538633253396 0.7851856762542044 0.5537280701754526 0.7831754638157845 0.5550846009938368 0.7901073945833488 0.5448103946321226 0.7921176053180563
3 0.12500000098498276 0.5197368421052633 0.12385468871821104 0.5197368421052633 0.12385468971046976 0.5087172752192981 0.125 0.5087172752192981
3 0.5953947308375973 0.5794512062798886 0.5981706574943928 0.5859766328950823 0.5863528170447125 0.5910034252910399 0.5835768991951227 0.5844780061449228
3 0.5164473737693243 0.7127192982456141 0.5126776744652943 0.7127192982456141 0.5126776800331072 0.6992573453947367 0.5164473684211544 0.6992573453947367
3 0.4628701714646013 0.7013929223296121 0.4679161192538004 0.6999945523433494 0.4719787405468878 0.7146520884643192 0.46693279366786555 0.7160504561553016
3 0.27047206071040364 0.709429826517108 0.27047206641702815 0.6956494428444688 0.2741228073397224 0.6956494462719173 0.2741228070175339 0.7094298245613639
3 0.5570175501717358 0.6633771929824562 0.5465632017543385 0.6633771929824562 0.5465632084188883 0.6572081721491227 0.5570175438596152 0.6572081721491227
3 0.5471437138157895 0.624370745614035 0.5581140350877193 0.624370745614035 0.5581140350877193 0.6293859649122807 0.5471437138157895 0.6293859649122807
3 0.13210641228067743 0.5241228076304778 0.132106414822033 0.5113730460302224 0.1337719306912959 0.5113730470916091 0.13377192982454744 0.524122807017557
3 0.01864035087719298 0.49732468421052634 0.03070175438596491 0.49732468421052634 0.03070175438596491 0.5032894736842105 0.01864035087719298 0.5032894736842105
3 0.5894842574662107 0.34819620391107725 0.5884042143898114 0.35252787493616156 0.5796332768181855 0.3503410395588173 0.5807133212719009 0.3460093706140633
3 0.31653375946802953 0.3923330680594117 0.321468332981226 0.39378242380992373 0.3168974237865996 0.40934409115827136 0.3119628508771939 0.4078947368420974
3 0.5778714650059555 0.40898478876768285 0.571623234139679 0.4109390635452535 0.566990773619068 0.3961288222602187 0.5732389934211142 0.39417454934209584
3 0.04088333160018465 0.2699379401908788 0.03885194871679687 0.2759685732867932 0.02842669029780609 0.27245696259243685 0.030458074561352078 0.2664263322368562
3 0.14254385964909488 0.40021929674703505 0.14254386292725485 0.4166666672263551 0.1402452224173203 0.4166666663719631 0.1402452214912273 0.40021929824556635
3 0.3492032949561404 0.40210943969298246 0.3574561403508772 0.40210943969298246 0.3574561403508772 0.40460526315789475 0.3492032949561404 0.40460526315789475
3 0.35028840287975527 0.3939093164052827 0.34906475702462103 0.38696999108271984 0.3607456140350678 0.3849103410087678 0.3619692636890477 0.3918496614438692
3 0.5843557538918276 0.35460405755619506 0.5830170624843731 0.35977406487699665 0.572142376184047 0.35695834096063767 0.5734810696212662 0.3517883367788972
3 0.4321669346488761 0.929240287262612 0.4283948878952515 0.9311208482141362 0.4219099672613993 0.9181167095104964 0.4256820010965612 0.9162361524122606
3 0.4502399946894684 0.9259275224805996 0.44612932912093584 0.929873707738414 0.4350074188043891 0.918291220204322 0.4391180745614065 0.9143450438596843
3 0.15460526055505852 0.791445482474167 0.1557549568143486 0.7972493863066413 0.14646170173364226 0.7990899249963164 0.14531201307215724 0.7932860278255683
3 0.6320066347443571 0.8506660445957255 0.6364553294827147 0.8518271480818825 0.6326789998037157 0.8662926801641259 0.628230305921079 0.865131578947378
3 0.9177631635461694 0.8837719298245613 0.9126627028164194 0.8837719298245613 0.9126627147683166 0.8702713760964911 0.917763157075683 0.8702713760964911
3 0.8511603140576653 0.8563935889571306 0.8565143154356747 0.8559223717944531 0.8581880886765703 0.8749355798123006 0.8528340874538571 0.8754067957888612
3 0.8441538892237759 0.8739035109688981 0.8441538962281356 0.8603060344085148 0.847587720135266 0.8603060383772533 0.8475877192981898 0.8739035087719365
3 0.7943623399122544 0.8750000007729977 0.7943623532585207 0.8619722857967898 0.7993421100261457 0.861972293606503 0.799342105263122 0.8749999999999629
3 0.7956532368420994 0.8947368433021351 0.7956532414671074 0.879841586423917 0.7971491244205708 0.8798415882376706 0.7971491228070136 0.8947368421052203
3 0.8016812664734516 0.9153116396036808 0.7964433688058534 0.9164013771120353 0.7932812894737253 0.9012063980263109 0.798519165352559 0.9001166628590502
3 0.6365209057017864 0.8673245629088944 0.6365209136421299 0.8531726631034341 0.639254388836207 0.8531726666665926 0.6392543859649322 0.8673245614035631
3 0.7958559309211068 0.837719299784768 0.7958559407397843 0.8230642900318047 0.7993421086190438 0.8230642949561741 0.799342105263122 0.8377192982456458
3 0.9163036900007455 0.8322553665072648 0.9138013351888503 0.8268230967476302 0.9246513684211095 0.8218261096491616 0.9271537253151791 0.8272583712288667
3 0.7465948050494262 0.800519381897606 0.7515641239476736 0.7997775897352906 0.7537801151455596 0.8146197423645165 0.7488107965514246 0.8153615331582064
3 0.752654948464965 0.7576754416661792 0.7526549635578021 0.7358794023339902 0.7565789527326388 0.735879408991191 0.756578947368439 0.7576754385965001
3 0.875447061343607 0.7383413342284395 0.874941487813544 0.7440858948233985 0.8635635075221444 0.7430846858674862 0.8640690877192583 0.7373401326754039
3 0.9117889252742089 0.73665934589172 0.9102395127457612 0.7307662328187917 0.9210526315789593 0.7279237192982958 0.9226020487902815 0.7338168250120329
3 0.7942810085338579 0.5673105832606893 0.7991518426529183 0.5691896300434531 0.7948209442985217 0.5804149895808198 0.7899501112340204 0.5785359447741294
3 0.9091828157894497 0.6173245614035247 0.9091828255396877 0.6114997059988356 0.9210526348584835 0.6114997225373031 0.9210526315789593 0.6173245714716198
3 0.9091894105466736 0.6061487021360622 0.9104021754385485 0.5990794495613884 0.922144146767323 0.6010936176164953 0.9209313906152374 0.6081628624403173
3 0.9007595618309097 0.8432017541263428 0.9007595756579576 0.8374618212719358 0.9133771975373293 0.8374618468704118 0.9133771929824661 0.8432017704502041
3 0.9161077120585333 0.8211345975985251 0.9100278649892743 0.8156755781518519 0.9181591392543851 0.8066214155701907 0.9242389758293257 0.8120804267770754
3 0.8903313070566128 0.5625629512332078 0.8880531193093475 0.5557613078386848 0.8988154999213975 0.5521568236945079 0.90109369098775 0.5589584605349305
3 0.8749546084886788 0.7467510539242119 0.8752573416682026 0.7518681308275119 0.8672148828242143 0.7523438463182207 0.866912154605302 0.7472267741227923
3 0.5074564156790302 0.7869791307759276 0.5051305419912069 0.7937327132788318 0.49450529175499014 0.790074156153553 0.49683116989820064 0.783320582773863
3 0.7598280421959771 0.9645806242745552 0.7764419096907886 0.968947241352384 0.7743917295449592 0.9767454145009274 0.7577778640351198 0.9723788026315823
3 0.8855810557457744 0.9899320999369029 0.8847926755089475 0.9974310006704085 0.8713907269489027 0.996022420531135 0.8721791206140779 0.9885235350877165
3 0.8103070271947672 0.9594298245614034 0.7978660861178923 0.9594298245614034 0.7978660964868141 0.9539109462719295 0.8103070175438916 0.9539109462719295
0 0.8582960726498641 0.9495829054565411 0.8563467017626181 0.9407079351531187 0.8720033116901504 0.9372699145388667 0.8739526970929319 0.9461448643953431
3 0.9474183868494492 0.960005316219681 0.9450683787755452 0.9676897465748067 0.9340400438477445 0.9643180631986694 0.9363900592105665 0.9566336458333251
3 0.9511438681304298 0.9447221141973585 0.9527284030851888 0.9519623619304476 0.9389279134703656 0.9549817596588197 0.9373433955162227 0.9477415267193569
3 0.8769244704333232 0.772995522124219 0.8756282463903062 0.7781934901352677 0.8652652157087459 0.7756097103714513 0.8665614440789113 0.7704117489035526
3 0.9222649694673919 0.7920266420204688 0.9249858812265757 0.7957935344671015 0.9151761812831865 0.8028779233168898 0.9124552756740059 0.7991110364098603
3 0.8655601557017008 0.7828947368421337 0.8655601628544218 0.7781125710636689 0.8739035111808562 0.7781125818674568 0.8739035087719458 0.7828947429022856
3 0.8333892311645741 0.7687564350413523 0.8445533125000111 0.7669885394736774 0.8456707026374488 0.7740434700414003 0.8345066216448913 0.7758113641254678
3 0.9483856092391534 0.9061034464146602 0.9454117665831063 0.8983338965749095 0.9588288925438064 0.8931996721490709 0.9618027415411916 0.9009692066935076
3 0.9483534250151706 0.7930218686193903 0.955081970803576 0.7955899956750995 0.9496606430342354 0.8097912105529154 0.9429320997689956 0.8072230882650631
3 0.9224925300713949 0.7582331880850341 0.9272850699142055 0.7629765794742629 0.9172921069653057 0.7730712728040122 0.9124995749499476 0.7683278892754883
3 0.9152244486555219 0.7840722680224161 0.9112238056013666 0.7786536981987612 0.9218333503549729 0.7708218942732257 0.9258339902688704 0.776240455644226
3 0.9128835823594272 0.7920999157623171 0.9112670886842125 0.7864181454568515 0.9232456140350678 0.7830108322368559 0.924862112798337 0.7886925940485453
3 0.9002193015618332 0.5657894736842104 0.8899538958177118 0.5657894736842104 0.8899538992842508 0.561943158991228 0.9002192982455881 0.561943158991228
3 0.8902027085377995 0.5429008202351137 0.8885677401033263 0.5494577704804682 0.876457522698729 0.5464383666865134 0.8780924956140552 0.5398814232456235
3 0.5532227161586434 0.9685195554742028 0.555684697368406 0.9599602456139965 0.5684128789598617 0.9636203094575937 0.5659509172558046 0.9721796026364422
3 0.24360845310854984 0.9355942954339337 0.24836027304434083 0.9348418857287698 0.2508441082409263 0.9505242377584948 0.24609228870656352 0.9512766457472561
3 0.9100877200883133 0.10855263157894737 0.8997677658281873 0.10855263157894737 0.8997677667022117 0.10357930592105263 0.9100877192981898 0.10357930592105263
3 0.9498716190571486 0.13805853147466288 0.9447418125000695 0.13706140350878038 0.9472314793125634 0.1242531849373838 0.952361283263599 0.1252503126423476
0 0.8795267377599885 0.18790964212436467 0.8779934388544461 0.1800215660719835 0.8914051897065747 0.17741459035743826 0.8929384908609563 0.1853026634108139
0 0.8355263162327446 0.1260964912280702 0.8252277079510577 0.1260964912280702 0.8252277084031903 0.12381304057017545 0.8355263157894797 0.12381304057017545
3 0.8271858834561954 0.09793306313900114 0.8223260454750516 0.09758468156933794 0.8233206867481613 0.0837097280905976 0.8281805228509711 0.08405810959230967
3 0.7678524945175695 0.11842105263153238 0.7678524972196783 0.11065707537213255 0.7807017553470814 0.11065707925458397 0.7807017543859729 0.11842105477373363
3 0.24561403508771928 0.8950422938596492 0.2576754385964912 0.8950422938596492 0.2576754385964912 0.9024122807017544 0.24561403508771928 0.9024122807017544
3 0.262389851956641 0.9326993191503616 0.26663590118573666 0.9341332307610173 0.26205113445166717 0.9477058384947127 0.2578050866227386 0.9462719298245519
3 0.9091701759571151 0.2931145200958541 0.9046926988904715 0.29276073691293975 0.9058817598645419 0.27771240931841584 0.91035923107097 0.27806619226842455
3 0.29663542403068277 0.9324643366626735 0.29992810677595116 0.9322341519700332 0.30098373119039934 0.9473303118855857 0.2976910484971995 0.9475604960795375
3 0.3295656738876005 0.9078652599888622 0.3280385538250812 0.9144783515955733 0.31586382487387255 0.9116676130418212 0.31739095285081476 0.905054532894792
3 0.324561408437944 0.9013157894736843 0.3152348881578746 0.9013157894736843 0.31523489311791764 0.897446350877193 0.3245614035087101 0.897446350877193
3 0.3141353640351099 0.8947368421052683 0.314135377607613 0.8883727048376254 0.3245614080702808 0.8883727242175016 0.3245614035087101 0.8947368524750959
3 0.487223631327538 0.8681833726261075 0.4850183758286448 0.861411178648146 0.49561333301846844 0.8579618816749784 0.497818593723764 0.8647340657404302
3 0.60802885087719 0.8684210548750396 0.608028867755479 0.8513755197940154 0.6129386024075529 0.8513755285105293 0.6129385964911762 0.8684210526315579
3 0.5634112053571698 0.9071315175649879 0.5647251710611272 0.9221463066988769 0.5601450270041823 0.9225470130944979 0.5588310716543674 0.9075322335851546
3 0.9024122806218884 0.0950450426681335 0.9026111798486909 0.10074070907817272 0.8915035730360614 0.10112859693319953 0.8913046747882163 0.09543293147073012
3 0.8253267039473258 0.3267823135964397 0.8258654600775799 0.32057118772591203 0.8371615589854855 0.3215509844449012 0.8366228065957557 0.3277621068362984
0 0.8314683478521374 0.607456141106193 0.8314683634364428 0.5893485356695258 0.8377193025603447 0.589348545232811 0.8377192973016463 0.6074561403286345
3 0.7455879596481054 0.485087706243102 0.7340568252926687 0.48904454647856105 0.7313778708340806 0.4812379968193107 0.7429089923246011 0.47728115899120965
3 0.7956216929824222 0.6348684223175501 0.7956217012650768 0.620077494607625 0.7993421082863961 0.6200774986010972 0.799342105263122 0.6348684210526617
3 0.7204237874207138 0.5402151705877799 0.7185184226826777 0.5478565394939661 0.7056251850143553 0.5446419059469798 0.7075305552950795 0.5370005454201972
3 0.6868900024635423 0.5653003956865721 0.6884173386631574 0.5777382423414655 0.6818179554667267 0.5785485433992251 0.6802906271930169 0.5661107039473169
3 0.6245548866407944 0.5006160297918559 0.6231578839592657 0.506644774744156 0.6101956531739461 0.503641341883889 0.6115926600876946 0.4976126030701387
3 0.8586196614239725 0.488072508346957 0.8575387470535816 0.48184184652609124 0.8695175438596152 0.47976387390352915 0.8705984625979681 0.48599453013742083
3 0.8991228103458297 0.4868421052631579 0.8878370711514663 0.4868421052631579 0.8878370750068143 0.4813132083333333 0.8991228049939082 0.4813132083333333
3 0.9742965641303272 0.4283343496870177 0.9834847545173488 0.42986425107007353 0.9823236880188233 0.4368369182144741 0.973135497806993 0.43530701754385565
3 0.7291666618581303 0.45285087678361163 0.7291666666666288 0.44896555153506246 0.7423245627014694 0.44896556452078507 0.7423245614035068 0.45285088625386033
3 0.8889204170619678 0.3540052441894828 0.8967582318028917 0.3576724302467026 0.8944704324889017 0.3625619130479355 0.8866326184211175 0.3588947280701892
3 0.6323177701838176 0.44407894816482063 0.6323177752193487 0.4302284144736595 0.6359649139526482 0.43022841704080633 0.6359649122806559 0.4440789473684215
3 0.6364333195941754 0.428723028442956 0.6416066725166729 0.4278565925659519 0.6439478284809184 0.44183446844455154 0.6387744757598739 0.4427009035072986
3 0.7747602297260983 0.38514128317575064 0.7754131337719627 0.37982407456140127 0.7846066538395462 0.3809529026812719 0.7839537529574727 0.3862701084189306
3 0.7852317530054052 0.3719077608864 0.7839063744763735 0.3787259913595674 0.7713487754856487 0.37628504867551843 0.7726741577438361 0.36946682316477225
3 0.7748250432661052 0.36537566551144623 0.7734620735108138 0.3583640497963628 0.7858629847327165 0.3559535617134524 0.7872259581390608 0.36296517257417615
3 0.7922378881578425 0.4100877198875059 0.7922378914856836 0.3974606312090496 0.794956141567809 0.3974606327303232 0.7949561403509051 0.4100877192982279
3 0.8887779006319079 0.4222350911493846 0.8877856634102272 0.4285320050418853 0.8748084218494796 0.4264872199331843 0.8758006633771629 0.4201903114034857