3 0.5555809338151221 0.9203842334211514 0.5583024752601204 0.9216753673682091 0.5553986519835235 0.9277946551078455 0.5526771113162567 0.9265035223917083
1 0.37135978153548876 0.29257609712002397 0.4206246610395965 0.3156243503184592 0.3876273399140473 0.3861525731846745 0.3383625197446918 0.36310441268181115
1 0.5847295775669181 0.6121896381335327 0.6375501801394421 0.6230630571077583 0.6248221273567651 0.6848852081982059 0.5720015461611183 0.6740118572658763
3 0.23569904148666865 0.09536899218932886 0.23422290789471845 0.09429824561401333 0.23761028637647996 0.08962841053845809 0.23908641980438006 0.09069915702780165
3 0.2558418629158723 0.0903139999994186 0.25883974976579793 0.09039052950019104 0.25862672323398783 0.09873538638800926 0.25562883638440326 0.09865885689645144
3 0.24671052636585955 0.09429824561403509 0.24532323026312497 0.09429824561403509 0.24532323036328307 0.09047758991228069 0.24671052631583734 0.09047758991228069
3 0.273026315806419 0.04276315789473683 0.27171382017536416 0.04276315789473683 0.2717138202145861 0.0393232149122807 0.2730263157891386 0.0393232149122807
3 0.2807017544154178 0.08333333333333333 0.2792171853069476 0.08333333333333333 0.2792171853659511 0.08096389912280702 0.2807017543859729 0.08096389912280702
3 0.2967001303846928 0.08358735121813424 0.29889818510889654 0.08460861387249918 0.29545002833867784 0.09203003447260687 0.2932519736841641 0.09100877192980573
3 0.305805943861742 0.08722543408889642 0.30781638171322356 0.08835135338583436 0.3046731852605262 0.09396382078514032 0.30266274748044 0.09283790158813023
3 0.3245614036868574 0.09978070175438598 0.3208197324017874 0.09978070175438598 0.32081973259641927 0.09646772149122806 0.3245614035087101 0.09646772149122806
3 0.3700455394736082 0.12390350877189801 0.37004553964936804 0.1226481721483311 0.37500000005911716 0.1226481726804568 0.375 0.12390350918715094
3 0.3830185554397758 0.14960952647169534 0.38504748334935357 0.15043667721553464 0.3818335725570705 0.15832006064289306 0.3798046447395791 0.15749291006430677
3 0.38486842105271535 0.15678560197369637 0.3848718500811401 0.15678661274298042 0.38486812310748064 0.1567992563833271 0.3848646940789422 0.15679824561404807
3 0.40403699770672574 0.1622807017856726 0.4040369978134777 0.15663864907630265 0.4046052631867951 0.15663864912286837 0.40460526315791867 0.16228070175438786
3 0.10416666675371289 0.13267543859649122 0.10191524998811019 0.13267543859649122 0.10191525009292945 0.12986997478070172 0.10416666660478313 0.12986997478070172
3 0.11328894201574258 0.12303625767150392 0.11278829897514697 0.12584244141421383 0.10778471827620706 0.12494977100468167 0.10828536152575907 0.12214358753065915
3 0.19688909855335623 0.16067396265718095 0.20186160282469245 0.16303358065603996 0.20041416094409215 0.1660837998180097 0.1954416567981525 0.16372418201754194
3 0.018156497807012784 0.2774802050438608 0.019600295473424012 0.27737933714922036 0.019984418062904297 0.28287744047125574 0.018540620398880492 0.2829783083421762
3 0.012043924169006459 0.2834295822093793 0.014880078818464426 0.2838796306740661 0.014094959450744682 0.2888272413488745 0.011258804824592517 0.2883771929824526
3 0.06481095287665539 0.2759421447113363 0.06775834320183094 0.27364291557014375 0.07061777561773397 0.2773083477191253 0.06767038569194028 0.27960757640987566
3 0.07894736842104066 0.27083333316320163 0.07894736893263143 0.27741228082481345 0.07716431690766967 0.27741228061375867 0.07716431688550074 0.27083333344090504
3 0.06578947307150429 0.2872807017543373 0.06578947368416266 0.28557675000000016 0.07127193002952481 0.2855767516045704 0.07127192982454744 0.28728070295085706
3 0.07283045273641164 0.29441853799641887 0.0710388395798418 0.2968252803677571 0.0657122425803891 0.29286018928970736 0.06750385546058624 0.2904534476327073
3 0.06400413063784072 0.3015350876000063 0.06400413157894036 0.29856609649125365 0.06907894762082378 0.2985660978294323 0.069078947368439 0.30153508824967157
3 0.06240201104344578 0.3178204750941794 0.06373106496948822 0.32001747291456434 0.0582728546337421 0.3233192633677347 0.05694380149259359 0.32112226623127804
3 0.08675188741699458 0.3116012499719084 0.08888001926527522 0.30964149367552624 0.09342367246870253 0.31457537553033693 0.09129554122534955 0.3165351311998125
3 0.09297212983881309 0.317936868454859 0.09132981691129771 0.3201005816447682 0.08610005088826256 0.31613117786174616 0.08774236352724074 0.31396746535705605
3 0.09108792826418721 0.3231932797103592 0.09042926804943363 0.3261837763062042 0.0839074322890383 0.3247473793808707 0.08456609320171538 0.32175688377194117
1 0.2816919669477329 0.32052677179426925 0.29948814802628476 0.26626880811405174 0.3633982506891016 0.2872302600429307 0.34560226949963635 0.341488052996138
3 0.08413838112278427 0.34100877192148654 0.08413838157889586 0.33935901973681715 0.08771929839565473 0.3393590205570408 0.0877192982455881 0.3410087724355974
1 0.37629433146457814 0.2644499229912048 0.3907636677631672 0.2109175263157796 0.4410721741232919 0.22451525050936486 0.4266029600613592 0.278047541536508
1 0.3795151407721278 0.3199055487949029 0.38501019627187816 0.2689746469298682 0.4425463572337094 0.27518217445182946 0.4370514475197069 0.3261129438475345
1 0.4367439719085269 0.4096421954818161 0.3812049469164549 0.39956781414667136 0.39500126285713577 0.32351512403789673 0.450539816320088 0.3335894612543992
1 0.3691126127893085 0.3380706090163236 0.3504698438575815 0.3812106873856824 0.2952746557949695 0.35735914043924494 0.3139174660087747 0.31421920285082927
1 0.32166863514726174 0.43363287264571393 0.2600333146270941 0.4164452589741475 0.2794737539302332 0.34673583906356925 0.34110857275652506 0.3639233783324062
1 0.39138270996954816 0.40169899454589275 0.3663845320290875 0.47536325380832 0.32037604465278946 0.4597508905154279 0.3453743389952706 0.38608686957035604
1 0.26053971162264133 0.41005605972681997 0.32605485315787064 0.4191572472469168 0.31511194273139154 0.497925277591414 0.24959681275129242 0.48882414025256515
1 0.3374689288393711 0.563891233671536 0.3033027525552825 0.6260707755434802 0.2401088544755794 0.5913505087307532 0.27427504934212266 0.5291713695175317
1 0.601805799079898 0.7498017912088585 0.5690291487989043 0.7420251204631605 0.5781572861842506 0.7035593475877252 0.6109336597492074 0.711335983979035
1 0.6084693848639517 0.7208710428151666 0.5800606588915116 0.7133516903010092 0.5897336052631772 0.6768125811403616 0.6181421137727057 0.6843319032881225
1 0.6063741336267867 0.583523212567808 0.6430762569591479 0.5968685322519618 0.6280256944521625 0.6382556947935487 0.591323599548673 0.624910429969051
1 0.617791779864433 0.49699719254451635 0.6646570479654201 0.5189548462265852 0.6391193772553834 0.5734563299490396 0.5922541785052999 0.5514987847027978
1 0.653508860253055 0.5164473684210527 0.6221189813411456 0.5164473684210527 0.6221190748632353 0.47850122149122803 0.6535087719298645 0.47850122149122803
1 0.6260947775456316 0.409175988505292 0.6561649597522319 0.41164759256227856 0.6531958806696139 0.44776818814949565 0.623125699246998 0.44529658996685134
1 0.6519980826298024 0.4183501049786436 0.6270091741172337 0.40711009921577446 0.6430674846344573 0.3714109811833407 0.6680562913550148 0.38265096036729845
1 0.7388786995919645 0.3891697692303342 0.7194583388186402 0.37873503835477457 0.7359064078947313 0.34812447149122927 0.7553267068544756 0.3585591818849468
1 0.740648458610849 0.388157931240794 0.7406485581140032 0.32627697368424763 0.7785087704229454 0.3262770660623226 0.7785087990921511 0.38815789473680956
1 0.8020274290817042 0.41863057404095405 0.7619902838190455 0.4116722462069502 0.7722502971490712 0.35264154495613714 0.8122871653981747 0.35959984805819245
1 0.7094876205412675 0.39846031194923826 0.7400945573120907 0.3563088376388854 0.793045772434084 0.3947559011645678 0.7624390189064343 0.4369072097411329
1 0.7289574811737793 0.40537279424804257 0.762452035707156 0.408893017302688 0.7586675718254128 0.4448998463822818 0.725173018640362 0.44137963157895327
1 0.7385449237879129 0.4377920805132982 0.7920388359818844 0.43027447823614046 0.7969284246147481 0.46506580711923684 0.7434345160438625 0.4725833911833537
1 0.7632025938564766 0.5380895868492775 0.7155083920108609 0.5233561354086598 0.7333947839912298 0.4654608048245517 0.7810885786071822 0.48019418910640804
1 0.754581418418411 0.6208083818539034 0.7050288248547076 0.6176293886603472 0.7088858399122273 0.5575194407894704 0.7584378964046437 0.560698416634653
3 0.0832266820722225 0.32657916446112295 0.08538283310849692 0.3246574525769128 0.08963735308896048 0.3294308469583226 0.08748120263646797 0.331352558228316
3 0.15899122814209932 0.44188596491228066 0.15805887938597607 0.44188596491228066 0.15805887952967623 0.4401658355263158 0.15899122807024924 0.4401658355263158
3 0.5607085932017526 0.9213522072368439 0.5613991947273007 0.921318196425806 0.5617633389057346 0.9287103492444191 0.5610727373826876 0.9287443600199887
3 0.06179272566930649 0.8462599360133845 0.06433188824598801 0.8470193470321754 0.0626226491685884 0.8527330946432866 0.060083486842131606 0.8519736842105251
3 0.08471114506528465 0.9342496322649015 0.08441659196898854 0.9376528888579732 0.07819067552838987 0.9371141735171569 0.07848523135965024 0.9337109199561356
3 0.17999593259094127 0.9104995261853935 0.18386447951229457 0.9114638197529616 0.18291946012220706 0.9152540803928935 0.1790509133896876 0.9142897873491037
3 0.2147109623634833 0.9210249371660875 0.21265852395572438 0.9235688506497337 0.20683104876570724 0.9188684316485392 0.20888348574555948 0.9163245208333342
3 0.12284475510011816 0.8807364590225412 0.12171052631583734 0.8832353739034716 0.11755240896104624 0.881348496683499 0.1186866381578966 0.8788495833333607
3 0.1480263165612996 0.8519736842105263 0.14583468640341835 0.8519736842105263 0.1458346879472856 0.847895962719298 0.14802631578936598 0.847895962719298
3 0.22368421123235294 0.8651315789473687 0.21984137390359137 0.8651315789473687 0.21984137463095976 0.8637155263157895 0.22368421052635767 0.8637155263157895
3 0.27736433721645426 0.9544773763565721 0.2806056528773979 0.9544367386600028 0.2807095225016383 0.9627192008536972 0.27746820684149043 0.9627598385011066
3 0.3019043475877652 0.9692982457938519 0.30190435222129963 0.9622928658208709 0.30482456302740957 0.9622928686505068 0.3048245614035068 0.9692982456140875
3 0.2748268854113576 0.9835526319378136 0.27482688925442744 0.9766804824561408 0.2774122818921114 0.976680484749594 0.27741228070169655 0.9835526315789415
3 0.29771238890657514 0.1018228896114201 0.2991527120872206 0.10663388823046947 0.2898416980776801 0.1094214215380638 0.2884013757792445 0.10461042367329662
3 0.41702988580948386 0.12101944076555791 0.4197031518305039 0.12143074292026676 0.4185845971483104 0.12870077578134403 0.4159113311403644 0.12828947368420998
3 0.4282611535087426 0.17105263165489265 0.4282611539518939 0.16390466225304606 0.4298245615615315 0.16390466246217533 0.4298245614035068 0.17105263157897915
3 0.4100877194758823 0.16666666666666666 0.4083487543485944 0.16666666666666666 0.40834875479924904 0.15936569956140353 0.4100877192935286 0.15936569956140353
0 0.3922761491228357 0.13377192989133435 0.3922761508216581 0.12253171286433476 0.3969298252392264 0.1225317138157879 0.39692982456142545 0.13377192982461053
0 0.4050610985424328 0.1166557445748122 0.40932832488806525 0.11838011446781284 0.4050702480711834 0.128917351983087 0.4008030219298462 0.12719298245613214
0 0.4322455411080455 0.12315227949132888 0.4363323277548261 0.12398588104980225 0.43383021941360767 0.13625257040369385 0.42974343282890004 0.1354189690518138
0 0.43565106486698824 0.138157894985734 0.43565106578944324 0.12569807236847647 0.438596491412909 0.1256980728561903 0.4385964912280542 0.1381578947368127
0 0.44727606269532316 0.12885144706637977 0.45132660710703476 0.1302089971138322 0.44749291330049346 0.14164758922928536 0.44344236904703394 0.1402900395195207
3 0.559800743987239 0.9215516298316759 0.5618871409831172 0.9224302326575161 0.5597880106467983 0.9274136898761248 0.5577016140350679 0.9265350877192964
3 0.49890350902103364 0.9016430679824562 0.49822210808031286 0.9016430679824562 0.4982221085786023 0.8976387565789474 0.4989035087719458 0.8976387565789474
3 0.5032894742397502 0.9035087719298246 0.5018228519736567 0.9035087719298246 0.5018228530848319 0.8993737686403509 0.5032894736841627 0.8993737686403509
3 0.5069971644736597 0.9067982460869929 0.5069971697510027 0.898554321068455 0.5098684230752042 0.8985543238490419 0.5098684210526017 0.9067982456140093
3 0.2521929824606559 0.08991228070175439 0.2509689002193909 0.08991228070175439 0.2509689002357618 0.08913586074561404 0.25219298245099253 0.08913586074561404
3 0.2510964912358986 0.0932017543859649 0.24927230372816211 0.0932017543859649 0.24927230373589282 0.09290083442982458 0.2510964912280542 0.09290083442982458
3 0.4642812697368299 0.9155701754385637 0.4642812720604752 0.9127892167540584 0.46820175519133045 0.9127892197847214 0.4682017543859729 0.9155701769509365
3 0.45998184919039886 0.9015228293927232 0.4586266146966409 0.9037064545739582 0.45422333364103906 0.9009742979702969 0.45557856798245666 0.8987906743420906
3 0.44579181578944826 0.8980263157894659 0.44579181789436007 0.8953418265169776 0.44956140423130364 0.895341829297082 0.4495614035087101 0.898026317187211
3 0.4418859662654313 0.8991228070175438 0.4383464021123018 0.8991228070175438 0.4383464036608302 0.8961252697368421 0.44188596491233056 0.8961252697368421
3 0.43805926426546193 0.8964659859158614 0.43736977869195925 0.8997414314964464 0.432262686812237 0.8986666431865853 0.43295217407967357 0.8953911999430799
3 0.06344811403505446 0.8421052635693046 0.06344811601741185 0.8343557502763135 0.06469298320666894 0.8343557510965115 0.06469298245610844 0.8421052631578888
3 0.04934210609337697 0.8640350877192984 0.045638250189881546 0.8640350877192984 0.045638251124614726 0.8622228640350877 0.049342105263121994 0.8622228640350877
3 0.15021929903889486 0.4682017543859649 0.14757407785089072 0.4682017543859649 0.14757407966965275 0.4610934254385965 0.15021929819567958 0.4610934254385965
3 0.028110205842608593 0.8767181648136532 0.02998811749807828 0.8781152579448317 0.02637103238726013 0.8829760393653514 0.024493121710520427 0.8815789473684299
3 0.13344203801443655 0.48053386959241245 0.13232483705837694 0.4833352839177992 0.12532894867342748 0.4805455257179794 0.1264461502192944 0.4777441129385925
3 0.1351961970957518 0.48826886143394976 0.13697904445950826 0.48681229441169566 0.14156696203406227 0.4924275245674117 0.1397841153873287 0.49388409080052786
3 0.13921842141053276 0.5000000004280926 0.1392184224871471 0.4938347264076809 0.1414473684577615 0.49383472701864095 0.14144736842104066 0.5000000000000477
3 0.1409057365475519 0.503835687426571 0.14325335083196933 0.5044209676557009 0.14229599360589873 0.5082607186470864 0.13994837938594173 0.5076754385964971
3 0.13209947235202435 0.5177928553812772 0.13369246052639028 0.5149683859648719 0.13912073724054608 0.5180296600355299 0.13752775067291623 0.5208541280633164
3 0.13157894554581162 0.5219298245614212 0.131578947368439 0.5191395317982445 0.1370614041184126 0.5191395348947921 0.1370614035087101 0.5219298264446565
3 0.12991378058859482 0.5244545646689368 0.13525577071220596 0.5255899440525883 0.1346473598898683 0.5284522913385509 0.12930536984856644 0.5273169122212834
3 0.1275110670006825 0.5294549785570571 0.12989897807017314 0.526831172149119 0.13396685639702355 0.5305330092681442 0.13157894653613766 0.5331568145110168
3 0.13095836526349558 0.5342956107096796 0.13047997072510498 0.5372962912622201 0.1262357175556872 0.5366196937540333 0.1267141129386573 0.5336190142543813
3 0.1285619199560415 0.5486482697368436 0.13046337760454207 0.5486002416864308 0.13062052130112534 0.5548210740804718 0.12871906365364794 0.5548691021057659
3 0.1266614299270259 0.5548188509775931 0.12606314701201882 0.5583085257450313 0.11971459633662107 0.5572202066600902 0.120312880746269 0.55373053379726
3 0.12280701841291375 0.5646929824561403 0.11812180190952404 0.5646929824561403 0.11812180285312479 0.5624401118421053 0.12280701754389156 0.5624401118421053
3 0.115226274087604 0.5726452652388274 0.11630758223680004 0.5695353607455726 0.1205988502819082 0.571027278455751 0.1195175435824467 0.5741371817182175
3 0.11513157859121748 0.5778508771929768 0.11513158110733457 0.5741711652167157 0.12061403583311403 0.574171169093375 0.12061403508766944 0.5778508792966448
3 0.1175272367429443 0.5796051403174921 0.1173020208922253 0.5825295264004693 0.11329827189945263 0.58222121599551 0.11352348870013884 0.5792968309514402
3 0.11163996378297725 0.6107168421134871 0.1104857313159755 0.6135842000890948 0.1061992286934128 0.6118588973119582 0.10735346162277892 0.6089915405701524
3 0.10793445723686546 0.6052631578946905 0.10793445883916775 0.6033741895469 0.11403508826060715 0.6033741936676872 0.11403508771934412 0.6052631609543575
3 0.0971078739036102 0.654035255482422 0.09944207705586905 0.6511172630187825 0.10540437373651912 0.6558860895769288 0.10307017298725896 0.6588040798187743
3 0.018175885083564935 0.7302631581032744 0.018175886072640424 0.7256110926051818 0.019736842289148626 0.725611093201753 0.01973684210531701 0.7302631578947917
3 0.047272036941990336 0.7083333332330597 0.047272039473682526 0.705345240131611 0.05263157975468857 0.7053452440836866 0.05263157894739834 0.7083333354605941
3 0.03837719298245614 0.7025074111842106 0.043859649122807015 0.7025074111842106 0.043859649122807015 0.7050438596491229 0.03837719298245614 0.7050438596491229
3 0.08487835390917553 0.7302631580062782 0.08487835417952283 0.7265965952427116 0.08552631579618719 0.726596595394695 0.08552631578947967 0.7302631578947683
3 0.08486249560587567 0.7423245616113544 0.08486249744055385 0.7357456129381186 0.08662280754811036 0.7357456140350338 0.08662280701753389 0.7423245614035209
3 0.008175740797014441 0.8667290403324756 0.010781286214296415 0.8680538152311461 0.007690260626873169 0.8741317912449375 0.0050847160086959775 0.8728070175438429
3 0.011280341546466843 0.8624787639281973 0.014313299911805188 0.8642493637699895 0.012704062645525482 0.8670052868253629 0.009671104829294563 0.8652346877277617
3 0.008463584429819093 0.876096491500158 0.008463586207540175 0.870311359936881 0.009868421749274603 0.8703113607456024 0.009868421052601661 0.8760964912281185
3 0.018564517229492594 0.8701852826779479 0.01922200415037878 0.8749192346686842 0.016573642947719236 0.8752869722385825 0.015916157894707794 0.870553021929836
3 0.01962986663306765 0.8738997381577565 0.021616450084252392 0.8741451685102481 0.02083071687593474 0.8805036295206058 0.018844133463403523 0.88025819937821
3 0.021929824617927807 0.8824162467105264 0.021531206126155666 0.8824162467105264 0.02153120623927407 0.8808321052631577 0.02192982456131176 0.8808321052631577
1 0.30028728895297263 0.25223382733154065 0.31051351425435314 0.1929353859649164 0.37960517851036 0.2048503017971895 0.36937911740494656 0.2641485973211909