3 0.21363176442196163 0.9037927852599207 0.20592875519764675 0.903407833175247 0.20752797587715577 0.8714153563596488 0.21523091848882814 0.8718003067764506
3 0.42522887196855663 0.9648473593239041 0.43162952361547013 0.9663954340059648 0.42573753837723416 0.9907493059210616 0.4193368887570159 0.989201237017009
1 0.4257374929075013 0.3015726061257204 0.47608125019667114 0.3151859113668189 0.45574771162273464 0.39037927850876053 0.40540397593417765 0.37676602913781165
1 0.342319389598174 0.29509712509225694 0.3910736204359182 0.3042879046683069 0.3758901326754085 0.3848288618421102 0.32713591260255726 0.3756381212576412
1 0.4526958696925476 0.184088815832032 0.40555483364300926 0.1738906972838164 0.4211597149122781 0.10175763157894288 0.4683006057073271 0.1119557339267279
1 0.47609357073019964 0.13413505344546453 0.5235585442756019 0.15019551981471937 0.5005086469298021 0.21831637390349742 0.45304368796632843 0.2022559384109025
1 0.49775092753975514 0.20614907222751588 0.5233977620614496 0.1702127664473665 0.578037358318511 0.20920720080748603 0.5523906087406658 0.24514343025705235
1 0.5927176339148446 0.27692325948087565 0.6180061041666249 0.2414431085526155 0.6707613678905773 0.2790435852496211 0.6454730060513612 0.31452363878469525
1 0.6693794195832652 0.2691951814664622 0.7133037210123803 0.28082342681368655 0.6953204473684309 0.3487511567982536 0.6513961605538725 0.33712294992300135
1 0.7177008815809813 0.30342274741115444 0.7593008699809616 0.3146433867273224 0.7421159714912164 0.37835337609649117 0.7005159980153621 0.3671327752139628
1 0.7655137036456381 0.3422756644119449 0.8076400352707651 0.35162956871734946 0.7934893179824485 0.4153561513157807 0.7513629977669325 0.4060022822412369
1 0.8118005768114926 0.37187788245726194 0.8539853461949178 0.3816907350152727 0.8392675482456298 0.44495837171051955 0.7970827922555372 0.4351455588157667
1 0.858596098828798 0.4098057286299625 0.901827986147623 0.4186092483603722 0.8891149539473417 0.4810360778508795 0.8458830779542268 0.47223259617439167
1 0.9084434968101505 0.43848287590357127 0.951018394317316 0.44827171153670714 0.9354018311403252 0.5161887138157867 0.8928269501678869 0.5063999277483383
1 0.8804680563398506 0.6262719930839462 0.8464561070560421 0.6186536748028999 0.8666653017987755 0.528440593602161 0.9006767194072154 0.5360588501476866
1 0.821973497301542 0.5744680736243185 0.8637168664985211 0.5838180224328804 0.8494404879385229 0.6475485657894623 0.8076971372496473 0.6381986738262158
1 0.7746693418164341 0.54671599570178 0.816967777237096 0.5552587600581277 0.8046795526315691 0.6160962072368391 0.7623811310685369 0.6075534898301354
1 0.7008027616220716 0.5466913571638762 0.7273652083332536 0.5106382982456504 0.781394288939623 0.5504412403215502 0.7548320658503371 0.586494096890857
1 0.7405899762019317 0.5800184878435628 0.7849018722159826 0.59079397294314 0.7690742620615083 0.6558741907894861 0.7247623899746714 0.6450987736142758
1 0.7873855008197097 0.6151711253501607 0.8312451471579152 0.6255728152148213 0.8163784331139823 0.6882516184210474 0.7725188096333113 0.6778499950695802
1 0.7868768080878681 0.8066604748915446 0.8338053786243336 0.8184662975496166 0.815361139254378 0.8917668826754505 0.7684326106010531 0.8799611754347987
1 0.8012419148263916 0.8193319335974072 0.7685656151315925 0.8630897313596385 0.7007928531361358 0.8124899927377619 0.7334689725877297 0.7687326546052766
1 0.6881993092233643 0.7382053485426318 0.7356571246745034 0.7480424609846211 0.7202441502192869 0.8223866787280638 0.6727863616383729 0.8125496550308083
1 0.5930823367832545 0.6762257031676402 0.6369068668504951 0.6856908346396092 0.6215666326754672 0.7567067532894776 0.5777421262469034 0.7472416968509648
1 0.1332654380389613 0.6133209876223857 0.16364677715614562 0.6178179160567163 0.15157680592096767 0.6993524517543804 0.12119547489987781 0.694855560371771
1 0.11088497937009834 0.5559666871032916 0.14137299953461024 0.5606600222517594 0.1297049846491518 0.6364477335526344 0.09921697188951839 0.6317544310742649
1 0.1556459465602984 0.43940795198099913 0.1848191443708629 0.4428948381918466 0.17650050877193735 0.5124884364035072 0.14732731409912958 0.5090015679085318
1 0.4413658854281266 0.37360086528387765 0.4740590032894261 0.3376503234649469 0.5332015106158678 0.3914317677458086 0.5005085667122557 0.427382141938077
3 0.33672428142085664 0.9093431944435396 0.3465843356233336 0.91124755058703 0.3392309773735178 0.9493105985545901 0.3293709261317872 0.9474062528608865
3 0.3474058621003451 0.8714153472982451 0.35732086206439817 0.8737722806325979 0.34842321905784956 0.9111933458500922 0.3385082233448884 0.9088364248237314
3 0.43540185235610807 0.962997229077331 0.42388110217871144 0.960664036102149 0.4318614316222238 0.9212701673979153 0.44338205288363497 0.923603346913999
3 0.49033572393079794 0.9981498639099055 0.48097281409104653 0.9963751518464105 0.4869621862956137 0.9647863981533359 0.4963250084805395 0.9665611016826884
3 0.49796538951045477 0.9703977756938772 0.5068585492998636 0.9719254076671965 0.501772099931145 1.0015276250815093 0.4928789418860333 1.0000000000000036
3 0.5106815615489495 0.9694727057885246 0.5198745009043932 0.9712097459078506 0.5142794075700294 1.0008119631870116 0.5050864703946445 0.9990749309210435
3 0.3591047549924724 0.8741905587066757 0.3680373582667471 0.876185397607402 0.3604097509838766 0.9103325134103633 0.35147715079824593 0.9083376839946417
3 0.3270599902534741 0.8973172922106121 0.3362110728293146 0.8994514044554696 0.32828198860477187 0.9334427358987507 0.31913090955129064 0.9313086340405891
3 0.337232970944342 0.8973173018237994 0.32779892575820213 0.8950700065113916 0.33498984786740493 0.864890197431755 0.34442381774863406 0.8671374833906694
3 0.30366223318560515 0.878815906886535 0.3136246973689367 0.8804892761109747 0.3073739571467513 0.9176942171361059 0.29741149510448395 0.9160208565499323
0 0.27161753719258286 0.9990749369982279 0.25822089730831976 0.9970078434775107 0.2671911199308852 0.9388903046217681 0.2805875312988064 0.9409573801931409
0 0.23023298048826746 0.6755204821138656 0.23957273684209213 0.6586493991227639 0.2692582792806206 0.6750809179313024 0.2599185912555413 0.6919519420395022
0 0.2176653931093142 0.7099912181455881 0.22838250219297151 0.6928769660087516 0.26605775234111206 0.7164659389922531 0.25534073760047704 0.7335801084813331
3 0.44557479176103243 0.9703977840038007 0.4343422820769547 0.9680369563382646 0.44182805751268006 0.9324308031290065 0.4530604525970148 0.9347916183509345
3 0.475584912066779 0.9555966634202335 0.48546228086865995 0.957613322135187 0.47792647495350593 0.9945122514556856 0.46804910952494083 0.9924956040196952
3 0.36927769426267787 0.8825161834646733 0.37765609162738656 0.8840952783115456 0.37080368006820663 0.9204440362471645 0.36242528492573456 0.9188649494206718
3 0.41352998448735434 0.9546715952965172 0.42362182839281104 0.9568905438425724 0.41658190554267094 0.9888991706212655 0.40649006509215724 0.9866802328399903
3 0.413021337242526 0.9102682644399022 0.4212548197143633 0.9119655018538382 0.4145473210489854 0.9444958412897954 0.4063138409810563 0.9427986118391122
3 0.40233975872570227 0.9500462501815485 0.4115176434293062 0.9516678567182526 0.40623501720767763 0.9815577517671839 0.3970571343888878 0.9799361524707952
3 0.4221769820097734 0.917668820308393 0.43204791288167144 0.9196419294082139 0.42520936027699463 0.9538442999993468 0.41533843227898615 0.9518712007085841
3 0.4043743855131652 0.9426457017445244 0.39446087189344325 0.9411319480334055 0.40031684391465205 0.9027918258748661 0.41023025131619306 0.9043055713337922
3 0.32451676806999785 0.8575393123246764 0.3324396626003363 0.8591524116298567 0.3268929087766992 0.8863895623964174 0.3189700160206712 0.8847764690471162
3 0.31383520384872554 0.8815911208000293 0.3055724004411786 0.8796228120053123 0.3128452724793078 0.8490990433054106 0.3211080103525319 0.8510673439586296
3 0.3173956975889496 0.8899167363540823 0.32565997565734506 0.8919042752441585 0.317904393970025 0.924144315132954 0.30964011908110933 0.922156785348424
3 0.3835198065323766 0.9324699289395164 0.39242059630248605 0.9342872246927161 0.3852068021520836 0.9696094380810634 0.37630601521857443 0.9677921518190338
3 0.3911495537194014 0.9324699373145946 0.38245541937237704 0.9308768574268443 0.389131543083181 0.894451927762472 0.39782559004720497 0.896044999441256
3 0.3814852608502406 0.9269195210284326 0.3724146766338663 0.9251063612723885 0.3790950060317755 0.8916957888393463 0.3881655071871819 0.8935089400456584
1 0.16632753152623536 0.34227566575129537 0.19554911677096243 0.34640089422067033 0.18463886074562197 0.42368177631579484 0.15541727941740646 0.4195565666297442