1 0.7815846707397895 0.528895548483502 0.7893857148391135 0.528540772624561 0.7911285788773057 0.5668605699227272 0.7833275348555162 0.5672153446467568
1 0.47779118421044586 0.32346491228071367 0.48948119897397646 0.3206606478012301 0.49716668605435643 0.3526977175898252 0.48547667293780705 0.35550197731721095
1 0.4735427124560374 0.2897535471475534 0.485939641800087 0.28982746264694964 0.48574536801686463 0.3224096814038052 0.47334843867383825 0.32233576601715497
1 0.4580596664134191 0.28792857560187346 0.46938413043631044 0.28839858756916226 0.46819422096484686 0.3170674698762226 0.45686975698049537 0.31659745853242316
1 0.4404082853333193 0.3125000014934377 0.4404083048245866 0.2849611030701868 0.45065790138187367 0.28496111442702415 0.450657894736878 0.31249999999995787
1 0.5414679572368186 0.5098684239301575 0.5414679861414697 0.4769778340989723 0.5548245614035068 0.47697785964911876 0.5548245655962774 0.5098684162120924
1 0.2312712663047023 0.6890607738586354 0.24167915789087147 0.693959139747267 0.21957050799187527 0.7409276247628819 0.2091626338116157 0.7360292865998492
1 0.20732242324606887 0.7472830087206894 0.21679866236900125 0.7495856772647189 0.20593913056563906 0.7942682173373683 0.19646289584261467 0.7919655612420233
1 0.21545102472919098 0.7875983641493255 0.2233117479587463 0.7917616114617946 0.2026491207204799 0.8307674463153836 0.19478841305840433 0.8266042216604598
1 0.19545555577258256 0.8410987662484752 0.18554979213774914 0.8384870998321793 0.19865142936839675 0.788804516337866 0.208557072420831 0.7914161659729235
1 0.17603151535081452 0.6759760372807043 0.1858191032833929 0.6742963971006938 0.19334315812523073 0.718134113141759 0.18355557218603735 0.7198137453731296
1 0.18050833777533626 0.6811704826205404 0.18975828678753714 0.6860948479132853 0.16386734048865037 0.7347211400009933 0.1546174117049759 0.7297968039855524
1 0.17982458609708374 0.768640350877193 0.17077707197506697 0.768640350877193 0.17077714161712265 0.7197445964912281 0.1798245545029431 0.7197445964912281
1 0.16305864583341645 0.7614220285087708 0.17069483719967593 0.7611961890025232 0.1721141909005155 0.8091791309972236 0.1644779995913268 0.8094049692035398
1 0.15781401315791754 0.7251825690789478 0.16749073346159093 0.7241686392920045 0.17256879429589844 0.7726243671118884 0.16289207486545365 0.7736382912588192
1 0.14903862719756944 0.8191915247130273 0.14154704712302646 0.8153259082637399 0.16337159452803007 0.7730381964307155 0.17086310307763597 0.7769037905230477
1 0.4792678157064074 0.4635230162610704 0.49310636181360223 0.46623418345261197 0.4865672473816858 0.4996092939224794 0.47272870323615734 0.4968981335118154
1 0.4568888771930233 0.4622674298245534 0.46962249855164373 0.4595479020400758 0.47609477592334315 0.48985093181245254 0.4633611564521516 0.4925704534807595
1 0.4281658126167258 0.4555933045049479 0.4407016416720353 0.4565318024241672 0.43854383494669946 0.48535242191959005 0.4260080061030749 0.48441392594796984
1 0.43930447368416026 0.4574298815789573 0.4527774888708791 0.4543216828720501 0.46071599580238853 0.4887301858156003 0.4472429832437683 0.49183837660411317
1 0.4287224388430104 0.49999999233381337 0.41693651955642963 0.502100751190856 0.4076036856490646 0.4497440224843643 0.419389515360308 0.4476432718586697
1 0.4296747998727142 0.4922963030303954 0.4401503630009529 0.4976888985371126 0.41617510097330523 0.5442590653114505 0.40569955283149284 0.5388664920547667
1 0.4112534609702152 0.5453137869801155 0.3994266904496726 0.543210218047323 0.4079703637784178 0.4951800247402889 0.41979704441303056 0.4972835854535181
1 0.3947368227726429 0.5942982662880132 0.3947368575376231 0.5413523183764308 0.40679823939672133 0.5413523531991015 0.40679826005361974 0.5942982453628052
1 0.41333220611466004 0.5288610041097502 0.42958824184893274 0.5318026000286471 0.4168667035200997 0.602098465687121 0.4006106726486678 0.5991568879469997
1 0.3528879009375032 0.5462379122673348 0.34177244195950607 0.5416538569221886 0.36159019194963093 0.4936037909229987 0.37270556962585033 0.4981878272341637
1 0.35678223918466756 0.4583333518554625 0.3567822588755689 0.4048507397925566 0.3673245566752712 0.40485075830478817 0.36732457403923036 0.45833333333319565
1 0.37477660862509765 0.4542166074010089 0.3639026130038019 0.4513138570674396 0.37757347078775183 0.40010456550347323 0.3884473947354081 0.40300730570561505
1 0.38314136850033265 0.3541443103095892 0.3949100731731505 0.3558191587827075 0.3874899677269923 0.4079559840861699 0.37572126413363094 0.40628114073042576
1 0.39622587301869316 0.3063635203237979 0.4070405907963277 0.3094181438886785 0.3930856892018255 0.358823036347294 0.3822709746726787 0.35576842075811294
1 0.3957153530701589 0.2606070131578964 0.40750106647999473 0.25985320327255723 0.41070279664802456 0.30991062433329924 0.3989170833891649 0.31066443257604626
1 0.4939965391771466 0.29354708520734923 0.5031121389334885 0.29577979630132534 0.49712797447250523 0.3202109470637426 0.48801237565305655 0.31797823859932617
1 0.4960930794416072 0.32290189906796063 0.5093888085536946 0.32333116007529394 0.5083256484437015 0.35625985142843275 0.4950299193703813 0.3558305911530203
3 0.8432137584162547 0.6185606464620717 0.845442546491654 0.6183275741301699 0.8472774710335216 0.635872218901849 0.8450486830192858 0.6361052908409338
1 0.5095110164473908 0.3265248464912265 0.5220758899448583 0.32409376479007357 0.5282862677908042 0.3561905482676678 0.515721395446576 0.3586216258277738
1 0.8297840024038123 0.26462098976607784 0.8188586011187908 0.2614937214967714 0.8318028186585025 0.21627281206333232 0.8427281839441321 0.21940007480870008
1 0.8388536980976369 0.2368350957328979 0.8490918640000018 0.2371863581366857 0.8473717514219743 0.287321083022476 0.837133585557126 0.28696982132434196
1 0.8692102583632959 0.24523930196314198 0.8804878039787809 0.24897541827974104 0.8631161782373056 0.30141087903337316 0.8518386366234836 0.29767477130744757
1 0.8877093837719485 0.2547917280701756 0.8967767942476712 0.2540729704652961 0.9002711450140168 0.2981545874777722 0.8912037346958641 0.29887334373637636
1 0.8945900322356692 0.45665429667996577 0.9070084037062998 0.4615581901122037 0.8850218750491194 0.5172317971198513 0.8726035154738838 0.5123279255107536
1 0.8876146140351011 0.6850063355263105 0.9054783080539437 0.6824749216456195 0.9131443306223446 0.7365643436832171 0.8952806396831647 0.7390957425416963
1 0.9034348710763425 0.5957104475842128 0.892578782741225 0.6001705222090317 0.8738386117386199 0.5545604125100062 0.8846946162281029 0.5501003574561201
1 0.7912419545900775 0.39771659685831634 0.801790346787584 0.4011770537229548 0.7887152452562987 0.4410313332106582 0.7781668573758225 0.4375708856290779
1 0.7867509901316225 0.2936032554824564 0.795946958159675 0.2917593957309482 0.8040078877038468 0.33196088248580474 0.7948119207217132 0.3338047386256183
1 0.8030808173075457 0.27185404176820255 0.79418835856643 0.2733541258723569 0.7870058895576904 0.23077740685697984 0.7958983195395604 0.22927732522953823
1 0.779522854581046 0.2618817837301528 0.7895594551562226 0.2615545029407484 0.7908986086206369 0.30262086917747993 0.7808620080747914 0.3029481493874767
1 0.7410732256628307 0.27514926704420767 0.729683028757222 0.27599636727313626 0.7261883640350106 0.22900737500000395 0.7375785195437174 0.22816027632539454
1 0.7314344780701276 0.28117879824561365 0.7446700666865809 0.27910168448678513 0.7542135855262586 0.33991228070175666 0.7409779983210001 0.3419893883743285
1 0.6444938949180141 0.4639762918008073 0.6350703176283332 0.4672863417500996 0.6210179791665951 0.42728229385965505 0.6304415065226294 0.42397225354483997
1 0.6342278732888644 0.4128665995473068 0.6251915153509344 0.41118421052631776 0.6325520316473785 0.3716518274461286 0.6415883477185389 0.3733342124934464
1 0.6262178585526499 0.23333080372807521 0.6353370940011018 0.2302316720746057 0.6479744964937026 0.26741670340011464 0.6388552632437268 0.2705158303829368
1 0.5872459046053109 0.32837406030700933 0.6027010467391847 0.3239948702200072 0.6135011267308528 0.36210941966171045 0.5980459882885043 0.3664886005802798
1 0.5938165054971023 0.3580669950755102 0.5799523658473618 0.36200152316445333 0.569963205043905 0.32680379166666207 0.5838272944770324 0.3228692711669365
1 0.5617119331417371 0.3250854884881857 0.5739373595620236 0.3279418942900466 0.5638707161035654 0.371025605154443 0.5516452919947596 0.3681692060689243
1 0.5784089967104364 0.19801179495614488 0.5927116716644605 0.19659628663426906 0.5963491321203946 0.2333496595081583 0.5820464574053403 0.23476516610644682
1 0.5745614120814935 0.22697368421052633 0.564084710009638 0.22697368421052633 0.5640847237050366 0.1924307346491228 0.5745614022721384 0.1924307346491228
1 0.5443917291667049 0.19050649451753762 0.5571281131393562 0.1876654857683471 0.564337443448153 0.21998487260642507 0.5516010604213761 0.2228258783965791
1 0.5317982456140351 0.1871287412280702 0.5449561403508771 0.1871287412280702 0.5449561403508771 0.22039473684210525 0.5317982456140351 0.22039473684210525
1 0.5234576486665219 0.18393425121027512 0.5347440658377991 0.18823585557929554 0.5223810260749815 0.22067322419346075 0.5110946113613863 0.21637162441994728
1 0.5084411213659905 0.21422728122740226 0.4966895579697166 0.21088785952761407 0.5055826536329278 0.17959311362380692 0.5173341956462991 0.18293253211606605
1 0.4887427347260882 0.17914827758858035 0.49883091215019704 0.181302616833735 0.4926908870402258 0.2100543395398727 0.48260271021229073 0.20790000217851504
1 0.4791666748391208 0.21162280701754385 0.4668968940519562 0.21162280701754385 0.46689691080041484 0.1756421447368421 0.4791666650720572 0.1756421447368421
1 0.5326681051834612 0.30614845695170234 0.5454184121301751 0.3019296474890181 0.5545960544750415 0.3296659663818125 0.541845750320249 0.3338847698663242
1 0.5205684528508527 0.2966961776315801 0.532600219361484 0.29576799402609305 0.5351529832995539 0.3288577456290913 0.5231212169479704 0.32978592776301074
1 0.4079091480612078 0.21712559639653045 0.41857655688511386 0.21759368034828358 0.41633565703625663 0.2686618343474777 0.40566824827817527 0.26819375128454065
1 0.41714553472388616 0.16507584819599883 0.42950745307894067 0.16634647467483915 0.4239373363377581 0.22053752677441363 0.41157541831216804 0.21926690234604157
1 0.35509968558790206 0.16335268600455316 0.3653444876379126 0.16473488689392965 0.3584199898219822 0.21605837906554062 0.34817518819272664 0.21467618024299223
1 0.3523098174257484 0.2577953106047171 0.3421808914424673 0.2519079476120783 0.3683275380736859 0.2069247099821375 0.37845643386299344 0.21281206170746927
1 0.21113503028777814 0.42549950498220396 0.20264007639002557 0.4246467337548212 0.2069580738843797 0.381635085965857 0.2154529826171938 0.38248785489709336
1 0.1993585552249897 0.5210009938224869 0.19069144809861882 0.5174590940990442 0.20976176596195728 0.47079727065264493 0.21842881438635686 0.47433915679974165
1 0.20285082242389763 0.5158563479685186 0.21170556420020148 0.5205811838194966 0.18759696048630303 0.5657587288425839 0.178742232453601 0.5610339129785703
1 0.19034378119363282 0.5181991150591538 0.19897032725305053 0.5227567574324162 0.17475569159194038 0.5685852805572098 0.16612915898076608 0.5640276577705852
1 0.14144741655547932 0.6896929824561403 0.1276096553589241 0.6896929824561403 0.1276097718264282 0.625 0.14144735298395972 0.625
1 0.1364899480411168 0.6716281960045875 0.146614790156832 0.6720864929840623 0.14447575423128 0.7193358842265057 0.13435091227768226 0.7188775895476043
1 0.13435666250586564 0.7677006921035933 0.12429577876980602 0.7664906678062604 0.13030342905881298 0.7165485244101307 0.14036419888736873 0.7177585417539303
1 0.12501520773571428 0.7616257503220646 0.13505704269721264 0.7642135624039315 0.12220204778941479 0.8140871919730637 0.11216021880636617 0.811499395912489
1 0.11105794170055105 0.8180756041244714 0.10199359343357628 0.8162430389134079 0.110736141958796 0.7730088821839379 0.11980039599529846 0.7748414375585106
1 0.07884568184204 0.7287100756684037 0.08739360847494027 0.7319282930033377 0.0714574796973011 0.774249116482487 0.06290956178816032 0.7710309158253678
1 0.08854304533508639 0.6817316995113193 0.0997494893493922 0.6862662492686994 0.08006549751110015 0.7349048418225242 0.06885906782451912 0.7303703177843979
1 0.10165281284650973 0.6866820112833604 0.08695115382727181 0.6823762046155865 0.10715341297213854 0.6134076101816601 0.1218548743751171 0.6177133858998914
1 0.15071815867747773 0.39649231043767325 0.16099984911454612 0.399472911074255 0.14696985486989433 0.4478673044806715 0.1366881684634791 0.44488671353024595
1 0.1468179791519333 0.3642058209333778 0.13668223695572124 0.35823624811045446 0.16244983535636948 0.31448704026830704 0.1725855359105708 0.32045659738439125
1 0.16620382431608505 0.30262751661331516 0.17555826462933055 0.30505153839657606 0.1628123982465013 0.35423700801139163 0.15345796025189884 0.35181299238270153
1 0.16329035030901196 0.27692464718750276 0.1496347604949051 0.2688695579362494 0.17816412475008292 0.2205054606926365 0.19181966788687532 0.2285605321462534
1 0.1760909901316836 0.21519628947368086 0.18543634348327487 0.2145822264472207 0.1885199737145058 0.2615108570311859 0.17917462046148103 0.2621249190063681
1 0.18136795159500707 0.22165900564845403 0.17280768086629905 0.22026042591289435 0.17933891922007206 0.1802853555431083 0.18789916885134517 0.18168393350461123
1 0.18499676333851767 0.17796885490127295 0.17391868328479632 0.1728008131130622 0.19495587676749437 0.1277064109402494 0.20603393450403473 0.1328744465808821
1 0.15726871143681365 0.2170766555946572 0.14411518154270198 0.21787648081197247 0.14043474159791458 0.15734999889597834 0.15358822400469307 0.15655017516897016
1 0.13918063553342108 0.25988284275818896 0.12863904261382686 0.25750617137688675 0.14015622497345248 0.20642336824195986 0.15069777968381004 0.2088000351149464
1 0.13728988082584692 0.24053701520821305 0.15190532767940113 0.24623366854582684 0.12513566620168604 0.3149128752726436 0.1105202290377747 0.30921623981499285
1 0.10504861513163632 0.34890873355262814 0.11490814908836455 0.3474852513156815 0.12103903779768643 0.38994820247490514 0.11117950456639392 0.39137168126766336
1 0.1350028404671093 0.48969700393737425 0.12548162763255277 0.4851133085203879 0.1444067561023985 0.4458049452283401 0.15392791856197618 0.4503886262702884
1 0.12783702912156514 0.5475892839012325 0.11642177540920784 0.549271717077151 0.10864987198294784 0.4965437163000344 0.1200650300415873 0.4948612903090166
1 0.09741407642206923 0.4335311728421371 0.10825916881981357 0.43685502475625776 0.09284574152081859 0.48714289291099083 0.08200065451251248 0.48381905329040414
1 0.0675727712493881 0.580650785711637 0.07454832101166176 0.581185673255816 0.07168740583358613 0.6184912605685716 0.06471185628311105 0.6179563748571355
1 0.04535487609643951 0.6638912817982464 0.05764568104996215 0.6633494374772425 0.05999155954668822 0.71655406478516 0.04770075478768376 0.7170959060695373
1 0.05032852536669452 0.710167888302158 0.06052814491999925 0.715421949181751 0.03626367583456158 0.7625184165231529 0.02606407732628213 0.7572643868938447
1 0.22697368166427623 0.37938595484554244 0.22697369345917195 0.4265350877763258 0.21809455613697537 0.42653507479583674 0.21809457002484578 0.3793859675520336
1 0.2228781679370968 0.3782286006006988 0.21471745843780354 0.378502553245567 0.213404864640097 0.33940306329676895 0.22156553929937672 0.33912911123688605
1 0.2375646569496439 0.3310103384595758 0.24678443262655492 0.33557744587940197 0.22589804121537327 0.37773992153544117 0.21667827313046928 0.3731728257361742
1 0.23793862715228897 0.581140350877193 0.2269931224263928 0.581140350877193 0.2269931859236749 0.5251432313596491 0.23793858643682597 0.5251432313596491
1 0.34460200030662236 0.2601038440314561 0.3353879887177982 0.2574945681597304 0.34883144313755565 0.21002325149087442 0.3580454237343247 0.21263252267747826
1 0.34165123512968876 0.31032124742483946 0.3310315839926261 0.3097314352323122 0.3339797389966179 0.25665145246047943 0.34459934084065935 0.2572412632687298
1 0.3467362132932976 0.2976387285429964 0.35735157888655067 0.30187409060117654 0.3380951649234021 0.35013618766697185 0.3274798053167842 0.34590083650238973
1 0.3239728366227155 0.30372807017543857 0.3322349579839283 0.3037267422159441 0.33224297053720875 0.3535766097606019 0.3239808491761096 0.3535779377168
1 0.31820723735177125 0.3492363343549228 0.32772732272690064 0.3504279263847524 0.32174587742622407 0.39821400133289375 0.31222579267080164 0.39702241257941023
1 0.33468267713749356 0.43964573403121093 0.3245255092253956 0.44154371796398817 0.3164679860301476 0.39842561719027997 0.32662509754652547 0.39652763872247687
1 0.3053688377185608 0.4486227692461992 0.2961987952354548 0.4444023829590592 0.31746719245347776 0.39819313076662494 0.3266371831574588 0.4024135031441896
1 0.3144443534083621 0.4913762071486123 0.3031081930610071 0.4877288854861866 0.3191843200288531 0.437766575784146 0.3305204018109862 0.4414138837507681
1 0.30592106917333695 0.48903508771929827 0.29678597225779413 0.48903508771929827 0.29678600721820203 0.4448722872807018 0.3059210461830162 0.4448722872807018
1 0.310922036873194 0.49043917749226384 0.3208716149409838 0.4941652382818264 0.3046431335324087 0.5374961695023672 0.2946935625086553 0.5337701222386165
1 0.29605262805750954 0.4912280598614481 0.2960526443739582 0.5339635526316476 0.2878898632823166 0.5339635362889315 0.28788987411894595 0.4912280704807909
1 0.2917046633174323 0.5859403129688244 0.2807083686002443 0.579862550146153 0.30613950942313295 0.5338554141024765 0.3171357244302726 0.5399331494545742
1 0.2862056003392581 0.587527256935211 0.27568383775360417 0.5862007861019731 0.2817896767097636 0.5377735493315203 0.2923113525154122 0.5391000146371312
1 0.24499827356578407 0.5296407838039231 0.23504012872979274 0.5286484405503994 0.2394655334013578 0.4842436108635826 0.24942360978946 0.4852359506698212
1 0.23386364887539912 0.3356375340807544 0.22362394678657438 0.3305706729794204 0.24813573886569884 0.28103594297257395 0.25837539600024684 0.28610279075479816
1 0.2637282751785506 0.47522161307762395 0.2744207515704602 0.4807852336328839 0.2492963937500008 0.5290669472845859 0.2386039330741596 0.523503349912575
1 0.24292846052628647 0.4345538629385955 0.2540657449824266 0.4333881421395531 0.25941245252374756 0.48446731311899627 0.24827516870357158 0.4856330297087032
1 0.26973686207782066 0.4824561403508772 0.2604258853293686 0.4824561403508772 0.26042592461419645 0.4317727872807018 0.26973683488347433 0.4317727872807018
1 0.2535028582836958 0.43981981849689544 0.24348877986506068 0.4350049732008539 0.2665124626848865 0.387122174105323 0.27652648417893033 0.3919370032031735
1 0.2710408597143896 0.38158598932119486 0.2815433803760925 0.38256353138877686 0.27652334083279584 0.4364951700034641 0.26602082064016486 0.43551763124912585
1 0.27664126266370204 0.3457743977828727 0.265137303653205 0.3424937533032968 0.28014265287981743 0.28987759247359 0.2916465540329227 0.2931582281466682
1 0.2899616255898536 0.290046146919294 0.3008071670119534 0.2915135342273493 0.2939278150915925 0.3423577018620184 0.2830822743999306 0.3408903181973458
1 0.28751327314478203 0.29828403394647274 0.2784979103647629 0.29638089477651536 0.28819758495603764 0.25043376727216365 0.297212913185831 0.25233690264948067
1 0.29448705592108126 0.24491199890350962 0.30456421501185105 0.24431021054322932 0.3075594066865506 0.29446469377273476 0.2974822477026464 0.29506648089108256
1 0.3047131459384218 0.1956750229956297 0.3155432880339504 0.19601023644158563 0.31390567864946206 0.2489176818619245 0.3030755365838331 0.24858246902092188
1 0.3078576622807532 0.14869535745613635 0.3210453454571507 0.1469585663418215 0.3280781523199039 0.20035913022841104 0.3148904696123509 0.20209591884390707
1 0.2545906913832141 0.19750882190403524 0.24329007124458712 0.19603274207434243 0.2503727554293391 0.1418095793511661 0.2616733431435705 0.14328565699697052
1 0.25453850360395336 0.23498272140225385 0.2635308684419897 0.23857757756364997 0.24436053229248955 0.28653030804893215 0.23536817153956235 0.28293545929105424
1 0.8333159142509885 0.2658007989149058 0.8425969619883062 0.2687084902283194 0.8303145858036487 0.30791159331189977 0.8210335404025955 0.3050039072281756
1 0.8429277451911048 0.2932608466307696 0.8512515163271246 0.29462995743219983 0.8444246508513515 0.3361339722824977 0.8361008803912 0.33476486424688684
1 0.823333400219326 0.3228071195175444 0.832919017167228 0.321064858642125 0.8398614805369107 0.359259765137496 0.8302758645303356 0.3610020224848381
3 0.5210887083333091 0.7294167236842122 0.5238064335661647 0.7292969800759763 0.5249105146381225 0.7543512584284182 0.5221927894276632 0.7544710016970902
3 0.09808995027901801 0.98903508907798 0.09808995705452617 0.9796229282820749 0.10307017538161745 0.979622933955626 0.10307017563650334 0.9890350877193083
3 0.04549633043552603 0.9967105252001279 0.04549634429827165 0.9897718103070282 0.05482456547451875 0.9897718250461565 0.05482456140350678 0.9967105301592104
3 0.00999961783031722 0.9848102554264717 0.013835759337666786 0.9851737986681897 0.013154917414112788 0.9923559690111334 0.009318775962697146 0.9919924261644428
3 0.019080914785604364 0.9714062834326086 0.02537313631125926 0.9724265835802299 0.023904818523760696 0.9814791174630084 0.017612597332004043 0.9804588187072834
3 0.9117950603069858 0.2082318596491227 0.9155368573061651 0.2081890041858101 0.9156640828442733 0.21929717007628383 0.911922285845435 0.21934002552409584
3 0.9018350526315544 0.7187422554824561 0.904955264964201 0.7181632248106029 0.9083315580047611 0.7363540827035593 0.9052113459968041 0.7369331121885911
3 0.9831823478525621 0.7386300566396684 0.9854152066795905 0.7389090093166637 0.9833138182760877 0.7557265914526323 0.9810809595488763 0.755447639313862
3 0.9813596399616245 0.7386130371781776 0.9837289155602775 0.7394902784352312 0.9782939403651199 0.7541667133796215 0.9759246655702327 0.7532894736842167
3 0.9710742278202815 0.7341074900692275 0.9749717899492225 0.7348954094028558 0.9709785222538585 0.7546453923054691 0.9670809606581088 0.7538574747734766
3 0.8617992745702168 0.42005970864200903 0.8579185237125557 0.4212252116870843 0.8517570473113665 0.40071052887959585 0.8556377883771802 0.3995450274122909
3 0.8558815319844371 0.4057017548725421 0.8558815347545305 0.38984253103125976 0.8585526317611993 0.3898425328947444 0.8585526315623611 0.4057017541560413
3 0.8468603461931252 0.6435246031945604 0.8491942291035457 0.644430354256726 0.8437369962143748 0.6584904040381289 0.8414031140300722 0.6575846543300189
3 0.8446349978803482 0.5238476611651955 0.847318470202481 0.5236191490458098 0.8493098579378966 0.5470024737040453 0.8466263856715841 0.5472309853865475
3 0.8844820077699751 0.49275500406595085 0.8873507025811023 0.49349258421860953 0.8815854722356562 0.5159137607823695 0.8787167779100855 0.5151761819423639
3 0.9079339451755004 0.5880306765350833 0.9105953030336877 0.5875119979707779 0.914236328177708 0.6061922104246436 0.9115749705758844 0.6067108880905948
3 0.8860415424466055 0.5943301301805421 0.8919145992429094 0.5955849408734896 0.8901273415782498 0.6039491660725629 0.8842542850876498 0.6026943563596374
3 0.9411204439911671 0.7480779900250162 0.9368757208413854 0.7490967012546619 0.9324695343246958 0.7307402342733749 0.9367142401316642 0.7297215252192873
3 0.9298245614035088 0.7287227192982456 0.9331140350877193 0.7287227192982456 0.9331140350877193 0.75 0.9298245614035088 0.75
3 0.8867566551415393 0.7181181521538889 0.8900339324128481 0.7186573119732689 0.8864318503362938 0.7405490012635593 0.8831545733871735 0.7400098427741456
3 0.8897902982456571 0.7155970197368343 0.8934623686327541 0.7149786645007982 0.8972578075987485 0.7375140816258412 0.8935857376012564 0.7381324352966433
3 0.7390350916042507 0.7970039594298244 0.7363521279203269 0.7970039594298244 0.736352137840754 0.7754897192982456 0.7390350877022911 0.7754897192982456
0 0.7184363049627791 0.459883986843593 0.7219761985858213 0.46055268322285 0.7152262253689514 0.4962827296974581 0.711686332236809 0.495614035087709
0 0.7170778566679701 0.579281020432513 0.7148340350670424 0.5677386693995623 0.7250938005468015 0.5657443792711413 0.7273376300421432 0.5772867198033446
3 0.66576693348361 0.7126665850001808 0.6633234512268018 0.7133212157752908 0.6588569169504126 0.6966518948856213 0.6613003906394397 0.6959972653194847
3 0.6424255828289915 0.7515596642237905 0.6449888739545031 0.750702129858244 0.6505834049577288 0.7674220500327094 0.64802011465747 0.7682795826491886
3 0.6320988179824099 0.7484515471491281 0.6345425848932109 0.7476810930793394 0.6397221073025321 0.7641069262305377 0.6372783410749889 0.7648773787709177
3 0.6000883355262658 0.5797097313596536 0.6027001018758256 0.5790329847568687 0.6074984435352917 0.5975492730943464 0.6048866776201294 0.598226018536558
3 0.6052453552520092 0.5789473690617419 0.605245357781655 0.5603070163764733 0.6063596498484003 0.5603070175436116 0.6063596491228509 0.5789473684210927
3 0.6074561403509051 0.5373499269385651 0.6074561441225796 0.5559210529721128 0.605771093268686 0.5559210521476671 0.6057710921052148 0.5373499287280777
3 0.26338062693810116 0.4227506105614326 0.26712700476787177 0.4221158177776624 0.2696355206736598 0.4369195845743451 0.26588914299998123 0.43755437673410574
3 0.2683740762178104 0.36542896973374117 0.2717924912772105 0.36463562148305545 0.2750904170054582 0.37884527949175134 0.27167200216763376 0.3796386270856073
3 0.21432957433330557 0.36662002882457806 0.2177190466495631 0.36557833715541743 0.2220606629410895 0.37970456065763863 0.21867119100784294 0.3807462514508125
3 0.7011231364505193 0.6500679055225178 0.7032181017818857 0.6507634657941911 0.6955217331677659 0.6739411725954679 0.6934267686403928 0.6732456140350946
3 0.5252192931633317 0.5600829706426046 0.5281140233620363 0.5624399107779181 0.518752146318775 0.5739367872231796 0.5158574188593548 0.5715798501076158
3 0.8565470372420805 0.8773505371789654 0.8589744214115171 0.8767808901067218 0.8634201007772617 0.8957203364439049 0.8609927171179379 0.8962899820189705
3 0.9945175438596491 0.3284075186403509 0.9989035087719298 0.3284075186403509 0.9989035087719298 0.3355263157894737 0.9945175438596491 0.3355263157894737
3 0.8554674730919487 0.29998168654412327 0.8599977241179886 0.29873157016937973 0.8637646157542349 0.31238188529915006 0.8592343650557268 0.3136320008471077
3 0.8374291456187848 0.3392581841985991 0.8437063278654477 0.3396071044330739 0.8431939545914702 0.34882452612109544 0.8369167723589044 0.3484756060556211
2 0.8213870916475798 0.4156292472681957 0.827610987064304 0.4177870626142131 0.8243036877076975 0.4273259568051613 0.8180797929729806 0.425168142858906
3 0.8640657668258882 0.7851004793298662 0.8667260112916892 0.7854652336733448 0.8637203188277454 0.807382297225122 0.8610600745614647 0.8070175438596522
3 0.8596491245691595 0.8048245614035087 0.8582150888157685 0.8048245614035087 0.8582150923400604 0.789694346491228 0.8596491228070136 0.789694346491228
3 0.8502198136694687 0.7893043651296581 0.85261651227529 0.7890281564212149 0.8548079795989452 0.8080401268306259 0.8524112811032865 0.8083163348957896
3 0.8464912283365038 0.8848684210526313 0.8459542554824111 0.8848684210526313 0.8459542560151476 0.8793361140350877 0.8464912280701355 0.8793361140350877
3 0.8428000311687356 0.8904998318113657 0.8404409276604383 0.890210238779445 0.8430781898955502 0.8687315379879107 0.8454372798540817 0.8690211301778223
3 0.7240936463653043 0.7940123492050867 0.7217700819960555 0.7934355569638069 0.7263323955361329 0.7750601069972254 0.7286559498469387 0.7756368979306869
3 0.7310296297595187 0.7903504340605111 0.7290494980205722 0.7909181220330427 0.7251094711208452 0.7771776288877275 0.7270895964912825 0.7766099418859606
3 0.7210663984633356 0.6213536282085056 0.7269099832191159 0.6220710438018423 0.7258427965786041 0.6307625924976885 0.7199992119319631 0.6300451775036613
3 0.35652775177845797 0.963054162823353 0.3636117312175884 0.9645588124666576 0.3613615478243446 0.9751497828657373 0.3542775691348652 0.9736451356280055
3 0.7843648245614077 0.5252192982456122 0.7843648273977806 0.5193536665811871 0.7883771939463031 0.5193536688836042 0.7883771929824661 0.5252192986750905
3 0.7749531820175438 0.4893196173245614 0.7796052631578947 0.4893196173245614 0.7796052631578947 0.49451754385964913 0.7749531820175438 0.49451754385964913
3 0.7774122826729126 0.4375 0.7728231355446269 0.4375 0.7728231397906029 0.42607931798245613 0.7774122800103669 0.42607931798245613
3 0.6693015723683402 0.7004551008772043 0.6719095013472725 0.6997501220011015 0.677351247767433 0.7198777074047364 0.674743319407412 0.7205826846903342
0 0.5341469694679972 0.9813594416650322 0.5396026326753827 0.9720794550438759 0.5533892030576908 0.9801821494708476 0.547933565387666 0.9894621139224835
3 0.5274122806877131 0.9621708142559443 0.5274292016679283 0.9692982054677216 0.5226113632852503 0.9693096361599186 0.5225944473684194 0.9621822500000333
3 0.5405701761778801 0.7467105263157895 0.5393029616227523 0.7467105263157895 0.5393029631013633 0.7389895043859649 0.5405701754385746 0.7389895043859649
3 0.5325437454725943 0.7518282981989434 0.530282832285593 0.7510964901791142 0.5350877192983035 0.7362543717105363 0.5373486250662154 0.7369861784319105
3 0.5158434651468724 0.6996928661464162 0.5131924742377123 0.6989954333162871 0.5184067679091413 0.6791784514847582 0.5210577479568883 0.6798758828093185
3 0.5182490170446954 0.678804242727941 0.5208584208799039 0.6785923947514122 0.5223800283305309 0.697331870721865 0.5197706245457994 0.6975437182811615
3 0.5641861844646883 0.6177935733624154 0.5690542300449124 0.6183859194838802 0.5679379236013347 0.6275589183419628 0.5630698781146748 0.6269665727398562
3 0.561976930274227 0.6381578948381366 0.5619769353070296 0.6287546480263219 0.5668859654881544 0.6287546523882178 0.5668859649123306 0.6381578947367962
3 0.37680392577726707 0.6978927163331254 0.3786475319359397 0.6982390628112627 0.37647980340670983 0.7097761706036196 0.37463619736843157 0.7094298245614077
3 0.6079266864454667 0.5436861898105045 0.610582801535088 0.5432381589912206 0.6139873012670023 0.5634195970507613 0.611331186369739 0.563867627096545
3 0.525604507675439 0.7358488103070102 0.5281846836682007 0.7350327986922003 0.5345710558143537 0.7552226941564824 0.5319908807010734 0.7560387038076627
1 0.940035850003369 0.3345397539799684 0.9032757497514012 0.32972841110138296 0.9197156844370511 0.20412759185452334 0.9564753954249454 0.20893890838035523
3 0.5256109440789487 0.6808466348684179 0.5273551777067951 0.6807081272729854 0.5288434844518406 0.6994477534797361 0.5270992508566223 0.699586260801427
3 0.8480725163911984 0.45957706955108973 0.8505831040110934 0.45992988599487383 0.8482922728408084 0.47623000901206414 0.8457816853069744 0.4758771929824514
3 0.789473687725831 0.5899122807017545 0.7837965126675499 0.5899122807017545 0.783796523392084 0.5749330449561403 0.7894736833162597 0.5749330449561403
3 0.6628849572329045 0.697703408342027 0.6652139697126813 0.6972296198605575 0.6682979737098549 0.7123874437367246 0.6659689614647277 0.7128612314311822
3 0.6491081932368843 0.6955191520116816 0.6519325471491584 0.6951253662280645 0.6540483384410436 0.7102982086596195 0.6512239846625789 0.710691993797592
3 0.6494310726901631 0.7117644974052008 0.6468898786938553 0.7116205441690588 0.6480392660121197 0.6913336689196787 0.6505804489850107 0.6914776218425697
3 0.5981422931130282 0.6315820027732382 0.6005907225793408 0.6309482059483669 0.6052093353412147 0.6487882210422976 0.6027609063010004 0.6494220167277629
3 0.5818351939159356 0.5889774617508549 0.5843705586037231 0.5889130188436361 0.5848138099736389 0.606349889147323 0.5822784452898304 0.6064143319522904
3 0.5800205414079755 0.5869625400254759 0.5825121219124867 0.5875605789947299 0.5781760640875291 0.6056237402537028 0.5756844839349924 0.6050257022936242
3 0.5413761114899671 0.5775342497938661 0.5379472599993278 0.5795482106253999 0.5279718627311922 0.562566364184501 0.5314007050438931 0.5605524067982225
3 0.5422884167347775 0.5051827930070264 0.5391837114337932 0.5055935172777886 0.5366727509583598 0.4866143245508675 0.5397774473683512 0.48620360087720027
3 0.5186403454983974 0.5318892281307911 0.5222389720524916 0.5340494405583759 0.5134562890731331 0.5486789206460853 0.5098576647995969 0.5465187112545113
3 0.5175438627862832 0.5773209429824562 0.5147414808777739 0.5773209429824562 0.5147414861312427 0.5581594364035087 0.517543858758927 0.5581594364035087
3 0.5219893902675494 0.5416464429912374 0.5256804033751905 0.5421119775338598 0.523379712961173 0.5603514379570576 0.5196886999882508 0.5598859041328271
3 0.5216282225313762 0.5706450196393664 0.5249003986808702 0.5727132076044925 0.5144274448589385 0.5892812554581578 0.5111552714971594 0.5872130710770764
3 0.5213285278150579 0.7308754117745332 0.5239165974240905 0.7316134028601564 0.5187945969174734 0.7495728224811197 0.5162065279431545 0.7488348329496319
3 0.5136643410087345 0.7320565888157944 0.5162848508276738 0.7317272569005131 0.5185655161935756 0.7498716038254903 0.5159450065016244 0.7502009350609616
3 0.5094258224781925 0.7321493403151743 0.5120813991228488 0.7317029111842076 0.5151028590939859 0.7496730325782148 0.5124472826774991 0.7501194607912817
3 0.4384903130829798 0.7894310572100202 0.43582529536718084 0.7883771875081815 0.44363451535082277 0.7686329725877025 0.4462995211042653 0.7696868396407568
3 0.49488020070214134 0.6727857887891039 0.4978222395046714 0.6738563976864954 0.4916688404177876 0.6907635893544091 0.48872680263150414 0.6896929824561339
3 0.4905866646940922 0.6725406439809891 0.4933044710184049 0.6733713167400533 0.4878201077325457 0.6913125997142351 0.4851023021118408 0.6904819285744391
3 0.4882086551181146 0.6885488748740918 0.4854094137992888 0.6890424331092874 0.48235606800869846 0.6717276461488343 0.48515529934218193 0.6712340888157846
3 0.47854095175432576 0.6730579298245685 0.4802158994414185 0.6728265056650563 0.48193810331258646 0.6852893297358639 0.4802631556875667 0.6855207535944413
3 0.47553730122274374 0.6726585043575041 0.4784597715228074 0.672197231083045 0.48119833156795266 0.6895453779178283 0.4782758614638851 0.6900066503516528
3 0.4744062475252804 0.7371228919623045 0.47164550171805786 0.7363029571035336 0.4768553322369371 0.7187641644737002 0.47961606752778607 0.7195840976640269
3 0.3823315325975045 0.8456093081830116 0.3850544519783625 0.8447946882186661 0.39098508135782595 0.8646138053513038 0.38826216291499804 0.8654284231198607
3 0.3684210542111259 0.8607456140350876 0.3672975416666304 0.8607456140350876 0.36729754482576027 0.8445591041666665 0.368421052631561 0.8445591041666665
1 0.682822522283459 0.2914375286334174 0.692710178573293 0.2925414886274862 0.6877875089617191 0.33663027344724394 0.6778998530702438 0.3355263157894771
1 0.992555829869957 0.2554643508576856 1.002155959713491 0.2590392217491241 0.9864791605434675 0.3011374836785931 0.9768790342330931 0.29756261958105235
1 0.9794591073730317 0.3006591649850131 0.9664151774835545 0.2995182052167691 0.9707265276557564 0.25023063591134653 0.9837704028082044 0.25137159324546704
3 0.8491940766607513 0.8892543878466184 0.8491940807365381 0.8673602828118134 0.8508771929714385 0.8673602858709208 0.8508771938296604 0.8892543859648752
3 0.4654904348467426 0.7236842131643091 0.4654904418860042 0.7118578552631792 0.47258771899100793 0.7118578618117523 0.47258772113377745 0.7236842105263226
3 0.47000488157891596 0.6731433739035217 0.47256281526438215 0.6725114960792834 0.4761804658986648 0.6871542214157904 0.473622532566651 0.6877860982525082
3 0.26779587044154596 0.6767226656312728 0.2704205987599835 0.6776505442733972 0.26400651796564034 0.6957917254596429 0.26138179057022626 0.6948638486842255
3 0.5372807040537282 0.513157894736842 0.5335085710895555 0.513157894736842 0.5335085785285401 0.49504475109649143 0.5372807009638336 0.49504475109649143
3 0.5149541548372554 0.5222436304558048 0.5106359230344424 0.5212995061919297 0.5142343524566968 0.5048423881128676 0.5185525732368887 0.5057865111254215
3 0.5210780674082116 0.534177461116873 0.5180525234254674 0.5329019816141465 0.5251678741549313 0.5160252127372278 0.5281934103387584 0.5173006903684717
3 0.5164473700563121 0.5315344561403509 0.5148928210138592 0.5315344561403509 0.5148928229655212 0.5158926995614034 0.5164473681281834 0.5158926995614034
3 0.5197368373346762 0.5446868565740349 0.5229545554989272 0.546021387648982 0.5161900658297327 0.5623298857306366 0.5129723487912088 0.5609953566427894
3 0.5160135053653221 0.5983621644729313 0.5197980743456583 0.5983864933273716 0.5196903275361819 0.6151455943702624 0.5159057585563005 0.6151212655535521
3 0.5309961622804167 0.6173245622932867 0.5309961673208363 0.5982285631818024 0.5350877192981898 0.5982285679824305 0.5350877214999628 0.617324559834069
3 0.5230263177002143 0.6019736842105263 0.5201990420849825 0.6019736842105263 0.5201990479545202 0.5860167006578947 0.5230263153785017 0.5860167006578947
3 0.5038364210527106 0.5854817061403443 0.506620249321827 0.5850604036659408 0.5094709576229661 0.6038949346181852 0.506687129517104 0.6043162363656502
3 0.5331022165246395 0.6800001251863993 0.5358096466936786 0.6807277998672423 0.529873843432938 0.7028097162355464 0.5271664139436325 0.7020820433057777
3 0.5076344131502992 0.7473554480983449 0.5048576649037386 0.7466720588369024 0.5101025471491312 0.725364616228069 0.5128792823182948 0.7260480038056997
3 0.4988487082592883 0.6660270145381002 0.5018748282262777 0.665958760193888 0.5024348413608095 0.6907840185539048 0.4994087213998455 0.6908522727230887
3 0.49496358653846073 0.6896929831384501 0.49496358772694293 0.6691422953521576 0.49561403508766944 0.669142296052631 0.4956140352825287 0.6896929824551431
3 0.27366803279210217 0.6739460260302679 0.27654756951449144 0.6731876240582858 0.2819631187775258 0.6937467344218946 0.2790835826941702 0.6945051347148133
3 0.42982456587435536 0.6677631578947366 0.4247378743631316 0.6677631578947366 0.42473788016070557 0.6577769155701755 0.4298245614035068 0.6577769155701755
3 0.28362343236040033 0.6783042971022708 0.2863880191497401 0.6778424610904142 0.28925935788254264 0.6950280694407598 0.2864947713010224 0.6954899046111609
3 0.29424450767533017 0.6761441962719369 0.29708288381300463 0.675770492594515 0.29949115350939337 0.694059323550945 0.2966527775118948 0.6944330265084442
3 0.29385964204323045 0.6786324644307494 0.2965304656003127 0.6796414392944546 0.2913917558637422 0.6932419984697894 0.28872093310928904 0.6922330251404335
3 0.29342049335411957 0.6929824522445408 0.2906187070032047 0.693696615308457 0.28549293835862954 0.673590185944677 0.2882947131761284 0.6728760244232056
3 0.2820554624815941 0.6956143337691344 0.2794307666158602 0.6950084618284929 0.2833983837718961 0.6778228651315773 0.2860230703048501 0.6784287359499168
3 0.25982712192273993 0.8213183884788086 0.262683377742178 0.8208553266279597 0.2668303277745281 0.8464291421345591 0.26397407232036585 0.8468922024605948
3 0.267722881353734 0.845733613256511 0.2651077590033992 0.8453600037561795 0.26743643216377677 0.829063725845122 0.27005154368055173 0.8294373345588933
3 0.2729645175438691 0.8269999484649123 0.2730261243714267 0.8269994580635637 0.2730879225564422 0.8347612475382117 0.2730263157288846 0.834761737939079
3 0.28244730478752444 0.8454041691307863 0.27844002089500464 0.8452619945355988 0.2792383853109186 0.8227648099574091 0.28324564625893345 0.8229069841446572
3 0.35804806077055673 0.845467275268674 0.36067811974533015 0.8448163399882996 0.3648418734516099 0.8616359823411748 0.36221181500241073 0.8622869161547011
3 0.36161034868416664 0.8398015614035136 0.3641240593190105 0.8393255038320009 0.3677129054866555 0.8582714275969733 0.36519919518229926 0.8587474839810083
3 0.37283910819598987 0.841357058568732 0.37581960104466816 0.841684653762703 0.3735678534552562 0.8621667677296034 0.37058736074982335 0.8618391734116932
3 0.3785941681865097 0.8456203612109243 0.38135749038406175 0.8463606727296673 0.37671679850370765 0.8636789062827906 0.3739534769737247 0.862938596491231
1 0.03913547956005914 0.7559890922373097 0.0485051955703284 0.75952423158025 0.03007230367552438 0.8083706967386444 0.020702599206970262 0.8048355794117698