0 0.8028379811464674 0.14505577755543383 0.8150706027324759 0.16235837682393817 0.7638281772229902 0.19858547186411088 0.7515955877192937 0.1812829013158088
0 0.3200481848526806 0.31989435099536495 0.319509553449393 0.3047824454706017 0.3870614035087101 0.30237468201749884 0.3876000815760108 0.317486539385577
0 0.6198914486199101 0.16555744673752368 0.6017750293030986 0.16617417727203257 0.6001415125689391 0.1181893702261833 0.6182578936403615 0.11757264035087771
0 0.1604874823767659 0.11443978546667012 0.17883720848192297 0.1346370234776878 0.12634852940186647 0.18232402520165922 0.10799883771937857 0.16212682017547944
0 0.08544831853407686 0.19138871855226858 0.0644508114035034 0.18629133333334372 0.07958983299795364 0.12393028355514583 0.10058727789123623 0.12902766085368178
3 0.20661979495616833 0.25194083991232263 0.21355791620737818 0.23797417798782522 0.24954753978840927 0.25585213025461445 0.24260944382251637 0.26981877058195125
3 0.033282632675422974 0.34741055043862895 0.04529855758710255 0.33589206935595456 0.07195958346426323 0.3637034355499475 0.059943682021753375 0.3752218925839088
3 0.15698858771929736 0.4641020087719324 0.17166695733885717 0.4631750866120668 0.17409510805089212 0.5016236357080889 0.15941673867530426 0.502550555240322
3 0.020255639254401103 0.5219412258772015 0.04241204228344486 0.5076108061043437 0.06504877053862401 0.54260671497991 0.0428924056576534 0.5569370862374962
0 0.03942629408186349 0.5925340016559476 0.06239256848550667 0.6055092531460342 0.027497088360178168 0.6672670266822734 0.004530878291802765 0.6542918637817208
3 0.08160839859567659 0.5833183453130087 0.09717758539682109 0.5920130965861854 0.07968980916825785 0.623323967861105 0.064120642940793 0.6146292452892165
3 0.06378529323228577 0.6597694114723617 0.04727871474381118 0.6550417199523532 0.05691902892010603 0.621387396779059 0.07342550111832225 0.626115072106186
3 0.26894931941671985 0.5835792229440188 0.2594473210593833 0.6005863156155903 0.22537212499992165 0.5815501491227646 0.2348741253957769 0.5645431158981814
3 0.2530453608807193 0.6461851945676564 0.2246805407962711 0.6340136226847586 0.23244392482422427 0.6159240814580667 0.26080865088954397 0.6280956302408871
3 0.23850090530186208 0.6772940966282827 0.27597803584239955 0.6826668842356789 0.2728416475661106 0.7045411512014882 0.23536451973689054 0.699168376096494
3 0.24262792036233805 0.6397263278495335 0.2637173343474615 0.6618626743018323 0.24868633050232347 0.676180861575232 0.22759696381581307 0.6540445614034838
3 0.3881578946765103 0.018902212554617985 0.38878473469640085 0.054813619895493534 0.3673955823256847 0.05518696770526772 0.366768746710477 0.01927556469299738
3 0.3951739605259945 0.018689712245219196 0.41254230959816596 0.012709312952277218 0.4254139499532812 0.05009127902791719 0.4080456014385163 0.05607167708102625
3 0.4375 0.02083333328503709 0.43750000111117515 0.05372807149056158 0.4228065160115193 0.05372806998039491 0.42280651756766474 0.020833334369279324
3 0.45680105164035467 0.05311684302087459 0.43971585626240994 0.052221447387186065 0.44159435993094576 0.016377482594381577 0.458679548586133 0.017272878047295413
3 0.4678182478742201 0.02140934188960052 0.4917375175994039 0.02015578618130267 0.49355106290283857 0.05476028320074951 0.4696317931992553 0.05601383866336067
3 0.4918052477701167 0.015509303200104851 0.5097255614035703 0.014256192982455488 0.5123457966315073 0.05172729695850996 0.49442548301442457 0.05298040692243484
3 0.5093534539312259 0.01779540122439256 0.5270446118421432 0.014675973684213545 0.5334223411649646 0.05084587409570958 0.5157311833801259 0.05396530101596052
0 0.3944721179012731 0.35315412137281327 0.3932433951803205 0.3688499093095795 0.3295964610285864 0.3638674749487456 0.3308252336323676 0.3481717423067403
0 0.6028898593378926 0.16560916038262324 0.5873275455302291 0.17086298431448618 0.570810388220707 0.12193791834072498 0.5863726677631576 0.11668410087719464
3 0.5567020100662603 0.010345602005655598 0.5720697230540281 0.015637127035210467 0.5563076609386144 0.06141348768317381 0.5409399487136852 0.05612196408500789
0 0.5480306812094113 0.12282661764661648 0.5664935407951361 0.11853449204999442 0.5776445660537775 0.1665010738287206 0.5591817080128294 0.170793194713959
0 0.2397440869674483 0.3044708403305489 0.23522910026952104 0.32049526775705095 0.17370937494615646 0.3031620969627533 0.1782243897761191 0.28713771826026596
0 0.24508360278389318 0.3574130563217904 0.24083303978363801 0.37786602380849743 0.18098545416751222 0.365428820344252 0.18523606688597738 0.3449759232455651
0 0.25109654378593405 0.40131578947368424 0.18983621103268433 0.40131578947368424 0.18983628345790748 0.3842794144736843 0.2510964912280542 0.3842794144736842
0 0.25334200348800096 0.43024570907410103 0.24374877707475662 0.4442209372403895 0.1929898455679222 0.40937954135517707 0.20258305701747759 0.3954043695175675
0 0.2644482455535808 0.46946902367414783 0.26268660325979454 0.4895902058412833 0.1993370874147331 0.4840440904907345 0.20109881323617174 0.4639230025768208
0 0.26736855139461113 0.5008298275537093 0.2635997509145227 0.520501834463852 0.19839623479288093 0.5080108242095965 0.2021651107455682 0.4883389188596381
0 0.2698497564956597 0.530649545924662 0.2641263955542854 0.5479324493607041 0.20748398175237526 0.5291763890775782 0.2132073848683831 0.5118935701754032
0 0.28231750304144043 0.6273848198949185 0.2701461291757141 0.6401432063201998 0.22565705929821434 0.597705903767756 0.23782836622808645 0.5849475921052918
0 0.3008403287640249 0.7263176400002341 0.2943865887273205 0.7413015166135463 0.23437751907340498 0.7154588195762888 0.24083129233588352 0.7004750519667983
0 0.2981616642299514 0.7946408243600137 0.2460065911153606 0.773211786688161 0.2525537781385765 0.7572801908450552 0.30470866310656675 0.7787091846845723
0 0.39172168145103115 0.41299261751679234 0.39964622854233767 0.42870124199047166 0.3427321873748497 0.4574109668879357 0.33480771820177324 0.44170240899120455
0 0.4013768361003258 0.5772236565217549 0.4103121549970865 0.5949419851132818 0.3515766553712183 0.6245587369120268 0.34264146162274756 0.6068405153509087
0 0.4236652661776361 0.6590739154190208 0.42282441408610794 0.6783077020742756 0.3555184445156101 0.6753654276965853 0.35635942214912575 0.6561317741228144
0 0.32894736842105265 0.4021913629385965 0.3991228070175439 0.4021913629385965 0.3991228070175439 0.42105263157894735 0.32894736842105265 0.42105263157894735
0 0.3882718514071257 0.3736023310923406 0.39058518273839127 0.3939801942608037 0.32435247043474646 0.4014985510671415 0.3220392269737431 0.3811207686403592
0 0.4097745517058229 0.6065410239826405 0.417990693912202 0.6241949266955042 0.3546705191580486 0.6536604012623689 0.34645451644735203 0.6360066173245515
0 0.43651522149127686 0.20942982555721887 0.4365152691638059 0.15833272655431033 0.4571603952985015 0.1583327552270108 0.4571603771929631 0.20942982456141188
0 0.45645452525957353 0.16298907094494894 0.4772850375594544 0.16025869725297257 0.4860075938411228 0.22680392576247205 0.4651770825875019 0.22953429392916588
0 0.4810644788016134 0.15130236517255427 0.4988120558382434 0.1494385710169075 0.503953369057399 0.19839519218394444 0.48620579240719053 0.20025898389985522
0 0.5183254411098233 0.12356708490153503 0.5319362336211952 0.17436284956706127 0.5129316815584843 0.17945509231927081 0.49932091666664746 0.12865935197368547
0 0.524794864035016 0.12987388815790357 0.5462479725952107 0.12610563760300858 0.5549533292937667 0.17566596284198366 0.5335002218165528 0.17943420893331483
3 0.5390220770748329 0.01133466537459414 0.552693118733373 0.05340978924128701 0.536421829518531 0.05869664817207678 0.5227507925754935 0.01662152844439401
3 0.5693591905911717 0.011707835982078427 0.5891900071325153 0.01702148467830319 0.5773076649805944 0.061366994353616894 0.5574768490464521 0.05605334703846313
0 0.08068351559984421 0.7434884082333519 0.12222561578994373 0.8086782601352811 0.1055617864458327 0.819295138282523 0.06401986184209818 0.7541054407894775
3 0.6571159048661457 0.8539513068531802 0.6721259882469894 0.8556251605613937 0.6690443816878542 0.8832527949216193 0.6540342993421291 0.8815789473684246
3 0.7184053122673504 0.8811243851682392 0.7033801890426048 0.8843165175551647 0.695435221491266 0.8469283684210503 0.7104601976523099 0.8437362522464165
3 0.7267789413907622 0.8475311380392582 0.74414262480866 0.8785451879602816 0.7259923001430479 0.8887045113303729 0.708628716008775 0.8576905471490839
3 0.7598684148209713 0.8511466186069357 0.7614943812134243 0.8897206539152043 0.7372171549250197 0.8907436517486431 0.7355913179824256 0.8521697412280448
0 0.08524240449969511 0.7865300727200311 0.07336679846082461 0.8072855276408935 0.016967751202059844 0.7750216530650527 0.02884335745613953 0.7542663607456553
0 0.11008013353580282 0.8671550682419216 0.09462522208377777 0.8898762419423917 0.040825507870522415 0.8532898615487124 0.056280371294064935 0.8305688842338096
3 0.02487923037699602 0.8307261402069205 0.041697529361613306 0.8595030185555488 0.023122195201722207 0.8703566815708094 0.006303989035131963 0.8415798837719752
0 0.4925973797385268 0.9173317331182127 0.5180181283130878 0.9290651215543122 0.4917580386025975 0.9859427817303633 0.4663373563596451 0.9742095000000026
0 0.43880647714308907 0.9233588096256993 0.4591656314796637 0.9411794744785152 0.4145117553258615 0.9921797470065196 0.39415276747718053 0.9743592587314052
0 0.38253682378342546 0.32391424509928407 0.3860551892549893 0.3410057101525935 0.3274158950770243 0.3530763750253434 0.3238975899120078 0.3359849627193183
3 0.27862408928945115 0.02446716766810492 0.29224655794780574 0.02654620833599193 0.28807266594071734 0.053894730011957645 0.2744501973684237 0.051815689692982204
3 0.7069470733543994 0.35713093072447244 0.7079728596490895 0.3436502543859211 0.7388935158970753 0.34600300129056605 0.7378677535238012 0.3594836551982606
3 0.7595907568828579 0.5407066810547674 0.7588351387803414 0.5526981989435833 0.7322514635162634 0.5510231996561993 0.7330071063596506 0.5390317083333492
3 0.7374031611801684 0.6031525039505258 0.7390549594298363 0.5897897247807058 0.7733189991406562 0.5940246796462373 0.7716672472292885 0.6073874166799361
3 0.743748428728054 0.6378223530701344 0.7442846567533934 0.6243686650691437 0.7753370516869609 0.6256061559156181 0.7748008654083378 0.6390598036630477
3 0.7861841931568279 0.6704940167811367 0.787960277946695 0.6839142542332416 0.7553978577668659 0.6882230021113134 0.7536218234648686 0.6748028103070228
3 0.7922024198724102 0.6987409783007245 0.791652316474142 0.7097161258794906 0.758594006956173 0.7080593293116931 0.7591441471759026 0.6970842206552171
3 0.8168859649122807 0.5135789978070175 0.8585526315789473 0.5135789978070175 0.8585526315789473 0.5307017543859649 0.8168859649122807 0.5307017543859649
3 0.8644977889508709 0.6252924365356103 0.8709636916431691 0.6374294717513111 0.8433733267128218 0.6521261265018703 0.8369074671052203 0.639989128289487
3 0.877236674767687 0.6758871057614051 0.8808232199967279 0.6907399238304919 0.8509848485784914 0.6979439600223688 0.8473983585527094 0.6830911896929892
3 0.8769024973187243 0.7076911878490626 0.8829713706493294 0.7198037865389341 0.8533009279211683 0.7346673877856479 0.8472321063597974 0.7225548333333112
0 0.5094001771823287 0.6081734473813185 0.5068721464804185 0.6256018782839189 0.4667188621851892 0.6197781353684136 0.46924694736844685 0.6023497708333603
3 0.6920256919846679 0.8762829750741454 0.674442590229205 0.8837801376543118 0.6634493373938994 0.8580034504367574 0.6810323245614427 0.8505063157894781
3 0.6290287907640959 0.8640383949580003 0.6437422653509657 0.8605420679824481 0.6508553340640901 0.8904688002387884 0.6361418644133892 0.8939651128340164
3 0.6089288805349042 0.014797691663476423 0.5960316791486093 0.05449120665915174 0.5781332660844782 0.04867566120446042 0.5910304692625914 0.008982150207743218
3 0.6046205504385398 0.8705673070175589 0.62119254114657 0.8625324434674554 0.6357025507402341 0.8924524741158484 0.6191305830733427 0.900487301742004
3 0.6026795533567793 0.013140146791855116 0.6221630165831584 0.01587836731207693 0.61600594418735 0.059688225913958115 0.5965224811255894 0.05695000605134415
3 0.6148892146956086 0.011287986396732836 0.6352197830964315 0.008430712690951398 0.6410283418560994 0.04976076614932136 0.620697773515758 0.05261803928753391
3 0.6408635246986023 0.012586052287830078 0.6584350399064078 0.01632099149861173 0.6495840420592458 0.05796166658962181 0.6320125271406596 0.054226728251468265
3 0.6561018116769901 0.013609642979422734 0.6779401391254396 0.021129179359271572 0.6659827107941965 0.05585607317903845 0.6441443841423506 0.048336538292623014
3 0.6756955995474527 0.012312212484828068 0.6959140655055762 0.01587727208204219 0.6886666460657125 0.0569794336218332 0.6684481803711151 0.05341437482942934
3 0.6868695822369091 0.017058303728068047 0.7072368420964494 0.015634086497472784 0.7098113701267721 0.052451550484141025 0.6894441103032705 0.05387576743695509
3 0.735466096385835 0.013919583530192792 0.7233677122613926 0.05907138073514401 0.7043631819150278 0.053979133058064746 0.7164615688470803 0.008827340946650428
3 0.7241639284145549 0.01577565751642058 0.7400619668368336 0.012396426359075563 0.7482187689696502 0.050771166428239096 0.7323207307362054 0.054150396876248064
3 0.7598513921459471 0.013957324375036021 0.7820295785995768 0.012253862073754023 0.7849866969141885 0.050753983239480105 0.7628085104703359 0.052457445213429654
3 0.7814659078946988 0.0449561403508733 0.7814659139733067 0.011541129174749778 0.8015350909026893 0.011541133405616476 0.8015350877193441 0.04495614168552727
0 0.7902279524394089 0.12220426894358641 0.8033829132755272 0.1463659848418741 0.7556388228513242 0.17236027125566222 0.7424838969299117 0.1481985855262867
3 0.8155550313958884 0.17098892907637495 0.8217356621887575 0.18897496532679287 0.7809595310769737 0.20298688772046855 0.7747789265350775 0.18500087390346603
3 0.7993368041894655 0.3920768264880834 0.7919654594297754 0.3744303432017108 0.8289582881875504 0.35897824537324713 0.8363296466651491 0.37662468763035545
3 0.7486072195511042 0.4378305789992599 0.7498233793152167 0.4535981098955032 0.7197791842105516 0.4559152532894947 0.7185630589762013 0.4401477547866426
3 0.7516575674314936 0.45287553109679896 0.7565151242195043 0.46644817839794434 0.7238323134084794 0.4781443035152416 0.7189747960526347 0.4645716896929386
3 0.7222851114654532 0.4982898447741212 0.7169195478768415 0.48528112070623586 0.7544360756579636 0.46980818092107135 0.7598016530346285 0.48281686593997253
3 0.41338408385490766 0.6819938740203175 0.4116092748419078 0.6969338310420657 0.36554310011626967 0.6914620046347878 0.3673179714564867 0.6765221203227069
3 0.5484256334216298 0.6678588414586365 0.5579599453755009 0.6914958344798176 0.5175736997878175 0.7077837027046116 0.5080395153801192 0.684146817919714
3 0.5561794447714874 0.6898691038041663 0.5683460897298573 0.7101329763386961 0.5194065404252797 0.7395120586878585 0.5072400405701956 0.7192483124999807
3 0.5243066852871152 0.7679680744316184 0.5181310805072599 0.7502586674276442 0.5550818903508343 0.7373754243421212 0.5612575333377663 0.7550847516748825
3 0.8570679339171647 0.565217489962156 0.8583114428441831 0.5821910680700038 0.8177127569123286 0.5851649900104345 0.8164693124999758 0.5681914725876842
0 0.23228042622633893 0.28941777641304567 0.22204622838637533 0.3039318819758389 0.16963811190703382 0.2669786637620112 0.1798722973215945 0.25246459863211507