1 0.8614367129405309 0.5363452199907974 0.8257620446954661 0.5419950946780985 0.8170437300630056 0.4869489430589839 0.8527180929261249 0.4812990930646648
1 0.8468603922693774 0.43794772456011094 0.8761486483529097 0.43435182296709784 0.8828786600957983 0.48916359980046126 0.8535904065541899 0.49275948731850383
1 0.26862911293130765 0.27957065366513945 0.3088847440706104 0.26817443289109044 0.3450986094668451 0.396090958781788 0.304843009482056 0.4074871003494543
1 0.36462698135960636 0.4010211776315857 0.3825529073094458 0.3984255728421116 0.39103175013735836 0.4569794875713637 0.37310582633176637 0.45957508227123317
1 0.38311003066587546 0.39671680446688073 0.35631519310447857 0.3891632511975152 0.3789425030880693 0.3089007786813052 0.4057371130326146 0.31645429779445255
1 0.39383995582011266 0.27414791930194243 0.4182823030705549 0.27570739121872906 0.4132467589159887 0.3546296414667544 0.38880441228070595 0.3530701754385965
1 0.579081817573865 0.26356784700107694 0.6090618384761228 0.2709849428141028 0.5970959614952562 0.3193499855637682 0.5671159467555071 0.3119329062152114
1 0.6523553924408816 0.26489646142330675 0.64723356138893 0.31839010472343937 0.6131298510841816 0.3151248187128987 0.6182517541819834 0.2616312571138197
1 0.6530413201754754 0.26269723793859573 0.6870276455790645 0.2527240948445022 0.7029121304204864 0.3068537401612266 0.6689258149715442 0.31682685882403966
1 0.703795212354521 0.2626612650651284 0.7389522761855005 0.2610492368036831 0.7416624953139035 0.3201555193046774 0.7065054318214834 0.32176754331542556
1 0.7033676249999417 0.44250433991228205 0.7377614910901684 0.438208855452022 0.7440717637418857 0.4887318423887714 0.709677900423344 0.4930273112844768
1 0.726675731812179 0.47988607070167905 0.7622936076792257 0.47664792482014184 0.7672025620909153 0.5306397255663088 0.731584688100611 0.533877857925301
1 0.6718989936894104 0.5384596499321618 0.6392127653508624 0.5361842105263165 0.6436586896058998 0.47232725478234033 0.6763445975072955 0.4746026830038654
1 0.6162593755544776 0.4277543689138289 0.6460040355424326 0.429379486505744 0.6427755409744123 0.4884672161412513 0.6130308815788794 0.4868421052631553
1 0.5880073289473557 0.48150295175438684 0.6215016505619815 0.4765100837367061 0.629864671894893 0.5326085634584965 0.5963703550665969 0.5376014094798355
1 0.5629010898005617 0.4933749836692692 0.5262701110904118 0.49758239721663516 0.5174259312562981 0.42058566367788064 0.5540565141453726 0.4163782732541781
1 0.5219298245614035 0.6478894243421052 0.5548245614035088 0.6478894243421052 0.5548245614035088 0.7050438596491229 0.5219298245614035 0.7050438596491229
1 0.6396310943633807 0.7149160460956583 0.6062442127192753 0.7041950493420993 0.6236217607008712 0.6500872220983646 0.65700827619753 0.6608081553221864
1 0.6896931348536555 0.7068113706140351 0.6616158231389591 0.7068113706140351 0.6616159901315086 0.6517189100877192 0.6896929818606168 0.6517189100877192
1 0.7062128522798048 0.6517072300892751 0.7404558239076096 0.6525152058062494 0.739032570206632 0.712825977867472 0.7047895987798256 0.7120180072314647
1 0.7475426479568341 0.6532674297523791 0.782607689693009 0.6485099923245637 0.7905546043457434 0.7070752282048217 0.7554895683992982 0.7118326364300462
1 0.08350027362064338 0.8360871710148713 0.050231932763153964 0.8237243727657555 0.06974226864031152 0.771233268640345 0.1030101964250889 0.7835959818089518
1 0.23149050219308265 0.7516089331140318 0.2664705184047307 0.7489305396329244 0.2710854767044566 0.8091912200196478 0.23610546268002963 0.8118695941804616
1 0.24127447450621275 0.7116217368300164 0.19756978394775615 0.7126296645162189 0.19534672807014886 0.6162280701754397 0.23905055846455525 0.6152201524740865
1 0.30108913248341196 0.7037868133931837 0.264375231674876 0.7128479504803824 0.24579330811400268 0.6375669802631575 0.2825066470651336 0.6285059161184254
1 0.33255146578721906 0.7604763552154922 0.2990194204958243 0.772301118130684 0.27997424407510607 0.7183023663574047 0.3135058903509389 0.7064776809210493
1 0.3115772994956387 0.6506949430532311 0.3454133980263805 0.6489196041666637 0.34873210070134064 0.7121618198252031 0.3148960030011949 0.7139371470031236
1 0.35421560945133024 0.6585791418741971 0.3886604115126602 0.6522668651283352 0.39912663121390324 0.7093709361995164 0.3646818392377327 0.7156831747490559
1 0.8887023453947904 0.6545726940789456 0.9180300201938962 0.6495365470389918 0.9275335992203964 0.7048723961643445 0.8982059316728055 0.7099085138961096
1 0.8880198447801604 0.4187275715648313 0.9276315789473983 0.4171569868421053 0.9304417002757646 0.4880267903759097 0.8908299666011317 0.489597367362595
1 0.8783496339273142 0.4696017421799926 0.9131488301536592 0.4783926979875721 0.8962343410818221 0.5453439130452287 0.8614351625923291 0.5365530043824429
1 0.2451199006710567 0.4783837927677293 0.19740341026385977 0.4531309266236667 0.2668720370313622 0.32187452380133474 0.31458780099035266 0.34712715220470947