0 0.9010058675112305 0.945129827284883 0.9027284638157198 0.941355391447399 0.9128265732063028 0.9459627609596327 0.9111039840023523 0.9497371907628624
3 0.2510964882286544 0.9012511768715293 0.25306011395207406 0.9031844722518092 0.24834544019779514 0.9079719151890666 0.2463818162516418 0.9060386215983711
3 0.19737962313365642 0.8395603547474474 0.20011113684699922 0.8403151489737424 0.1980055729260357 0.8479332932710202 0.19527405951748733 0.8471784998115183
3 0.19350929245536008 0.8340483130920207 0.19583554556948002 0.8364720511319553 0.18985411623259552 0.8422116711625683 0.18752786572633795 0.839787935687227
3 0.1864035065993903 0.8292811354392934 0.18805098725863445 0.8313426568029667 0.18320709811393954 0.8352128687869789 0.18155961920660957 0.833151349043483
3 0.18376859898160092 0.8251085481223847 0.18641525378359347 0.8273176884366156 0.1808767713589532 0.833951659894976 0.17823011877305817 0.8317425219924892
3 0.1787280672824636 0.833069643787123 0.18075254784514527 0.8352688951977991 0.1753735191476835 0.8402194025469043 0.17334904070105495 0.8380201531853223
3 0.18092105391883706 0.8432017543859649 0.17853412014653713 0.8432017543859649 0.17853412381009548 0.8350433388157895 0.1809210526005245 0.8350433388157895
3 0.1864035045203991 0.8371173824351765 0.18841589696717165 0.8393071163470315 0.18249067294038923 0.8447512937978185 0.18047828282510636 0.8425615621425309
3 0.19227273068293016 0.8435996480948607 0.1943402987137688 0.845810671590201 0.18757499450555315 0.8521356422802122 0.18550742919080676 0.849924621429052
3 0.19881449080821767 0.8525557387539251 0.20173597843120206 0.8540961221646391 0.19841542573590232 0.8603924676259682 0.1954939390935806 0.8588520856458552
3 0.2324561421389717 0.8903508771929824 0.229708674095491 0.8903508771929824 0.22970867754918345 0.883278336622807 0.23245614033942275 0.883278336622807
3 0.2528041566971524 0.9020530332273091 0.25600295613276103 0.9031182446083593 0.25369193599181017 0.9100564383760655 0.25049313706142584 0.9089912280701845
3 0.23938214137604064 0.8790792399214054 0.24208712232177731 0.8795660784209722 0.2408475553856988 0.8864517503222292 0.23814257456149335 0.8859649122807093
3 0.25657894390292313 0.9054611168314061 0.2588705660436972 0.9065123088386194 0.25554061813568296 0.9137698399664681 0.25324899671056755 0.9127186491228159
3 0.2598684219220786 0.9133771929824562 0.25763307456134044 0.9133771929824562 0.25763307672673363 0.9084158815789471 0.2598684210097417 0.9084158815789471
3 0.26185542277187324 0.9107357321063662 0.2647963634140069 0.9113908537655906 0.26323054130557466 0.9184182788969081 0.26028960087717223 0.9177631578947418
3 0.16900629505084908 0.8598467405471238 0.16673826381111212 0.8587200059665444 0.17025516075125324 0.8516423451496125 0.17252318807982192 0.8527690785699692
3 0.17591956364265116 0.8538055957619599 0.17808808997176584 0.8558136711601959 0.172397173367699 0.861957928516447 0.17022864916327762 0.8599498553153824
3 0.17872866306959168 0.868785816377707 0.17626825756042308 0.8672384764351175 0.18000993794908027 0.8612902391976117 0.18247034001444717 0.8628375777074383
3 0.18520458504235648 0.8628479062765517 0.18692315738155685 0.8650830509862732 0.18090848011888738 0.8697065942582448 0.17918991022486352 0.8674714517853123
3 0.22149122929420173 0.9046052631578947 0.21853697258768534 0.9046052631578947 0.21853697503570402 0.9000875690789474 0.22149122807024924 0.9000875690789474
3 0.22478069958322067 0.9042731032768991 0.2267677539016404 0.9060909171441596 0.22295896640616775 0.9102532611799607 0.22097191345028477 0.9084354487299215
3 0.2308979732544003 0.9071218861145985 0.23342949780453637 0.9080357296347051 0.23081881020186756 0.9152660152530618 0.2282872861431997 0.9143521727080893
3 0.21597471658071754 0.857662165717894 0.21801867790770757 0.8600251653673655 0.21301370342121118 0.8643534169967944 0.21096974425756798 0.8619904193972588
3 0.24671052300107021 0.8857543286360129 0.2488459849314495 0.8880740771617361 0.24374389847889688 0.8927697065082023 0.24160843879872118 0.8904499601615941
3 0.23753637061406607 0.9232456141273122 0.23753637415916273 0.9173305317070565 0.24013158034063053 0.9173305337661358 0.24013157894739834 0.923245614035122
3 0.22258771660165166 0.8252060892289559 0.22452107303638513 0.827268326850071 0.21975048070942194 0.831739839711638 0.21781712601955405 0.8296776037917503
3 0.19736841862970778 0.8123955516997925 0.19968257296818592 0.8143327574216093 0.19561392605646688 0.8191921093851817 0.19329977312168012 0.8172549051890109
3 0.19125249253761467 0.8159126435277256 0.18950072401730722 0.813894082700461 0.19491486903984878 0.8091964682241812 0.19666663634143333 0.8112150272618558
3 0.19740759854619228 0.8007735545966831 0.19970086749401617 0.8011968614135411 0.1983456460357047 0.8085373415172111 0.19605237719304114 0.8081140350877205
3 0.20216004867586435 0.8041468978263431 0.20455295013039176 0.8062577537545659 0.1991158569428535 0.812420104677197 0.19672295750649482 0.8103092508844867
3 0.20504385706408357 0.80741342158933 0.20723125503741358 0.8097427998426542 0.20278049266414655 0.8139214400935725 0.20059309649104762 0.8115920635964884
3 0.20723684307586154 0.8167054046052632 0.2050337835337359 0.8167054046052632 0.20503378638557024 0.8097141578947368 0.207236842105317 0.8097141578947368
3 0.20942982608607963 0.8201754385964912 0.20680885391914217 0.8201754385964912 0.20680885614410727 0.8144385877192982 0.20942982456142545 0.8144385877192982
3 0.21379962541072928 0.8156289725549786 0.2162869285727993 0.8172905716259719 0.21190378316907754 0.8238505053563693 0.20941648132929913 0.8221889079220299
3 0.21735062716504672 0.8193692476567709 0.21962846278279358 0.8217310606596866 0.21400987997492393 0.8271487461984058 0.21173204670333234 0.8247869355071772
3 0.2182017526507707 0.8245515592578243 0.22033730370105786 0.8271922299713534 0.2164977293737138 0.8302967029362409 0.21436218009455388 0.8276560338662182
3 0.2796053412017727 0.8761040944596404 0.2826541500737676 0.877581328950665 0.27872415034300957 0.8856903914440647 0.27567534261845594 0.8842131587393286
3 0.2489615763644224 0.8877281719182026 0.25157833466460033 0.8890729752447379 0.24853921581677696 0.8949851529901249 0.24592245833332527 0.8936403508772094
3 0.25976286519983205 0.8790135879637588 0.25726072165957703 0.8781867656599642 0.25953000803053783 0.8713210249743207 0.26203214711642886 0.872147846480435
3 0.26458592934386616 0.872100048952628 0.26738945165288897 0.874219389227865 0.2622445634968926 0.8810235958143705 0.25944104328834783 0.8789042579524711
3 0.26973683831647577 0.8781488809800908 0.2717701547010165 0.8802356140506584 0.2664649107397281 0.8854038258070861 0.2644315964522548 0.8833170948120153
3 0.26957174091398883 0.8902451543835693 0.2673868797752448 0.8888345557491063 0.27162125219297195 0.882277555921037 0.273806109899283 0.8836881530678111
3 0.272973164710379 0.884232928197365 0.2757881373768214 0.8849965985780397 0.2738304712685249 0.8922110380292729 0.27101549890358 0.8914473684210598
3 0.274841211544981 0.8958333335198604 0.27484121517989024 0.8886232978193828 0.27741228181662336 0.888623300153814 0.27741228070181023 0.8958333333333613
3 0.26456614673679724 0.9029389721398172 0.26675265321910047 0.9043542504983723 0.26335990688096445 0.9095944955044805 0.2611734013637488 0.908179218365561
3 0.26098088390403973 0.8985186549425522 0.26361677830095687 0.9000678436598367 0.2600386224488602 0.9061544503720109 0.25740272916664253 0.9046052631578676
3 0.25428023506401587 0.8914591437234893 0.2569789958332649 0.8924105019490742 0.25411689816098715 0.9005275599009949 0.2514181379436877 0.8995762027931746
3 0.25430602156973237 0.8902207852215618 0.2562473882295535 0.8924086167603651 0.2501993207184796 0.8977740447464961 0.24825795657943672 0.895586215616145
3 0.23730257531178722 0.9129621596999851 0.23953854744740966 0.9145493407671795 0.23535120653627928 0.9204468285873262 0.23311523574557214 0.9188596491228052
3 0.24232456212735087 0.9232456140350878 0.2402470164473698 0.9232456140350878 0.24024701789528535 0.9195239418859649 0.24232456140350678 0.9195239418859649
3 0.2061403484389075 0.821220230419743 0.20791796928290296 0.8227048715195294 0.20389408557684874 0.8275218313802291 0.20211646580833076 0.8260371914505953
0 0.09653999606939578 0.17142672745967355 0.09910835318396494 0.1686287100421677 0.10633859621907504 0.17526543720143464 0.10377023985461165 0.17806345389396377
3 0.18975436954497127 0.9811674228125372 0.19213921710525028 0.9791198563596214 0.19670312509367704 0.9844339833188418 0.19431827953599168 0.9864815476244708
3 0.01905429051100782 0.9787494194789483 0.016039367159919493 0.9803597339897939 0.012426753310933236 0.9735979497340282 0.015441671052599304 0.971987637061408
3 0.018562881846719392 0.9529367150696786 0.02170471417571207 0.954489710743161 0.017834364395071134 0.9623175457314492 0.014692533356878812 0.9607645520363525
3 0.12668263097350518 0.870551257638056 0.12889347160330544 0.8671827009430993 0.13765780517098847 0.872933549961503 0.13544696984990878 0.8763021019678459
3 0.058424255827958405 0.8140031895549994 0.05565700508554983 0.8153601338357022 0.051836244378819174 0.807569917606432 0.05460349013162613 0.8062129747807015
3 0.03751223149117777 0.8436822245068798 0.036062041947729995 0.846749636518771 0.03111749855884227 0.8444124953806896 0.03256768859648673 0.8413450855262927
0 0.23256913259081102 0.5414659527020607 0.23072491543712204 0.5451158542182455 0.22150050932600607 0.5404553709932618 0.22334472697366436 0.5368054725877055
0 0.2697016401881456 0.5851564675426375 0.27195864575037376 0.5810820672154825 0.2796692807015688 0.5853529132261532 0.2774122788545128 0.5894273103522429
3 0.16051822507586166 0.48903508817040486 0.16051822718702624 0.480808726784134 0.16337719335626844 0.48080872807012576 0.1633771929824661 0.48903508771925736
0 0.14953984882708937 0.30892639791887017 0.14667493184924751 0.3108782506730314 0.14162391699153432 0.30346461399740216 0.14448883223690245 0.3015127620613793
1 0.9168215888876148 0.9491256725744818 0.8403384450442672 0.8920858434797366 0.9115217214912263 0.796662949561431 0.9880032116294615 0.8537018628245613
3 0.2445175457021378 0.9385964912280701 0.24099169846488167 0.9385964912280701 0.24099170261092695 0.932445711622807 0.24451754366657497 0.932445711622807
1 0.8472881179371825 0.8796472492110541 0.7701403442017636 0.8253476246375823 0.8417620515350563 0.7236116480263224 0.9189081552345897 0.7779104345021433
1 0.8003129408596124 0.8089909970401357 0.7087136769093831 0.7820848662874312 0.7446481469297623 0.6597763717105198 0.8362449442231537 0.6866821139821094
1 0.7270421080065717 0.7349838185283072 0.6352340303412802 0.7099007216420319 0.6677057390351138 0.5910714857456075 0.7595116368098616 0.6161542655113276
1 0.6397199533057574 0.669849766042194 0.555945049803654 0.6294255543868281 0.6112672324561572 0.5147916513157836 0.6950404940319004 0.5552153901749579
1 0.5352406502192935 0.6007717390351242 0.4735828945367757 0.5313896608596769 0.5688408333332973 0.4467444802631428 0.6304980886469593 0.5161258614414301
1 0.45907149505262623 0.5318580721159152 0.4001281815380935 0.4573387031910618 0.5000098212719877 0.37833998026319293 0.5589527981046558 0.4528586702685712
1 0.40400350933384743 0.4632964657050304 0.33116782870501993 0.40340113505557806 0.40727145175435453 0.310860618421029 0.48010647839021203 0.370755512837919
1 0.3398181725764289 0.23745728181819004 0.4149492987270378 0.2933799938650729 0.33770698600858395 0.39715014808204535 0.26257617594933436 0.3412277942638593
1 0.24671311021290876 0.3217083582006919 0.18229420316856704 0.2529324167638174 0.27363375889785857 0.16738117782970627 0.33805240680817406 0.2361568053838532
1 0.165866336331419 0.10678602746168622 0.2532917890112003 0.1377571125697968 0.21430478893739746 0.24780889541617807 0.12687938765850504 0.21683791017736617
0 0.2028305725352766 0.9845352394177571 0.1995091345753508 0.987202087528117 0.19308269027158076 0.9792005907204109 0.19640412171054322 0.9765337467105317
3 0.23974332856346336 0.930556096106479 0.24274971906800147 0.9313374667105403 0.24104043677198206 0.9379123304897595 0.2380340465512063 0.9371309606411737
3 0.24783692719518058 0.9202149279567399 0.2503296945378679 0.921925172988282 0.24465967864421145 0.9301873484472695 0.24216691328604156 0.928477105831159
3 0.19691110205178575 0.87674115589327 0.19974357050421077 0.8779531998595347 0.19720362792963897 0.8838874815138296 0.19437116008771227 0.8826754385965054
3 0.24768031578946648 0.9309210531838101 0.24768032018414488 0.922607787424451 0.2500000016722197 0.9226077895942434 0.25 0.9309210526315759
3 0.2527257512589358 0.9285352787307777 0.2550020330025973 0.9297421623943674 0.2517654380685599 0.9358450311052742 0.24948915713946462 0.9346381486253482
3 0.1664946940371692 0.8580176229031281 0.16926752064364337 0.8597629819940811 0.16521849889784335 0.8661941471812775 0.16244567364446993 0.8644487898320531
3 0.17148724055846287 0.8621556147243317 0.17361030711731473 0.8647259506324332 0.16737453048085627 0.8698754469984469 0.16525146685899017 0.8673051138324147
3 0.17214912044312314 0.8658192821613624 0.17435911645304714 0.8675300261155774 0.17075764395781334 0.8721814564380121 0.1685476491228428 0.8704707138158023
3 0.17451736066823287 0.8667887766550096 0.17722170181923502 0.8676908131497021 0.17468349383022996 0.8752987045388844 0.17197915313124668 0.874396669004247
3 0.1783788348145663 0.8703170453481293 0.1811946202681156 0.8720629198122566 0.1774134081373404 0.8781599231939426 0.17459762396663336 0.8764140503977443
3 0.1809118568210124 0.8724077290960414 0.18390799358633103 0.8736441986290112 0.18086891005384587 0.8810065951353656 0.17787277403112967 0.8797701269178181
3 0.18515849844095555 0.8753964618307764 0.18743913916114252 0.8761288036555938 0.18510122042289368 0.8834077796714184 0.1828205800438809 0.8826754385964999
3 0.1889234837924505 0.8778821735943049 0.19076674474717947 0.8800726588832188 0.1841065141411491 0.8856758136976779 0.1822632559134263 0.8834853309694156
3 0.18830626691988073 0.8809159739236236 0.191159181343437 0.8817839956315958 0.1886477963445259 0.890036159208904 0.18579488235832287 0.8891681385109839
3 0.23857388285318848 0.9273859992801934 0.24100989414591822 0.9293282309644697 0.23688622114866575 0.9344989115631864 0.23445021148961587 0.9325566817000812
3 0.19256351178728437 0.8844905869922828 0.19583704579076766 0.8854552239310766 0.1935361921122194 0.8932613858782666 0.19026265855632118 0.8922967500025003
3 0.1975682714961522 0.8868007135110589 0.19995346806024372 0.8891339104548875 0.19359562970441857 0.8956318698397553 0.1912104359926161 0.8932986757745668
3 0.20071889136409027 0.8897548274053754 0.2030505045265727 0.8915788496472206 0.19866836773826435 0.8971790891107949 0.19633675614261392 0.8953550686339239
3 0.20303203998378194 0.903306913198584 0.20138262521106753 0.9018448483327455 0.2061403508772628 0.8964787916667004 0.20778976376584524 0.8979408550932695
3 0.2072368428750906 0.9035087719298246 0.20517878070177176 0.9035087719298246 0.2051787822414326 0.8994255888157894 0.20723684210520332 0.8994255888157894
0 0.21156170360836768 0.9027399647986674 0.2139121369480108 0.9042341083716853 0.2098336352237311 0.9106483818235694 0.20748320311088264 0.9091542398191175
3 0.21381578616194474 0.9047834125347836 0.2163628489339544 0.9062746144937736 0.21268288277121883 0.9125586361662621 0.2101358211095885 0.9110674357105055
3 0.2171052598675942 0.9076723726890951 0.2193327891213812 0.9092368286498063 0.21534393459080547 0.9149148664244052 0.21311640659200748 0.9133504119705486
3 0.22043723337537813 0.9086594166172907 0.22272030255260233 0.9097631301103022 0.21990877577854917 0.915577396713251 0.2176257072368344 0.9144736842105033
3 0.22226631688397447 0.9121881916151386 0.22483914995177656 0.9128225263092385 0.22346428573723642 0.9183974920809638 0.22089145285087852 0.9177631578947391
3 0.20295761295471948 0.8164354083165278 0.20527063085285135 0.8176869557121023 0.20152825182424294 0.8246019275802366 0.19921523478490144 0.8233503814144514
3 0.27026174120487667 0.8304492472550847 0.2730641078745748 0.8318437388137951 0.269516889709962 0.8389707069055125 0.26671452396578843 0.8375762167582838
3 0.9173328261738334 0.9528252277481104 0.9156265993123043 0.9556993533164791 0.9095247666682553 0.9520779932239104 0.9112309934210998 0.9492038706140209
3 0.405793407465012 0.9658563106086185 0.40803767763156884 0.9642846030701642 0.41218964539530134 0.9702115843217713 0.40994537662413677 0.9717832901827601
3 0.39333543573366114 0.9747807022145691 0.3933354365432251 0.969794931442845 0.394736842105317 0.9697949320174929 0.39473684233053064 0.9747807017543721
3 0.39513176206139633 0.9659033640350968 0.3977447200398956 0.9647936647418967 0.4007603017606698 0.9718922908508062 0.39814734451283584 0.9730019888808824
3 0.3986413694805151 0.9682017549221615 0.3986413707675638 0.9623785079574523 0.4002192982455881 0.9623785087719696 0.4002192983095938 0.9682017543859177
3 0.4049249419681473 0.9636169760249967 0.4027547339819648 0.964966663421917 0.3993349530388741 0.9594694284411249 0.40150515789480323 0.9581197423245505
3 0.40679824752942295 0.9616228070175439 0.403987750944907 0.9616228070175439 0.40398775371136253 0.955920870614035 0.4067982456140271 0.955920870614035
3 0.3969298268211787 0.9901315789473685 0.3941137900035301 0.9901315789473685 0.3941137930618197 0.9838518958333333 0.39692982456142545 0.9838518958333333
3 0.3969890279033734 0.9792824755488514 0.4001700565285091 0.9791041076760186 0.4006629627081111 0.9878920569614331 0.3974819341026432 0.9880704245990904
3 0.3992435504385412 0.9813596496945525 0.39924355353718965 0.9747807002969012 0.4013157905416165 0.9747807017544368 0.4013157894736423 0.981359649122815
3 0.4004730271169592 0.9723472625616797 0.4032176385301227 0.970939278093936 0.4059580629023003 0.9762796988583995 0.40321345233144257 0.9776876820718645
3 0.4051119024122727 0.9747807021689097 0.4051119050135412 0.967923122607285 0.40679824650430874 0.9679231239035211 0.4067982456140271 0.9747807017543337
3 0.40949225056999694 0.9593683609312804 0.4122162034553867 0.9591109218300735 0.4127603551598895 0.9648669489917636 0.4100364023053089 0.9651243878748691
3 0.38732697353327694 0.9813787546035593 0.3896485537280796 0.979633745614021 0.3937608499970793 0.9851031841945768 0.39143927135501144 0.9868481913954763
3 0.41579541672513187 0.960454334485416 0.4131657935383828 0.9612946941185503 0.41141761664789556 0.9558258863409662 0.41404723574555646 0.9549855274122955
3 0.40637044627101204 0.9531325674484572 0.40863326789553867 0.9521624412650976 0.41099487210033203 0.9576693598005435 0.4087320509690926 0.9586394851378631
3 0.3628897419973782 0.9927452016788626 0.3686324954652491 0.9940706189396449 0.36797017432127177 0.9969394517571373 0.3622274210525802 0.9956140350877202
3 0.3670699824562007 0.9868421052631299 0.36706998394731727 0.9850035074482517 0.3706140356002834 0.9850035099329659 0.37061403508766944 0.9868421067692513
3 0.3739035093702796 0.9835526315789473 0.37010316228065676 0.9835526315789473 0.37010316387443254 0.9810108651315791 0.373903508072317 0.9810108651315791
3 0.37280701673137173 0.9780701754385478 0.3728070175437779 0.9774068662280149 0.3782894739550784 0.9774068711047206 0.37828947368404897 0.9780701797736416
3 0.3745644978070004 0.9758771929824338 0.3745645000267359 0.9732362914478576 0.37828947444347705 0.9732362943856762 0.37828947368416266 0.9758771944598008
3 0.3775356846217619 0.9725877192813178 0.3775356874999716 0.9693636929824411 0.3815789483187473 0.9693636963628715 0.381578947368439 0.9725877207339981
3 0.38267543987444697 0.968201754385965 0.3791388300055587 0.968201754385965 0.37913883134126536 0.9656931820175437 0.3826754385964932 0.9656931820175437
3 0.38815789725788363 0.9649122807017544 0.3822071419685926 0.9649122807017544 0.3822071448511224 0.9618183640350878 0.388157894736878 0.9618183640350878
3 0.3904189700220968 0.9769553222428553 0.3930985416667454 0.9754980109648914 0.39659392957400996 0.9819231379015807 0.3939143590440608 0.9833804475891094
3 0.3848991013920795 0.9841586793947091 0.38729454779968364 0.982664786615395 0.39112212629765963 0.9888004647181305 0.3887266811434529 0.9902943558737791
3 0.3870614031884543 0.9561403506883093 0.3870614074282912 0.9528508756462393 0.3936403517072904 0.9528508835535635 0.3936403506144188 0.9561403554468171
3 0.226125864642313 0.5639840604452554 0.2284113041158662 0.5653651531744461 0.22510773020360375 0.5708313882056344 0.22282229130610176 0.5694502962388631
0 0.6571758260787419 0.7036526164665533 0.6551106930361357 0.7052647282457224 0.6523929603396255 0.7017838050960054 0.6544580921053011 0.7001716940789382
3 0.5625000013578756 0.7324561403508771 0.5606288098020968 0.7324561403508771 0.5606288114436211 0.7252371557017544 0.5625 0.7252371557017544
3 0.36568764174626267 0.9923254485998634 0.36681942434211123 0.988624674342054 0.3726337307019776 0.9904022924169219 0.37150195209187586 0.994103063275586
3 0.3967826308033864 0.9500803400959835 0.39577571462905325 0.9530190380645329 0.3909158575870606 0.9513543113362016 0.3919227748380081 0.9484156155530528
3 0.43104579991245373 0.9816151755641412 0.4284136624291932 0.9834277081691322 0.4232659180605651 0.9759543963794208 0.4258980504386045 0.9741418662280821
3 0.3193796012552639 0.3833175728448113 0.3171053353210027 0.38566593572297797 0.31135088529993027 0.38009330037692124 0.31362515021930903 0.37774493859653163
3 0.09044623076704283 0.9346340560876463 0.08829916078991573 0.9359764242962922 0.08438293563483512 0.9297142187722831 0.08653000219305795 0.9283718519736588
3 0.20111577660929925 0.9211498614603925 0.20253862719300741 0.9183671798245892 0.20824083264255933 0.921282098250035 0.2068179849821945 0.9240647773851856
3 0.22059140179908354 0.7965805560864293 0.22260303667587777 0.7976761018590345 0.21990425057629182 0.8026306327391689 0.2178926162280277 0.8015350877192936
3 0.2401822379551959 0.8047836330772001 0.24250855652269365 0.8066982180526128 0.23886445220296082 0.811125109940276 0.2365381348683968 0.8092105263157984
3 0.23095728550492822 0.5676328053215276 0.2342579932156923 0.5687471539796357 0.23162302208436358 0.576551177685094 0.22832231475319986 0.575436829826948
3 0.3859649136192047 0.992324561403509 0.3841114700859407 0.992324561403509 0.3841114716166203 0.9871910230263158 0.3859649122806559 0.9871910230263158
3 0.07460758631702902 0.1476091018814958 0.07249173838454226 0.15041197451897415 0.06659011059218756 0.14595695002433032 0.06870595833333937 0.14315407785084336
0 0.7607594342003949 0.8061977203220574 0.7643497291667245 0.8040180438596347 0.7696279027062474 0.8127103557588636 0.7660376098128836 0.8148900294867568
0 0.9237609956945789 0.966968617712178 0.9260129133772352 0.9634653508772028 0.9331372141786005 0.9680435830630302 0.930885301465878 0.9715468455246866
0 0.7864658658952521 0.8322827513328661 0.7828238104276579 0.8340019084214353 0.7783716983217346 0.8245720210487838 0.7820137456139946 0.8228528662280897
0 0.6098226285437249 0.9888096727558697 0.612740082332266 0.9898315804192024 0.6098795214863912 0.9979957709612063 0.6069620683550738 0.9969738646354873
0 0.47884358398334825 0.5081047048839357 0.4862169080917056 0.5107457296324802 0.48486827921715303 0.5145105881422949 0.4774949555192052 0.5118695642158988
0 0.5320243168166598 0.5901175096930962 0.5348182543859821 0.5861368333333105 0.5422676156860007 0.5913648007868427 0.5394736817601142 0.5953454738859383
3 0.5229857219351288 0.8982226655411472 0.5256747456140829 0.8952083311403125 0.5308320577873928 0.8998079295143641 0.528143037089194 0.9028222610619575
3 0.29146582221324024 0.9900320860591537 0.2935441951755138 0.9871312993420687 0.30014845527364287 0.991861745005121 0.29807008626801235 0.9947625281647133
3 0.3797028747769673 0.9901411519219767 0.38262607785088676 0.9888438125000207 0.38491889616273056 0.9940085118650829 0.3819956937530833 0.995305850179253
3 0.385008654111175 0.9597065366239511 0.3858073284332022 0.9571550218909215 0.39090665825744964 0.9587507650543493 0.390107986273847 0.9613022777955075
3 0.2889961790287998 0.9935680004053896 0.29063041995607364 0.9901716063596759 0.2953792412538405 0.9924559084692962 0.29374500350445487 0.9958522998072741
3 0.2653508772858686 0.8344298245614034 0.2649352543860459 0.8344298245614034 0.2649352545719239 0.8317874276315791 0.26535087719298645 0.8317874276315791
3 0.23424842214842556 0.8012509986588439 0.23713280981507978 0.8018941669340272 0.23567501193781482 0.8084305984671012 0.23279062444260035 0.8077874307200491
3 0.2816211563623483 0.8151041661959773 0.2840305867649704 0.8165405334409545 0.2804741601697742 0.8225050333048141 0.27806473069824733 0.8210686673037662
3 0.20712134347218125 0.7846407782729035 0.2094177546670153 0.7852964871609629 0.20803752397171138 0.7901293927033072 0.20574111293854003 0.7894736842105274
3 0.21356757258843118 0.7761400137112177 0.21651084979305324 0.7782243065548755 0.21129216089036618 0.7855923653006661 0.20834888555987163 0.7835080746953035
3 0.2148125274351287 0.7812402409711332 0.21765724194278846 0.7819209866118598 0.21621147748987823 0.7879614468898343 0.2133667631579783 0.7872807017543926
3 0.21852325363897762 0.7845130415403943 0.22079616212238307 0.7848972437246143 0.2197738615708431 0.7909439479836542 0.21750095315780982 0.7905597460821779
3 0.22315112418755234 0.7865879956880767 0.2252937722345223 0.7888803529136581 0.2194251128551059 0.7943646949995492 0.21728246708437382 0.7920723399906608
3 0.225458786773288 0.7891124704508885 0.22774326254739208 0.7910578672587595 0.22276600151019466 0.7969015353549138 0.22048152741228932 0.7949561403508774
3 0.22807017306502075 0.7934990455115549 0.2298881686359664 0.7955931668111735 0.22496513005808083 0.799866236303258 0.2231471362325692 0.7977721166599047
3 0.22840742868345387 0.8026315791877576 0.22840743066137748 0.7960882461100203 0.2302631583937682 0.7960882473492028 0.230263157894683 0.8026315789473961
3 0.23182732256464078 0.7977127783304715 0.23514271051772084 0.7983694257418943 0.2339510862750558 0.8043847170955352 0.23063569846488008 0.8037280701754437
3 0.2104063617734937 0.7878751828328182 0.21281712082350168 0.7884570813882591 0.211242096106389 0.7949810387193909 0.2088313372214543 0.7943991406349107
3 0.2758133566410379 0.8091502514793019 0.2782506487434375 0.8108762019158131 0.273548186477683 0.8175154223812627 0.27111089583331704 0.8157894736841967
3 0.21318111846721877 0.7972100035701821 0.21079548960960892 0.7951757273450486 0.21539617105258912 0.7897814714912218 0.21778179744001136 0.79181574597186
3 0.2182017510776859 0.7927075254401517 0.22076482465763547 0.795084944990923 0.21591381494931738 0.8003137594016039 0.21335074335911486 0.7979363419076942
3 0.22258771761869411 0.8014912337413639 0.22457107119339526 0.8038580299157512 0.22062221998339737 0.807166476982515 0.21863886800133514 0.8047996823017886
3 0.2267490129916041 0.8021589047425569 0.22909119681787615 0.8042953576016104 0.22395433135375242 0.8099257639228947 0.22161214944674157 0.8077893130627655
3 0.22847152818280847 0.8055395576355313 0.23054447579818316 0.8062368848464837 0.2285837883845261 0.812064268119088 0.22651084101937613 0.8113669414364016
3 0.23222850592856048 0.8074529136622083 0.23440624656268483 0.8084645389628887 0.23182111750907097 0.8140284700951655 0.2296433773511808 0.8130168455610177
3 0.24342105035054828 0.8073878205990459 0.24567262381469845 0.8091343590990939 0.24181176187300935 0.8141106426690619 0.23956018960882375 0.8123641055277743
3 0.24487896722519054 0.8093425599788205 0.2473228642752474 0.8104410827253723 0.24383611387952442 0.8181965354083098 0.24139221753068796 0.8170980138198579
3 0.2475218451869523 0.810080915945743 0.2507732674557701 0.8110573056603037 0.24839998653317252 0.8189588448555098 0.2451485646929541 0.8179824561403365
3 0.26706536818392124 0.839873712772153 0.2691738394320282 0.8417305794710054 0.26527644470036194 0.8461551109070824 0.26316797478068565 0.8442982456140687
3 0.2783799501688691 0.8119264331505796 0.2809568444466777 0.8139983462389273 0.2769684004769033 0.8189578763629846 0.27439150767543197 0.8168859649123018
3 0.2730768274981301 0.8054491289374178 0.27483409880619547 0.8072526331662839 0.2693202317329906 0.812624079187166 0.2675629621542157 0.8108205766690283
3 0.36357446770909974 0.923671574241804 0.36495878289474604 0.920132075657914 0.37090185392742114 0.9224558370430044 0.36951754248946145 0.9259953324508089
3 0.2275769680833264 0.7741228073861728 0.22757697142651523 0.7660451304127441 0.23026315869196878 0.7660451325915859 0.230263157894683 0.7741228070175796
3 0.3676919467635571 0.9184569317307003 0.37062198838714266 0.9162329560640966 0.3737422437045552 0.9203427713020702 0.3708122034834105 0.922566745361755
3 0.37039815432592604 0.9160690456915561 0.3716191962719222 0.9138017916667038 0.37720168502698925 0.9168075019859201 0.3759806454139607 0.9190747540040858
3 0.37497291264764954 0.910033212404069 0.37898540691230664 0.911767102269696 0.37754521365809524 0.915099090358849 0.3735327199060521 0.9133652013679513
3 0.3824531680354539 0.9075537527803836 0.3808619131593787 0.9112102387743574 0.37459312015687374 0.9084828246379666 0.37618437609648936 0.9048263421052367
3 0.3266569723575685 0.9375863500934728 0.3297666359649156 0.935026826754389 0.33445927495677097 0.9407265661225785 0.3313496138169967 0.9432860867575229
3 0.32150177521930345 0.932242426535087 0.3233121830970731 0.930565009758441 0.3286744173309444 0.9363508419566722 0.3268640112743242 0.9380282568501166
3 0.2285466534005991 0.7486135956169793 0.23136598104997574 0.7508458225448197 0.22568081462713963 0.7580250093353104 0.22286148907437564 0.7557927847529253
0 0.24122807285402814 0.7725249057017544 0.23758030707472244 0.7725249057017544 0.23758031276054226 0.7624388256578944 0.24122806994068924 0.7624388256578944
3 0.22375189438685084 0.7604351824105492 0.22633833514248636 0.7616930326982706 0.2239472867315726 0.7666087266810928 0.22136084649127952 0.7653508771930039
3 0.22771379415780757 0.7639228446952442 0.22974377686205116 0.7658857596073346 0.22482399096372774 0.7709727275696452 0.22279400985985376 0.769009814281015
3 0.2313596496695709 0.7763157894736842 0.2299249331140345 0.7763157894736842 0.2299249346126544 0.7702614495614035 0.2313596491219414 0.7702614495614035
3 0.2701717418082126 0.802844672691322 0.272554570307193 0.8057789409991386 0.26515897358638085 0.8117834794407355 0.2627761487880207 0.8088492145703818
3 0.2357456109901932 0.7715619754102985 0.2381761396317188 0.7728098968769 0.23460874935949505 0.7797566922447287 0.23217822149115364 0.7785087719298086
3 0.23793859815930318 0.7828947368421053 0.235049314222465 0.7828947368421053 0.235049318182746 0.7746775328947368 0.23793859648230864 0.7746775328947368
3 0.24123985925973557 0.7769697620376413 0.24431882659166604 0.7779073278401143 0.24126128783416334 0.7879464200009474 0.2381823210107541 0.7870088553713395
3 0.24394775447672146 0.7801482453864981 0.24637073689734734 0.7806963904379051 0.2450049811906183 0.7867323551728914 0.24258199890346077 0.7861842105263113
3 0.24779537207734847 0.7843540354987211 0.24994632922630444 0.7856654785418439 0.24604264207073356 0.792066880735365 0.24389168581899412 0.79075543887279
3 0.2501626618576438 0.7857070452205716 0.2530150027505442 0.7866142605815513 0.2504214939799567 0.7947668635496515 0.24756915350872077 0.7938596491228008
3 0.2539682791780251 0.7953554189666244 0.25116095771761593 0.7946543558923371 0.25257702302633334 0.788984989035093 0.25538434070415406 0.7896860516145493
3 0.2547490993147221 0.7924059622947061 0.25718754059528237 0.7930685795981944 0.25532023663038217 0.7999389598098039 0.2528817955729892 0.799276343078452
3 0.2594336485575468 0.7956640756604128 0.26195274896952014 0.7976646240582274 0.25768394452813936 0.8030388760839584 0.2551648456117164 0.8010383293575178
3 0.2673154287824673 0.8010699719486812 0.2691071793665287 0.802638505537679 0.26396729202770075 0.808508687301146 0.2621755428560846 0.8069401552122785
1 0.135028841836629 0.1622637393595484 0.06508551570198051 0.13796221605229086 0.09548239692981042 0.050476252192983385 0.1654255410347787 0.07477774156587533