3 0.5864432560717887 0.5703448089855576 0.5875400191845301 0.575794617646659 0.573495811403518 0.5786206896929411 0.5723990560907168 0.573170887861205
3 0.5868980546850935 0.5799132772692895 0.587966489035125 0.5855172412281212 0.5730410079722787 0.5883625769993823 0.5719725822368673 0.5827586206140506
3 0.36633663377187986 0.8862068969298338 0.37235273363398846 0.8850998617012064 0.37471439473688406 0.8979310339912209 0.36869829540614774 0.899038067257311
3 0.03826825419434954 0.15767632519310204 0.04798172149116908 0.16482758662278466 0.044667553484828204 0.169329141176964 0.03495408704043257 0.16217788074226291
3 0.06626047145061875 0.10758620671979004 0.07349972548809092 0.11087809030495786 0.06816842354112396 0.12260222714079917 0.060929169956125406 0.11931034429825954
3 0.019040365704768192 0.06689655064884151 0.011357620130411306 0.0787746573271316 0.006026318152635213 0.07532638217706511 0.01370906359647961 0.06344827631580717
3 0.9702970338374826 0.6531034495034148 0.9633529150164577 0.6513995149306414 0.9663993858267759 0.6389857232729321 0.9733434879385641 0.640689655701757
3 0.9261233840779823 0.706896552346659 0.9200039505603854 0.7049092175267735 0.9238120364145743 0.6931850811701031 0.9299314550438567 0.6951724133771978
3 0.7821782184618087 0.9496551722830993 0.7768420992705387 0.9469058970128011 0.7821734152936415 0.9365610736254645 0.7875095197367727 0.939310344298232
3 0.8575780657894256 0.8379310339912108 0.8529085507980199 0.8353532035755468 0.8597630995112695 0.8229394173362704 0.8644326010256691 0.8255172431260099
3 0.8867511043404193 0.7524390780020009 0.8926123377193562 0.7544827587719419 0.8878109652442845 0.7682505742488567 0.8819497335525739 0.7662068969298166
3 0.8827113475877013 0.7924137927631649 0.8779665788501916 0.7899190928787864 0.8855827463186188 0.7754363417839498 0.8903274998415327 0.7779310367904748
3 0.9111058234313987 0.9031144128965136 0.9025133278508974 0.8986206896930011 0.9099147708600412 0.8844718041071532 0.9185072357456647 0.8889655175438694
3 0.06854529811312204 0.9793103331434122 0.06854531578949263 0.9931034499313522 0.062452399122776114 0.9931034484648588 0.06245239407121517 0.9793103442982126
3 0.4501142423245614 0.9731034484649123 0.456968774122807 0.9731034484649123 0.456968774122807 0.9862068969298246 0.4501142423245614 0.9862068969298246
3 0.3503427269736842 0.9696551721491228 0.35795887280701755 0.9696551721491228 0.35795887280701755 0.9841379309210526 0.3503427269736842 0.9841379309210526
3 0.3655750186403509 0.9710344824561403 0.37166793640350876 0.9710344824561403 0.37166793640350876 0.9834482763157895 0.3655750186403509 0.9834482763157895
3 0.25971058662275937 0.9455172412280531 0.2597106063386718 0.9324137795766384 0.26656512529064 0.9324137927631344 0.26656511842099917 0.9455172415716734
3 0.2505712289539588 0.9310344805185042 0.2430383574409234 0.9318265477563714 0.24143183552632763 0.9165517236842098 0.2489646747533243 0.9157596581576506
3 0.2589489714912281 0.9179310339912281 0.264280274122807 0.9179310339912281 0.264280274122807 0.9296551721491227 0.2589489714912281 0.9296551721491227
3 0.28180365227933635 0.9199547627350154 0.28946426281981985 0.9210119767545838 0.287890327850846 0.932413792763155 0.2802297176604043 0.9313565804600945
3 0.45773038815787004 0.9386206807347707 0.4577304028150593 0.9517241381579492 0.45239909012650514 0.9517241370603405 0.45239908552628094 0.9386206896929455
3 0.44859102487919245 0.937241379385965 0.4424980844722768 0.937241379385965 0.4424980977563564 0.9227586206140351 0.4485910131579658 0.9227586206140351
3 0.4196496567982456 0.922068966008772 0.4265041885964912 0.922068966008772 0.4265041885964912 0.9365517236842106 0.4196496567982456 0.9365517236842106