3 0.18780525325485087 0.9625374133231009 0.19981961746350407 0.9598793998906209 0.2079827001822423 0.9967662712822174 0.19596834078379288 0.9994242697072163
0 0.43713661866331677 0.6912085695149032 0.44527718579081466 0.7077597277845527 0.3690887308247284 0.7452262442318265 0.3609483442983219 0.7286752401315736
0 0.44407886327178403 0.31789910987618974 0.44786072069507554 0.33504863281222536 0.36342289765320857 0.35366819073181244 0.35964112726651365 0.3365187430899043
0 0.43851225155060547 0.3412295604459708 0.4431590217931216 0.36308159006307056 0.3625532451935669 0.3802212796149768 0.3579065888158084 0.358369349780688
0 0.35990953753127997 0.4024080088316142 0.4334303563597359 0.3603985811403286 0.44507365131244114 0.38077466687391753 0.37155287531606973 0.4227840356117661
0 0.4341550839998263 0.3883880380414671 0.44373875585006317 0.4070545940212951 0.36740587936333213 0.44624267976363624 0.3578223267544445 0.42757622587721694
0 0.4451754178427336 0.438084535814032 0.4458170310759897 0.45453674300394953 0.3609299496532685 0.45784669897439423 0.36028843530698396 0.44139458662275793
0 0.44048010512483415 0.45153813145625754 0.44665368217442847 0.4685456935839283 0.3683589181144953 0.4969637237423011 0.36218546204440827 0.4799562643870179
0 0.44517537619856284 0.4888437784072633 0.44723318472927076 0.5072168450977833 0.3654973652140825 0.5163703134479801 0.36343968311405206 0.4979973618421255
0 0.44141017726985865 0.539691432695769 0.4451103887510044 0.5595277464987759 0.3619736561782929 0.5750340069935292 0.35827360635960304 0.5551978355262821
0 0.44407344707110497 0.5755390755259902 0.44487639193550876 0.5928845118916845 0.36408209963349236 0.5966238435785107 0.36327928535672527 0.5792785323262029
0 0.4418859257890517 0.6012404919504065 0.44295038048028346 0.6216862590256431 0.357781654401947 0.6261194077705241 0.35671737061409203 0.6056738037280694
0 0.43746034221976515 0.6246852319408907 0.43959459587949823 0.6433775083554845 0.35575944201764287 0.6529480615182176 0.3536253563596574 0.6342559385964506
0 0.4451753694851277 0.6527136522125007 0.4469177167491125 0.6720689864069707 0.36424241385407186 0.6795098483209615 0.362500242324586 0.6601546765351405
0 0.43523379933628803 0.6637552058654285 0.4446694071012871 0.6809598270705766 0.36606919985183595 0.7240602308616251 0.356633781798223 0.7068557730262843
0 0.610698959655906 0.13142537017343803 0.6029416369597129 0.15062023907093483 0.523209500769326 0.1183977783042691 0.5309668333333093 0.09920294407895876
0 0.6878664019718599 0.6672772201702418 0.6733938293419897 0.6814481851778115 0.6131999967104775 0.6199809396930105 0.6276724392721462 0.6058100975643063
0 0.5971340973941324 0.21054578676331895 0.5872660855089862 0.22854359953500428 0.5240736353046032 0.19389623199065253 0.5339416480263708 0.17589846162276102
0 0.6077227477952647 0.3573589762869973 0.5991642132516972 0.37297713493029017 0.5259079600260748 0.3328350644360714 0.5344664978069886 0.317216975877164
0 0.6166046844844004 0.4277785159256266 0.6143806587726885 0.4471035969989186 0.5320316541323109 0.4376267979488776 0.5342557708332833 0.4183018245614143
0 0.6212882667083477 0.5060200381019087 0.6112895481472833 0.5213178918902548 0.5376591131895339 0.4731962664736617 0.5476578114034965 0.4578985164473617
0 0.5341189649122953 0.49112769298249304 0.5480607922197578 0.4770202580895285 0.6065200019687609 0.5347886128301724 0.592578264965482 0.5488959572851254
0 0.612233657208435 0.6017507874716103 0.6078089836898926 0.618946050049396 0.5272542537488789 0.5982198002843249 0.5316790109649219 0.5810246710525832
0 0.610764994785086 0.6614750418730845 0.6029814446847013 0.678622419189092 0.5260631992439357 0.6437119746489849 0.5338467861841991 0.6265647445175917
0 0.6036036493553638 0.6936700392876148 0.5908470120455149 0.7126422474663702 0.5272358050325465 0.6698769367258682 0.5399924067983193 0.650904882675392
0 0.5246047489034709 0.703999866228033 0.5294893867152268 0.6864043844183869 0.6123893364157311 0.7094142150713003 0.6075048882885312 0.7270095348391274
0 0.6109405480532359 0.8122076646680193 0.5990755236294945 0.826560731181439 0.5347631268696205 0.7734067365718575 0.5466280635964722 0.7590538179824244
0 0.5323515232830687 0.790905140748711 0.6066841311694589 0.8270941099465471 0.5967391925655647 0.847516875141478 0.5224066517105257 0.811328008770874
0 0.6722950205532925 0.22983485110297489 0.663587914257846 0.2434833134632448 0.5955629577695163 0.20008702027144193 0.6042700570175157 0.18643859649121744
0 0.6953496731932773 0.5671411900298553 0.6877978986866538 0.5840807686969579 0.6094098881579839 0.5491380274122724 0.6169616962124564 0.5321985754487489
0 0.44056858307703806 0.29225417714816365 0.44419709077737934 0.31246985897137464 0.3597420882693996 0.32762801442223516 0.3561136732455452 0.30741241447373696
0 0.4299512454269916 0.24698624842164976 0.440024164659917 0.2609425747132226 0.3697053415789924 0.3116935874349058 0.3596324798488695 0.2977373129553684
0 0.44846488560472153 0.23833735911412363 0.45007922278125534 0.256020324849403 0.3653434867753731 0.2637557982087587 0.36372921162273997 0.2460728892543627
0 0.4517543349662674 0.20171470098844885 0.45485822340287996 0.21871194292409804 0.3647081248039967 0.2351739527962899 0.361604294956237 0.21817676206139738
0 0.17051669338025022 0.23063854572324394 0.10212493023948355 0.2803607630657585 0.0901887488387274 0.26394306023161107 0.15858043859645932 0.2142208815789413
0 0.1418469221164287 0.32829224343068464 0.15666160119872075 0.34274436472749326 0.09852469023257981 0.402337264366114 0.08371007789321538 0.38788521034412393
0 0.14578654158333393 0.38311609475824493 0.158451444948696 0.3978351356301342 0.09788865308132699 0.449943149125373 0.08522382894739167 0.4352241831140409
0 0.09233916777498052 0.5027547342995542 0.08145890165133096 0.4856219787133744 0.1498650855263577 0.44218313157892947 0.16074533837331728 0.4593157866815159
0 0.08634573177016591 0.5185923496243624 0.14213753289482156 0.4613353859648809 0.15788852543926168 0.4766822527260823 0.10209682059303304 0.5339391209002654
0 0.14375179620435574 0.5039030196759584 0.15426388711205163 0.5234092586869404 0.09750651949593703 0.5539935485608556 0.08699454672603224 0.5344874111347427
0 0.08958799999993516 0.5700679298245777 0.15174903682543572 0.5184753279450657 0.1652590006074206 0.5347513056758219 0.10309804647749843 0.5863438165112764
0 0.1588255347469385 0.5646011756999509 0.16286303989340922 0.5815517584359414 0.10093388926077296 0.5963011218771203 0.09689649451615878 0.5793506348684392
0 0.33771927515249445 0.16182265928170766 0.3402394150805321 0.18332964322221487 0.25740975555811474 0.1930352186141031 0.2548896688596187 0.1715282828947046
0 0.34198673342291386 0.23492279828993684 0.3471973508665087 0.25582459391400325 0.2610331813518769 0.27730389176335996 0.2558226480267649 0.2564021688596057
0 0.3382548400088581 0.2582397167532846 0.3447870397259294 0.2754329440325619 0.263996400336282 0.30612672544764097 0.2574642763157726 0.2889335624999849
0 0.3391902544956338 0.2763627126364127 0.3498137307616389 0.2915648774394281 0.27988225872775274 0.3404324040652205 0.269258850877236 0.3252303004386064
0 0.33917174366956715 0.30842543579121806 0.3480389065723557 0.32597671928464755 0.27122005879778044 0.3647852122572686 0.26235298684207464 0.34723400657893594
0 0.3467760720550359 0.3503091952342892 0.27078040499895906 0.3902819308765299 0.2625437620613411 0.37462299890350415 0.3385393075615184 0.3346503020688943
0 0.27163103666111965 0.42421660295749636 0.2605741699561577 0.41034896600874254 0.3268928095691308 0.3574745959976277 0.33794964217236156 0.3713421645287279
0 0.34231765949095916 0.3949610675152649 0.3503483649998316 0.41480280796801833 0.2730636702725633 0.4460809473942566 0.26503309025895305 0.42623931352555433
0 0.341812680705857 0.42561975164966337 0.3473058212283604 0.4442947958451558 0.2659422322838054 0.46822563336889117 0.26044921820141553 0.4495506973683743
0 0.34009208871623287 0.4471299293818374 0.34924427875841957 0.4662570614961465 0.2757217722628411 0.5014344203635337 0.2665697149122934 0.4823074013157676
0 0.3486676122904555 0.4761731071273563 0.3554510947642484 0.49182770978022566 0.27623128833170085 0.5261524959671064 0.2694479276315178 0.5104979967105177
0 0.34601225914627776 0.5095344699456681 0.3503081565559114 0.5293491420777348 0.2703856116289671 0.5466748693295989 0.26608986403493873 0.5268603278508575
0 0.34539466168246236 0.5721823287541375 0.34753139246811315 0.5931979729235495 0.2616307351083833 0.6019304711951629 0.25949418092113774 0.580914990131593
0 0.26501752090973696 0.6350281925532646 0.25868793855954664 0.6142998409071553 0.34093778746307635 0.5891868500524843 0.34726746256001206 0.6099150334535544
0 0.3420987839517693 0.6155449952990418 0.34962747945894534 0.6353416968833001 0.2690886653230109 0.6659664490000101 0.2615601666666407 0.6461699144736616
0 0.3423822215529526 0.6455229919147227 0.3492170192261028 0.6632882636791099 0.2714648649389346 0.6931972542309364 0.26463024561405746 0.6754321337719538
0 0.3385072095402393 0.7274949519709415 0.34461893614161454 0.7447279011231698 0.2683814274407723 0.7717607897081344 0.26226988862754297 0.7545279999879348
0 0.3297666577068412 0.7537499128640679 0.3377978514931783 0.7663246510430516 0.28323730423380766 0.8011646526020617 0.27520622039469345 0.7885900109649424
0 0.4341195359130552 0.09806228504670537 0.44432939247360537 0.11976094448522957 0.370272481711595 0.15460666332619694 0.3600626655702399 0.13290803837723933
0 0.6909973668286966 0.6385328127154971 0.6766923435628769 0.654775478083665 0.6116708461844382 0.5975172177093369 0.6259757708334064 0.5812746885964668
0 0.6980871723341124 0.6752713730285821 0.6931107911821073 0.6911030012985413 0.6115326306050974 0.6654636147151817 0.6165090866228411 0.6496321260965121
3 -0.0004598855699669002 0.6866733295622278 0.0015633087372179943 0.6752010459680197 0.020777446381998743 0.6785890696972755 0.01875427838865562 0.6900613300129809
3 0.9100382947385697 0.14664523371834015 0.8881540255903246 0.14078138736394807 0.9000974481725734 0.09620803480476224 0.9219816815651711 0.10207187606917552
3 -0.001401032254079837 0.37645408558822313 0.02481591949799622 0.36893682904475145 0.029060813027285803 0.38374055009205327 0.0028438640567856055 0.39125779991845855
3 -0.0010832026096068148 0.39564155510285454 0.022745637375464867 0.3887471128989826 0.02701350697441285 0.403497186081814 0.003184669678944374 0.410391621832789
3 0.028868265084383893 0.3515206014137642 0.03204141139701733 0.36887010382241886 0.002679625177620437 0.37423998783370416 -0.0004934886522960369 0.35689051410363865
3 0.0010112677435927253 0.492871024241933 -0.0005330260086111593 0.47828992622353234 0.02654421404531604 0.4754223470942968 0.028088533475170152 0.4900034158883569
3 0.030310723836350917 0.49705103064656964 0.028521474756871612 0.5115987067034037 -0.0005543242168641882 0.508022847468995 0.0012349527370361102 0.4934752041635163
3 0.028289248688111 0.5156743758059853 0.02723841400506899 0.5307014727525463 -0.00003879800090089702 0.5287941145608165 0.0010120668860054138 0.5137670504386026
3 0.001228835078791235 0.5322527827867775 0.02772664251074275 0.5341055259398512 0.026608314835470992 0.5500983547403022 0.00011050767545839335 0.5482456140350909
3 0.027947514893185144 0.5722253275143596 0.023370892385514708 0.5870954538542554 -0.002005089148838124 0.5792861661846794 0.0025715526315934767 0.5644160745613771
3 0.023809602895767057 0.5851835398907722 0.0260777296600736 0.5982710779032699 0.0012281358846166768 0.6025771132539504 -0.0010399571484640546 0.5894896051374031
3 0.0005075690789473684 0.6202490767543859 0.01864035087719298 0.6202490767543859 0.01864035087719298 0.6326754385964912 0.0005075690789473684 0.6326754385964912
3 0 0.6016097894736843 0.02631578947368421 0.6016097894736843 0.02631578947368421 0.6162280701754386 0 0.6162280701754386
3 0.8485915638809729 0.1309896640643571 0.8331172476227948 0.1293632534661352 0.8370789447308198 0.09167034518334637 0.8525532411796348 0.09329675472899238
3 0.860255809210571 0.10005507785086312 0.8757816993169172 0.09537897737803305 0.8861421569768027 0.1297783072503695 0.8706162680754232 0.13445440475582568
3 0.6390424030565782 0.9401628828172431 0.6516903378654888 0.9242764753483642 0.6895438078149709 0.954405260354552 0.6768959931281415 0.9702915568217855
0 0.6892076993997307 0.7234737546834635 0.6732036089520079 0.7366918516502062 0.6193871260904871 0.6715420335868519 0.6353910350876504 0.6583240570175518
3 0.16475302451476637 0.9335250018386729 0.15138547035917327 0.9292357885002329 0.1626810202968727 0.8940419380240372 0.17604844688469257 0.8983311292732794
0 0.5083317978903779 0.8830045438875866 0.5289691282247304 0.8874093892254862 0.5151370651485649 0.952198181706175 0.49449974763138016 0.947793377179399
0 0.7302011037924103 0.9227833561206027 0.7424389511223808 0.93186265975439 0.7197529897952109 0.9624323992400009 0.7075151853131274 0.9533531453026897
0 0.4162946714963027 0.9020099774662803 0.42261374079157576 0.9217853666147057 0.3425348509789501 0.9473667314128866 0.3362160570177366 0.9275915767544037
3 0.18962537883248842 0.9253760743369499 0.1764231787103654 0.9261783290280438 0.1745457532894079 0.8952894594298265 0.18774784042216197 0.894487208181117
3 0.19371551864037428 0.9243421099067135 0.19371558826549062 0.8951167705786933 0.20504388339440993 0.8951168118135193 0.20504385964909488 0.9243421052631026
3 0.21551342837892662 0.9002734426255399 0.22815190713322409 0.9028377876753964 0.22237700306720853 0.9312924048350987 0.20973852741224164 0.9287280701754405
0 0.7869565474526325 0.8943169863393826 0.799750915679283 0.9065472018282763 0.7741564651970521 0.9333154012339162 0.7613621589912327 0.9210852489035081
0 0.3428722155682635 0.9785007377685156 0.33849683743710557 0.992479094808319 0.3016114758704589 0.9809368484579387 0.3059868980262763 0.966958572368435
3 0.02529498626165605 0.424866195618365 0.027581265455523862 0.43742578668199467 0.002108933421027359 0.4420623309431441 -0.00017732143260218436 0.4295027613585205
3 0.024122793934452602 0.4062967409979485 0.027479554392130012 0.4164836198447002 0.003950284180518793 0.42423650230485865 0.0005935424967447034 0.41404963941740114
3 0.0017534239979113408 0.5529493065876536 0.023026315789479668 0.5511894934210481 0.024104053498376743 0.5642161226302511 0.002831161944982341 0.5659759338387967
3 -0.00014265406093727506 0.654316659231973 0.00040121455117514415 0.6427469098509819 0.023532618883223222 0.6438341235733782 0.02298877792895837 0.6554038463625013
3 0.0006374700416245105 0.33004385963923644 0.0006374923245857644 0.3164731414474164 0.024122813629446682 0.31647317551249016 0.024122807017533887 0.33004387799948126
3 0.030851667189949694 0.3095926474580182 0.003827544993328047 0.31889753994991155 -0.0015135279991227435 0.30338589244813324 0.025510556269864537 0.2940810070748709
3 0.02735546116991827 0.2853675824634027 0.02456368425509936 0.29950666458338426 -0.0006662132249175556 0.2945251043217618 0.002125575657942136 0.2803860383772157
3 0.02442763622127586 0.2826948421375592 -0.0008325497166197238 0.27720098283888056 0.002281807017538995 0.2628819024122855 0.027541963214957832 0.26837575835716265
0 0.69544348008219 0.742709477627817 0.6854447239672936 0.7583419023626438 0.6136098825118097 0.7124024219921263 0.6236086151316158 0.696770148026299
0 0.6886677990551107 0.7893038419426825 0.6789412858872765 0.8057091769354549 0.6049588527292826 0.7618538092808037 0.6146853574708757 0.7454486443325911
0 0.6928262217769543 0.8257124692158093 0.6819091689953893 0.8408065503842848 0.6131815175665452 0.791107899387742 0.6240985142543423 0.776013979166664
0 0.7001912259487426 0.8450268555573786 0.69531971854326 0.860830639477101 0.6169131676049346 0.8366667906715362 0.6217847664473766 0.8208631754385808
0 0.8347970179387403 0.4171477432980365 0.8455894283456473 0.4351015083925591 0.7742970463533538 0.4779541563006622 0.7635047532894532 0.46000049342107996
0 0.9150253880226273 0.2714013850594709 0.9311612236571136 0.2855036724290615 0.8754729632101999 0.3492202658375352 0.8593371809211021 0.33511803508773985
0 0.934032369704255 0.32427934321940816 0.9379651892368202 0.3437088720726201 0.8553945783128256 0.3604215529830531 0.8514618563597196 0.34099210964913296
0 0.9238399193550322 0.3303702141244896 0.938457936978125 0.34508567217619673 0.8800813248983559 0.4030732923870973 0.8654633754296128 0.38835790221440103
0 0.9061350942222361 0.4766635574418918 0.9176814464083236 0.4908924945050305 0.8538989279051066 0.5426458502418532 0.8423526737568636 0.52841700420722
0 0.9258069322929714 0.531047611029398 0.937732971696164 0.551499921977558 0.8634773772873814 0.5947949921467579 0.8515515120614054 0.574342832236857
0 0.8513685427633391 0.598518411184195 0.928292257416615 0.568287655886611 0.9354019969174487 0.5863768930865351 0.8584783109754426 0.6166075952941296
0 0.9228888284103505 0.5867846548811944 0.9347377965879105 0.6030192316687254 0.8682782569479741 0.6515195205519576 0.8564294287280063 0.6352850701753985
0 0.8499918602135494 0.633408302261672 0.8590191896527131 0.6523324965378768 0.7795838600289926 0.6902197836742207 0.7705567280701189 0.6712957576754128
0 0.842080006343167 0.670493236077787 0.8497945417755091 0.6875066443725057 0.7734635250649262 0.7221126121756304 0.7657491677631469 0.7050993552631654
0 0.8714143777912113 0.7108927742128642 0.8563675538337066 0.6963687452401162 0.9157084616227849 0.6349005570175542 0.9307551468273232 0.6494244581542158
0 0.8350593398976116 0.7085771786360995 0.8513169455233083 0.7263155560969264 0.7876920679609611 0.7846190339191506 0.7714346431320109 0.7668808310494537
0 0.8763413823626252 0.7698234525132635 0.8579873344298221 0.7556368377192727 0.9094942245662878 0.6890105959308945 0.9278480461003937 0.7031970777623145
0 0.8372185320473591 0.7452447581861267 0.8489292800894646 0.7626151485346752 0.7792097150215795 0.8096096577977494 0.7674991622807283 0.792239440789438
0 0.8367516338872747 0.7771229094385381 0.8475276721278533 0.7928322604699483 0.7816152834201375 0.838036533120289 0.770839418859623 0.8223273366227699
0 0.8575685165149025 0.8114206122787226 0.8617563343204893 0.8276628667568244 0.7762978360468651 0.8496918917943489 0.7721102291665147 0.8334498190789035
0 0.3699497932303757 0.5321753288728966 0.4319773048244997 0.508460823464924 0.4381201397652603 0.5245266645603479 0.3760926454658602 0.5482411371386361
0 0.8470382233373357 0.33759690922749125 0.8545961078934852 0.355512298810239 0.7772717918174976 0.3881312550640964 0.7697140051209317 0.37021594840473465
0 0.850107111842135 0.8373595635965232 0.9145119012538316 0.7826200238859954 0.9265716042398253 0.7968063318323579 0.8621669324754748 0.8515457446603875
3 -0.0021998064955823793 0.07363374868305399 0.004641436403517218 0.06101212280700922 0.03301801980660457 0.0763929277445067 0.026176782330253445 0.08901454893282461
3 0.03066645178591898 0.08908119016305278 0.028448642942862534 0.10346001241099541 -0.0006122775553194515 0.09897762191867271 0.001605536184229095 0.08459880592107398
3 0.000751156798245614 0.23016160087719298 0.02631578947368421 0.23016160087719298 0.02631578947368421 0.24013157894736842 0.000751156798245614 0.24013157894736842
3 -0.0009398369113569061 0.15893533159213977 0.02049673811120556 0.15197022548576195 0.024942272859561854 0.16565218629672415 0.0035056989917165993 0.17261728991806305
0 0.08080274647556962 0.24519911937077268 0.07625985271681657 0.22580571581920486 0.15850302741228006 0.20654051973681697 0.16304595994722604 0.22593386622773964