1 1.000767722788737 0.17761805413123377 0.9736959815410273 0.2355513016094541 0.8656505109651107 0.18506285635961636 0.8927222860872916 0.12712981970850756
1 0.5903521300472221 0.61437587020268 0.5494981469298637 0.5920916666666866 0.5846867439582866 0.5275869846719781 0.6255403065674727 0.5498710461371495
1 0.37203087500006404 0.26539129605258405 0.37640787768407336 0.22363966681427908 0.43834428728075636 0.2301325942982729 0.4339673921083431 0.2718841240571173
1 0.3521567216657786 0.32844863908409616 0.32066317982457804 0.30401210197370376 0.35809843311380973 0.25576738204241944 0.3895918632053963 0.28020385272474657
1 0.3046507687394069 0.37189789264719925 0.28451184978075617 0.3380469243421021 0.33689605263168687 0.30688317425515116 0.3570349678553839 0.34073403535327557
1 0.4131463980264698 0.4281242774122383 0.43827847869033576 0.38764149123934977 0.4975484346127814 0.4244348283708738 0.4724165623740646 0.4649174317652
1 0.33947612417102846 0.6372877312517777 0.31330419407890986 0.6090225942982224 0.36105725174877534 0.5648110056089338 0.38722904409883085 0.5930759739368608
1 0.3296878114028914 0.8193130197368436 0.34901731667798686 0.7818783096409399 0.40500925894218653 0.8107840692140034 0.38568009491916655 0.8482184870902154
1 0.6332118524377393 0.5586137627087807 0.5944146052630686 0.5302634342104957 0.636650448697651 0.47246909942672705 0.6754473969591572 0.5008192684882382
1 0.7328683267543283 0.37453295394735914 0.742271232982489 0.3285240723776569 0.8138547241558172 0.343153072519958 0.8044520272597993 0.3891617723879563
1 0.5790110969160196 0.3297529992433984 0.596934216702266 0.35950073709235575 0.5356980884879476 0.39639410129371305 0.5177751052630128 0.366646482456124
1 0.5349730414714031 0.36699124126292276 0.49950828728071883 0.3420415899122584 0.5371770511751492 0.28849921935909323 0.5726416424724903 0.31344878920597025
1 0.6229241089282596 0.27001513165615804 0.6123126701232877 0.3164089261012255 0.5407931392543333 0.3000508519737338 0.5514046796338334 0.25365720876313963
1 0.6501602146636287 0.31875681245571846 0.6021123618421598 0.29824561403510386 0.6345357367101769 0.22229548493740092 0.6825833037207758 0.2428066136458517
1 0.6149701484450816 0.22126980848211467 0.6111239375769628 0.15407419220337204 0.7423245614035068 0.14656434100875732 0.7461710045773771 0.21375971175694589
1 0.8199992298095822 0.34798363545910915 0.7788106776315544 0.32718300438594833 0.8100273966365421 0.2653711121437795 0.8512157275863501 0.28617167589627446
1 0.3980612741222558 0.19866663815793612 0.4262901269178201 0.15797125506352985 0.4861013547312041 0.19945957993684096 0.4578725997522497 0.24015487522382215