1 0.8079598943406836 0.4870984439320251 0.8339871415888638 0.5326461880441302 0.7714987460616385 0.5683504736963251 0.7454718070175659 0.5228029967105191
1 0.49042349556862064 0.6998757675481353 0.5194316040242484 0.7429122044111216 0.4659289309236101 0.7789685885706342 0.4369211776315751 0.7359324671052402
0 0.6299310282072383 0.3675000205683178 0.6136690675026557 0.3780568606649364 0.57757612609646 0.3224605712719599 0.5938380014976019 0.31190376852150026
1 0.2646972902522293 0.9119114241773062 0.24544292644895904 0.8610254397575818 0.3187422387237575 0.8332967192136944 0.3379968252990011 0.8841821687174887
0 0.5023267521929711 0.3699730449561243 0.5190523303593864 0.3549907951556452 0.5745039934211036 0.416891972587689 0.5577784864038904 0.4318741477188249
3 0.6298720993801226 0.28541403408003324 0.6561691335710975 0.3108940935714873 0.6409970049303411 0.3265522197189692 0.6146999967105558 0.3010721864035208
0 0.731566473391581 0.2707123825242195 0.7155574991381854 0.289308310719614 0.670508150219348 0.25052673135965564 0.6865170930786917 0.23193084905459255
1 0.38050300305064866 0.8130924207496054 0.36774532565789286 0.7613711129386079 0.44477006556371634 0.7423755088686529 0.4575280670271695 0.7940963260597591
1 0.4006090713754702 0.8883761049277226 0.37265461999822946 0.8389558504577752 0.4375353267544142 0.8022644035087975 0.4654897898786885 0.8516841796762427
1 0.876166110573763 0.5076930148166174 0.9084014307841244 0.5556517888459607 0.8446265014210894 0.5985134965888042 0.8123915320886681 0.5505550344232518
1 0.508285266601888 0.7689159254019807 0.5261170422465966 0.8258768824877083 0.4541201518162552 0.848410541568188 0.43628899827058376 0.7914501148059195
1 0.5801498721174312 0.7287776037436722 0.593179359532769 0.7871744739162908 0.5166515825325178 0.8042456702236775 0.5036227138157301 0.7458493410087448
1 0.5835466154159121 0.7653725047507023 0.5638995438596339 0.7010118026315802 0.6321091283560918 0.6801932075675303 0.6517564846448067 0.7445533975647931
1 0.61913688693312 0.6153517459118548 0.6501540228641716 0.6641666163384659 0.5876541628360883 0.7038735827711587 0.5566374440790014 0.6550590789474091
1 0.745914487238565 0.5879708562904903 0.7838706357367755 0.6414926203456638 0.7185693404686617 0.687796305775179 0.6806136618832852 0.634274963250479
1 0.7948372043410927 0.6391762165235622 0.7515294243420385 0.6009552379386089 0.7971189446899416 0.5493042883032206 0.8404264085621662 0.5875250261457073
0 0.4023280493420316 0.4330977050438815 0.42531836599971484 0.4227991132598641 0.45741640430139796 0.4944494113551706 0.43442612187050145 0.5047479456628592