3 0.9927930497532316 0.30829213718266457 0.9805196624587325 0.32696358563459055 0.9301616642824229 0.29386241033828575 0.9424350405702171 0.2751910153508686
3 0.9026615572928449 0.21771517540391386 0.8951048658233276 0.23714790349283354 0.8366222916664583 0.21440638815792928 0.844178998885468 0.19497370075414855
3 0.21011564085449663 0.4032169156647412 0.1954304116743515 0.41911142931897355 0.15708730088715583 0.3836871807803844 0.1717724879385969 0.3677927182017891
3 0.1861177855156484 0.34587156775401673 0.23020338004187124 0.3640807015625858 0.22130600277523627 0.38562098389298854 0.17722042214904832 0.3674118739035126
3 0.25305583701981504 0.3362758116729704 0.2409150444302668 0.35400239560041924 0.20517732199823513 0.32952671845019266 0.2173181041666794 0.3118001743420791
3 0.3173722034294997 0.38481523242699955 0.3331979155701674 0.3688960098684039 0.3680156792230491 0.40350763935449735 0.3521900139238596 0.419426814916505
3 0.3024002912582091 0.4222651675951463 0.31660707127912247 0.4081972220431888 0.34580960854839304 0.43768632697218957 0.33160286666930006 0.45175423418726823
3 0.4417847990644077 0.4840435195115737 0.43013434835313547 0.5023615831697081 0.3851829405519993 0.4737740380437082 0.3968333804824624 0.4554560471491535
3 0.41129066033295203 0.45191205179042904 0.42443826535088647 0.436699061403549 0.4614846537064068 0.46871381023035014 0.44833710369869095 0.483926748309686
3 0.4839993447234292 0.4478430002988039 0.4718700092215613 0.4658499174152743 0.4309317116770899 0.43827576711256416 0.44306103289477505 0.4202689111842195
3 0.38910399053634137 0.38502868618204233 0.3753618889321615 0.4008574462576626 0.3374375623779997 0.36793396875352374 0.35117963157892973 0.35210525548246313
3 0.4124292551200597 0.37050263256326976 0.3943386557668873 0.383674605538283 0.3658989308449918 0.3446165227926034 0.38398946271934165 0.3314445855262887
3 0.5118727477037055 0.41321972196307566 0.4984884254862436 0.4287227742751724 0.46128779488572036 0.3966077542738513 0.47467208442981246 0.3811047500000298
3 0.5252517688857097 0.3977356176263551 0.5053179464830464 0.41142079625399275 0.4777054144736894 0.37120216776318216 0.4976391533614333 0.35751702918976846
3 0.5627847454422863 0.3507770748087228 0.546908913899415 0.36782800551847467 0.5100767664794148 0.3335354175582085 0.5259525592105092 0.31648453289477396
3 0.6251018358250349 0.28275864336786977 0.6040707303548061 0.2999505472612218 0.5734446458565117 0.26248603364070977 0.5944756962718429 0.2452941655702097
3 0.6308384791666413 0.20810079276320756 0.6387887605242213 0.18805791089643037 0.6825774303553089 0.2054270417493875 0.6746271838521807 0.225469894151368
3 0.5365519586599703 0.06410568410429762 0.5537472567609711 0.0814291971712222 0.5165685087063139 0.11833267466522439 0.4993732236841879 0.10100917434207748
3 0.24304566958471696 0.20337473722281207 0.21132457715953024 0.23724519497443086 0.1931410483663285 0.22021576610342902 0.22486211763566644 0.18634533546200882
3 0.20484140681992358 0.16936390792713293 0.22159343649514085 0.18300533756867107 0.19326798698068615 0.21778931461053988 0.17651597390772622 0.20414790315658246
3 0.18752371722473526 0.14210335566743953 0.20610649579407436 0.1651963662750231 0.16557654901123442 0.19781020023141901 0.14699380474417012 0.17471722131438716
3 0.11243571210388836 0.1492566851989573 0.09765386293838674 0.12915843749997202 0.1376190007212017 0.0997650507975184 0.15240084213269256 0.11986327849804265
3 0.10099098073749246 0.13559121541894942 0.08048628081849074 0.12669564152682933 0.10344175109651133 0.07378250109648381 0.12394641781872906 0.08267806664868065
3 0.13227666862269416 0.42300648114666306 0.14154320504383122 0.4033693969298299 0.1805225230399401 0.4217623231432409 0.1712560504980729 0.4413993529571162
3 0.27690235526313245 0.4449744265350766 0.2912687528490778 0.42885207493181565 0.3266498011811336 0.4603776746557306 0.3122834584012253 0.47649997358419716
3 0.3051541415044312 0.4849338981512516 0.2890019123977936 0.5018831628766296 0.24774056730529992 0.4625647765420392 0.2638927324561564 0.44561558333331774
3 0.3272661027773438 0.6069549102419174 0.31825703813228756 0.6284877778233516 0.2732646691414402 0.6096656025022587 0.2822737667581805 0.5881328331448544
3 0.8349249982832134 0.18276377505678584 0.8187289810553011 0.19346882235169535 0.7938512662956327 0.15583083011777657 0.8100472543860633 0.14512579605260031
3 0.027867095394640273 0.8982298157894848 0.04262378350188101 0.878250217085311 0.07610931722024361 0.902976147969107 0.061352754891004224 0.9229556326224514
3 0.07448776369892585 0.8438438715515133 0.1047700939382139 0.8745246522478143 0.08824557924913279 0.8908307398740298 0.057963344298286756 0.8601500537280714
3 0.0976821051724528 0.8162484316134221 0.12349053621460371 0.8458833026949127 0.10712990591241578 0.8601283312923544 0.08132156159160786 0.8304935424688409
3 0.1109620615646918 0.7820683091110634 0.1288853812244497 0.7628534906579806 0.16761787154473495 0.7989758098461415 0.1496946775765764 0.8181905056726377
3 0.1437701666349085 0.7477985781786237 0.18675933059444105 0.7672786881024503 0.1771759984574146 0.788423573278489 0.1341868673245017 0.7689435164473549
3 0.19244113377192207 0.7070619660087748 0.21060748268337193 0.698855207159496 0.22898174112856395 0.7395217748946867 0.2108154166667191 0.7477284933148594
3 0.2549270387415845 0.7150388285983038 0.23787829433751995 0.7318101455324603 0.19740738864061314 0.6906759111148902 0.21445602302628686 0.6739046995613809
3 0.2743629923292019 0.6904552048807984 0.2589633921672885 0.7043410510446931 0.22565014969723052 0.6674013367133967 0.24104965899130093 0.653515562499982
3 0.2889904592398125 0.6650315966678043 0.2724781321658156 0.6762793233280312 0.24541597887821354 0.6365555680019618 0.26192819078949015 0.6253078958333055
3 0.309582988851389 0.631910182735997 0.29919186487950356 0.6517232457214113 0.2553151956152533 0.6287144725133366 0.26570632980758546 0.6089015050211564
3 0.3468335273015555 0.60210283360452 0.3280111821148921 0.6208215537269989 0.2890267221249587 0.5816254067475207 0.3078489703947298 0.562906781798213
3 0.421810374968004 0.5110443361234044 0.41105591355028537 0.5299075972241722 0.36383146162279445 0.5029856600877087 0.374585923718314 0.4841224787872692
3 0.15910329138228008 0.56016785394527 0.17638012609643283 0.5500003596491471 0.19797555430295688 0.5866921910156684 0.18069874768139016 0.5968596474265948
3 0.18158494996055197 0.5383713910058048 0.22390555363426756 0.5563905074367175 0.21606395091180275 0.5748059301089492 0.1737433651323954 0.5567868442982256
3 0.19055937079633622 0.5287610825702502 0.2051714024123612 0.512847949561371 0.24035180902319553 0.5451490955947447 0.2257398414258205 0.5610621664197614
3 0.2123595109649159 0.5084539374999831 0.23069485167320636 0.4954678775607433 0.2580290981147755 0.5340586429913956 0.2396937980971643 0.5470446540816744
3 0.05885530372813719 0.48711197368420484 0.07808123601171246 0.4758326400119941 0.10205732559279568 0.5166974670032173 0.08283142343952932 0.5279767597129741
3 0.07658686732452225 0.4698626282894696 0.09198563398069837 0.45720708923903364 0.12339066882645966 0.4954168381115278 0.1079919439519017 0.5080723310499475
3 0.10917752302634653 0.4289270307017589 0.135223855652157 0.4181733880720152 0.1584589359497386 0.4744475411718094 0.13241262863118664 0.4852011385189272
3 0.28316479765771874 0.5026570728068458 0.2728294753890168 0.5188564734426442 0.23479094273329792 0.4945894407016387 0.24512625657894205 0.47839009649121716
3 0.3167015142544187 0.561228779605251 0.33102898958600235 0.5509196234365331 0.35593013046195665 0.5855233611494679 0.34160268749519673 0.5958324789403134
3 0.3302433516145129 0.5334954074499008 0.37392460521380144 0.5534817738069093 0.36485576425434374 0.5733003278508738 0.32117453353680503 0.553313998287603
3 0.3369795043859085 0.5239610339912222 0.3523505769350095 0.5003056235509653 0.40215648903983947 0.5326663026236017 0.3867855441604888 0.5563216002400757