3 0.6290929435837143 0.9434613657666022 0.6463211338000292 0.9534267764570821 0.6232876710525943 0.9932356260964912 0.6060595303698619 0.9832702829945532
3 0.567060250335544 0.9643431654810449 0.5872057439817127 0.9235579923808462 0.6050228311403316 0.9323562565789681 0.5848774746973504 0.973141312599321
3 0.059560096693530795 0.647888037743049 0.07876712280699394 0.6583990975877119 0.05573666955706358 0.7004771857407113 0.036529679824525374 0.6899661776315646
3 0.08561635367414056 0.6583990520708091 0.10225637146334066 0.6673178055042736 0.0817084832818864 0.7056492657822286 0.06506849342099486 0.6967305526315687
3 0.11986305155721766 0.6786921492923296 0.0992249134112626 0.7174960445776274 0.08438468601264049 0.7096042769995675 0.10502283114033162 0.6708004506578708
3 0.14041099890050646 0.6888386972643564 0.12243781830954958 0.7278307899775976 0.10531447037828912 0.7199390259601428 0.1232876710525943 0.6809470120613921
3 0.12013350709958104 0.7425236475341399 0.14520105194480948 0.6917676552395886 0.16210045614036517 0.7001127390351006 0.13703303446220616 0.7508686262237745
3 0.22720946580670898 0.7328295655748776 0.2009132423245319 0.7801578355263649 0.1821697224934269 0.7697454034452552 0.2084659516311831 0.7224172495994238
3 0.2739725138819722 0.7553550881099503 0.2934740020519939 0.7643803054734177 0.2752092213384003 0.8038391499410762 0.25570776206143364 0.794813979166673
3 0.29888867905185634 0.822907582269493 0.3198348006649212 0.7774689674438586 0.33789954385963483 0.7857948135964791 0.316953552507357 0.831233317676652
3 0.3319239317413576 0.840341240175457 0.3527397258771998 0.7981961666666327 0.37281750894828747 0.8081107688242314 0.35200185368159964 0.8502557238225003
3 0.5615321906254849 0.9641561116425832 0.5408694943762384 0.9542482310220324 0.5616438355262972 0.9109357379386074 0.5823062916027766 0.9208435505798759