3 0.9028612050437914 0.9757585690789748 0.9130725828326831 0.9667776302720884 0.9332183403730596 0.9896767623680327 0.9230070012326905 0.9986576601559058
3 0.8848636343150247 0.8059814387159302 0.8689024703948007 0.7912619078947557 0.8986010505707327 0.7590642830130279 0.9145621226997491 0.7737837374131168
3 0.6683825010965165 0.6438821535087633 0.6834585448376629 0.624658640450115 0.7214077088638078 0.654416499664804 0.70633176454146 0.6736399211679445
3 0.6460338693952963 0.9047160158718804 0.6375029144735436 0.8884281480263643 0.6791222690509358 0.8666347402178275 0.6876532362800845 0.8829225046000443
3 0.7518539185632562 0.8685660731035754 0.7696085922528937 0.8836006838846369 0.7385398211325764 0.9202814057040934 0.7207852390350808 0.9052468936403748
3 0.8224269567986084 0.8773634585385176 0.8400384907741909 0.89125145067187 0.8106292819891223 0.9285363144241836 0.7930178292582468 0.9146484131972384
3 0.8615817658662763 0.8888976036267805 0.8766750060581217 0.9094774402191425 0.8420397675915865 0.9348723283894603 0.8269466634892524 0.9142926148073524
3 0.7707959627207401 0.8152221822758995 0.7535862794006789 0.829546951857374 0.7244287083333347 0.7945240888158075 0.7416382714537804 0.7801994001630511
3 0.847778281526189 0.7304322126391275 0.8647466692357284 0.7449205525492419 0.8287553076022505 0.787065296226047 0.8117870065789248 0.7725770493420798
3 0.9237225842092585 0.8384102546462471 0.9073034911342575 0.8545726776322371 0.8723536707866515 0.8190751995175642 0.8887726567982099 0.8029128793859847
3 0.927845603482524 0.6902509023625346 0.9074176022307938 0.702065031456546 0.8838585712718441 0.6613342993421205 0.9042864147348837 0.6495202283192307
3 0.8833650004767151 0.8260306999494622 0.8711073035359505 0.8428461811982493 0.8349227152306185 0.8164746711837282 0.8471803782894085 0.7996592850877281
3 0.8051207087003149 0.8066343930373976 0.8224438739034667 0.7923160975877402 0.8529808526056968 0.8292541841217342 0.8356577654657258 0.8435723939629216
3 0.9518573453780164 0.8404719565293256 0.9355994753969981 0.8546801332165247 0.9059735565871279 0.8207874055918931 0.922231316886041 0.8065793103069846
3 0.9414575785758643 0.8114009224146052 0.958602822368448 0.8033224605263117 0.9791069364708846 0.8468301839366285 0.9619617236129443 0.8549085966680557
3 0.7584139082864567 0.9272748148986987 0.7904178580507732 0.9563420676263823 0.7747065126837924 0.9736358995683986 0.7427026578947107 0.9445687456140303
3 0.892989390530829 0.9726862205676845 0.8768740263400332 0.9848303499738357 0.848966580043907 0.9478072182017497 0.8650817968530191 0.9356631713520881
3 0.8909825793241453 0.8943320291098643 0.9031862313649981 0.9057791119091344 0.8754663795971283 0.9353234577782971 0.8632627905701611 0.9238764396929439
3 0.9028012113102477 0.9427916633616158 0.8897401859798038 0.9245818365515068 0.9300681458332747 0.8956640548245269 0.9431291302475984 0.9138737547758847
3 0.9598842420676874 0.906153974089257 0.974256258203468 0.9223095701403191 0.9401678148799419 0.9526265277621283 0.9257959078946669 0.9364710361841956
3 0.9755212020980935 0.9920144557854408 0.9603658976733414 1.0024183434219474 0.9348236808723414 0.9652218769669394 0.9499788377361256 0.9548180599607178
3 0.772477009868453 0.639879660087708 0.7907493926356892 0.6294375060993925 0.8150781816758581 0.6720041560450379 0.7968058359530232 0.6824462587548854
3 0.8562782414765024 0.6755241878014191 0.8431597041700343 0.6896676881751451 0.8107905906859969 0.6596483701874268 0.8239090745614703 0.6455049342105093