2 0.15926704076002807 0.9806300785771904 0.15828487219607723 0.9737274346472717 0.18713663082121457 0.9696232965779517 0.188118824118078 0.9765259106269711
2 0.26384212636241955 0.7815276582097085 0.26237623793861076 0.7727699528508352 0.2922634725239277 0.7677682244210167 0.29372938572703333 0.7765258984588131
2 0.14356440756512256 0.6431924593088654 0.12979307978571342 0.6508921948243154 0.11551155153506443 0.6253521129385851 0.12928281701192645 0.6176523991942741
2 0.24917491776318457 0.5981220657894643 0.26034956908745244 0.5883038836390885 0.28120589850425404 0.6120390884210639 0.2700312741825428 0.6218572419557783
2 0.22381224277842193 0.733075739747365 0.21452145175442183 0.7295774649122809 0.22008217564246024 0.7148115909068407 0.22937293749998844 0.718309859649115
2 0.2332744021111921 0.7110495846581821 0.24422442214915918 0.7136150230263235 0.24032295589756814 0.7302649642547769 0.22937293749998844 0.7276995307017462
2 0.2521140673844684 0.7279252036947274 0.23927392763164335 0.7239436622807057 0.24458564947462946 0.7068165881052252 0.25742574232458537 0.7107981217105327
2 0.25290232390943856 0.7429046538812738 0.2524161071287381 0.7352148949340954 0.284992310690086 0.7331554262955959 0.2854785537371072 0.7408451570201813
2 0.25621949752508044 0.7504514470772947 0.25570473372124525 0.7436672686140723 0.28331360390745886 0.7415727102477807 0.2838283872545162 0.7483568673619575
2 0.2891187116988476 0.752753522803404 0.290429042763094 0.7615023475877077 0.2570858708099877 0.7664952698225059 0.2557755778508408 0.7577464791667038
2 0.29317679053792745 0.7847530857007926 0.2938052125136892 0.7924820478195552 0.2679551286020114 0.7945833985441035 0.2673267324561266 0.7868544605262897
2 0.17228533824663828 0.945404029540604 0.1732673267543987 0.9502347423245844 0.14949682110022877 0.9550654381505257 0.14851485197368675 0.950234742324544
2 0.27062706250001156 0.8075117368420963 0.2700787771062778 0.7998041698000449 0.2964813996337625 0.7979263330419533 0.29702970800815365 0.8056338751272856
2 0.27062706250001156 0.8140845065789558 0.2702347377816068 0.8075351002048863 0.3019801984648893 0.8056338026316119 0.3023725472029355 0.8121831833156856
2 0.27557755811403506 0.8122065723684211 0.295379538377193 0.8122065723684211 0.295379538377193 0.8187793432017544 0.27557755811403506 0.8187793432017544
2 0.03393710817772444 0.7883948747969984 0.032764398903395886 0.780564421521635 0.06813420973219309 0.7752682735122007 0.0693069462619178 0.783098693439972
2 0.06622355740489638 0.7653149113622956 0.06776579408108319 0.7743474784225733 0.029594995112574907 0.7808635117897565 0.028052804824596933 0.7718309857455609
2 0.1841924884954551 0.7608935574033292 0.1864686469298249 0.7708920186403228 0.15904179701863086 0.7771345785219121 0.15676567653497386 0.7671361502192822
3 0.23942891110004894 0.7795317832087219 0.23762376206138924 0.7652582160087442 0.25397040696202566 0.763191261746282 0.2557755794850891 0.7774648012983865
3 0.2640264257407807 0.8347417810633987 0.25079773669096994 0.8364020375231447 0.24914759262742336 0.8232564982003505 0.26237623793861076 0.8215962445175435
2 0.3300330469803612 0.59999995959183 0.3210458508546026 0.6083119007493933 0.30033001792253344 0.5859155072682984 0.30931718665851804 0.5776035890125716
2 0.264026445187028 0.6150234420357102 0.2521843497642067 0.6237852564697935 0.2359735975876447 0.6018779342105524 0.2478156522062136 0.5931161419115142
2 0.24917495119916566 0.6422534914562547 0.24032831917327258 0.6500262031170886 0.22349121279853534 0.6308651325346653 0.23233781921976515 0.6230924400785108
2 0.13036309053666173 0.6450703743946435 0.11825717675810665 0.6557067133371666 0.09735973574561285 0.6319248826754563 0.10946560586990017 0.6212885764715071
2 0.32585750714508777 0.2810856682729428 0.31023102302629013 0.2732394364034912 0.32265737281556994 0.24849180539398472 0.33828382785088706 0.2563380285087646
2 0.3481848179824283 0.5859154934210773 0.3635499706116434 0.5724154817736778 0.3981552696361632 0.6117975773226887 0.3827901779226295 0.6252975244053434
2 0.13861386184203184 0.6159624407894915 0.1533485789414044 0.6061413449966893 0.17491749122802958 0.6384976524122806 0.16018280356365722 0.6483187117137573
2 0.09969229810349134 0.6376377674085613 0.10238365542363681 0.6501053918047113 0.05054606733324363 0.6612938495549562 0.04785478508779306 0.6488262905702119
2 0.11113057161719553 0.6466790173857191 0.11393679188472561 0.6594994264677353 0.06551241787462914 0.6700973409598574 0.06270627083347335 0.6572769956140408
2 0.11669971157175496 0.6591742308427821 0.11906294739117129 0.6707089991178442 0.07332026841288553 0.6800793142344297 0.07095709539498785 0.6685446008772106
2 0.1385931544050436 0.6816946289749215 0.1368155379205973 0.6734949907512198 0.1714897121072454 0.6659789020352189 0.17326735079609534 0.6741785103632739
2 0.12578276767646912 0.7388574099620727 0.12343309712161954 0.7258810416027557 0.1643169714443502 0.7184792091257987 0.16666668812354146 0.731455517619055
3 0.22772277192984802 0.8309859155701659 0.24098275591313723 0.8247730007638628 0.24917491776307088 0.8422535208333494 0.23591494335857988 0.8484664203517814
3 0.24092412312688793 0.8535211104217758 0.22825352089648732 0.8603711996576715 0.21947194736844722 0.844131455043853 0.2321425005038691 0.8372813821684594
3 0.21452147464140126 0.7727699471058735 0.20298980001177824 0.775664582952087 0.1996699671052511 0.762441314692984 0.21120160665884669 0.7595466834585937
2 0.2208259653434652 0.9058587136879107 0.22331426278230992 0.912173586907081 0.19885790724094932 0.9218078073597702 0.19636963706136612 0.9154929572368128
2 0.4220363120697357 0.7985690283816888 0.41089108881578795 0.7953051644736739 0.41459738455034767 0.7826516347004598 0.42574257456146825 0.7859154934210576
2 0.2053335589253038 0.9279873646597022 0.20260668934236037 0.9222380687304023 0.2249959184034651 0.9116216599443274 0.22772279250045813 0.9173709359144111
2 0.2293729375002158 0.9812206567982291 0.2302831289068763 0.9752241704952 0.2575650367510889 0.9793639710326255 0.25665487296259926 0.9853604326249914
2 0.23102310197350562 0.9896713618421571 0.23241950701014957 0.9818209319112453 0.26072607236847034 0.9868544605263231 0.25932970576911885 0.9947048564876829
2 0.15431977699211075 0.9750572160181107 0.1534653264446888 0.969952928776599 0.18396402928431144 0.9648488917170037 0.18481849972556574 0.9699531556416495
2 0.15075430200147366 0.9637659275384642 0.15003404824960853 0.9587039648357701 0.1791477281644802 0.9545625643194986 0.1798679999178603 0.9596245052723535
2 0.17884599707394955 0.95763466116267 0.1799185653620725 0.9636646336920645 0.15288772283179242 0.9684712629368524 0.15181518201745803 0.9624413146930234
2 0.28877889860098094 0.6056337788367856 0.28275098319465997 0.6126954299544571 0.2671221507014252 0.599355917279731 0.27315005751052013 0.5922942794513976
2 0.3184818486842005 0.5830985910087602 0.33174156668667365 0.5768851293290078 0.3399339934210275 0.594366197368435 0.32667428216132066 0.6005796482896217
2 0.22112213708032868 0.646948337352955 0.2114953368937904 0.6541981779388056 0.1996699671052511 0.6384976524122791 0.2092967423772052 0.6312478257643594
2 0.27392741149071753 0.6328638359083372 0.2650650238238086 0.6393526431071015 0.2541254122807004 0.6244131458333319 0.26298777834654175 0.6179243501418106
2 0.2656765964159149 0.6384976238616096 0.25804707696522655 0.646158602633943 0.24092408230865203 0.6291079911966524 0.24855358406716732 0.6214470302951187
2 0.19141917462809488 0.6309858922478483 0.17794488512004136 0.6404568056690935 0.1633663366228575 0.6197183103069894 0.176840580074213 0.6102474197859713
2 0.11716171600880898 0.6553990614034739 0.12718346495535116 0.6475723584716381 0.14356435635966136 0.6685446008771678 0.13354262603786538 0.6763712828090103
2 0.16171620608156445 0.6638497443063743 0.15049990912075373 0.6708059502067 0.13861386184214552 0.6516431929824557 0.14983012021912145 0.6446870027915433
3 0.8762376239035348 0.9248826293859592 0.8860667788466117 0.9191261504902427 0.8943894385964768 0.9333333333333187 0.884560293581103 0.93908979881347
2 0.1688778955253838 0.939799583823774 0.16996699671040005 0.9455399057017468 0.14465343334268255 0.950341239191128 0.1435643563593203 0.9446009385965229
2 0.21362814412259468 0.8936758437682395 0.21728653647744522 0.9007463229559081 0.19507750541686164 0.9122347739666121 0.19141914144745442 0.9051643190789567
3 0.2211221334127913 0.7821596144280176 0.21005644421802572 0.7870205058250775 0.2046204616228806 0.774647887061399 0.21568612000726262 0.769787003445272
2 0.21356591837911765 0.8865249851228004 0.21647458311076662 0.8926575450184818 0.19102744846031783 0.904724085680308 0.18811881140356945 0.8985915493421183
3 0.22109536451910117 0.7688314487714312 0.23576968548502464 0.7666827560110779 0.23762376206138924 0.7793427225877216 0.22294944180316634 0.7814914121063817
3 0.2277227849775727 0.76713614830877 0.2193759047537469 0.7683583512041882 0.21772574895260277 0.757090746235553 0.22607260745610347 0.7558685449561386
3 0.23927392410996617 0.7539905890881591 0.24110141885785197 0.7652293829363309 0.22937293749998844 0.7671361502192721 0.22754546013220533 0.7558973718349834
3 0.1732673267543987 0.8056338026315828 0.18108192476722706 0.7973953204084921 0.1947194714912257 0.8103286381579236 0.1869048929482915 0.8185671013237363
3 0.17821782127191454 0.8187793432017525 0.1856836826931385 0.8104315567543725 0.20317024994335497 0.8260675069487489 0.19570441413031858 0.8344152688654104
3 0.20957099030897552 0.836619674619386 0.20248663938093614 0.8459554137256294 0.1831604328301637 0.8312929483885364 0.19024477168102294 0.821957238007347
3 0.2112211500734702 0.8469483065243172 0.2059734097101682 0.8561688838921312 0.1836074513503263 0.8434423928934452 0.188855192303663 0.8342218460254147
3 0.1947194714912257 0.8591549298245225 0.20111590729027284 0.8491650088109839 0.22080450832436327 0.8617685712990105 0.21440810735282412 0.871758461688421
3 0.20297029714913606 0.8713615021929461 0.21106983054460215 0.863229534050556 0.22772277192984802 0.8798122061403255 0.21962326407128785 0.8879441487922012
2 0.5357009581338161 0.7021983944340611 0.5345879834250127 0.6943754184583608 0.5665437773078565 0.6898296950684181 0.5676567741807048 0.6976526442988366
2 0.15439150552447245 0.8965747802582398 0.15515169441891885 0.901650014032956 0.12287237511748117 0.9064836616839491 0.12211221162283437 0.9014084506578695
2 0.15116093628819272 0.9041119142954336 0.1519418009168021 0.9109714408454702 0.12619337935768726 0.9139017552311938 0.12541254166660565 0.9070422532894314
2 0.13134056832655006 0.9243212854002864 0.13036302289776813 0.9183097779427749 0.15578812413036758 0.9141763716324417 0.15676568686944847 0.9201878574103751
2 0.136084325070442 0.9290223141460898 0.13531351784206436 0.9239435703253223 0.16259552489623275 0.9198039815181466 0.16336634819128903 0.9248827056079649
2 0.13908939001601084 0.9334765550414996 0.1385010145867227 0.9286521739711705 0.16277795515168236 0.925692135374185 0.1633663448818652 0.9305164997362091
2 0.13928962687089097 0.9393185179737007 0.13836679106998417 0.9324273188506281 0.16904414866155548 0.9283201975160968 0.1699670099345667 0.935211366291143
2 0.14238972260034188 0.9438051928503618 0.14180134391483534 0.9389808112916869 0.16607828187181894 0.9360207739790716 0.1666666750170407 0.9408451386438532