3 0.15274941637619577 0.9394275893913583 0.16497924363613947 0.9336577072903931 0.18504119580848055 0.976169187791306 0.17281139340491336 0.9819390302526636
0 0.6905488401195043 0.4428778915579512 0.7031055423861972 0.4357228586054131 0.7478210253168527 0.5141908348549631 0.7352643571819044 0.5213458205258151
0 0.6784845735330691 0.5824765070033052 0.6925969271092072 0.5804793239329978 0.7050269574579033 0.6683013152700853 0.6909146073946886 0.670298481351854
0 0.6509526932267136 0.595842718460998 0.6643865653697958 0.5897904214052054 0.6999760542802278 0.6687765427528314 0.686542212535528 0.6748287890453196
0 0.6584355322472675 0.6006370520568964 0.6707304705028037 0.6019262449969268 0.661276319135709 0.6920786551022701 0.6489813826754016 0.6907894736842096
0 0.6045510502043498 0.6363669616322044 0.6182470016256048 0.636306988541875 0.6186054497156874 0.7181540011253721 0.6049094982976158 0.7182139737076413
0 0.5564574198014043 0.6531820301876864 0.5724979564562318 0.6488490490716518 0.5961409315982564 0.7363618904190031 0.5801004110440999 0.7406948297250766
0 0.7488138518669984 0.4156630498653827 0.762444619228404 0.41605798140391403 0.7599373867741406 0.5025879116000075 0.7463066195175543 0.5021929824561396
0 0.6948107247800408 0.46066990773019273 0.7098764351973159 0.46182522472377735 0.7031601766167341 0.5494009232486748 0.6880944671053157 0.5482456140350896
0 0.3140413484734381 0.642861471239424 0.3272774870815738 0.6417809199611314 0.3328279551749347 0.7097617047675965 0.3195918174877761 0.7108422484227959
0 0.6543474560650111 0.47058488448813796 0.6674506147379589 0.46351433885698223 0.7087901675249668 0.5401191487054452 0.6956870418596282 0.5471896468214543
0 0.6555213618174776 0.5703149722661492 0.6400517960565821 0.5763914864137507 0.6062344985768959 0.490306993175052 0.6217038519736207 0.48423052631579266
0 0.4199079196313278 0.5761353324550341 0.43556258498597344 0.5711030773310912 0.45982071685909887 0.6465584439163117 0.4441660683411328 0.6515906616918141
0 0.4165881334296273 0.6696879945057701 0.40242662805735563 0.6775752901162154 0.35755890005430047 0.597026000547516 0.37172019846491366 0.5891387774123035
0 0.3641976098158466 0.6106654799746349 0.3785278344842027 0.6103494099003609 0.3802959060133162 0.6905014953396396 0.36596568142761043 0.6908175628937373
0 0.34652622364728813 0.625474696043865 0.35796592213216627 0.6246613304131856 0.36271847598993645 0.6914956574319485 0.3512787780776989 0.6923090175773293
0 0.719236924584834 0.5619632304049241 0.7327511019781241 0.5620541499890179 0.7321794087440594 0.6470207434312547 0.7186652313596369 0.6469298245614038
0 0.4660930369163907 0.17122790250364825 0.48431570516629563 0.1879849069879914 0.4329268967431972 0.24386770613993475 0.4147042676457886 0.22711074219017863
0 0.7864230033425201 0.39313530697228394 0.800081356385931 0.39426349225104157 0.7926124322350461 0.4846808100100652 0.7789540800438317 0.4835526315789444
0 0.82915376174833 0.4686431485768372 0.8153902022247621 0.4739967549942446 0.7835954476398683 0.39226039155617193 0.7973588636746172 0.3869068164734961
0 0.7974556139633933 0.3818287930344477 0.8095034380578454 0.3759057211949527 0.8493995216900885 0.4570521560650835 0.8373517196710054 0.46297519360362444
0 0.8226463288594914 0.3682693434501022 0.8366337724025925 0.3645646164343438 0.8599968004176617 0.45276896121853644 0.8460093649919145 0.45647366699140995
0 0.8355402796506723 0.3607931085222766 0.8491529512793932 0.35560908386201096 0.881514014657796 0.4405816122960356 0.8679013580442643 0.445765607922036
0 0.7370813308723427 0.6505566690776852 0.7254725877007786 0.6572887208429743 0.6793744610884005 0.5778064380763834 0.6909830427631505 0.5710744462719098
0 0.6129265909399919 0.6213166529498577 0.6268304172248236 0.6187292489157484 0.6439010252186108 0.7104487735432633 0.6299972055981016 0.7130361529288382
3 0.1041755819617265 0.17246030386241087 0.09721148080700459 0.158321880520289 0.12832844407898847 0.14299485087720035 0.13529254738705276 0.15713326222345125
3 0.13596490647648807 0.1655272103595734 0.14003948740935357 0.1779600354309525 0.11280506651883115 0.18688540822096528 0.10873049683789304 0.17445259272084235
3 0.1254537065575505 0.21370092637175064 0.11421499233756549 0.1996897667447256 0.13816963596491405 0.1804753651315572 0.14940834331571295 0.19448651166413664
3 0.20234729466255885 0.06462917646240399 0.21626773758475792 0.06530263935250762 0.21424883762881564 0.10703311164377924 0.20032839473674358 0.10635964912280446
3 0.25445953390021714 0.31826523751908875 0.24721382707264183 0.3023405118348095 0.2786985526315675 0.28801544736839485 0.2859442661116418 0.3039401473400303
3 0.3018277914677583 0.29847544693035905 0.29203391922908395 0.2868344782061806 0.316686069078969 0.26609445614035837 0.32647993123873675 0.2777354085641446
3 0.33031163910993655 0.30979541391696636 0.3447859912367903 0.3206125542280757 0.319369805744941 0.3546206441387509 0.3048954738281964 0.34380352716495555
3 0.2662521400591231 0.35091045776844537 0.27577014524877086 0.3652265417578228 0.2438106095423791 0.3864738189466458 0.23429263928471755 0.372157765904891
0 0.3467191925977886 0.6993203162520011 0.3337756086993977 0.6997117455590632 0.3316473473878432 0.6293418595977905 0.3445907456140276 0.6289504331140364
0 0.31316558000810346 0.723229644670187 0.2976218486842299 0.7225877192982475 0.3005574046600259 0.6515192304614221 0.31610090421156656 0.6521611510335199
3 0.47371697741698426 0.28836213714049874 0.4895190515480863 0.2843259815680523 0.5029029629089337 0.33672422765557325 0.48710089257713207 0.340760372761144
0 0.4115205539046656 0.407611888698874 0.39757624976141415 0.408143032379158 0.3941985133515118 0.31946780538012387 0.4081426754386257 0.3189366644736844
0 0.5758115857446455 0.3286256983399887 0.563003591738493 0.3314776295316476 0.5436406492347032 0.24452099493483725 0.556448542763178 0.24166907565788318
0 0.5569619012713929 0.33400471724682174 0.5431779710619367 0.33627510601159016 0.5289333106173899 0.24979536058378196 0.5427171304825151 0.24752498135964013
0 0.5290898744477772 0.3446356195178297 0.5149864563197752 0.3431091402670467 0.5244617994300143 0.2555680245650307 0.5385651047856754 0.25709449764834413
0 0.49444334320253347 0.269857446949278 0.5069381263703008 0.2679494872720174 0.5205582210305693 0.35714176545239906 0.5080634396948653 0.35904971679841596
0 0.4535049649581424 0.37374624521808836 0.4378638734416427 0.3773967606383119 0.42193352225490344 0.3091434686092735 0.437574501096492 0.30549296710527235
0 0.40064922146996196 0.31352336049341023 0.41437272278903947 0.3094782651298096 0.44002682217944766 0.39650985156024865 0.42630332909254776 0.4005549268470821
0 0.18530276242881882 0.4408004630765042 0.19704169618137257 0.4341110369638198 0.2415350516351964 0.5121849236571334 0.22979614936889448 0.5188743060774748
0 0.29912551708537194 0.7314947651215301 0.28644393920467337 0.7393739976905072 0.2502110648705411 0.6810662238894948 0.26289249933904557 0.6731870499455738
0 0.2559280350278641 0.49544110104668243 0.24201813595129806 0.5016717728498992 0.20495905248765212 0.4189431651097646 0.21886879605267495 0.4127125339912152
0 0.2742818395715858 0.48724550888588136 0.26104102523618167 0.49333203204009657 0.22185160382105096 0.4080834405817998 0.23509226754379142 0.4019969583333488
0 0.2626658870439087 0.39133616141677546 0.2769441919527935 0.3920187646369091 0.2725353517514577 0.48423523058950724 0.2582570471490726 0.483552631578947
0 0.29870401407833924 0.47169347410257567 0.285367284675317 0.4741083099412353 0.26919314903830127 0.3847861705653999 0.28252971929828163 0.38237134978070525
0 0.2911599509268399 0.37314572173105925 0.3035546158470197 0.3723141982559619 0.30971976543276014 0.4642070505504345 0.29732510100984655 0.4650385691158848
0 0.34633046314479543 0.44647753506849214 0.3338271256608323 0.453571569309339 0.2873224268946615 0.37161064482126605 0.29982564254385125 0.36451665460525323
0 0.5558142574225258 0.23312486498951915 0.5694651311787311 0.22869848410093963 0.5973212260731771 0.31460427594097273 0.5836703598372424 0.31903063990962555
0 0.636402844371105 0.292798010645235 0.6235426820912835 0.29884435113703167 0.585713440350105 0.21838573437770825 0.5985735219297794 0.21233941666669034
0 0.6389318347369226 0.2941125096109019 0.6246388481654321 0.295366306756761 0.61667403609556 0.20457061587496594 0.630966918859599 0.20331682346491375
0 0.6666383342163726 0.2809541397493994 0.6544838230588539 0.28470296197299905 0.6279252905193289 0.19859587562198597 0.6400797225877568 0.19484706688596665
0 0.6855071687580221 0.2695295146705295 0.6741189078154548 0.2740621749887592 0.6402302972448979 0.18891882863979914 0.6516184890351724 0.18438618421050543
0 0.700460174947807 0.15717846002724306 0.7144909157445909 0.15531525241975713 0.7264209375078963 0.2451523258020189 0.7123901977067817 0.2470155281229571
0 0.740649450561591 0.2329923628674541 0.7254558780252864 0.23388581135572606 0.720182028917975 0.14420161492432923 0.7353755208332586 0.1433081688596502
0 0.7640800314230773 0.22829535847388938 0.7481284369865762 0.23069938224693748 0.7338984108928344 0.13627866240640304 0.7498499155701666 0.13387464583332948
0 0.8078677787055994 0.2012735260407779 0.7934811279557152 0.20701073235822834 0.760075829606194 0.12324411826556364 0.7744624177631749 0.11750692653507394
0 0.8299512943532363 0.1949417194498223 0.8179239958683411 0.20162389777058054 0.7744794867775227 0.12342847323880135 0.786506739035076 0.11674631140353393
0 0.577448137912711 0.4100267570724924 0.5849249250758248 0.4264343718969296 0.5168466561083278 0.45745502395657534 0.5093699644431808 0.4410474902503689
0 0.5188091526946437 0.3812465390952621 0.5321360998888167 0.40008882674076174 0.43778069775953554 0.46682146689258674 0.4244539080222012 0.4479793205112053
0 0.5541057834736876 0.46769234010410643 0.5673423569803617 0.48106512448740185 0.5218835864083076 0.5260574185465423 0.5086470782459855 0.512684699145284
0 0.22719669938305742 0.5863292174054234 0.24336739874308932 0.5858584514908488 0.24535891914604235 0.6542588659459557 0.22918821992493577 0.6547296288048832
0 0.31576312595916534 0.631661014956459 0.3019967048160197 0.6327769346011511 0.29620868205620354 0.5613803464691409 0.3099749238348295 0.5602644341578759
0 0.3369706608649494 0.6200308656464165 0.3228901649358704 0.6221262285213408 0.31291363942534645 0.555092318065675 0.32699396491227617 0.5529969682017608
0 0.2706823027087921 0.7556333561598414 0.256623053178032 0.7581155972595167 0.24155232123382575 0.6727689724843307 0.2556113070176025 0.6702867554824502
3 0.0438834533060799 0.36587297186511486 0.05610864179197961 0.366962927113523 0.052361960048301626 0.40898468937074 0.04013677192983778 0.4078947368421082
3 0.013449650450866102 0.3787341314917425 0.027488823618796232 0.37255760111376995 0.05111695433777186 0.4262614449098165 0.03707779429464608 0.4324379529387441
3 0.06185411549631681 0.49324366527265534 0.07899580263165262 0.48287720504383436 0.11345192245755698 0.5398483368603794 0.09631027622810961 0.5502147425654499
3 0.6363054103426293 0.7448691398884147 0.6253939237110444 0.7319864394240785 0.6501562708333495 0.7110164714912655 0.66106772798355 0.7238991253496763
3 0.6144763555038253 0.8534615277757007 0.6002800839406746 0.8574645988265502 0.5878788824338699 0.8134948348996957 0.6020749978069944 0.8094917872807128
3 0.5759258591862135 0.8172468026638847 0.5873096824403774 0.8311104578176169 0.5636778451379314 0.8505110296950146 0.5522940797584397 0.8366474284693453
3 0.5313156799599028 0.8689334052657727 0.5198997207122602 0.8538279124012426 0.5470735929916373 0.8332958484536475 0.5584895247999384 0.8484012747095893
3 0.5011113845991986 0.8906277261205041 0.4872678095904348 0.8773659707974663 0.5114519024123183 0.852126822368421 0.5252954092230766 0.8653885159476009
3 0.48274526313161914 0.8734561620385046 0.4900479148955128 0.8899844688532518 0.4590842172834755 0.9036616583317215 0.45178165470736076 0.8871334272339062
3 0.6643498306481206 0.7275808868988642 0.656258983952057 0.7106371190395893 0.6808534846491057 0.6988947850877391 0.6889443423117427 0.7158385026346143
3 0.6228069956973741 0.7374182959175755 0.6259570805972317 0.7551454884442854 0.5932017591845806 0.7609649392856308 0.5900517504207983 0.7432378140243376
3 0.09537962921604048 0.5003807728541212 0.10925887123187294 0.4967419686870531 0.12100030150679686 0.5415228690086568 0.10712106454002424 0.5451616597624116
3 0.4651210799921728 0.745785192166933 0.47764751100612557 0.7427746079132647 0.4901019567757885 0.7945858203888879 0.47757553234828265 0.7975963857954825
3 0.48590753788209895 0.7433715226397869 0.49753932358692055 0.7432330235563945 0.4980890897209065 0.7893967356409283 0.48645730402836307 0.7895352339766021
3 0.5827143023739154 0.7449906397777354 0.5961154482052962 0.7568398966631692 0.569501915115211 0.786933556658108 0.5561008219452788 0.7750843554053586
3 0.5320955893579367 0.8020055547314394 0.5247021904996245 0.7870588743663932 0.5541594451754008 0.7724905482456239 0.5615528547353961 0.7874371695536835
3 0.5006762741946886 0.7966048320220744 0.5140742958709552 0.8105543656188371 0.48950705168658715 0.8341454765649888 0.47610909017714675 0.8201960021140517
3 0.46538895772232536 0.8125109109135722 0.47913633559619484 0.8250912599651231 0.4548280575260151 0.8516488695590534 0.4410807350564028 0.8390685780363575
3 0.6134103766072485 0.8519736908252579 0.6134104241599516 0.8051967122538961 0.6260964912280542 0.8051967609648625 0.6260965187135525 0.8519736641945951
3 0.6469881581513164 0.8393618485388374 0.633167013994921 0.8418484320332026 0.6258689923729435 0.801291944463285 0.6396899967104446 0.7988053739035139
3 0.6327738270736063 0.7950816114746859 0.645965619517483 0.7868212719298504 0.6663688384883244 0.8193988796074858 0.6531770762505857 0.8276591800509142
3 0.6482946367070781 0.7823427712305896 0.6611206491227222 0.7754911239035353 0.6810696725993921 0.8128277400028356 0.6682436845511575 0.8196793520221253
3 0.6746323283947504 0.7678745868755411 0.6871405393635541 0.7673427147373427 0.6889996054935636 0.8110547662307049 0.676491394700065 0.8115866355638274
3 0.7053199699009838 0.7989267622095414 0.6909265028848495 0.7994419753670681 0.6894930512401061 0.7594012183526536 0.7038863804824587 0.75888600767544
3 0.7834925024825452 0.7047746265240167 0.800917800400839 0.6996225669418977 0.8172993052457969 0.7550192471931467 0.7998740212583471 0.7601712735746861
3 0.8533505150007841 0.7378501749757109 0.8381029628546912 0.7452697102596694 0.8169884549721473 0.7018850348770851 0.8322358695176035 0.6944655394736826
3 0.8827235237823743 0.7132473582099218 0.8678991900234223 0.7182763908092189 0.8534674833414329 0.6757414491517654 0.8682916864034951 0.6707124407894681
3 0.8629816796973273 0.7341975164839161 0.848915188166643 0.7360332142279234 0.8427305711559256 0.6886489973300688 0.8567969177631767 0.6868133092105209
3 0.8504894471224134 0.9324887750597789 0.8627857163581893 0.926024886451844 0.8875467566599582 0.9731149540609072 0.8752505215078372 0.9795787926528394
3 0.9367456511530463 0.8788759140572957 0.9211054036402402 0.8794665373592273 0.9189960280041305 0.8236177790833121 0.9346360482455793 0.8230271600877197
3 0.8957571447912187 0.5663666441845289 0.8833300718488317 0.5689180142672673 0.874972864220581 0.5282157591594002 0.8873998530701783 0.5256643980263148
3 0.9053177821139116 0.4385074141520954 0.892140496851539 0.44365688948557974 0.8749933257881821 0.39978030806800524 0.8881705397873247 0.39463084832974255
3 0.4750012282102034 0.5117228593333477 0.46322560635599075 0.5178880612952689 0.44371951952780364 0.48063394073780696 0.4554950789473651 0.4744687587719472
3 0.541411011863147 0.5085402304279307 0.5559797883992132 0.5063377111803008 0.5635069368635186 0.5561225642343379 0.5489381623235658 0.5583250744825953
3 0.011455806944240976 0.09917180135866172 0.00702675531681507 0.0827275773073869 0.03003940512360259 0.07652941300196393 0.03446846007113891 0.09297363189899725
3 0.47427757345701593 0.8033220282503277 0.4614674300602246 0.8061060757267408 0.45205776575653545 0.7628176148156689 0.4648677774123371 0.7600335822368387
3 0.759999259479855 0.07081919342410423 0.77246073047138 0.0836920666348613 0.7445815166140619 0.11068021798665995 0.7321200527801466 0.09780735180666442
3 0.6980303383907085 0.12542820740621613 0.6925030391827249 0.10853822627768513 0.7302631578947967 0.09618115350881555 0.7357904628496499 0.11307112277278675
3 0.4125148951651454 0.9055711628656589 0.42106241519547893 0.9206715669017674 0.3949228880867395 0.9354638401492399 0.38637544172820526 0.9203634997502179
3 0.12405717666581495 0.49373524484577935 0.13856485889266423 0.49618082734736013 0.13122374808517634 0.5397262757541071 0.11671606798245193 0.5372807017543809
3 0.006811825596628296 0.5349354960034106 0.022259857456106147 0.5324732302631596 0.029927109294931142 0.5805724054627642 0.014479079830380215 0.5830346609935705
3 0.167578386366813 0.6093632861563615 0.17323988553710024 0.6291488407636917 0.13269276100891148 0.6407496171016583 0.12703135471269889 0.6209641419688023
3 0.14203451833475356 0.6614225809725367 0.13625548762456674 0.6408404393652208 0.16852461951759778 0.6317810899122904 0.17430369139776758 0.6523631634202682
3 0.22754740589289213 0.6655191949090902 0.21539720463567846 0.6693766246383791 0.20340394818765617 0.63160481244439 0.21555406030699942 0.6277473980263227
3 0.1519365079666386 0.7106664576478434 0.14637441883155589 0.6920880663014265 0.17647355824601618 0.6830781508218942 0.1820356829348384 0.7016564803194805
3 0.1952872403460333 0.39099298425810786 0.20639176955819494 0.3994263124451808 0.18560223989913993 0.4267993848421825 0.1744977265138914 0.4183660747475252
3 0.08780566049460958 0.3570904783829139 0.09643407760324862 0.37297806238772657 0.062019483749850224 0.3916674966771632 0.05339110791521762 0.37577994817942667
3 0.42253048763177503 0.2885028450584138 0.40958674398325456 0.2767348744557381 0.43360611842103935 0.2503162708333098 0.44654984026794864 0.2620842238577239
3 0.05476586073825729 0.2528081841216206 0.041336675782304155 0.24084889298888293 0.060672588815805284 0.21913683114035973 0.07410175727500246 0.23109610954101134
3 0.20175435072962955 0.7827319527682273 0.20738931894470625 0.79589680496707 0.17891704550868326 0.8080813947623315 0.17328213553628302 0.7949165919741944
3 0.24267031533122463 0.8201754444615995 0.24267036303729128 0.7680628956001953 0.2554824561403848 0.7680629473684025 0.2554824893776413 0.820175414889334
3 0.419333430399206 0.7816473151044986 0.43074253706811305 0.7754243602338352 0.45052532865702233 0.8116869950799753 0.4391162438628271 0.8179099187120668
3 0.37231716354631317 0.8073429400760088 0.38661864356265596 0.8078015040627045 0.3852927989782984 0.8491427721166784 0.37099131907893934 0.848684210526317
3 0.3256504856342417 0.7818233565291474 0.312459308720463 0.7842950369626828 0.3051843061252839 0.7454755044612198 0.3183753640350915 0.7430038355263076
3 0.6831140311088575 0.12575171690728104 0.6855146340654983 0.14373306617069487 0.6486858660935013 0.14864984850208215 0.6462852787010434 0.13066851344490224
3 0.3544519774504806 0.7675881022233068 0.3385264251261333 0.7694237623445587 0.33337371763866486 0.7247275310982826 0.3492991074560905 0.7228918804824583
3 0.3443880387038689 0.7184341025941325 0.359871197759162 0.7139989886230944 0.37353436942407825 0.7616898115242741 0.35805122051090166 0.7661249006229188
3 0.379914519359545 0.7538301800726764 0.3654626458333041 0.7532894736842096 0.36711460791968875 0.7091456276780282 0.3815663383242054 0.70968633137365
3 0.36938706115097375 0.7083035871055047 0.3833602390350279 0.7001997839912376 0.40481163162235134 0.7371820601293414 0.3908384817988235 0.7452858250381658
3 0.4229277765822417 0.7282728268446187 0.4080481312843176 0.7294636359333835 0.4043837928662697 0.6836822855757513 0.419263290570143 0.6824914824561432
3 0.4202730392471494 0.719298251850185 0.4202730831640338 0.6746840687540627 0.43421052631583734 0.6746841096491518 0.4342105485312686 0.7192982264332834
3 0.4076823215392551 0.788071848195486 0.4216090279578566 0.7831084006680127 0.43511459810952147 0.8209956790529513 0.421187903859618 0.8259591021124268
3 0.5649681417648935 0.06418785743208015 0.5789057009701537 0.05785908695677262 0.5971518667727196 0.09804170327828175 0.5832143096454274 0.10437047023409464
3 0.5982377019519163 0.06260090209044904 0.6115770568625294 0.05837549668869649 0.6245154490528648 0.09922116179071025 0.6111760951145015 0.10344656491900915
3 0.4590806118810633 0.2702457768982085 0.446617706235088 0.25225283907715723 0.47785807017544357 0.23061445942978046 0.490320968747028 0.24860737084256893
3 0.5315107844318163 0.2187881635189463 0.5278547860514209 0.1966830786393546 0.5614035087719458 0.19113446710527465 0.565059525780498 0.21323952800789295
3 0.5227013977488468 0.2058235378194624 0.535818483060325 0.2239892668361324 0.5078560609445049 0.24417999854449768 0.49473899968859314 0.22601429120995317
3 0.5783831203466434 0.20437353628730348 0.5664002735926488 0.18695936810449357 0.6042335164473798 0.16092624561400706 0.6162163573874295 0.1783403911860096
3 0.6144145509258578 0.17461793722730914 0.608411991612229 0.15812072788299306 0.6436403508771491 0.14530288267544325 0.6496429168065561 0.16180007639722802
0 0.3320335922560389 0.3541858322242717 0.34702750231338086 0.35508881765505934 0.34154753680297745 0.4460784189913243 0.3265536271929932 0.44517543859649167