3 0.9794538841911162 0.8395867053202437 0.9861857412280415 0.8336084024123107 1.0021647258621442 0.8515976031520117 0.995432886372555 0.8575758875272176
3 0.006226197736054928 0.8702351651928747 0.011928487938575927 0.8633877697368317 0.02849414988429544 0.8771799152579142 0.022791880653926455 0.8840272910675988
3 0.09295641041126146 0.9103621864396445 0.10031777405708908 0.9192949299491396 0.08045654694774385 0.9356580333105722 0.07309521796048557 0.9267253221396315
3 0.032907121839684805 0.8729582623532027 0.022918725638874093 0.875510907723799 0.01683617202070309 0.8517154331375665 0.026824506578918772 0.8491627960526424
3 0.001720511216262821 0.8720203505107795 0.010726739035135324 0.8690102927631502 0.01693823719165266 0.8875910161081576 0.007932013098525204 0.8906010659462449
3 0.12361104077979235 0.9730435127246253 0.13223269139439253 0.9771326752355921 0.12356402613693263 0.9954044247236901 0.11494238336524631 0.9913152746189672
3 0.027224710233213045 0.9670279860813534 0.019743981469900973 0.9751874040629782 0.002833956503536683 0.9596882857471901 0.01031466327117414 0.9515288952627161
3 0.09704175205013144 0.9197824691051762 0.10495546371998898 0.9243629890426572 0.09191953019524135 0.9468790475469622 0.08400583096283754 0.9422985445607235
3 0.10689118422283173 0.9336830222928125 0.11274179287681818 0.9425024118697378 0.09428545587331882 0.9547426124438625 0.08843487894637292 0.945923250947457
3 0.10180055472085314 0.9634001860029441 0.09577954498604413 0.9572291235335153 0.11095429166664417 0.9424274802631764 0.1169752835099871 0.9485985237187549
3 0.11733736565440722 0.9553520759494614 0.12172718956617246 0.962706540355034 0.10534591009582073 0.9724816040898212 0.10095610987605141 0.9651271602918566
3 0.11234125780174509 0.9881788899043654 0.10447935423735544 0.9810424072254278 0.11888372149121551 0.9651784934210391 0.12674559670892904 0.9723149533227389