3 0.011103334448989699 0.5310317115835249 0.01981109539474346 0.5269036348684094 0.029362574629431037 0.5470497482190907 0.02065481844556416 0.5511778173681718
3 0.9438904496097393 0.40562882205733203 0.9339492675304655 0.4010858870615326 0.9441777050438986 0.3787043749999959 0.9541188619591594 0.3832473032993814
3 0.8477165744386639 0.08166364960435755 0.8559581257698028 0.08844567461435754 0.8404947991160725 0.10723673497987188 0.8322532499587396 0.1004547123521717
3 0.7814113255839175 0.1851554841481978 0.7747679731661492 0.17607710127002782 0.793721754385956 0.16220728947369975 0.800365104771231 0.17128566666564773
3 0.41462164014353675 0.034258953487666055 0.4080646257832541 0.024332615782807054 0.42458193969298463 0.013421820175467431 0.431138953890013 0.02334815710624824
3 0.36964929745295194 0.21569260401653606 0.3616627935472252 0.20729863291644474 0.38081799780707115 0.18907351315789686 0.3888044956452177 0.19746747736913622
3 0.18375324538294535 0.39457127873928 0.17373349863851217 0.38757296213757725 0.18518887280708896 0.37117263925440175 0.19520860288071162 0.37817094764474135
3 0.1770481706727196 0.3504938946908874 0.18195984873545967 0.36095685367006153 0.16383552640786547 0.36946469201453463 0.15892386184202678 0.35900174451753303
3 0.17982457012715258 0.3508771929824561 0.1615054692982767 0.3508771929824561 0.16150547831000495 0.34170151644736835 0.17982456140350678 0.34170151644736835
3 0.30079184968235495 0.22962456155298527 0.31051635556616475 0.2316782095659031 0.30511763096683353 0.257241984986602 0.29539312570375387 0.2551883389681979
3 0.299351264549955 0.22193045815169096 0.3069039843768451 0.22911955958212266 0.2883800109648291 0.24858012609645444 0.28082729792583905 0.2413910315837892
3 0.2882538960824377 0.21173033633028399 0.29696881609311276 0.21763544975640128 0.2827936104067703 0.23855526216529208 0.27407869459170797 0.23265015387178153
3 0.27373515860927 0.20490321664199795 0.2823742181144553 0.20645748002453 0.2785115761304269 0.2279268954633491 0.26987251692457903 0.22637263319976836
3 0.219153073387929 0.2107279142029276 0.21203690676247788 0.21719490096617267 0.19694940382032655 0.20059307095138887 0.2040655646929963 0.1941260888158218
3 0.22916107547928277 0.19879578238333023 0.22280015298099443 0.2087198148350475 0.2039824151496532 0.19665850814961267 0.21034333662282734 0.1867344824561096
3 0.22103675298262715 0.16574817872571165 0.22776145217460453 0.15889066822033734 0.2445427617731184 0.17534682736075374 0.23781806679619422 0.182204333679414
3 0.2627445821492529 0.10314895197892598 0.27024691885969787 0.09608800986842563 0.28516781545226877 0.11194158946191192 0.2776654811799517 0.11900252904510132
3 0.3030898913443707 0.09806752069887353 0.2968346558147914 0.1054770114867374 0.279220241405028 0.09060661990351075 0.28547547536049933 0.08319713160577737
3 0.31645260006564513 0.0241511841785607 0.3092600179745659 0.03045296597069181 0.2954457090603455 0.014685910745804177 0.3026382905701439 0.008384129385994565
3 0.1278398115013033 0.014776225024745711 0.12189448141407411 0.02477502048373548 0.1018222336214194 0.012839969185003415 0.10776756359643969 0.0028411743421375324
3 0.11758233607781676 0.02762026714940279 0.12510858076973363 0.01970276252839592 0.14237213690171302 0.036113199807091934 0.13484589312213302 0.04403070352061322
3 0.11238542709702415 0.06131289657591224 0.10475445235067582 0.06781316900522133 0.09035342406184554 0.050907141721029746 0.09798439692974625 0.04440687061406382
3 0.06871485513909192 0.0696357394550085 0.07553434649128121 0.06015797478068996 0.09403149536467481 0.07346712112830855 0.08721200664513162 0.0829448834155441
3 0.8225324744221325 0.00397027716980609 0.8311807435885612 0.009818537875436633 0.8186145219298169 0.028401166666641844 0.8099662530413525 0.022552906284784645
3 0.992783659527845 0.44419741592936385 1.001993930702497 0.45138884553772096 0.9866404893913341 0.4710511763588054 0.9774302293204755 0.4638597592715915
3 0.04719089600212101 0.6019124925332943 0.05711555043865246 0.597151005482446 0.06928609574015354 0.6225159373061969 0.05936144926567977 0.6272774118412502
3 0.9765124424039868 0.4656509211115338 0.9833192219739431 0.4751842999831303 0.9669919726725311 0.48684104373837117 0.960185208568987 0.47730767876144226
3 0.8817669304899027 0.14652196868039902 0.8910980213091761 0.15196673282196935 0.8798703267374322 0.17120830594402922 0.8705392380981039 0.16576354474950572
3 0.9097374738504413 0.9619407054576983 0.9198263210369078 0.965922312310712 0.9111263281704396 0.9879605327448425 0.9010374886273667 0.9839789399118268
2 0.8289550038502966 0.22370707333039808 0.8397145641674797 0.23131436145182896 0.8233095977921039 0.25451672987491075 0.8125500440811493 0.24690944966234712
3 0.8603562903040256 0.2627643736847196 0.8682125431984105 0.26989162353018226 0.8507457457616283 0.28914453966533415 0.8428895003423804 0.2820172976227598
3 0.8028626414910605 0.017677429201533895 0.8135756899426951 0.02401743323164549 0.8009728229937991 0.04531317382287411 0.7902597751374287 0.03897317056648227
3 0.7262962522962653 0.8389448077727677 0.7327081337718937 0.8292374144737056 0.7532927198502648 0.8428309212419094 0.7468808730582168 0.852538283853735
3 0.8565603432190301 0.7855736954057102 0.8504854103319985 0.7742203813999103 0.8682500657894252 0.7647166096490988 0.8743250012234967 0.7760698966278604
3 0.9737411489843453 0.8171486594224306 0.9842783204513808 0.822585091532042 0.9717010143202742 0.8469579342929445 0.961163855628115 0.8415215210974005
3 0.9842434415161279 0.7725356205495082 0.9935539846366055 0.7797818247837777 0.9769489704389116 0.8011133277376522 0.9676384481228979 0.7938671469993424
3 0.5996114920161517 0.9724739204647054 0.6069405807113526 0.9656041112179915 0.6249956549011131 0.9848606521201856 0.6176665924842837 0.9917304343196921
3 0.6132551139062343 0.96125798037576 0.6235339506579294 0.9574259517543914 0.6313498379571456 0.9783849187488867 0.6210710077804151 0.9822169346986013
3 0.6359200132379783 0.9403107352100649 0.6438492960526219 0.9327770131579102 0.6592342440462744 0.9489653681371314 0.6513049849130539 0.9564990659623214
3 0.6617894748590061 0.9460649871149873 0.6514313960825575 0.9490140822579292 0.6447621843544766 0.9255960409930637 0.6551201951754138 0.9226469561403583
3 0.6720092058412774 0.9305452950708771 0.6659913829307698 0.9380451982357971 0.6496215134081922 0.9249136626273704 0.6556393245614345 0.9174137817982425
3 0.6593110990012292 0.9095848983824103 0.6677808442982496 0.905032437499991 0.6784330720919343 0.9248456075747784 0.6699633367355773 0.929398054147041
3 0.742686119175687 0.8183458784832254 0.7514372083333001 0.8118635548245687 0.7645721899846194 0.8295920359758105 0.7558211162669295 0.8360743416687145
3 0.7740445198741099 0.8214282301312608 0.7678430547166499 0.8290761583597281 0.74782697160731 0.8128490329288063 0.754028423245586 0.8052011293859795
3 0.7790896276940202 0.780788742937497 0.785243433114033 0.7719312785087613 0.8066873399856149 0.7868268424918754 0.800533565462274 0.7956842793036976
3 0.791291724179473 0.7678857608650834 0.7972600405702224 0.7578501973683884 0.818590510397371 0.7705334937891177 0.8126222275536747 0.7805690281053757
3 0.8043599355912647 0.7507151667566337 0.8157995568097931 0.7452601237419167 0.8274729649820074 0.7697358348957816 0.8160333546204583 0.7751908607642427
3 0.824911823925504 0.7365277407432201 0.8337126228070701 0.7284009089912105 0.849707299173474 0.74571915973271 0.8409065211650386 0.7538459698432358
3 0.8479405537462981 0.7101261919653581 0.8588984660087817 0.7043564506578973 0.8693802592763404 0.724260414752831 0.8584223567190747 0.7300301418677403
3 0.8654670872355155 0.691769594888551 0.875610223684248 0.6873874177631588 0.883638385800964 0.705966931701859 0.8734952548823003 0.710349099378544
3 0.8746128933036061 0.6874737245346184 0.8812658739034305 0.6805903991228457 0.8949652785287299 0.6938294512503184 0.8883123119230731 0.7007127628554236
3 0.8828557650363109 0.6756830922302478 0.8889090070651946 0.6704045853128184 0.90432742896121 0.6880835006391977 0.8982741990091654 0.69336199468809
3 0.8905243022503555 0.6686747223178315 0.8974452412280698 0.6629968421052566 0.9093143249773448 0.677462440509305 0.9023933959172155 0.6831403098243861
3 0.9219491819417271 0.667834304580423 0.9151398267543982 0.6763787971491384 0.8964540096129667 0.6614895058490934 0.903263354166711 0.652945033991191