2 0.6128316798245805 0.6049318706140411 0.6260769126990908 0.5878215036110649 0.6726483750838952 0.6238685964838596 0.6594032448304006 0.6409788691580702
3 0.6033751502192217 0.4686981392543927 0.6119023821843257 0.45715303455299744 0.6435082106961545 0.480495544558474 0.6349810148467441 0.4920406164777104
3 0.48175088815787603 0.40912085307019463 0.49285803071995815 0.3968811828816095 0.5243163544970457 0.4254271886089897 0.5132092461947195 0.4376668256778396
3 0.47643218370217255 0.45368051786191493 0.46110975597673587 0.46605879729483707 0.4322672324560699 0.4303582313596807 0.4475895989046421 0.4179799908908253
3 0.673081073196272 0.43553056350677033 0.6577582381646607 0.44452922132470946 0.6326345263157691 0.40175104934209604 0.6479572838785543 0.39275242076310923
3 0.6642582576754421 0.41194660745609796 0.673246673650965 0.39813845422074434 0.7097538625297375 0.42190153858353807 0.7007654897280418 0.4357096536565625
3 0.6628958391867172 0.4390032266042192 0.6569291715931058 0.45421489161546935 0.6210511984648974 0.4401428015350997 0.627017881323809 0.4249311763018644
3 0.6121161418784595 0.45789271700401224 0.5997859421300973 0.4698878492501999 0.5736157532894595 0.4429882697368199 0.5859459194028886 0.43099316886281436
3 0.605579799841621 0.48121043597002516 0.5961730713693214 0.49274226903680163 0.5616790356795036 0.46460674007878144 0.5710857429536418 0.4530749445746378
3 0.6298599948113406 0.44182210014045187 0.6211003294331476 0.45561573185360377 0.5886040317982406 0.4349800921052617 0.5973636920969057 0.4211864963578546
3 0.5070939199561053 0.4942742094298441 0.522860025218165 0.4853019254523982 0.5440252106520802 0.522490528861134 0.5282591267764474 0.5314627830729708
3 0.4890180668077164 0.4919556133247916 0.4763573162238117 0.5040570136864112 0.4428753646000132 0.46902989896671526 0.45553606642488376 0.4569285423093753
3 0.5443803865407517 0.5389182665131064 0.5361384266419691 0.5535727059826443 0.5004465556042987 0.5335005728449435 0.5086885167302171 0.5188461829274749
3 0.44561753618427247 0.5459125427631747 0.45175038601666984 0.5302440895686078 0.49547927629237165 0.5473585760913345 0.489346498569148 0.5630269682382949
3 0.5256215092907723 0.5749212384416299 0.5199912405582836 0.5893944075477758 0.4864031589913793 0.5763294353069883 0.4920334459128526 0.5618563122721526
3 0.34750616249800714 0.5365174175634352 0.33512789396945664 0.5452291284734638 0.3142803037280828 0.5156097489034909 0.32665852114325844 0.5068980634935432
3 0.5465272062364193 0.39206418085648287 0.5381674194052266 0.4028360679815095 0.5126807817981671 0.3830574276316012 0.5210405588945832 0.372285561273333
3 0.5748024551670596 0.423390273181491 0.5604601326518832 0.4332051298461319 0.5377070910087696 0.39995809758773493 0.5520493604476542 0.39014326623154477
3 0.5661031896929671 0.3865487127193094 0.5775783766424638 0.37920964423348735 0.5979524234937799 0.41106448211640306 0.5864772496897785 0.418403533715073
3 0.5338110625000354 0.37155509649124957 0.541717269290416 0.35965494156100175 0.5716162942594565 0.37951835402886663 0.5637101149810633 0.39141848455602835
3 0.6070925022082747 0.3748067247380269 0.5903010504927124 0.39210072707882077 0.5575090208333222 0.36026288048248145 0.5743004300450139 0.3429689234119026
3 0.6302985435095252 0.36038110906297893 0.6121510620100707 0.37868423414724917 0.5772983519736954 0.34412916995611 0.595445784548815 0.32582609440080834
3 0.6755371105342647 0.3460647148169395 0.6678398094182967 0.3643894529559005 0.6235515614034739 0.3457868179824064 0.6312488776302416 0.3274621272371164
3 0.7168194757801984 0.3143354621369723 0.7119966653990559 0.3317205918698099 0.6596971030705845 0.3172125438596203 0.6645199408557119 0.29982746045482167
3 0.7286824437052246 0.2833541090206987 0.7232909267368086 0.2965179224957367 0.6860636644737497 0.2812710559210386 0.691455189400699 0.2681072656214356
0 0.3535851633771472 0.5018800405701994 0.3624868224223974 0.4857277357687612 0.4314807528928668 0.5237476559247934 0.4225792085867397 0.5398998617469637
0 0.44921645927138343 0.5246541007181252 0.43466041227316055 0.537402684815768 0.3798017870328749 0.47477109786256855 0.3943577217786469 0.4620225972366887
0 0.8512784791397507 0.3263247726558078 0.8456394637073572 0.3434650326253999 0.7672084055506048 0.3176625023526683 0.7728474558725793 0.3005223141539974
0 0.8134043973954022 0.34452054475097327 0.8003101010245928 0.36265558589437424 0.7331701820090757 0.31417915521842094 0.7462644502061266 0.29604419262639925
0 0.389796992324591 0.7507685964911921 0.4005437809285013 0.7327579326619181 0.4626431861391893 0.7698054176296468 0.4518965703379081 0.7878159309540931
0 0.4181980778508887 0.7145687719298367 0.4331486896858223 0.702996934374596 0.48206145550659585 0.7661809102327133 0.4671109353598695 0.7777526432120339
0 0.6147996400064812 0.6519738726218701 0.6085593171433175 0.6718833906526441 0.5616986436403977 0.6571974649122565 0.5679390194353573 0.6372880453139738
0 0.752585918549471 0.557347298603277 0.7459779213616002 0.5751994847442182 0.675008602662956 0.5489324320687761 0.6816166487520832 0.5310803619643902
3 0.3341243585526854 0.4975218651315355 0.3433955618277196 0.4839500537741902 0.3759269400801486 0.5061712476999434 0.36665578265433396 0.5197430181650629
3 0.43751241187715095 0.6331691981500374 0.4239823672394323 0.6448213652591097 0.39217055372807863 0.6078870252193322 0.4057005226225101 0.5962349126230445
3 0.314563030991053 0.6074714078174772 0.323901450973608 0.618745055871954 0.2993453811944846 0.6390833978568036 0.29000699780704053 0.6278097839912329
3 0.5339023620712169 0.7129058646059145 0.5225523578204729 0.7264519994574119 0.4851208432017984 0.6950936513157581 0.4964708032833869 0.6815475882415825
0 0.5800757500309146 0.6875415033759182 0.5725216839567793 0.7028945541126863 0.514205115742584 0.6742053464521222 0.5217592002538822 0.6588524007682044
0 0.49594535855271715 0.6863519089911976 0.5039202871806765 0.6697512112826144 0.5583549933080576 0.6958975945047471 0.5503801882346124 0.7124981869393816
0 0.687084918531923 0.6187976494456612 0.6699988056664097 0.6320233775369808 0.6278480661128469 0.5775754015110872 0.6449340344911434 0.5643497584595788
0 0.410408516447319 0.562210506578948 0.42669959066336105 0.548951606537491 0.470758118010167 0.6030803310999792 0.45446711785143634 0.6163391488581224
0 0.32003072368422636 0.5680292949561841 0.33024962385877643 0.5490172552840279 0.39170022541520666 0.5820433133663802 0.38148145993034177 0.6010552371909511
0 0.3582506524122664 0.5284542269737027 0.36956835091109497 0.5114415073024178 0.41353976443042484 0.5406908973985578 0.40222214822654223 0.5577035440504869
3 0.861469263785807 0.36469656044946985 0.8533888525795419 0.38012818326480097 0.8129656008771917 0.35896229495611504 0.8210460161737956 0.34353071175445704
3 0.7152789396930075 0.3946710307017087 0.7240878764971512 0.3812146582620495 0.7582720151083322 0.40359151041486735 0.7494631160610652 0.41704784945803675
3 0.7380713028701393 0.41848045586223137 0.7307765130448161 0.4325452027873838 0.6925615244103938 0.4127257070012082 0.6998563188565186 0.398660998936262
3 0.7653221190382737 0.454326569945747 0.7773189945176 0.465384468201763 0.7506259646157787 0.4943421090699526 0.7386291195174408 0.48328424232452977
3 0.7394623177700623 0.6359277360817975 0.7458271358343609 0.6499103429505638 0.7043500208228579 0.6687879808876653 0.6979852774123856 0.6548054375000066
3 0.7018964182201444 0.9488304365240551 0.7074392442797262 0.9675044693552164 0.6615506270330798 0.9811210513452743 0.6560079550438331 0.9624471502193354
3 0.7158866269373902 0.6174380067465948 0.7257531326754361 0.6292672828947676 0.6890936038848849 0.6598402047250305 0.6792271567982198 0.6480109835526685
3 0.6299740703919952 0.6484794635269706 0.6180319516950021 0.6633390793329428 0.5827429901315782 0.6349821666667056 0.594685073355663 0.6201226173553417
3 0.4967784569172409 0.7581998269451283 0.4835916145561896 0.7645076090934507 0.46651434868419983 0.7288123958333256 0.47970109007462725 0.7225046422500154
3 0.34499906674898284 0.6827514954319842 0.33685636712357336 0.6960349782063133 0.2924601250000478 0.6688240592105011 0.30060281810631295 0.6555406486129877
3 0.46882345332141995 0.7279076682351321 0.45612157527602903 0.7357352912304348 0.4360075197369042 0.7031012828947172 0.4487093159508504 0.6952736929705358
3 0.5678951704090878 0.7561403163657104 0.5729982745331199 0.7712720059930331 0.5316934042738239 0.7851992632856445 0.5265903914473711 0.770067651315808
3 0.5159003890021268 0.7721158348732948 0.5092905624999275 0.7551257894736383 0.5485339337834603 0.73986113699301 0.5551437934018395 0.7568510997970623
3 0.4908700416804095 0.7645281794079564 0.5055959357245001 0.7747039727031284 0.4802915332795692 0.8113162849345205 0.4655656842104463 0.8011405460526148
3 0.5106054617865539 0.7826049549642118 0.5223992095745871 0.7945838210332407 0.4909041828145746 0.8255859460834616 0.4791105002560698 0.8136071448762681
3 0.5346462134957619 0.8025831913339756 0.5407601060294382 0.8182974632474342 0.49631866912636724 0.8355844315161223 0.4902048870616227 0.8198702532894442
3 0.6217360949825661 0.8784249643635521 0.6281489093094024 0.895194831010766 0.5835120557884466 0.9122596627985541 0.5770993706139507 0.8954899057017204
3 0.6022511418474323 0.8577534501282554 0.6080130987327266 0.8742442786611389 0.5605744509182387 0.8908154407965658 0.554812624043052 0.8743247225938708
3 0.5024841728618412 0.8971796458296115 0.4930512025371172 0.907577239107938 0.4642145886259641 0.8814221663034177 0.47364751594943755 0.8710246282335449
3 0.4474275365731728 0.8622126352571811 0.4334655235070386 0.8705528553278935 0.40939917302250706 0.8302731359820359 0.4233610537792174 0.8219329669571048
3 0.24241582984495835 0.9686245796045821 0.22734697540579418 0.9779304293879405 0.20653402631580775 0.9442375570175513 0.22160274721477435 0.9349317613229948
3 0.5173430668859282 0.4884279989034624 0.5238897136616743 0.4744739458708485 0.5584552771236986 0.4906894317991558 0.5519086769337491 0.5046434451912546
3 0.2585636560348803 0.6131597154339083 0.24946742763154361 0.5949100986841743 0.2847637858822054 0.5773190937336969 0.29386002573482983 0.5955686451155817
3 0.2540335555713682 0.6292663896541906 0.24508810166730655 0.6405322491823816 0.21423839364035757 0.6160394561403326 0.22318382580579055 0.604773639186881
0 0.7214972067305325 0.5889133713537206 0.7053889392968813 0.6030612198544425 0.6557809511027699 0.5465847342706447 0.6718890925025107 0.532436980055666