0 0.0920250678911998 0.6810117580504595 0.08979523378479826 0.6638761795776902 0.21333902188086995 0.6478010595530082 0.2155690384696527 0.6649364218850523
3 0.14857664839655627 0.5514611919915688 0.14670655662530407 0.5385279306989758 0.20022569225113784 0.5307899024653195 0.20209583154473876 0.5437231061176785
3 0.8817366002598419 0.31255399511065546 0.8709065550431205 0.3300711090122693 0.8169779594757074 0.2967303507967013 0.8278079998984822 0.2792132884243796
3 0.7859281436403762 0.3160173157895082 0.7970993123668677 0.2953230350779725 0.8523743100561205 0.32516060125674107 0.8412032152837128 0.3458548183486444
0 0.5645933872211799 0.43974354883326716 0.5553460242076653 0.42156008126495714 0.7407534704942691 0.32727300349003485 0.7500008673329148 0.34545625039927613
0 0.4902986991291982 0.3879925150204749 0.48197461722656953 0.3704334406791351 0.6758084021562354 0.278546680295609 0.6841325275262307 0.29610556369831065
0 0.7570410013362334 0.6701967010624706 0.7656713388867047 0.6870867226708707 0.665815728489747 0.7381019403137565 0.657185628289426 0.7212121217104828
0 0.7328583839828298 0.6548001344113863 0.7413206121140092 0.6715963812391818 0.6387015119466923 0.7232895508890649 0.6302395208333564 0.706493506578897
0 0.7045890143749602 0.6478148870727519 0.7102709915264995 0.6643455282788795 0.5999931210235445 0.7022447293370061 0.5943113771929802 0.6857142861842389
0 0.6570557281764877 0.6143686032654551 0.6638026589624815 0.6300316717481474 0.5845910872111517 0.6641477857259452 0.5778443114035099 0.6484848486842293
0 0.6416096888677885 0.5961337544861273 0.648442410740472 0.6118030853722726 0.5442576717744032 0.6572276027997263 0.5374251502192919 0.6415584418859427
0 0.5078850066839777 0.6358876543631176 0.4999362537587331 0.6189114762555887 0.6043269904045019 0.5700377075678805 0.6122757863479364 0.5870137061054866
0 0.30711535010993884 0.5372550786054521 0.30529698123882554 0.5203548231426511 0.43830136929886976 0.5060448960487711 0.4401198953897847 0.5229449718240738
0 0.2859958136526757 0.5102451692113807 0.2844165945717805 0.4942247561193586 0.4190794420068187 0.48095069666467066 0.4206588062124865 0.49697094601852604
0 0.3798134388799781 0.43863169295115145 0.3818452660002549 0.45453051996089094 0.25053466072381525 0.47130993672261595 0.24850299451759383 0.4554112554824568
0 0.23971315847188635 0.4297352187895703 0.23791603145957652 0.4128381155321414 0.3709573478948869 0.3986884773894202 0.37275459996249083 0.41558543784574425
0 0.21450875290611293 0.4098524462015793 0.21257484978070806 0.3948051951753992 0.2959702706674534 0.38408738844400053 0.29790423858855775 0.399134562929662
0 0.34848238269910325 0.35986644484645125 0.35031862277185155 0.37592568083053185 0.2189019755062418 0.3909508896940913 0.21706586842344677 0.3748917752192507
0 0.3370383067539251 0.3435742878845568 0.33833438142949035 0.3585691499196151 0.2063857788077712 0.3699731093286236 0.20508982017577182 0.35497835526315014
3 0.1525857245271709 0.534781075285 0.15087413347384881 0.521252834136027 0.20337820064105472 0.5146105039113243 0.20508984032744593 0.5281386877828901
3 0.18299289508308902 0.6098931861050396 0.18562874232452486 0.6277056271930269 0.11790517964288938 0.6377257452665186 0.11526946162280183 0.6199134199561301
3 0.41951354557750165 0.7436151747083518 0.4174358210158289 0.7281687922429805 0.48744318658532393 0.718753279796899 0.48952101307224893 0.7341995406919861
3 0.3778627511509285 0.6207356314411125 0.37561894105840565 0.6060801691456804 0.43188789515625103 0.5974660310151912 0.4341317681180499 0.6121214158937069
3 0.8206689292574083 0.7912225539058495 0.8135960688617843 0.7728815936062894 0.8671786525900416 0.7522221077510285 0.874251563467169 0.7705629439407252
3 0.5094433236241684 0.9200280073834299 0.5027438190198836 0.9050690631889788 0.556174813904363 0.881145297876677 0.5628743523371895 0.8961041218845173
3 0.5366808808576025 0.8206766275615018 0.5389221557018118 0.8372294374999729 0.4678099695479432 0.846855689873505 0.46556886184202995 0.8303030307017961
0 0.4434831620171735 0.7899553619628465 0.44159126724889575 0.7755636013855358 0.5100841141000956 0.7665611938622087 0.5119761082016794 0.7809528365419681
0 0.4356160492333174 0.7575166690611812 0.43405671468838136 0.7430257617254777 0.5059256358396169 0.7352931793078987 0.5074850746153743 0.7497839675892276
0 0.5075858078598685 0.7527029551351999 0.509204729669591 0.7663840933071723 0.4387445468138367 0.7747199858339509 0.4371257489034406 0.7610389605262693
0 0.46492275582295406 0.8081463302472025 0.4624951785789335 0.7934573106489411 0.5275125184039098 0.7827141145697079 0.529940188800083 0.7974030167906985
0 0.4568329196755485 0.8274909283628601 0.4549148482132068 0.8105783999233462 0.5370040070858977 0.8012701084305505 0.5389222289237523 0.818182463555266
0 0.4784243790226128 0.8834168327211716 0.47556839955950636 0.8632869508120407 0.55702418206738 0.8517325401499389 0.5598803427899384 0.8718622027346247
0 0.7555436210983544 0.771047777119059 0.7464193149235143 0.751098238311348 0.8232111404805664 0.7159817543255146 0.832335496564724 0.73593110222071
0 0.8373896626518444 0.739495011920726 0.8447914021851375 0.7588296650902805 0.7319523140376987 0.8020183614787391 0.7245508980263367 0.7826839824561886
0 0.36522592283063204 0.4206279490836389 0.3667823022223047 0.4356506815519121 0.2650293227810607 0.44619146212311495 0.26347305372814844 0.4311688311402972
3 0.482707722707687 0.6992320487465896 0.4850299396930495 0.7142857138158457 0.41549574086150187 0.7250102596506303 0.4131736524124108 0.709956709429856
3 0.8768281875589992 0.6251646161224097 0.8852384477878559 0.642612123750502 0.824278386492324 0.6719928460412249 0.8158682631578813 0.6545454550438922
3 0.8444514500699825 0.617364684650076 0.8519734581852845 0.6341615949205559 0.7979410555232107 0.6583552555345971 0.790419161184218 0.6415584418860127
3 0.7911766371685189 0.5839942374313265 0.7987821830392932 0.600131269205387 0.7501204225354741 0.6230633588195763 0.7425149703947227 0.6069264067982107
3 0.39034120990379506 0.6622127972477037 0.3876906034067815 0.6447986162872237 0.44944515493295967 0.635400047425235 0.45209584887209076 0.6528141208347842
0 0.19913480330853872 0.34763582385086034 0.1975333243441355 0.33175902846584954 0.3307338362918699 0.3183232553195319 0.33233541057256843 0.33419994294836924