3 0.45054513454238077 0.2365956280479534 0.44387557287529944 0.23276348792353696 0.4566507389564549 0.21052959709048405 0.46332029136783603 0.21436173384152785
2 0.24541987942882315 0.19157612865823848 0.2288932843796374 0.23744754583878763 0.21935536393414168 0.23401125610195625 0.23588196586388221 0.18813985413272255
3 0.7548793837719299 0.37700861074561404 0.768640350877193 0.37700861074561404 0.768640350877193 0.3848684210526316 0.7548793837719299 0.3848684210526316
2 0.42444949664570686 0.4132727194269624 0.4131472470140807 0.421765554118072 0.39150980431782045 0.39297189782841974 0.40281201973675707 0.3844790822368628
2 0.5871897749401569 0.881777986751065 0.5762421126069057 0.890671087994774 0.5532042277335449 0.8623173428075781 0.5641518223684443 0.853424285087689
2 0.688241410728665 0.6361195556016195 0.6974832799760406 0.6415807163824627 0.6763003340836349 0.6774237113009507 0.6670584817910594 0.6719625732887762
2 0.5378851465268326 0.49634476676204775 0.5477419102322756 0.4999757096416764 0.5346477320659915 0.5355190465564079 0.5247909739010765 0.5318881145051716
2 0.23204961233534505 0.5389358841609967 0.23985016141455162 0.5445347390936335 0.22149310574957326 0.5701081223719305 0.21369256923787816 0.5645092823344369
2 0.5534026078834131 0.8892029290672224 0.5597027844124796 0.888397429773526 0.562855645847776 0.9130513431280176 0.5565554698406459 0.9138568396750921
2 0.8283258338760788 0.6706620996795792 0.8356928599440607 0.6774649108409724 0.8166269663918229 0.6981091316344482 0.8092599595536285 0.691306340405757
3 0.7500207916690442 0.35120367863667534 0.7538450800439023 0.34372557894735956 0.7670402809907273 0.3504733313621976 0.7632159995406482 0.3579514251240643
3 0.7503674243421301 0.3702094155702023 0.7508166093028876 0.359695297515341 0.7657804024474899 0.36033455462446845 0.7653312266062358 0.37084866390195287