3 0.31869529746666103 0.8555576925311362 0.2991031184287749 0.8979064341398767 0.28282078346398976 0.8903752859938472 0.30241298771272795 0.8480266456238283
3 0.42776146853839236 0.8579040104301364 0.4322745252193272 0.8476529934210962 0.4538086076640866 0.8571313369252621 0.4492955880793943 0.8673823224480433
3 0.42000774765313054 0.7934961531155775 0.41559800872892083 0.806710149228891 0.3881041585980256 0.7975367005542948 0.39251392105268224 0.7843227510964396
0 0.3860937427079989 0.7797825354683394 0.3801720746258752 0.7921080991816859 0.35441517065714834 0.7797357575079188 0.360336847587746 0.7674102357456182
0 0.36226450327239945 0.8273860883113852 0.3538070401298228 0.8383100889584982 0.32676319129575404 0.8173767758411474 0.33522063267548674 0.8064528223684214
3 0.2750913232600851 0.7923657307608607 0.2701952785849926 0.8031775068537441 0.24764497296041554 0.7929676723341319 0.2525410263158392 0.7821559287280414
0 0.3545102099978976 0.762373068689569 0.3537889062558861 0.7744625315291375 0.32192277576552897 0.7725615339743711 0.32264412171059575 0.760472116228037
3 0.31524096616044517 0.7565441837261345 0.30927130143243176 0.7670007443841312 0.2857902285770706 0.7535976694060736 0.2917598936403465 0.7431411414473529
3 0.2570592194362007 0.7429044247177026 0.2632214517543616 0.7312182050438596 0.28626057908275016 0.7433648651693251 0.2800983869111633 0.7550510504004174
3 0.034756591651557756 0.7402621550628414 0.04436190992817046 0.7462822509263085 0.027892948312342014 0.7725545967089171 0.01828764673382466 0.7665345223737036
3 0.4786520730222037 0.8612581737419827 0.47803221995752665 0.8735603137945633 0.4527543931378659 0.8722869080722743 0.45337428508776156 0.8599848092104824
3 0.5598196107413287 0.8580402142184473 0.5620537532894332 0.847035210526274 0.5861661512399223 0.8519292013745363 0.58393204898573 0.8629341698024275
3 0.1609632182680798 0.7628606943002891 0.16796504605258633 0.7497829078947542 0.1904573590572909 0.7618231289328752 0.18345557633085718 0.7749008766355845
3 0.5876221613427788 0.8702219997724443 0.5880568618421194 0.8570779089911919 0.613358553380408 0.8579144703094506 0.6129238980611262 0.8710585173342567
3 0.2229162441229846 0.7916666652942385 0.22291631249993316 0.774650153508743 0.2456140573783614 0.7746502381855831 0.24561403508766944 0.791666703872175
3 0.1558274078655586 0.6245882428866583 0.1658352870977069 0.629912699740225 0.1494720118305395 0.660665344999183 0.13946414516362893 0.655340906323959
3 0.9742573848684515 0.4638157894737308 0.9742574322424389 0.44668749774929634 0.9989035268702082 0.44668755556429995 0.9989035087718321 0.46381581811114814
3 0.8431427860485883 0.4200717577276084 0.8545303749999675 0.40750529385965734 0.8779435256220722 0.42872087948258975 0.8665559633247994 0.44128731763414725
3 0.6942212381911759 0.26779014490618513 0.7094544046052533 0.26287499013157156 0.7205469828966216 0.29725256586231896 0.7053138199852356 0.3021677129569068
3 0.8216240133911015 0.8989980608897506 0.8180827634715797 0.9131497713027195 0.7934636747911554 0.9069907003493871 0.7970049572368225 0.8928390394736418
3 0.5221621777177461 0.845394734255913 0.5221622478070458 0.8316783728070607 0.5492594491478258 0.8316784882252096 0.5492594265349453 0.8453948022013442
3 0.6638621053286897 0.8777538276631429 0.6575191516670884 0.8914869983645083 0.6341005311860499 0.8806731219970176 0.6404434967105317 0.866939998903476
3 0.030293566011096118 0.8506506159237709 0.031089066381582597 0.8683234259885669 0.0014153639563119214 0.8696587475283927 0.0006199353069860081 0.8519860065789457
3 0.48982945493048646 0.8136405887651966 0.4858284037914018 0.8283993631886601 0.4570229169709137 0.8205918344402323 0.46102400219297124 0.8058331151315541
3 0.45165476840804786 0.8016282378494277 0.44622782412784545 0.8154369446417233 0.41894309775204874 0.8047158718692983 0.4243700614034651 0.7909072149123272
3 0.39128061859241825 0.83147476463703 0.38497297586752666 0.8465373644280223 0.35832948985478197 0.8353824017476018 0.36463715131571917 0.8203198574561704
3 0.05231885304044681 0.821398026540153 0.04805008054268001 0.8351999236824537 0.021109793678306232 0.8268692734753899 0.0253785932017081 0.8130674254386361
3 0.9508422133915246 0.9017644264470872 0.9549330613720031 0.9127842249714372 0.93247805435999 0.9211179695874091 0.9283872496281447 0.9100982077385269
3 0.883689745148672 0.9432271166323396 0.9048732642544337 0.9327215208333091 0.9101298205409876 0.943318010257167 0.8889463131132516 0.9538235881942232
3 0.8925439041984191 0.9089912280701756 0.8687355701754313 0.9089912280701756 0.8687356154008512 0.8952792346491227 0.8925438596490949 0.8952792346491227
3 0.8249501831140833 0.9297354923245672 0.8272824326862747 0.9162846508918998 0.851219505007748 0.9204340139659036 0.8488873074340972 0.9338848093724151
3 0.7916211109939013 0.8978202956664435 0.7899695420958324 0.9108860060135657 0.7647579629889378 0.9076998711546216 0.7664095707032175 0.894634206496565
3 0.667188220738808 0.9081137464748129 0.6740399385964793 0.8952834429824552 0.6983979939004712 0.9082880209599512 0.6915463331530418 0.9211182754004457
3 0.6660199667084044 0.8863178711600255 0.6727360230263457 0.8754827499999727 0.6947479236513345 0.8891233630983221 0.6880319106865045 0.8999584463238559