2 0.7474839111580422 0.4911944799619142 0.7545235219298547 0.47814207675439924 0.7742289611935576 0.48876912884408164 0.7671893757986936 0.5018215102376431
2 0.34378770844705286 0.4316939913386557 0.3296463457625123 0.42901839808682796 0.3398570542502739 0.37505457232324235 0.3539983241066693 0.3777301565614036
2 0.26236430236372144 0.3488160311070261 0.2500034900558603 0.3466332012575594 0.2577109399753681 0.30298948679026283 0.2700716992458183 0.3051723118517004
2 0.27683954885105777 0.31147540744843727 0.2895862057469003 0.3134615469296389 0.28205172574212156 0.3618147529961285 0.26930506998633064 0.3598286185006278
2 0.23100115953877776 0.2823315029614871 0.24874350623906594 0.28579606039468936 0.23356294488746698 0.3635348853335636 0.21582060204411846 0.3600703413988816
2 0.19481299865447 0.2859744933745941 0.20646451602362959 0.2882145927554691 0.1947485508430873 0.34915150613045876 0.18309703536010602 0.34691141347062515
2 0.17852831016364235 0.256830591865122 0.19563065488250686 0.26094899741578004 0.1799088853357489 0.3262345636712813 0.1628065448973075 0.3221161704011565
2 0.15319658042869833 0.2522768569007679 0.16895847339594638 0.2561538050626911 0.1521672111718999 0.3244177202770408 0.13640532246040493 0.3205407840850946
2 0.12665863055406135 0.3178506382083287 0.10652406587405494 0.31369281446689995 0.12484921600878351 0.22495446271929528 0.14498363482516652 0.2291122709315657
2 0.09770806792664644 0.23588342118322295 0.10806009475277278 0.2381685611597442 0.0982832040381254 0.28245846609055447 0.08793117852655996 0.28017333020468665
2 0.03920386271704501 0.2714025511581537 0.026519533606460755 0.26842756263200673 0.03739020143166272 0.22207976567318458 0.05007448708954598 0.22505474889964674
2 0.08805789532357267 0.1429872491181545 0.10111120823523834 0.14490822644152374 0.09469240021928726 0.18852458991227317 0.08163908777066808 0.18660361472576922
2 0.6972255852837179 0.5336976333181246 0.6876487202289354 0.5322883643964732 0.6924738474458536 0.49950148146118883 0.7020506633772357 0.5009107467105294
2 0.35464415535398075 0.36976320736950397 0.34274907976680424 0.36741681949009836 0.35162846820185223 0.3224043717105346 0.36352348790285305 0.3247507539160139
2 0.365500609452738 0.44899817991866164 0.3512001434094145 0.4463305977318765 0.36415052649795143 0.3769098463128037 0.3784508688107735 0.3795774166592477
2 0.41133897065367364 0.38979963764628744 0.3981322735506865 0.38700101119136654 0.40837234056436955 0.3386804000750604 0.42157896779383464 0.34147901888359156
2 0.42762360677932065 0.34699452842665346 0.44159538566566425 0.3495967387110659 0.42985204965725643 0.4126463430289454 0.41588027341208544 0.41004414239670683
2 0.6357056798885878 0.5510018234094983 0.6240184223196366 0.5484865968672605 0.6323420555660277 0.5098135338848722 0.6440292410161419 0.5123287523983391
2 0.7696019427631882 0.5437158485894658 0.7585918642570277 0.5419303547570025 0.7659831118421607 0.4963570131579004 0.7769931113516577 0.4981425004561777
2 0.023522310420048598 0.2295081946421846 0.031161881047637507 0.23182697833302848 0.024125452850853435 0.2550091074561299 0.01648588311684307 0.25269032583828716
2 0.011459593363724707 0.25683060157282206 -0.00020784742048363114 0.25447903823592377 0.008917763565591486 0.20920258631287014 0.02058516726083326 0.21155414579842416
2 0.2074788793886455 0.23679416830577182 0.21727983084747393 0.23925002762847905 0.2085114961491854 0.27424240420858437 0.1987105459384111 0.2717865483351842
2 0.6218335432921549 0.5500910761451424 0.6125892267908739 0.5485169843420611 0.6182147160087652 0.5154826962719258 0.6274589833315076 0.5170567837976955
2 -0.015591015641120975 0.7077590311835136 0.0036317111042762917 0.6860059766062712 0.07772640978203071 0.7514715536720702 0.05850393342041116 0.7732243698496759
2 0.08926416244821667 0.7194899803383197 0.10156149178624219 0.7206531899961048 0.09831121820184308 0.7550091074561456 0.0860138894990996 0.7538459023064877
3 1.000169745677681 0.19812419853458066 0.9939686370613572 0.21220400767542694 0.9618326621649658 0.19805065060573246 0.9680337752192827 0.18397085635960145
3 0.9270554450110922 0.18286378919716106 0.9348612785087198 0.1666666666666814 0.9673956724483332 0.18234571781333397 0.9595898580513449 0.19854282406654294
3 0.676225332233912 0.06696512796629105 0.6827503015350658 0.052823314692982 0.7073693531965546 0.06418242065645123 0.7008443884068356 0.07832423009068788
3 0.704641749331131 0.07966701582220438 0.711097708333341 0.06648451754388014 0.7362508842454645 0.07880293920202051 0.7297949304797839 0.09198543301051405
3 0.8439549945496765 0.1281043588236714 0.8377563333333455 0.14116575548246454 0.8134635806469532 0.12963698188599332 0.8196622434210212 0.11657559210521842
3 0.8085354291889644 0.11156689660176698 0.802774426535052 0.12568306030700385 0.7771099236107375 0.11520905281489671 0.7828709287281299 0.1010928958332923
2 0.9246079215006375 0.689435328874245 0.9368425638840563 0.6917981325322793 0.9275802915502709 0.7397509980005371 0.9153456527222943 0.7373882069015006
2 0.9384801072386608 0.6830601117840815 0.9249025415829237 0.6803629583685742 0.9365425382262629 0.6217749907827875 0.9501199473936595 0.6244721281934725
2 0.8745476145243174 0.6721311424805317 0.8871691642974611 0.6742204652611049 0.879193822741513 0.7223922863863135 0.8665722756120431 0.720302974438261
2 0.901085645833291 0.770491803728073 0.8752705886046215 0.7654070341115815 0.9050756069626686 0.6141143970961779 0.9308898488793602 0.6191990840739403
2 0.7943304953344068 0.5746812363640773 0.8061567008666088 0.5760365942242716 0.8004649355448237 0.6256948708880841 0.7886387310687724 0.6243395192216988
2 0.7581422544674297 0.5491803122915979 0.7750280694466483 0.5522551729691121 0.7611580908742326 0.6284153129930989 0.7442722816165315 0.6253404736628543
2 0.7442701788594377 0.5045537229255136 0.7536579890003168 0.5083638325620307 0.7400482613251143 0.5418943572215448 0.7306604573043387 0.5380842585729327
2 0.6622436805336065 0.5127504570640349 0.6510930620501085 0.5111259986318138 0.6580217127193464 0.4635701271929897 0.6691722527339152 0.4651945798163129
2 0.61459588037701 0.46812385914355453 0.6265935384411705 0.4698509852646885 0.619975154475469 0.5158229440861121 0.6079774976844874 0.5140958239746127
2 0.5741857776304187 0.5109289636424547 0.5623978701963779 0.5088000794794274 0.5702865105237152 0.4651231214356442 0.5820743421045336 0.4672519985836064
2 0.5186972090640438 0.4380692145748821 0.5298493673317353 0.4397476149223962 0.5235223292397677 0.4817850656207609 0.5123701720858662 0.48010667027149884
2 0.48793727853501423 0.44626593957042626 0.4764350129272543 0.4437269732235823 0.48695078402317904 0.3960902427886374 0.4984529801537292 0.3986292011815632
2 0.4571773273313511 0.41074681352702935 0.4458991635262919 0.4084128883097217 0.4556096141642456 0.36149168834138695 0.4668877164714331 0.3638256069940821