2 0.1086907803480699 0.7775096932572652 0.13387660087721542 0.7850678728070298 0.12413807697771517 0.8175128995463736 0.09895226973685567 0.8099547510965047
2 0.4365541958044332 0.5829560990904799 0.4315083996843896 0.5958067752361835 0.38734903746376403 0.5784693579853917 0.39239485489486015 0.565618735690528
2 0.5589719656425132 0.013487253277919699 0.5762514550438027 0.02714932127190731 0.5469651670136955 0.0641899677309184 0.529685680921034 0.05052790350879492
2 0.7520372859777353 0.11161379293504152 0.7468713717078117 0.12432973073100964 0.6748738645486583 0.09508042840269712 0.6800397845787529 0.08236450604615014
2 0.6216530855263045 0.07466063377191878 0.6255192122376911 0.06338785185210816 0.6685727926395657 0.07815352803232864 0.6647066729700555 0.08942630396672084
2 0.5972060537282005 0.09276018092106227 0.6009040221744044 0.08007495449703508 0.6495925493421737 0.09426847697373439 0.645894591615388 0.10695369423797493
2 0.7089639314198166 0.12292604394391145 0.7032098393536899 0.1369327937054159 0.6507566782610184 0.11538465363599044 0.6565107754887549 0.10137791828934084
2 0.6356231548879805 0.37405621320285176 0.6272406892446725 0.4013731864629631 0.4876760136385201 0.35854762077294594 0.4960586037490202 0.33123086978974514
2 0.48311996155791803 0.4947207817732694 0.4791393233385861 0.508033634361 0.43043084061923764 0.49347042712008204 0.434411508053131 0.48015762541713897
2 0.437718277412273 0.5324283563596732 0.4426909466418465 0.5177755674121141 0.49476135087729745 0.5354449473683924 0.4897887588155072 0.5500976707532369
2 0.34807916228078284 0.6327300153508331 0.35466762633370763 0.6139571073376424 0.44621064392777043 0.6460804532618627 0.4396223889518751 0.6648531838056717
2 0.277066356359569 0.6410256414474208 0.2866993757261298 0.6167971215134042 0.3980083650708366 0.6610464730284943 0.38837568552276025 0.6852747048719149
2 0.28870779934220536 0.6787330317981993 0.2941756188489535 0.6653711722283047 0.34242528910544934 0.6851126226909675 0.3369575549572801 0.6984744099104916
2 0.24097795660679822 0.7699844801762659 0.23832611692660066 0.785412066748303 0.17927823026309397 0.7752639517543672 0.18193015526662748 0.7598364738889833
2 0.13504074451759607 0.8174962291666676 0.1375081170743897 0.8026112842703769 0.1909196743421262 0.8114630471491409 0.18845241431517934 0.8263478919902177
2 0.04074505263156425 0.8069381600877273 0.050608130669502316 0.7908464678474469 0.09778812609658871 0.8197586732455705 0.08792517439758285 0.8358502551706847
2 0.47380675219312707 0.45098039254385003 0.47694442505110146 0.4386863609391609 0.5204820083652066 0.4497972668673549 0.517344379514725 0.46209126055766575