3 0.1007220093235901 0.5180314854074426 0.09420534811488324 0.5263272449081694 0.07330058300794917 0.5099070008859745 0.07981723574562238 0.5016112587718871
2 0.5450095025869359 0.4250768285778822 0.556102359424699 0.42966790183791376 0.5398109447605748 0.4690285109464215 0.5287180954975383 0.464437451024316
2 0.4672026242011498 0.4485226985287609 0.45275357821901707 0.4412452985061171 0.48638179500062506 0.37448127294052996 0.5008307263997267 0.3817586381205776
2 0.4788701795139332 0.315238006368759 0.5075071792709878 0.33089615571029407 0.4339877142518844 0.4653489371576865 0.4053508162653543 0.4496909312035481
2 0.384397189223705 0.38701409140849147 0.3717242231058435 0.3798380848420917 0.39606649819529594 0.33685098940127395 0.4087394091488932 0.3440269762842777
2 0.38564238590481636 0.22731772884725115 0.409158379075393 0.24027233610909557 0.3532797450841372 0.34170419707167565 0.3297637986729569 0.3287496552375872
2 0.3392613404946587 0.24334660805875644 0.3553887842832637 0.2498632425342375 0.33125072060045113 0.30959906158219136 0.315123286717494 0.30308244475660834
2 0.32027873812762664 0.27915109005986044 0.3079839119178587 0.2762285276013985 0.3190863129685795 0.22952330934058807 0.33138109486378653 0.23244586626948793
2 0.2681260896040385 0.25133864528483224 0.24471033382860696 0.24793272751603226 0.2586303735712363 0.1522341607330057 0.282045990195229 0.15564006810705255
2 0.2144686870132091 0.18238716694922302 0.22883137193718994 0.18503692550832385 0.22001541734573493 0.23282210212482893 0.20565273356658054 0.23017234765547734
2 0.15756204687113495 0.04693664488348007 0.17902106753319913 0.05386931210362397 0.15134529932390706 0.13953525233414638 0.12988628301764038 0.13260259408649616
2 0.7679561732455795 0.6715406041666666 0.7806909526569825 0.6715149433693491 0.7807916700336364 0.721491046889577 0.7680568906224607 0.721516707550502
2 0.6444660254802557 0.5739637361592648 0.6591514838161174 0.5766479734961177 0.6500362822437182 0.6265118356125388 0.6353508272989075 0.6238276107379265
2 0.8417033023118847 0.7374760133231382 0.8524209512684138 0.7461827216099841 0.823147039339915 0.7822115060373939 0.8124294328766837 0.7735048445992401
3 0.194836779579191 0.6268038545146092 0.2004052039474118 0.6155105668859256 0.2241270422719026 0.6272057797394123 0.2185586513492126 0.6384990388116017
3 0.25230947910017676 0.5829181700441839 0.24390118909298053 0.5935164464933355 0.2159621722647671 0.571352871113118 0.2243704451755093 0.5607546282894422
2 0.63605048769125 0.5750820067061226 0.6446381700208121 0.5819292820349031 0.6244673593282641 0.6072243061304068 0.6158796949173393 0.6003770507679899
2 0.48247389620166814 0.42269067742256355 0.4977768923728263 0.42425274916453526 0.49277887737366655 0.4732133799662003 0.4774758819988847 0.4716513134870522
2 0.4266886901351654 0.38551057713941334 0.43741848458910226 0.39349922158655454 0.40878032650800833 0.4319620503523679 0.3980505527030118 0.4239734297961344
3 0.07925532551257675 0.9324780139764787 0.08870825644237357 0.9394252478902897 0.06951475604307689 0.9655341946685588 0.06006185304420342 0.958586993333348
3 0.09385869110133171 0.9054638342753906 0.08261107341434126 0.9023369041062743 0.0919486575018027 0.8687577952616472 0.1031961752710231 0.8718847107356782
3 0.3656059365174542 0.9623313996789087 0.3756893913970316 0.9664949325822414 0.36172458920179906 1.0003057154113726 0.351641147221585 0.9961422052936593
3 0.38659536074567313 0.9622154144736818 0.39771593716523057 0.9614788078682628 0.40003837543383725 0.9965305917657828 0.3889177993995645 0.9972671945103703
3 0.6465903233798826 0.942479215570145 0.6381324035386342 0.9540472758370231 0.6089055601402151 0.9326839243638684 0.6173634583333296 0.92111592434208
3 0.4570402049508857 0.8620347658510966 0.46984686951748245 0.8496559813596852 0.4956507173380942 0.8763456528501078 0.4828441127245924 0.8887243764313468
3 0.4239771379058084 0.7466803946339856 0.4116696391131427 0.7569869100136383 0.3862913519275253 0.7266864735637323 0.39859878289473727 0.7163800043859403
3 0.09772481851246084 0.5347379917804553 0.10726692982461827 0.5235573574560998 0.13041304721525648 0.5433096737554035 0.12087096553250376 0.554490280091224
2 0.886868345652374 0.8130900375106936 0.8987896295309383 0.8145511932552012 0.8932337150683907 0.8598712537464861 0.8813124327569994 0.8584101065123272
3 0.008145338590907159 0.4559098624571014 0.016396743421069004 0.44259736951757744 0.04455600260598658 0.46005004400773486 0.03630463293234243 0.4733625061515739
3 0.5364990275768378 0.8494964402706761 0.5274897392652065 0.8568917819201302 0.5073128281435402 0.8323167795032396 0.5163220701754199 0.824921468201744
3 0.5963097631564551 0.8938199124380006 0.5894219919156285 0.906315686774785 0.559568225659973 0.8898640043725383 0.5664560000000165 0.8773682883772177
3 0.2637823563849224 0.6845716654222879 0.27632584429829876 0.6745393059210337 0.29715726909569184 0.7005811270502781 0.2846138128857092 0.710613451206196
3 0.33462443963833266 0.7540232427386213 0.344228899066934 0.7416633399974669 0.3721346704321604 0.7633441746621784 0.3625302659938825 0.7757040268912938
3 0.32497597500025677 0.726913747332452 0.31569920721972267 0.7355132983162892 0.2949789158240037 0.7131647917690027 0.3042556491227515 0.7045652697368423
3 0.22548118074439572 0.6507641492437518 0.23556793969294176 0.640840666666654 0.2577974192665806 0.6634329553376861 0.2477106916149978 0.6733564063916833
3 0.2932664943787131 0.6478151269761006 0.2997450756579383 0.635104054824579 0.32698535913561955 0.6489861023196682 0.3205068227400716 0.6616971360560017
2 0.9710015009421795 0.8510452766074026 0.9834280707821108 0.8539361567075897 0.9728581592850105 0.8993608631943032 0.9604315955698439 0.8964700010853426
2 0.9235226909135008 0.8577228742982532 0.9109804992058343 0.8565550191811389 0.915175509919095 0.811513366677089 0.9277175579430832 0.8126812150494099
2 0.9069371750056234 0.7764587502744794 0.9187748250461709 0.7786267030453172 0.9106933272804554 0.8227455163741295 0.8988556804544032 0.8205775754584114