2 0.32456135587528934 0.8789580690023272 0.32605573488410755 0.8884203565930433 0.2739167497026074 0.896652474981877 0.27242244642263813 0.8871902549549416
2 0.4655728120260392 0.37126287325730656 0.461778707108806 0.3634659498447385 0.513398204590203 0.3383480000185552 0.5171923145551318 0.3461448995661277
2 0.18175068675350303 0.048931040065826006 0.1755451477108636 0.03143510766652418 0.3119049141458845 -0.01692964415664592 0.3181104561048187 0.0005662814895029751
2 0.4348316188239778 0.208714724675553 0.43417785295264366 0.21985500512950432 0.37748150882646314 0.21652778888298338 0.3781352938597138 0.20538752960523074
2 0.45651516449186147 0.23485718265734698 0.4560670788182506 0.24378435403035348 0.39947649786597594 0.24094387089906397 0.39992460087717063 0.23201671820176817
2 0.4657453214274483 0.35018027469543506 0.46183119580689436 0.3338713703069466 0.5722296791547024 0.3073764329407008 0.5761438677253636 0.32368524445724733
2 0.522034890693817 0.31378665306962156 0.5197667900566785 0.3224135490015479 0.46244752561176483 0.3073441024737352 0.46471564144735567 0.2987172313596287
2 0.6192609445988637 0.3640145162423714 0.6265110833271592 0.38390141653831794 0.4781501086794151 0.43798585699919607 0.4709001973684508 0.4180991502193209
2 0.5346853017309741 0.9732324750421397 0.5249937647031402 0.9563835296700021 0.5603485081858253 0.9360530860165932 0.5700400458176773 0.9529019314055504
2 0.5478369387718658 0.44878448177833713 0.5471231734178446 0.45641786730329986 0.49998827840909144 0.4520106716220942 0.5007020659305681 0.44437731092793126
2 0.5251393851177681 0.4852656183822983 0.5684236052630922 0.4805464758771975 0.5768852947854839 0.5581513307801191 0.5336010796214623 0.5628704438907534
2 0.5738856633968226 0.5839431447531741 0.572218967477852 0.5928886781680323 0.5160902129232454 0.5824319562704866 0.5177569433226381 0.5734864686724297
2 0.533432141042681 0.6343725091414877 0.5285666282703687 0.645705124938094 0.45356809010934285 0.6135091305492899 0.4584336299183178 0.602176604640413
2 0.4281574703948081 0.654699903508815 0.4292276015260086 0.6440516250880176 0.489297141211523 0.6500875477415983 0.48822707938199983 0.6607357625104422
2 0.34978303222953855 0.8992530065974016 0.34971841736205533 0.9169813828463573 0.22039218705947405 0.9165087947804041 0.2204571179610184 0.8987807352326048
2 0.2127270449560683 0.9128163179824834 0.2183475210637198 0.9020961819090417 0.2801162248319997 0.9344723631783788 0.27449587109765616 0.9451923943133159
2 0.26460699086828754 0.9574808934841725 0.2590636590570057 0.967730322720574 0.20223011796156243 0.9370005776168792 0.2077734567880043 0.9267512450262915
2 0.6391868905112688 0.8287771997360733 0.6559875359426997 0.8435104089751809 0.6214159252260743 0.8829244187277933 0.6046153749999803 0.8681913103070009
2 0.6703750412077625 0.826122700805643 0.6537318196375281 0.8158663674085187 0.674106153831417 0.7828110904205733 0.6907492543859917 0.7930673749999955
2 0.36073462162562464 0.8024612989790414 0.36141566146795867 0.8130110581914547 0.30394971346208877 0.8167198241541496 0.3032687529098439 0.8061701400910074
3 0.074502975200744 0.344512938225563 0.07071307662215531 0.33418977281435897 0.11044849285485725 0.3196023549453235 0.11423840120062323 0.32992549805714805
3 0.004769297149096019 0.45042465021926786 0.005987847318237982 0.4406661012723496 0.04681628349555922 0.445763990242647 0.045597763504702016 0.4555225118588203
3 0.16752442536017043 0.4447205356288862 0.16552927192981315 0.4560964287280692 0.11428523969811977 0.44710948306727155 0.11628042434210784 0.43573363048244557
3 0.12576566434404413 0.4675751541576414 0.12401117089314084 0.45730450221307295 0.16844518303048517 0.4497144595022294 0.1701997019290502 0.4599850790175335
3 0.11777034275644382 0.5437148647596766 0.11603353520604287 0.5333144072232586 0.15789473684208133 0.5263244298245097 0.1596315728583022 0.5367248512207704
3 0.11521289149777658 0.6223964056244201 0.11490000633705222 0.6332315780599274 0.06073636853523112 0.6316675590861324 0.06104930807089204 0.6208324431367545
2 0.35562579868440025 0.8633722834682676 0.35322955843309956 0.874536192954732 0.29398391112442823 0.8618223010061516 0.2963802149586172 0.8506584811853563
2 0.4188596373631981 0.7418543569010821 0.4192414348269722 0.7552221660214328 0.3529791513183227 0.7571140931668499 0.3525974577371471 0.7437463855702751
2 0.7031939272809495 0.758865697624002 0.7150005350046058 0.7761395392490108 0.6833161287466964 0.7977916333764484 0.6715096096488651 0.7805178706140544
2 0.33339438340101424 0.17457242320798896 0.3349116140351498 0.16422093421052178 0.41797287446081555 0.1763951250656176 0.416455669666675 0.1867465911606499
2 0.41917665177118124 0.19540223573858523 0.4174338279814265 0.20323437304752615 0.3606197041085579 0.1905920716939972 0.3623625372634933 0.18275994801046588
2 0.810629946271888 0.4020267313596453 0.8328458965726213 0.39824749229123946 0.8385664298256188 0.43187343537850903 0.8163504815072429 0.43565266623754867
2 0.8888605669203571 0.42352578928280343 0.8917251718977468 0.4316297506953112 0.8507572846983749 0.4461102746699196 0.8478927072368379 0.43800633662283867
2 0.48652839045735163 0.5016315167185975 0.5080221469298749 0.49759721491227377 0.5123828638232908 0.5208282027205359 0.49088910937075525 0.5248624970885726
2 0.7593193753560854 0.7174554525576818 0.7383360241228729 0.7116228070175512 0.7464101712999991 0.6825801621758657 0.7673933954973791 0.6884127890451495
3 0.10704692748106481 0.3042854673516154 0.1122190512716088 0.3151176860774242 0.062145683391463535 0.33902569792034465 0.0569735942982561 0.3281935087718966
3 0.07961101915407198 0.29073161580196183 0.07891354901073555 0.30093326070085374 0.015983041660092567 0.29663084446217686 0.016680538377158882 0.2864292291666313
3 0.022097035087767836 0.595148623903464 0.02996250198600592 0.5761552520582778 0.05749583135957437 0.5875560421441983 0.04963042452538957 0.6065493630925218
3 0.11838041514317865 0.5498151137717415 0.1197759771470146 0.5404585352308732 0.1591990300728412 0.5463380209752535 0.15780350283500866 0.5556945683558339
2 0.857379512842158 0.6586009175954167 0.8561629864208271 0.672145791904253 0.7796198246223867 0.6652717798342822 0.780836445175396 0.6517270120613731
2 0.802681904738165 0.5601480844827007 0.8372203457943215 0.5780783323235741 0.8112501839391371 0.6280983994378447 0.7767118059210816 0.6101682434210628
2 0.8805032004120221 0.5860019323252607 0.8785706666340047 0.6128568154235946 0.8463974274656039 0.6105417372625745 0.8483300339383959 0.5836869333795834
2 0.8129480471492343 0.45520313925434847 0.8187445212539615 0.4341789774877647 0.9267051605003189 0.463942004575166 0.9209088775936607 0.4849660036592324
2 0.7988517774123238 0.37108691228070145 0.8213118240230415 0.36489751131496356 0.831333522165778 0.4012625566085717 0.8088734808708296 0.4074519438229202
2 0.8638161886337912 0.3474086356403755 0.8665526591357775 0.35629233810519306 0.8196030992819487 0.3707537092478666 0.8168666567983109 0.36187003070177126
2 0.8305464550438728 0.3239917708333432 0.852045555692257 0.3183736015098681 0.859946327773514 0.34860654467779106 0.838447230440579 0.354224704996191
2 0.7580568914473815 0.3089029824561314 0.7904146046548703 0.2935282806587846 0.8189689771453459 0.35362211474566835 0.7866112958841995 0.3689967647421938
2 0.713416502193013 0.2361067554824495 0.7486092168561527 0.22321185471240942 0.7799297324336294 0.30868987601472153 0.7447370411953216 0.32158472763203694
2 0.7809718385366295 0.2752192937919009 0.7809718629385998 0.2583059846490916 0.8100935932050106 0.25830602019213816 0.8100935888157892 0.27521930929135124
2 0.6606507949561546 0.18674525109649479 0.6794850910470132 0.17322282822865256 0.7103307004957742 0.21618469470182664 0.691496422589239 0.2297070956356191
2 0.5807390307018068 0.1192027752192785 0.5979774013372889 0.0944543409431424 0.6718646205823688 0.14591975737885152 0.6546262991529375 0.170668147270446
3 0.06255506592299298 0.2797380366234895 0.06134079906439638 0.29000385275756446 0.016184016359034104 0.2846626859731143 0.017398300438571823 0.27439689035089304
3 0.07589531879932565 0.34754449279976685 0.07671035432156259 0.33857565397922407 0.11800182109175239 0.3423278029695993 0.11718680663932446 0.3512966223521542
3 0.16541753895853617 0.43120870511626863 0.16434551757834015 0.44209045155765975 0.11338804897002319 0.43707052983905215 0.1144601030702006 0.4261888201754095