2 0.7706357792733343 0.5635964931097683 0.7706357918888216 0.5403272157341444 0.7785087719298645 0.5403272269736746 0.7785087747432726 0.5635964888695646
2 0.18638379857077325 0.24907360562645534 0.2011341346287736 0.24699752086273674 0.2082394956968301 0.29747916086516657 0.19348916055355403 0.29955524118830856
2 0.06485154816380145 0.010881559418333962 0.07138382448465563 0.004977809512063784 0.0980408641557915 0.034472812944400646 0.09150858856799005 0.04037656201524443
2 0.18499700499614846 0.11501498723390252 0.174797124461179 0.12029650010965938 0.15653173664952647 0.08502171774320604 0.16673160635968998 0.07974020833333725
2 0.20932043246693866 0.1583691605510186 0.1999456599947962 0.16539597748554297 0.17267755448403932 0.12901667899611965 0.18205231359650043 0.12198986951752316
2 0.16339741626666182 0.1995342365221719 0.17316581730790404 0.208529308395795 0.14883751661511724 0.23494878758227603 0.13906912590846332 0.22595372639491937
2 0.20124744675308648 0.29495559300169377 0.2087049933148819 0.3030011728235429 0.18365067604497654 0.3262236290768647 0.17619314290413968 0.3181780622811712
2 0.9240201672618014 0.6953111209988118 0.9073733137610134 0.6792355174347365 0.9569621612472474 0.6278915594775588 0.9736088886018024 0.6439670467416537
2 0.2282238062258557 0.34760957031781364 0.2188972848399544 0.350051076506469 0.209265554725107 0.31325919329119606 0.21859204166662494 0.31081769188596836
2 0.2552127048844568 0.40372157729379055 0.2648176560603588 0.41628375453882865 0.2270844493059485 0.4451326574290821 0.21747954047225448 0.4325705188765472
2 0.2395586908869518 0.3981883839765401 0.25271962761735267 0.3866234572135892 0.2970686223125085 0.43709017347474394 0.2839077321807508 0.4486550506749648
2 0.27221388449311235 0.44896904422845113 0.2650040843234365 0.4527596933073364 0.2529806382302695 0.4298924845496676 0.26019041776316953 0.42610184210528285
2 0.281600343955688 0.4538538072439184 0.2961136170888494 0.4508657475036269 0.3077415569114237 0.5073398254096169 0.29322828760803077 0.5103278725031406
2 0.5419970553335816 0.9995376301724123 0.5284969160879882 1.0039122473915623 0.5102668659661731 0.9476701780866061 0.5237667839912774 0.9432955997806871
2 0.5641899990306456 0.898687979140563 0.5739630748767013 0.9094130867713092 0.5373352780176219 0.9427808477389757 0.5275622795265917 0.9320558147141403
2 0.6600169758247603 0.8586307267658604 0.6505812186106823 0.8632121747924277 0.6354137485947149 0.8319806751847998 0.6448494342105278 0.8273992478070242
2 0.8610532476332082 0.6149828057362338 0.8720924198719331 0.6214650703101336 0.8537986892639537 0.6526151330828004 0.8427595338271203 0.6461328911479806
2 0.8563942850749982 0.5749495279748855 0.8740763155321929 0.5906360863057654 0.8274205254218714 0.643220885839486 0.8097385923560978 0.6275344301714202
2 0.9695318579797458 0.6944586084113513 0.9797130162345411 0.6990790442691673 0.9676617420404909 0.7256300301125698 0.9574805926974932 0.7210096088415041
2 0.9046052573753514 0.5131900459987212 0.9068736319052277 0.5209535991665395 0.8896611334216686 0.5259823586115537 0.8873927717869492 0.5182188164658036
0 0.7743490049189177 0.199257291719001 0.7873084907656676 0.20680803573950743 0.7647127258109094 0.2455889949122603 0.7517532485265974 0.2380382624363681
3 0.6414084375335278 0.5441702397835331 0.6503484138653448 0.5415344339261005 0.6596957185738574 0.5732351192570815 0.6507557453568324 0.5758709176975579
3 0.5269549687513972 0.41334239838528364 0.5171957058751104 0.41770604590509985 0.5033398153084363 0.3867189530073056 0.5130990427632014 0.38235531469296685
3 0.058479709627704324 0.5113555318589063 0.06995944678544674 0.5085126922522237 0.07688786475091547 0.5364881886938732 0.06540812992955125 0.5393310217502438
3 0.113055728540985 0.9144053762040185 0.10175421001360974 0.9156906390908907 0.09772334222498102 0.8802548914394286 0.10902475109651277 0.8789696348684247
3 0.1320986742190371 0.94264336274441 0.1219453398909991 0.9466514715833387 0.11027209858877995 0.9170885720119036 0.12042535087721262 0.9130804813596586
3 0.12341014467915556 0.9534558599961951 0.13389403024393687 0.9471500674326111 0.15191665852341885 0.9771056801635944 0.14143279734082626 0.9834114402828782
3 0.4108893732305887 0.9632439817042412 0.3982198806907036 0.9666175799213688 0.3874293200721013 0.9261046642911863 0.4000986666666222 0.9227310866228167
0 0.7577277262122379 0.859345781274363 0.7684787516293454 0.8516990489529115 0.794704786061061 0.8885633721910042 0.7839537992739452 0.8962100583972032
3 0.7879604774597055 0.8035063560402513 0.7789573124999833 0.802631578947369 0.7821354933297471 0.769928535048642 0.7911385878824149 0.7708033086963231
3 0.8549345134517807 0.9448189029055788 0.8433165740323147 0.9502484867848155 0.8266470677613142 0.9145893022350705 0.8382648958332766 0.909159748903526
3 0.743491355221181 0.24492706832684244 0.7523796754639989 0.25675801661772485 0.7258631156360025 0.27667886652697066 0.7169748125438673 0.26484793384198085
2 0.9802800494807116 0.7291312751032152 1.0013454179857035 0.7385506930330439 0.9770845089714157 0.7927977064629709 0.9560191798663027 0.783378353554696
3 0.6748335386802182 0.3198918125261713 0.6832537568033104 0.33268892051574545 0.653038580901466 0.35256912926003875 0.6446183896590583 0.33977204503254294
3 0.5303648660756153 0.3013747981823047 0.5206204806744381 0.30269179166280985 0.5153171524289064 0.2634535361146646 0.525061504385917 0.26213654495614663
3 0.36692176000781274 0.04545518268059905 0.3766280124325476 0.0578690327492633 0.356317323157441 0.07374971617415584 0.3466110739410624 0.06133586904857538
3 0.3530281543851288 0.02099162742452734 0.3663847928016821 0.029766068426771014 0.34984698419918914 0.054940255814374554 0.3364903470082936 0.046165816372251395
2 0.3144571596285459 0.28754287953850155 0.3200526953678491 0.3007434885842063 0.29658345361895044 0.31069144726189596 0.2909879359590377 0.29749085355041743
2 0.35040828955732195 0.32894736804849584 0.35040829824561115 0.3198471732455793 0.36293859954253094 0.3198471836159872 0.3629385964911762 0.3289473727919024
2 0.34332109734339156 0.35764712650158603 0.3521718435914636 0.3699740019502666 0.3340489940395628 0.3829857187750004 0.32519826505233596 0.37065885885825933
2 0.35684823112308095 0.36680934537139886 0.36701773807396876 0.3809334180186938 0.339764352195175 0.4005552761681042 0.32959487603375237 0.3864312312491395
3 0.6216799824341024 0.5137743136925458 0.6291183737203028 0.5095927590399459 0.6443379305118242 0.5366639321388171 0.6368995466622209 0.5408454763862037
3 0.6153293651673266 0.4645528136271669 0.6076510789060876 0.4705484940031243 0.5897590259413619 0.44763672841024754 0.5974372916666653 0.4416410603069933
3 0.5052449572604019 0.3146587094560634 0.516733258760496 0.31316408223341685 0.5210422335828753 0.346283503579793 0.5095539325654954 0.34777812827960014
3 0.4969702356813741 0.23615764485934218 0.507744864660026 0.23309435774458828 0.5170273817935822 0.2657435384227556 0.5062527544318982 0.2688068215440664
2 0.9467104375236204 0.39963955316421734 0.956880895175459 0.41374571372265806 0.9249805930422781 0.43674436878796286 0.9148101747447299 0.42263824367963077
2 0.864791706371193 0.37293767371031733 0.8824179570880233 0.3646195495568727 0.9223079899938966 0.4491430205024545 0.9046817696213338 0.4574610955986147
2 0.901335198273955 0.46831824394588706 0.8922181392051698 0.47694316759664934 0.8602558567267806 0.44315925298409037 0.8693728837719163 0.4345343574561753
2 0.8251447495340472 0.45755720282646856 0.8348479437674996 0.44837791592834086 0.8688017703550486 0.48426724576370267 0.8590986077927028 0.4934465000768759
2 0.8020159428518809 0.537692929102847 0.8121361856931344 0.5449924112802116 0.7901318031829305 0.5754971202358357 0.7800115800534968 0.5681976613602517
2 0.7351056833352914 0.6127898295772212 0.744368610112133 0.6193480631012982 0.7237229538116026 0.6485046931052822 0.7144600458977948 0.6419464821021996
2 0.6544684645341476 0.6990004095038516 0.663331862274049 0.706879616000603 0.640370280743582 0.7327052716852017 0.6315069112019955 0.7248260949029504
2 0.4025699642664904 0.49314492239704183 0.4099899659673838 0.5053011708093476 0.37555335623767405 0.5263190646940376 0.36813339818024815 0.5141628543678906
2 0.3489084502747346 0.4817269857246622 0.3419487237001704 0.47215111811249133 0.37308288359781727 0.44952436003666824 0.3800426011152922 0.4591002014221669
2 0.34340799788060394 0.41045244235177547 0.33821895558446613 0.39719521218562204 0.37061403508766944 0.38451598574559165 0.3758030883631136 0.39777318771156156
2 0.29897228238087337 0.31749914651603156 0.30912524428140387 0.32513493827509105 0.29299508959184095 0.34658173805659237 0.2828421367369174 0.3389459566924488
2 0.27405142650832204 0.2960923459822944 0.2647468107545592 0.2807569638242226 0.2967774024123173 0.26132313377197075 0.30608201644486144 0.2766584913198741
3 0.04986531127974558 0.4784857293439343 0.04074015352591687 0.481928197389989 0.028983059142888123 0.4507649732451544 0.03810817797364052 0.4473225133586519
3 0.06366965630502364 0.5756112539260216 0.05277123126927563 0.582112892347132 0.032573238062695964 0.5482590876221021 0.04347160526310745 0.5417574714912363
3 0.09269004443194717 0.6319857514450596 0.08474864748188793 0.6394180847764115 0.05716413200684656 0.6099476622121447 0.06510549561403423 0.6025153574561346
3 0.0795548564328783 0.6504644835920613 0.08868419650025317 0.6437210841085611 0.1085445939222609 0.6706049125542619 0.09941527329567634 0.6773482893380084
3 0.07615677037426849 0.8582211929931336 0.08428230281458582 0.8514829214086583 0.10566226329910933 0.8772586535167723 0.09753675814010876 0.8839968952586685
3 0.30090401609675155 0.7556932022762501 0.3109463830043069 0.7490563178108057 0.3302598932033334 0.7782746752783404 0.32021754804543434 0.7849115325585604
3 0.37132848014971387 0.8565262512132172 0.3623770527678971 0.8643929352314685 0.3353302312143569 0.833623260794971 0.34428160307015787 0.8257566184210302
3 0.3929044871181304 0.9293679482741335 0.3821434512118458 0.9310534066749588 0.37726096390133534 0.8998881571162741 0.388021906798258 0.8982027061403504
3 0.9509125627889716 0.13388745495669144 0.9398880280376716 0.1372063309162473 0.9305332542908218 0.10613206904480797 0.9415577763157899 0.1028131951754381