2 0.918556232456126 0.2741228076150378 0.9185562392257225 0.2538562118002743 0.9265350879604739 0.25385621710530665 0.9265350877116134 0.2741228063665761
2 0.732124035226775 0.4364125291399286 0.7379513345014175 0.446657974488638 0.7132383809007479 0.4607130619060634 0.7074111046398457 0.4504676364512749
2 0.6924815197704675 0.3169489482071181 0.69863433743717 0.32695922090982366 0.6713154675700252 0.34375019003803003 0.6651626683922132 0.33373993348897185
2 0.6913940363332358 0.32958794790641377 0.7007871275474145 0.3362291544592138 0.6851136785792278 0.3583963307179761 0.6757205952936829 0.3517551336309135
2 0.6958627915665829 0.3460729879599361 0.7047619154404856 0.35313773210698285 0.6874242474229959 0.3749762996962545 0.6785251332603366 0.3679115663916438
2 0.7019828910038086 0.36246052997421957 0.7096158830086097 0.3691021088826704 0.6933252657428284 0.3878236770816344 0.6856922826070786 0.3811821076102468
2 0.7097714428196014 0.3877483524437044 0.7197289402309934 0.3940971625270857 0.703743520572857 0.41916750806957837 0.6937860322873348 0.41281870961238887
2 0.7176278109653822 0.40314344375941646 0.7271077741792169 0.40914986459507513 0.7111313237320473 0.4343642256275418 0.7016513694785544 0.42835781624961283
2 0.7253239372040525 0.4214919795387348 0.7315329869463767 0.43180286320603484 0.7063760628376485 0.4469510617565855 0.7001670361270271 0.43664019815649335
2 0.7406903966497111 0.4569185224372219 0.7456857721060715 0.46556845222265947 0.7200990448853872 0.48034388969475933 0.7151036905294177 0.4716939781918861
2 0.5822800501269967 0.42570931168773785 0.591832243798649 0.43594595954611953 0.5654197372606404 0.46059094058299205 0.5558675692924453 0.4503543177351041
2 0.7300197459135234 0.4895823327449996 0.7243716099276298 0.48393308645626765 0.7417383750000681 0.4665709572368562 0.7473865008715848 0.47222019340356786
2 0.7297600180875179 0.499297478258232 0.7271353808293952 0.4916988371543407 0.7467105263157237 0.48493790570172224 0.7493351692991155 0.4925365349510788
2 0.7181540051941511 0.4981443452045323 0.7267290688660069 0.5092301520735498 0.6992450250212414 0.5304877821096871 0.6906699942660453 0.5194020054110451
2 0.7146175167862339 0.48386436359344875 0.7212157859356694 0.4942411103112957 0.6959458794534612 0.5103082575326227 0.689347637069659 0.49993153432581905
2 0.7062073022772211 0.46523318153226534 0.7148839840937171 0.47359572425327073 0.6944245768760311 0.49482218119055327 0.6857479128349269 0.4864596565234442
2 0.6811174940584124 0.4729336722950559 0.677029267923217 0.45900294818559606 0.7061403508771491 0.45046031578946316 0.7102285943052493 0.4643910099680657
2 0.6983622501973059 0.43451512487292304 0.7052806843391863 0.44728353833766565 0.6777129010506542 0.4622199061638183 0.6707944987801966 0.4494515201218071
2 0.6682616162437398 0.3013538231710938 0.679432839920878 0.31191764964027624 0.644245839831683 0.34912660299263515 0.6330746424422387 0.33856280342033424
2 0.5714522424318602 0.4871279770599249 0.5588793062673858 0.4789804265447756 0.5815605065561158 0.4439822276317315 0.5941333872284531 0.4521297539085619
2 0.6762699335960178 0.3686593652500962 0.6831710921989043 0.3820046995002394 0.6542581701405652 0.39695548552879417 0.6473570410992124 0.3836101765878681
2 0.625192150423004 0.5242275859737626 0.6204203502911696 0.5143942192513336 0.6358580921051953 0.5069034122806696 0.6406298949257234 0.516736765743304
2 0.6056534802949045 0.38183705507390114 0.6128290304488928 0.39144436929908594 0.5858504458973357 0.41159325167805955 0.5786749173138332 0.4019859570435491
2 0.6073907405600494 0.39744356582552615 0.6161204940435709 0.4056540837707001 0.5933198359432481 0.42989538242253156 0.5845900992717361 0.4216848817304754
2 0.5985674649650718 0.4439375029571755 0.5903114551817907 0.43471493653614596 0.6126530844297804 0.41471592763155335 0.6209090806456743 0.4239384758986577
2 0.6164470524762464 0.4290376020051967 0.6266958831544116 0.43676467183744827 0.6064007661626647 0.46368154003227113 0.5961519509122581 0.45595448793397475
2 0.6274808580257059 0.4487918405440886 0.6336475493969829 0.4609634266683926 0.6068057563703633 0.47456180480104054 0.6006390951325784 0.4623902444396764
2 0.6330035441759492 0.45972107512342036 0.641615701113551 0.4691955175899526 0.6140268017873041 0.4942717334023159 0.6054146715001707 0.4847973166276716
2 0.643067651729325 0.4961721233497329 0.6479302882513593 0.5039255798131609 0.6267675783594768 0.517196865495017 0.6219049588961525 0.5094434239814126
2 0.6491227846989887 0.5159951188568253 0.6538491736424703 0.5284418064603136 0.6246960565617883 0.5395111433583512 0.6199697044282857 0.5270644869574731
2 0.5941456307714361 0.4667701175611402 0.6032196489811668 0.4785598982305927 0.5722753428951819 0.5023744783996491 0.5632013619222107 0.49058473176321094
2 0.6343628498021872 0.5549487244132671 0.6289362594395698 0.544890299369012 0.6542863926432574 0.5312149594752317 0.6597129849164958 0.5412733603549308
2 0.6457205829767645 0.5705673079140371 0.6400110943068285 0.5639842767610566 0.660190787280726 0.5464840252192656 0.6659002657571591 0.5530670413856222
2 0.6317965509232408 0.5652588952423897 0.6378030094524547 0.576219980657293 0.6067384610238378 0.5932409447209364 0.6007320423418605 0.5822798936202641
2 0.6147162073966683 0.5476707448741602 0.6224299756121354 0.5541492186493874 0.606191263043911 0.5734824148403712 0.5984775077234872 0.5670039550453971
2 0.6128505695473905 0.5259360305979988 0.6234437704939637 0.5362196100572112 0.5958011220658364 0.5646919191327381 0.5852079546883715 0.5544083736509269
2 0.6114095091729723 0.5083127486614412 0.6190356585827885 0.5220810299913156 0.5799030470514026 0.5437543848516557 0.5722769548983706 0.529986152867364
2 0.5712764750682027 0.522137083466148 0.5650337710903841 0.5070412650642226 0.6069174616227428 0.48972207894733544 0.6131601839468885 0.5048178440666291
2 0.6763119758031735 0.44547213705741784 0.6667262163807663 0.4353624444618148 0.6883123848683681 0.414896157894732 0.6978981269732003 0.42500583067284586
2 0.669278877740453 0.3545546810195155 0.6758037664827725 0.36288954627669723 0.651977091849858 0.38154129327791775 0.6454522184694724 0.3732064421615546
3 0.8992530181068332 0.7110894183648603 0.8924010458672456 0.7126484921372855 0.8881132755241197 0.6938069543015071 0.894965220394738 0.6922478837719234
2 0.8088837096081534 0.3032544310571555 0.8053136974598374 0.29471513072639377 0.8234649122806559 0.2871268815789124 0.82703492699261 0.2956661742862585
2 0.7609649003553614 0.3391164185561077 0.7658966551638287 0.3514852785127 0.7398445910298506 0.3618724281963289 0.73491285808052 0.34950358677326354
2 0.7517458233390926 0.32101892267860593 0.7602345929009289 0.3286373123544894 0.7428979884562068 0.3479539106519232 0.7344092285230772 0.34033553105883735
2 0.7457086929008483 0.30844365335086155 0.7529933536904991 0.3157670818475209 0.7340776271959157 0.3345820721838256 0.7267929759960907 0.32725865325997233
2 0.7466343388879295 0.2913540453282069 0.7531835609636346 0.30243839927194727 0.7255840792155368 0.31874514461420556 0.7190348762136409 0.3076608072532164
2 0.8191191704901257 0.192378981331678 0.8270387543058177 0.2060451117481773 0.7852595098684105 0.2302560120613952 0.7773399507124168 0.21658990298432143
2 0.8047086771857721 0.22835822499955105 0.8098235220556944 0.23719792735065512 0.7888121076781545 0.2493553676488808 0.7836972718420157 0.24051567312934702
2 0.796761147870825 0.26162742690524465 0.7899803132380612 0.2541270502088479 0.8070604583333534 0.23868577412277442 0.8138412878865893 0.24618614421382493
2 0.8275012411833131 0.2988570610687444 0.8334824051993337 0.3072527435132636 0.8116408685589249 0.3228123882145364 0.8056597164037385 0.31441671642500413
2 0.7719298111539956 0.37141459046634967 0.7755147589450644 0.3812347784799412 0.7484262781465532 0.3911232004191245 0.7448413497420461 0.38130302884289463
2 0.833578258494299 0.3106355592304059 0.8393169558776208 0.31928780514221294 0.8168695293740029 0.3341758198382126 0.8111308449537091 0.32552358540232323
2 0.8321753898245561 0.3235843905095474 0.8410551882097934 0.3307351988155522 0.823704820828425 0.3522799452829799 0.8148250316617123 0.34512914718648474
2 0.8266813274761944 0.35850681621786973 0.8239530668689667 0.34916937649306806 0.8421052631579187 0.34386577302629107 0.8448335292860065 0.3532032032520891
2 0.832516389065745 0.3750891365879869 0.8254212555057165 0.36720936889029226 0.8435953493052466 0.3508456393372053 0.8506904747597446 0.35872539637106887
2 0.8356829829352819 0.3885619147009541 0.829949833590149 0.3806450931280742 0.8488454604834033 0.3669619821549848 0.8545786062669549 0.3748787931501915
2 0.8459926449538671 0.41413403868434434 0.8397484437952016 0.4064058130581354 0.8563574067982245 0.39298688267545245 0.8626016024886667 0.400715098145148
2 0.8731911904685603 0.3782996395543784 0.8640493519540087 0.38203007026986757 0.8488936738042412 0.3448908564630701 0.8580354758772728 0.3411604342105106
2 0.7460056054545703 0.37412812392870654 0.7425700629273706 0.36368536735363816 0.7675438596490949 0.3554696140350788 0.7709794100485396 0.3659123552468273
2 0.7722868644135588 0.3789181830462108 0.7803633754865587 0.38645078938253064 0.7586588672996868 0.4097213926947569 0.7505823702121006 0.40218880077459074
2 0.6605666496516278 0.3372181706044069 0.6691636646139614 0.3481688361252706 0.644250469976555 0.3677266199854114 0.6356534753343794 0.35677597315836607
2 0.7868594451379067 0.33980252697650215 0.7935945205799726 0.34701106359356243 0.7765330937069166 0.36295127747591466 0.7697980275279406 0.3557427498673861
2 0.7371776067905103 0.2758628670443011 0.7449419497053213 0.2839498346696231 0.7238097241328205 0.30423847160710765 0.7160453918769463 0.2961515144649965
2 0.7608844733662181 0.26021119804334986 0.7661316785431609 0.26741704633172286 0.747454888348102 0.2810169291665466 0.7422076907586188 0.27381108772761953
2 0.7666141724880617 0.27052202766561195 0.7731726796441762 0.27712841873601535 0.7553676583499964 0.29480394987650826 0.7488091583757068 0.2881975659599124
2 0.7674837932396485 0.28815410455846313 0.7746274165856448 0.2934822045369955 0.7618708328579942 0.3105850605346863 0.7547272140036512 0.3052569657484152
2 0.7716854451156223 0.30014521429658503 0.7789676091606452 0.30562177037908267 0.7652441756866892 0.32386924380021864 0.7579620168144174 0.31839269367099277
2 0.7785087623633444 0.3153348557563099 0.783871341269105 0.3218195447626837 0.7674216132976426 0.3354223632412856 0.7620590417283211 0.32893768110006655
2 0.7806072140909919 0.3259090024156481 0.7888818216823665 0.33167799647292134 0.77532804387738 0.351117823581096 0.7670534421389448 0.34534883658860094
2 0.7946041776494894 0.3556592672257279 0.7993834673027322 0.36432555770562847 0.780068793898522 0.37497677325311624 0.7752895165911013 0.36631049340796884
2 0.763634366451015 0.4180713358380501 0.7582146533297873 0.4097554031376354 0.7792388706139945 0.3960540625000143 0.7846585814575064 0.4043699821459394
2 0.7851164297020432 0.38868183605505807 0.7796146062675007 0.38158901088530506 0.800286601973653 0.36555467763157506 0.8057884204789616 0.37264749212652437
2 0.8059210419006604 0.3835951545360613 0.8097270943443391 0.39256449633576046 0.7879573179727686 0.4018018305152762 0.7841512804835702 0.39283250139919085
2 0.8107577381074407 0.39746515678883076 0.8159822015544478 0.40438255948479046 0.7968706719865395 0.41881605788773896 0.7916462198477348 0.4118986654908849
2 0.8106208857225283 0.4423050617471895 0.8037668314465236 0.4367039919743673 0.8168517379385776 0.4206928585526463 0.8237057804751657 0.42629392069014654
2 0.775837149642598 0.4624143464210668 0.7728323267091355 0.4537335536487256 0.795927502192967 0.44573974122802945 0.7989323322531163 0.4544205193079718
2 0.7874573060133798 0.4261137120414361 0.7945783953227874 0.4339964931566958 0.7759358137394656 0.45083669135268006 0.76881473820481 0.44295392348098106
2 0.7810442954692007 0.40716725125381353 0.7897114596501069 0.41495595384303546 0.7721391170135803 0.4345091554134508 0.7634719653703996 0.4267204659672643
2 0.5728770553597542 0.40535756971607884 0.5844149131295353 0.4152860260836042 0.5585140266390454 0.4453837644457678 0.5469761928367234 0.43545533370560263
2 0.4350483574410191 0.5081293232006295 0.4477831162186021 0.5034322318469091 0.4677227310858143 0.5574879480248255 0.4549879835308275 0.5621850173237672
2 0.4564736952474959 0.4910657534332075 0.46875639875156594 0.49070978869699095 0.47034644999121156 0.5455707672310568 0.4580637465504651 0.5459267304266814
2 0.20223640484027783 0.831173978450189 0.20943546500063803 0.8418950730086712 0.1824252178387269 0.8600280401455411 0.17522620831164204 0.8493069905139873
2 0.10522706607753207 0.30676758807617127 0.10083525179084063 0.32453295842162044 0.06870529446121054 0.31659025214812625 0.07309712719302297 0.29882491008770895
2 0.07939897249843852 0.3282001299134478 0.10256258186075229 0.3339752652381684 0.09946102023707226 0.34641495059225413 0.07629741228072362 0.34063981907893887
2 0.07281484715952047 0.37124347214222 0.08190477376001581 0.37247373689424373 0.07679561901682064 0.41022149003513386 0.06770569298248574 0.40899122807017463
2 0.05991385921140591 0.4085082921940224 0.052084221883660575 0.4073456882278713 0.05627755336092832 0.3791068510231269 0.0641071642761517 0.3802694529940732
2 0.042928225877176374 0.4191621337719287 0.055826531347975106 0.4157445055348592 0.06714750182618445 0.45846797338795536 0.054249200175036094 0.46188559148441843
2 0.04277443497960576 0.6683142955742579 0.03403001405979467 0.6620649744102511 0.05217981339137623 0.636672059784488 0.06092419634046564 0.6429213615204805
2 0.20225568497210134 0.8427727949200873 0.21066963825182938 0.8498932096147729 0.1912547316032942 0.8728299863919465 0.18284080423848081 0.8657095996771684
2 0.18616627516848894 0.8027506045841919 0.20314699029836447 0.8163306389160109 0.1779839253068758 0.8477883988766848 0.1610032722149981 0.8342084334859076
2 0.10133616213533969 0.22823663066369393 0.10348931743010326 0.24532005787765518 0.06958146188196679 0.24959361968491928 0.06742833004386739 0.2325102138157718
2 0.1865359147750496 0.7747525479921523 0.19777133018135373 0.7855972748144179 0.17066044676187175 0.8136793984376769 0.15942508190630633 0.8028347229083399
2 0.18417472649537103 0.7591792102392418 0.19308656175928718 0.7719003918187152 0.16148773777581482 0.7940328290133581 0.15257596747767366 0.7813117055638896
2 0.15281729092532714 0.7707840152712724 0.1480589627565223 0.7573809088488352 0.17982456140350678 0.7461055515351319 0.18458291393983473 0.7595086054974901
2 0.17214906567642174 0.7260830246351481 0.17964403117093752 0.7383867791491804 0.14794007175839852 0.757696259036318 0.140445165399683 0.7453925561410295
2 0.23047306203636708 0.7316176981740197 0.2223235075817911 0.7363447804651957 0.20015023270502752 0.6981237247997132 0.20829972478065883 0.6933966655701821
2 0.261602972352307 0.8373408904467503 0.25099490000934566 0.8401393729998106 0.23179424403474513 0.7673706963435237 0.242402128289541 0.7645722401315713
2 0.3645463657411483 0.7581666990370038 0.3706036643737889 0.7724284385001969 0.33507558441556284 0.7875152032334104 0.32901836223084047 0.7732535286158593
2 0.07558790382552161 0.2963214299767724 0.07300926326399804 0.2800408406881962 0.09868421052635767 0.27597435087724076 0.10126286592674205 0.29225492156067434
2 0.07665339779964597 0.2103772039348573 0.09813562679789811 0.21156268594655164 0.09752541923444369 0.22262015691326448 0.07604319026631856 0.22143467533490002
2 0.45280522759992436 0.4899655777532465 0.46294149734001167 0.4819553031154264 0.49761955379312894 0.5258337940786623 0.48748331487956875 0.5338440339772006
2 0.10635964861864977 0.17843273361120188 0.10655927944480936 0.19404107757460942 0.07305073087388791 0.19446962818147404 0.07285111513158427 0.178861299342124
2 0.07125247844749083 0.021935962176507038 0.07539140524704635 0.0031761875454571057 0.11132411670223519 0.01110393997951713 0.10718519197837395 0.029863712718884227
2 0.3232083146323248 0.7935363484139247 0.33365627533521547 0.8025039483972009 0.3131429030474919 0.8263988322267594 0.3026949748212928 0.817431267104123
2 0.32102817249699456 0.7724743185080138 0.33125466753449473 0.7828203448194679 0.3024601202459962 0.811276729453084 0.29223367607471573 0.800930753742917
2 0.3137659049710919 0.7623351963677477 0.31901881949602284 0.7737968127221655 0.29171685843641626 0.7863070772741476 0.2864639916590477 0.7748455015052298
2 0.4888065643400523 0.5320932078569857 0.4988437306768674 0.5393704746527117 0.47928450843414794 0.5663450338638027 0.4692473593797786 0.5590677873847634
2 0.4623468389095251 0.7916045661809444 0.4537778822444807 0.7977727442719003 0.42714001070737595 0.7607736882800483 0.43570890241232973 0.7546055438596259
2 0.5054794728758907 0.6729687935441805 0.5042979747935306 0.6593121791016517 0.5274122807016965 0.6573127127192615 0.5285938077610126 0.6709692949963099
2 0.5001242827748911 0.6542481772799352 0.4984471148515013 0.6416988534486416 0.5241228070175339 0.6382678190789033 0.5258000018276334 0.6508171108725004
2 0.5094412023298673 0.639331506131224 0.5019258498407453 0.6310440095266658 0.5199565570176219 0.6146952006579288 0.5274718945405539 0.6229826779455494
2 0.5164473314663383 0.6024875528657309 0.522361276284073 0.6135049307675257 0.49435408805982206 0.6285369265742042 0.48844018143995527 0.617519581502409
2 0.5131578736580877 0.5881319820659604 0.5171221232878906 0.5997534003220615 0.4888733368721887 0.6093883972222175 0.484909124492674 0.5977670106020483
2 0.4846736100353155 0.5944902919914 0.48087309167715375 0.5830011144028986 0.5098684210526017 0.5734107017543643 0.5136689554230998 0.5848998479635017
2 0.5030128080273926 0.5403050827197974 0.49702748204310865 0.5283297514598295 0.5252192982455881 0.5142405471490856 0.531204629283593 0.5262158478388824
2 0.3538362145203564 0.7370786076935186 0.36096701527151254 0.7502599933199564 0.32765083147569385 0.7682800174197999 0.3205200973511637 0.7550986890831288
2 0.5341369204793409 0.5313172921186552 0.539362850405837 0.5416977477785735 0.507610018294713 0.5576818659097807 0.5023841241713853 0.5473014408585332
2 0.5362698649713593 0.5482230967195731 0.543859337507115 0.558240915951039 0.5202146041852984 0.57615234432606 0.5126251596011571 0.5661345505669652
2 0.5256810125850961 0.5923074113663764 0.5191325832518032 0.5826196849786263 0.5436012785087314 0.5660817412280419 0.5501497021078876 0.5757694423068588
2 0.5515350556119074 0.5876837052053763 0.5566980719942194 0.5994712066216504 0.526898769243985 0.6125220321284007 0.52173579415728 0.6007345657683106
2 0.5022543909840351 0.4502077527435445 0.512157865641484 0.44578950562711395 0.5342840965309961 0.4953820128904838 0.5243806322682758 0.4998002426714695
2 0.5200179624748671 0.5093732540816934 0.5084192966489809 0.513334915562056 0.48900192999246883 0.45649018405738245 0.5006005000000187 0.4525285405701797
2 0.4842760954527421 0.5230263226302038 0.48427613617798215 0.4646989214488674 0.49561403508766944 0.4646989550438526 0.49561404431733536 0.5230263058565172
2 0.46703339038742797 0.7807654705682795 0.45667191203563107 0.7838689745703212 0.4443586496554417 0.7427666484556289 0.4547200307017647 0.739663160087723
2 0.44157000963502924 0.692404837751082 0.45264782568335704 0.7018193613564897 0.42660556153009566 0.732457823210204 0.41552778368725285 0.7230433407543935
2 0.4405539385471684 0.6684998677398536 0.4517477167486277 0.6820529182665724 0.41568637107127415 0.7118324254985201 0.4044926643357485 0.6982794416309402
2 0.4215685931359303 0.6817583622475514 0.412266723790367 0.6714485554857534 0.438621759868397 0.647673357456162 0.44792360083761196 0.6579831270670428
2 0.35113712738404956 0.7157160414962822 0.3569979526333782 0.7310704450860276 0.3177882919718513 0.7460343275602284 0.3119275513605544 0.7306799957083986
2 0.3028049499189365 0.7367144324030435 0.31365476702228534 0.743919865147653 0.29349999333032883 0.7742633058457984 0.2826502005909788 0.7670579033116398
2 0.29891485746293256 0.7219243754839695 0.30812257669765586 0.7319738527094026 0.28526218455078833 0.752915912065896 0.27605450152611866 0.7428664698601323
2 0.3173914462659013 0.7336596561289747 0.30666364849741967 0.7238695315357699 0.3352172574376482 0.692586043148306 0.34594499979857574 0.702376122716509
2 0.32596286902787597 0.6728523119261325 0.3368527202721907 0.6806455222793385 0.315743962377951 0.7101375535326759 0.3048541362350079 0.7023443729806553
2 0.3366296429636577 0.6694153145898276 0.32413205362990993 0.6711235752874319 0.3152772187493156 0.6063494108846351 0.3277746502193395 0.6046411611842049
2 0.32908972241250467 0.6709784592465569 0.3160466233960051 0.6777155086050978 0.2859670650072985 0.6194881234275286 0.2990100230263124 0.6127511184210338
2 0.30509507955423487 0.6865508034299381 0.2920446848490883 0.689045078784032 0.27890023803968234 0.620280261898369 0.2919504528508696 0.6177860043859625
2 0.261241261408486 0.6523886274256063 0.27262592730119195 0.6459133166692889 0.2985080924745489 0.6914122524206499 0.2871234516547929 0.6978875284002511
2 0.2702008392928974 0.7158936590783773 0.2565438597484899 0.7160352285676043 0.2558890311554478 0.652864862409689 0.26954583004385313 0.6527232938596488
2 0.3751041893360707 0.5802039215917778 0.3671020496954043 0.5671827445820625 0.405407939268116 0.543644179912354 0.41341007491473647 0.5566653070455679
2 0.4057037473073706 0.5601395607488601 0.4178244110188416 0.5706546655176304 0.383592099911084 0.6101097818580751 0.3714714820257541 0.5995947260087282
2 0.41852404822111566 0.5835582930635017 0.428779466791525 0.599717308539305 0.3916725860714223 0.6232647128294422 0.3814172419303077 0.6071057627226779
2 0.42223017001219887 0.6040968755705637 0.43322101558544546 0.6148774375556001 0.4004842678438081 0.6482487221350868 0.3894934700746262 0.6374682082503818
2 0.4226648132022319 0.6244237939487208 0.435017071684797 0.6331076483080059 0.41146842299770015 0.6665999076768069 0.3991161936813796 0.657916088318943
2 0.8512818002805034 0.2799576941723232 0.8569103163885075 0.28767834781774493 0.8370486505526742 0.30215752724354605 0.8314201437826796 0.2944368820320737
2 0.8293879130276309 0.2859701947556007 0.8259889043372368 0.276567838334443 0.8464912280701355 0.2691562960525932 0.8498902406984143 0.27855864375281936
2 0.8371834696876022 0.2515815842899918 0.843173011605586 0.2598089395941517 0.8262778150727854 0.2721084330828424 0.8202882807795504 0.26388108466144217
3 0.6392498576414027 0.796100460214728 0.643017879030026 0.8012867528348259 0.6309925315426881 0.8100218548743572 0.6272245206023399 0.8048355716794335
3 0.736564696668097 0.8181299024452354 0.7421280290539016 0.8152402917596772 0.7498801329376192 0.8301622488160053 0.7443168046856954 0.8330518533978635
3 0.6998826051811875 0.8441860904202951 0.7066524418860354 0.8411158124999867 0.714306368560301 0.8579887024168671 0.7075365363566561 0.8610589729575171
3 0.5966066251778557 0.6736818142626081 0.6030157395911147 0.6798276107790346 0.5918862430374929 0.6914322943209245 0.5854771387035953 0.6852865080721725
3 0.6041666602280884 0.6950256742508378 0.6070017362674207 0.7027909362307303 0.5936490074951735 0.7076652335055583 0.5908139453633794 0.6998999833197933
3 0.6060675387620904 0.7079038887127028 0.6143799845098101 0.7134984010891977 0.6053371255119373 0.7269323603289414 0.5970246878043781 0.721337857858522
3 0.6315472151065933 0.7756571614287066 0.6357841086662575 0.7828936614628726 0.6218695958106082 0.7910389178628963 0.6176327182937484 0.783802431745337
3 0.6304824487197038 0.7911798084044367 0.6352001411927404 0.7965719154820459 0.6263804895517069 0.804286948099091 0.6216628051475936 0.7988948486992851
3 0.6388162066978111 0.8107855028516938 0.6454956875604694 0.8148595997868116 0.6373187172079042 0.8282629948829762 0.6306392424257865 0.8241889059377964
3 0.7606489283316478 0.8217651753161633 0.7552831250977761 0.8243125580412808 0.7475164179688818 0.8079560798320252 0.7528822006578366 0.80540870285088
3 0.6314198762817114 0.8372814372921575 0.6371442919594301 0.8343612301018587 0.6457984302425075 0.8513220763972105 0.6400740193435013 0.8542422764353153
3 0.6377402298410288 0.8311219148481387 0.64510724999991 0.8292781732456278 0.649359406816302 0.846264854396401 0.6419923881538807 0.8481085918727167
3 0.6425312150932996 0.8256195096276845 0.6483964786433489 0.8237800695561569 0.6541971239864779 0.8422721869200092 0.6483318624506182 0.8441116224597506
3 0.587137543495146 0.8715188979960888 0.5930283396753566 0.8698500922477785 0.5978979036507326 0.8870353651686718 0.5920071090907868 0.8887041669215557
3 0.5905689595291506 0.8951427574274743 0.5844913786251027 0.8969218709074177 0.5787475011070455 0.8773050285058328 0.584825050438667 0.8755259199561322
3 0.5656025684654651 0.8899921062459779 0.5718343048246197 0.8877000186403489 0.57803981327163 0.9045674626396532 0.5718080798029632 0.906859544612028
3 0.5719074826743054 0.9085307132230901 0.5657697677735314 0.9110069556609007 0.5582595048625763 0.8923962926196625 0.5643971896929543 0.8899200570175618
3 0.7430863920918682 0.8129954569813527 0.7484864243421043 0.8105374605263245 0.7554874021151363 0.8259149459944171 0.7500873730325566 0.8283729372625578
3 0.7648345433406121 0.8187960209603001 0.7572858496766912 0.8200698266440475 0.7543245252176121 0.8025241515688526 0.7618731864034771 0.8012503486842177
3 0.7090835529984361 0.7595425495281725 0.713555799629944 0.766404580388039 0.7018160577086974 0.7740544321119154 0.6973438238032941 0.7671924124756703
3 0.8464912333434995 0.7554824561403509 0.841527677631575 0.7554824561403509 0.8415276892609427 0.7382405625000001 0.8464912254678438 0.7382405625000001
3 0.6657364283551033 0.67938739178407 0.6704610044992023 0.6858078989412947 0.6573566121813883 0.6954494573393314 0.6526320481261791 0.6890289611207436
3 0.6699561323966918 0.6899341712083099 0.6723128251268236 0.6976849445462685 0.6574825842498058 0.7021935295005711 0.6551259064646047 0.6944427689173652
3 0.9186611589896074 0.7821332632604409 0.9169962862624743 0.7748496536183177 0.9298245614035068 0.7719179287280458 0.9314894420192559 0.7792015270166982
3 0.8784229629446827 0.708034033085434 0.8850745907553801 0.7084494799071871 0.8835489972257164 0.732871586056034 0.8768973695175646 0.732456140350879
3 0.8659443128635758 0.7222253620973146 0.8722014726071166 0.7207998443096622 0.87665880755128 0.7403616754901629 0.8704016488619573 0.7417871900883994
3 0.8513311942182327 0.7317577095299216 0.8568472348592877 0.7309403295252784 0.8592998302842716 0.7474887813090678 0.8537837899810938 0.7483061597723653
3 0.8455940162598381 0.7375705332972917 0.8510154899802274 0.736089371450481 0.8553290094753265 0.7518754276205263 0.8499075368342801 0.7533565867172296
3 0.8336186000016141 0.7438067534490724 0.8399291447368569 0.7429962554824497 0.8421574297810821 0.7603427302436917 0.8358468853554086 0.7611532265854412
3 0.7587279609117559 0.7975758414382396 0.7641892982492209 0.7953138797031177 0.7724497707816909 0.815254241418389 0.7669884368378916 0.817516197151129
3 0.836534992897441 0.7647542397651488 0.8305060030172626 0.765635770360229 0.8278036508399964 0.7471569080769161 0.8338326151316551 0.7462753793859613
3 0.8057344922398215 0.766618272535999 0.8128165702353272 0.7649274378461774 0.8168142571171302 0.7816687479059958 0.8097321803093109 0.7833595791614174
3 0.8007615833382715 0.771603685312169 0.8068000873981873 0.7698233185906354 0.81127456501099 0.7849967032275116 0.8052360623569257 0.7867770666078603
3 0.7851613278076002 0.7803670760878678 0.7916217319227599 0.7782414950119372 0.7975664193870671 0.7963061375060595 0.79110601752825 0.7984317137279419
3 0.7931273508105505 0.7978249038218025 0.7889402456612515 0.800791196965403 0.7790663521873284 0.7868562508317272 0.7832534451754327 0.7838899638157847
3 0.7752521059767332 0.7917071477104862 0.7799871607570594 0.7885855437424444 0.7898579091818192 0.80355525439509 0.7851228598428861 0.8066768515595854
3 0.7684806928309627 0.7943973134574703 0.7733294459669651 0.7910234645437468 0.7848304123662047 0.8075489485524339 0.7799816660935903 0.8109227891731986
3 0.6445515912059818 0.8809270468131772 0.6510475663804982 0.8775721676959054 0.6604691219707775 0.8958105425964583 0.6539731530807558 0.8991654123872161
3 0.6385824434604501 0.889004928507708 0.6452357979921999 0.8875424321969089 0.649559460289197 0.9072073163619132 0.6429061070455191 0.9086698086401073
3 0.6330620109648635 0.9133771940749177 0.633062020250577 0.8951396647518848 0.638157894736878 0.8951396732455582 0.6381578982598057 0.9133771897441624
2 0.14015445452218955 0.9024872176840153 0.14929951649151008 0.9005338108250961 0.1546914345595951 0.925770209827946 0.14554637478261157 0.9277236096610229
2 0.6836416785338315 0.4030093444834336 0.6912428942486031 0.416210145556498 0.6659713834906142 0.4307610515544207 0.6583701960996677 0.4175602750169732
2 0.8480916916553269 0.32623209258763636 0.8423788237054168 0.32718289770030806 0.8403835784138209 0.3151949196761226 0.8460964396930422 0.3142441151315737
2 0.8550581112351665 0.34006024794669193 0.8503284631386805 0.34251679513007555 0.8436619311579534 0.3296819993022778 0.8483915734648235 0.3272254539473885
2 0.47480378698810455 0.6607837441586301 0.46726340069471917 0.6623039839070333 0.46369214007779647 0.644592772090702 0.4712325000000419 0.6430725350877087
2 0.4683980412452229 0.6642539921917623 0.47464315804006674 0.661751888329366 0.4800120995889756 0.675150657099072 0.4737669848216228 0.6776527572756884
2 0.14154838292927252 0.8802597086870887 0.1327975457714956 0.8829831524920916 0.12547313176924035 0.859454081804322 0.13422391557014635 0.8567306469298412
2 0.13160545401535728 0.8819166182877585 0.1398194249932203 0.8786904693218763 0.14757856598350827 0.8984409710831385 0.1393646000356057 0.9016671107586572
2 0.48198113248304253 0.6937430120525592 0.4899680844298473 0.6913392258771847 0.4926822989050379 0.7003562955123346 0.4846953479878948 0.7027600792843112
3 0.6293859756752909 0.9177631578947368 0.6222237448093892 0.9177631578947368 0.6222237686738481 0.8989088596491228 0.6293859621824822 0.8989088596491228
2 0.48128250752404256 0.693868132490973 0.476700068709647 0.6874581581426367 0.4867039287280477 0.6803075131579276 0.491286364922189 0.686717479245435
2 0.4965593183277406 0.19623910737846795 0.5022763305616991 0.1957443409639566 0.5034594525096736 0.20941511411885436 0.4977424403027726 0.20990988032364566
2 0.5032894717816134 0.1841080569873787 0.5076719458012349 0.1892289271982234 0.4989523854445679 0.19669109882678198 0.4945699132254049 0.19157023031951417
2 0.49745273067128437 0.17903501831643964 0.5020907788590421 0.18272600703192537 0.49437732190017414 0.1924185333796511 0.4897392748702032 0.18872754595755073
3 0.6939107094643759 0.6549918722434015 0.6905508112073449 0.6477855687237369 0.7051127083333313 0.6409970339912704 0.7084726093653444 0.6482033260684033
3 0.8540458656406145 0.5436804750504024 0.8489761028937437 0.547322729127808 0.8368918085075165 0.53050371496448 0.8419615592105174 0.5268614671052396
3 0.8835468254746957 0.6640363731242757 0.8818898858789908 0.6553283442466439 0.8980263157894797 0.6522583486842263 0.8996832662361385 0.6609663632140788
2 0.5550011867392186 0.615614198854187 0.5679277436584016 0.6236399832411195 0.5493467174675288 0.653563434653784 0.5364201816539662 0.6455376776397891
2 0.5576523303061549 0.5982286742858423 0.5672964682270276 0.6121078099419958 0.5361835536075432 0.6337245441242646 0.526539470917669 0.6198454578118393
2 0.2936651518967892 0.7099000032698295 0.29897165571992446 0.7189248152650894 0.2764544205091397 0.7321625981782331 0.2711479465053799 0.7231378120670346
2 0.39746514799537636 0.8428585240226792 0.38766136997287504 0.8451792191295645 0.37722532843872614 0.8011011302367966 0.3870289989035882 0.7987804484649024
3 0.5988222294685102 0.9188502175873839 0.6049263936836269 0.9175215466193924 0.6085100235150094 0.9339811319165283 0.6024058603021558 0.9353097997255759
3 0.6029099100034045 0.9424112486672785 0.5969605724458233 0.9431853916493269 0.5944030969259302 0.9235361396966142 0.6003524013158312 0.9227619989035053
3 0.5948301063290273 0.9473306694560978 0.5891346442723489 0.9492637547898303 0.5821714958502753 0.9287536670495168 0.5878669254385613 0.9268205877192918
3 0.5845659333158437 0.9540580608670104 0.5777908679116308 0.9569256383032378 0.5690444028907677 0.936266446448036 0.5758194298246053 0.9333988782894568
3 0.5678545364216916 0.9396111238700673 0.5730761512694471 0.9388926869892238 0.5758630332957182 0.9591422666729255 0.5706414188797453 0.9598607014277624
3 0.5565862516609741 0.9469076814074101 0.5630490504822774 0.9466673262738655 0.5638357450142166 0.9678145195948852 0.5573729462337269 0.9680548739864875
3 0.5144565567555901 0.9567274220631201 0.5078900059984335 0.9575707414334363 0.5054668697879379 0.9387078948992705 0.5120333848684595 0.9378645778508793
3 0.5056155574611694 0.9643555016009598 0.4993199954295733 0.9671999437181935 0.49091426095128554 0.9486008228707163 0.49720979057019576 0.9457563892543881
3 0.49013158665877654 0.9736842105263158 0.48554223795395046 0.9736842105263158 0.4855422521715127 0.957475586622807 0.49013157894739834 0.957475586622807
3 0.48301909988401803 0.9815428585606834 0.4767702074598219 0.9832847327824139 0.47135702558250614 0.9638707494813444 0.4776058826754479 0.9621288804824568
3 0.46234112122556326 0.9718978858887207 0.4683205353763924 0.9679682850532861 0.47970063879961344 0.9852796098001824 0.47372123434479363 0.9892091985005503
3 0.26248927718620507 0.9763006528143315 0.2569983089268817 0.9830625672812676 0.24062501485968824 0.9697705632260734 0.24611597149123554 0.9630086699561635
2 0.04868387719295697 0.5000000031251283 0.0486839087457156 0.47154704862822394 0.058114046787522966 0.471547065340709 0.058114035087669436 0.5000000000000518
0 0.9065065326901731 0.5200530345958833 0.9140071956938982 0.5318407882588552 0.8689594773394447 0.5605024469086628 0.8614588732742732 0.5487147450247283
2 0.2081058848742714 0.8843163918647897 0.21367538898743987 0.8916432802451627 0.19761827069532956 0.9038460331747026 0.19204878863422437 0.8965191649102613
3 0.7035969438007896 0.7837357655956568 0.6988549626983058 0.7761649093948659 0.7108960157089541 0.7686244208712978 0.7156379953942178 0.7761952643532146
3 0.7072368355026128 0.7516332135678563 0.7094121345004396 0.7589399292770215 0.6955076056945018 0.7630787357923692 0.6933323210203071 0.7557720323128613
2 0.8355263119821075 0.2419917314199289 0.8387626619914954 0.25219294668852715 0.8196777231738679 0.25824754287960044 0.8164413823075165 0.2480463353968999
2 0.5224900564995778 0.20369900440267197 0.5159138652616093 0.2083586424535229 0.49788192703897494 0.18291028501206508 0.5044581096491356 0.1782506513157887
2 0.9727416982115074 0.2815302078128239 0.9780769761702004 0.29220547873657615 0.9504674397825283 0.3060037630607797 0.945132179108441 0.2953285069061154
2 0.9561425104475347 0.3177693071549907 0.9516746829889371 0.3043442943365153 0.9846491228070136 0.2933707489035547 0.989116961266177 0.30679573969549595
2 0.49702564977860675 0.2286313745772647 0.4892345504349578 0.23502517217473629 0.4630309330570981 0.20309546729641342 0.4708220186403196 0.19670167872805727
2 0.50180020931748 0.21840895017149975 0.49546095588698336 0.22261574518981722 0.47814892708049683 0.1965284518998558 0.4844881710525897 0.1923216611842145
2 0.4743046616391666 0.24932680096768814 0.4660675988444609 0.25155257879704185 0.4560054841406327 0.21431573631790285 0.4642425252192197 0.21208996162281932
2 0.5291152701629471 0.19536728569293726 0.522358751747106 0.1992536321676209 0.5073469228761951 0.17315543188741533 0.5141034320175777 0.16926908881578415
2 0.5403808431517518 0.1886217686177522 0.5336771709122559 0.19123812232509382 0.5236968017593426 0.16566646902934978 0.5304004649123044 0.16305011732456565
2 0.32039987841108086 0.8518002620460715 0.33028237566929874 0.846982391128885 0.3481019559574179 0.88352591765218 0.3382194754003649 0.8883437626732331
2 0.9372696483476375 0.3356048572648369 0.9266803414059268 0.3406560672502461 0.9076336359635206 0.3007279696492788 0.918222903508763 0.2956767708333476
2 0.3725714708970145 0.8604706266145894 0.36520629258848203 0.865497535737119 0.3464219399746753 0.8379816746406162 0.3537870723683909 0.8329547872807009
2 0.34049436480677286 0.9428226032731282 0.35050227393981004 0.9348301627974412 0.37988622822786056 0.9716137049668875 0.36987836829337084 0.9796060905160876
2 0.3917695321181327 0.9629639961048636 0.38101724894443123 0.9667558546395428 0.3640749237893033 0.918726725251149 0.3748270625000032 0.9149348947368534
2 0.3897733424483931 0.9517543981495519 0.38977342100361057 0.8978477991678214 0.40241228070169655 0.8978478651315861 0.4024122983248617 0.951754367540794
2 0.3992076574542125 0.8890251949572022 0.410943964365174 0.8828733394940341 0.43481044751706577 0.9283936793241777 0.4230741704168395 0.9345454909404916
2 0.4691680565142633 0.9373225039496969 0.4540769450937887 0.9465420887666491 0.4044704625285931 0.865363737089883 0.4195612686403365 0.8561442741228087
2 0.4411546749156514 0.8536321894563146 0.4578914712134292 0.8489612183198604 0.4835765789590596 0.9409726759263495 0.4668398069702562 0.9456435857813691
2 0.9703947200448511 0.26595808836577595 0.9748938192993819 0.27870738619107355 0.9392339510792453 0.29129105624136264 0.934734875929621 0.2785417788668066
2 0.9480700783670954 0.3199812349512954 0.9378816937650072 0.3250570056664269 0.9169555281338262 0.2830539413862707 0.9271438749999561 0.2779781820175595
3 0.7039473615486713 0.7441732469166566 0.7067266417261635 0.7525151066616658 0.6938553413280033 0.7568027179970279 0.6910760763705639 0.7484608711854283
2 0.8984154201435786 0.19130787671154004 0.9068762338696388 0.19771139123896306 0.8888494966488452 0.22152938453410445 0.8803886881981953 0.2151258760456229
2 0.8208253201754587 0.24647023026316542 0.8127188103273966 0.240392712748565 0.8268691751168262 0.22151854461533035 0.8349756757701243 0.2275960570248156
2 0.8131206188278384 0.2702214793925665 0.8205457656467843 0.27692811523405503 0.8053361332641771 0.2937668061162573 0.7979109926914134 0.2870601768223516
2 0.9049436003281244 0.12116655694444549 0.9145358247426429 0.13804200066001462 0.8678698593319041 0.16456735401386172 0.8582776580009295 0.14769193031772318
2 0.8903538353855538 0.16096642325006122 0.8962270532812227 0.17024211506667855 0.8689128575139193 0.1875368492044808 0.8630396487145617 0.17826116537619088
2 0.9199561320849625 0.13867306326428608 0.9256985640986386 0.1495683597226463 0.8971168219521815 0.16463241922102548 0.8913743994032757 0.1537371308958255
2 0.9272460784179657 0.14969666913018997 0.9342038985904537 0.1590347763622878 0.9047024223506241 0.18101611932670314 0.8977446117324916 0.1716780207700444
2 0.8973653647893798 0.17707407523824248 0.9027992920308634 0.18663395897730303 0.8745752322524822 0.2026765869845252 0.8691413154050451 0.1931167122332484
2 0.8850148719967592 0.23361794552948945 0.8801590462187505 0.221003880338601 0.9100877192983035 0.20948291337722733 0.9149435505013344 0.22209696447952956
2 0.9098203106575511 0.22534316034163418 0.918058018622105 0.23182744678567624 0.8990726090543149 0.25594628733584784 0.8908349076091326 0.24946200820688788
2 0.940152366672919 0.17821411157084102 0.9472935314864799 0.1870511018210141 0.9149341973511582 0.21320033290816023 0.9077930443831974 0.20436335365309002
2 0.9278938425964043 0.16398619807859668 0.9377260869446218 0.17258351707409578 0.9172727368147662 0.19597456455408208 0.9074404994142924 0.18737725292781096
2 0.9432839719964932 0.19176340452792684 0.9533687691974819 0.2025042767227222 0.921554909471979 0.23237445261145334 0.9114701278708708 0.22163359562819018
2 0.9508407977727984 0.2174113753107124 0.9555711509900675 0.22833871587203206 0.9237484783475338 0.24211423647416916 0.919018140803928 0.23118690922979998
2 0.931983894265386 0.25698016747194286 0.9268920187854519 0.24664286038025615 0.9564872423245561 0.23206532236843805 0.9615791201607635 0.24240261668030966
2 0.9595854593110289 0.24622392870680196 0.9676156318149651 0.25655918246677045 0.9407198815157471 0.2774558925195155 0.9326897243153098 0.267120652810223
2 0.8944705164473135 0.2672306721490817 0.8901059952894457 0.2558513502427718 0.9215658991228111 0.24378517872805017 0.9259304265314086 0.2551644858935894
2 0.48880926701315275 0.8827518906000154 0.4793844628485431 0.8868836368849524 0.4622041870463818 0.8477031448743522 0.47162889802632435 0.843571422149103
2 0.970023834750009 0.39129850069349514 0.9757089287730878 0.40233208179079344 0.9495288456218987 0.4158207667969805 0.9438437749225841 0.4047872056634921
2 0.88367641756804 0.4583968396890561 0.8969433025889657 0.45868596715966714 0.8957498016529826 0.5134470210309815 0.8824829166666177 0.5131578947368413
3 0.673057659920687 0.6695613909184587 0.6795195097598707 0.6726746538166002 0.6733718295992048 0.6854329189077314 0.6669099826743832 0.6823196605617345
3 0.6852862098655805 0.5925555615961425 0.679874573924053 0.5968160032580827 0.6676451188949386 0.5812837103907217 0.6730567423245475 0.5770232763158167
3 0.673851718513788 0.5995725839827679 0.6680309446567207 0.5999636875251128 0.6666506851858003 0.5794233582964768 0.6724714375000076 0.5790322554824593
3 0.6557100928450836 0.6166510625807872 0.6504390564284677 0.6203687554046021 0.6388563953177027 0.6039484358313518 0.6441274177632295 0.6002307499999692
3 0.6477085276555954 0.6140350895558784 0.6477085350743437 0.5967511076214654 0.6524122807018102 0.5967511129385761 0.6524122807883259 0.6140350873576158
3 0.6865897022534 0.5666662481562236 0.6922155347850776 0.5640656340650664 0.7010618551751122 0.5832007072622662 0.6954360256171412 0.585801316545665
3 0.6701625550780363 0.6544120407532487 0.6759285186086572 0.66111012738381 0.6632154334549796 0.6720525473335974 0.6574494819313941 0.6653544720600395
3 0.6637570778842701 0.6775604757891296 0.6609975252880531 0.6699271445271432 0.6732456140350678 0.6654999035087904 0.6760051712612949 0.6731332245745971
3 0.6780906138827731 0.6769229566328441 0.684554341446642 0.6821254624417845 0.6744075857523057 0.6947302398337794 0.6679438661202539 0.6895277428233325
2 0.9000366846424868 0.5172016553189723 0.9081282618591331 0.5264913854166775 0.8855582792454015 0.5461486652069489 0.8774667257682722 0.5368589576324344
3 0.6809513420196254 0.7174139980287968 0.6755196563671007 0.7119933929000863 0.6865112949561762 0.7009809868421183 0.6919429714408807 0.7064015828448139
3 0.7148471235129819 0.6902230408247468 0.7218252655712831 0.6937972477720097 0.7150362772521248 0.7070498315495448 0.708058138995284 0.7034756302696903
3 0.7256688996741332 0.7073937672185083 0.7286878272195736 0.7131074012530678 0.7165611036349446 0.7195138232414309 0.7135421860164115 0.713800197722278
3 0.7216623941161515 0.7315855307239223 0.7142091066856437 0.7247447242650634 0.7252883562475745 0.7126754468429314 0.7327416287046162 0.7195162409809315
3 0.7355730042208961 0.7495846322012066 0.7394724620052102 0.7570498710421109 0.7245275498532919 0.7648549416518509 0.720628109008203 0.7573897173259205
3 0.7091571174852334 0.6736057674815197 0.7148055401628426 0.678681251433745 0.7052140037538948 0.6893539975644379 0.699565588289147 0.6842785211757977
3 0.7072368355550225 0.659196239838254 0.7109367954629988 0.6643167990864723 0.7009594123826446 0.6715251699256748 0.6972594595625878 0.6664046170652224
3 0.6743122810325985 0.574760124915432 0.6799374078947267 0.571638198464916 0.6891208592860494 0.58818336437076 0.6834957361477336 0.591305285582462
3 0.6951420544572784 0.585719688373772 0.6891788458406154 0.5887363520403303 0.6796520533346211 0.569906116354834 0.6856152434210117 0.5668894583333279
3 0.6997483540239955 0.632122118791886 0.7044348619391485 0.6381081479324181 0.6919755019873719 0.6478614471514236 0.6872890041150868 0.6418754272442574
3 0.8474205166069169 0.5557448458837148 0.8419149135684165 0.5599023388420943 0.8277438809085425 0.5411379200226548 0.8332494692982664 0.5369804353070132
2 0.9472528536073241 0.601203450621031 0.935189178229848 0.6041375355217568 0.9247998408850435 0.5614254022383283 0.9368634254385597 0.5584913289473675
2 0.8787040797190002 0.5911412639414088 0.8905910426002492 0.5883511719450113 0.9003879516684492 0.630085437871357 0.8885009925535314 0.6328755187094391
2 0.8610017365957674 0.593387040718808 0.8734286148256842 0.5905158021881479 0.886975642986954 0.6491413086262624 0.8745487702152559 0.6520125307359466
2 0.9463895511865985 0.6870048779351914 0.9378878014251768 0.6992300561629022 0.9060230348875393 0.6770734628691 0.9145247708332818 0.664848334429824
2 0.9909283803470998 0.651710804994684 0.9844419922415 0.6561831677366207 0.9719042747052526 0.6380016775336523 0.9783906425439 0.6335293245614028
2 0.992621578035596 0.5623191745352875 0.9858550925732743 0.5659775043016538 0.968752697261607 0.5343476247228138 0.975519149600018 0.5306893060088449
2 0.8211371352244896 0.05193819406580956 0.8325132474117254 0.06049385321835702 0.8157090846435722 0.08283763249022573 0.8043329746348036 0.074281975833201
2 0.7354338160824909 0.2771943846881502 0.7176958368439728 0.25859613782104046 0.7455676984649244 0.23201406249999498 0.76330565265323 0.2506122811006001
2 0.5696398371992473 0.39664751677696786 0.5604923418291037 0.37158960158520127 0.6025183793859696 0.35624847807017557 0.611665903579933 0.3813063285215728
2 0.5374534865346732 0.41937733592300586 0.5303740890168456 0.39432850264464137 0.5668859649122169 0.38400988377189627 0.5739653973718077 0.4090586581999579
2 0.371550206255165 0.3154690875034487 0.3641522088230431 0.31614818278345325 0.36179519674465155 0.2904717479695414 0.3691931765350773 0.28979265350877037
2 0.4141892121718911 0.24818365857037758 0.421526513816616 0.24291731111398188 0.44093204854414125 0.26995339177865274 0.43359475272427517 0.27521973229152036
2 0.9173484043168401 0.48578406305789706 0.9073873372955177 0.4903774553031479 0.8900793087154852 0.45284637403654954 0.9000403249985993 0.4482529954598487
3 0.9671052514485154 0.4119733848744472 0.9714548120921336 0.4197099121452924 0.9527458804229809 0.4302276920618098 0.9483963321121109 0.4224911754427524
3 0.8202085016334877 0.5403856243292244 0.8281047503808168 0.5382554725415789 0.8352667238088998 0.5648017115744514 0.827370476977535 0.5669318584229666