3 0.980672294126407 0.8143139090578788 0.9762409314447495 0.7859673491826922 0.986642380482408 0.7843416370613525 0.9910737725061836 0.8126881605974262
3 0.145112381146987 0.9943060020200684 0.1373800490814574 1.0009002586417013 0.12341523878819771 0.984530178214566 0.13114754057016853 0.9779359429824303
3 0.030055294198518823 0.6388836122753608 0.022465087719297117 0.644839857456119 0.00758893049476228 0.6258850570151248 0.015179114035163366 0.6199288256578699
3 0.03971856349619429 0.8124422119189139 0.04675166995616564 0.8056939506578703 0.06349935700859533 0.8231450278090097 0.05646627053204156 0.8298932687380369
3 0.03531012818086765 0.7986872770849153 0.027929569078992245 0.8049822061403173 0.011441569075600455 0.7856543406919708 0.018822100877287085 0.7793594309210171
3 0.019145566435781802 0.864519657909504 0.027322404605229167 0.856939502192982 0.043392329103767224 0.874270429777273 0.03521551390076638 0.8818505617639081
3 0.10764722988210451 0.8733984388692295 0.10078931359646504 0.8797153026316069 0.08300246209364559 0.8604093681915935 0.08986035197369802 0.8540925263158035
3 0.10284518011610544 0.8831126363033573 0.11050394627193327 0.8754448399122818 0.12848445014697063 0.8933998781920784 0.12082571037433354 0.9010676482172445
3 0.16572097324512924 0.9399676136753328 0.15907710964916078 0.946619217105233 0.1415043078720828 0.9290715086457394 0.14814814802628007 0.9224199287280805
3 0.144156972222504 0.9141105067659104 0.13721918640351305 0.9202846973684234 0.12117395912673601 0.9022595789910299 0.1281117182016942 0.8960854089912522
3 0.055317172042123275 0.9025675270830726 0.06375227741227718 0.8953736655701737 0.07886613897346706 0.9130908858738361 0.07043105514082981 0.9202847242176777
3 0.08713917201123422 0.8485929813191144 0.078931390350931 0.8569395021929642 0.05918751106446507 0.8375279857258041 0.0673952642544009 0.8291814945175663
3 0.07381523009291868 0.9220445342017419 0.08378870723686305 0.9138790032895034 0.099833769370548 0.9334715364167682 0.0898603188229572 0.941637038106174
3 0.03614044978439779 0.8830880219786287 0.04432301206145439 0.8754448399122581 0.0597914999641489 0.8920009932912403 0.05160896042139029 0.8996441519442899
3 0.11541908624758435 0.9512610978101717 0.10625379495616016 0.9608540921052593 0.08798106665926753 0.9434007882758596 0.09714632675434132 0.9338078289473608
3 0.10587277732361144 0.9626284782554024 0.11475409868421593 0.9544483991227762 0.13213565458909216 0.9733146503090316 0.12325436309708948 0.9814946984916155