2 0.4679364845667351 0.7224579664168763 0.4732439077589561 0.725661019253072 0.4653574267579188 0.7387267063865923 0.460050007675477 0.7355236589912528
2 0.15700222350278636 0.18987493742502745 0.16442468477828243 0.19184591169083345 0.15686477197743898 0.2203153156585008 0.1494423114035044 0.21834434320175083
3 0.26114953070180036 0.05628836184206373 0.2645747562297629 0.05230553939862858 0.2735165584239212 0.059995477511598706 0.2700913333310382 0.0639782995401884
3 0.17242844298243654 0.05386798574566909 0.17301211870062616 0.04975849339795878 0.1814699728628284 0.05095977060055178 0.18088629745739127 0.05506926266670997
3 0.2668540038866922 0.1067690974026313 0.264789876875966 0.11025660393614062 0.2584545372806133 0.10650696162284368 0.2605186642784929 0.10301945550445286
3 0.9577668848684198 0.2620660241228035 0.9619204559701302 0.25965929723521036 0.9662871794063221 0.26719530527285007 0.9621336089238639 0.2696020313155212
3 0.5301952505363943 0.3169850727166032 0.5284632190069942 0.31991310039902215 0.5222246738501326 0.31622289256973096 0.5239567053469045 0.31329486590992606
0 0.5451373621913262 0.32166207331833524 0.5443976249979414 0.32606102904280426 0.5331787631578209 0.3241744989035417 0.5339185022951369 0.31977554564337185
3 0.40060727814261554 0.28772874105881996 0.4021959991662243 0.29110937858008706 0.3923599329210674 0.29573168742397293 0.39077121381581037 0.2923510515351076
2 0.22763794062780107 0.3787677897945717 0.23108878780215036 0.384752540010163 0.21190437212806046 0.3958138849343287 0.20845353399124633 0.38982914254382245
2 0.17826455927593088 0.17422642648848566 0.18291651270260445 0.1805409686371361 0.17016235277435499 0.18993692095438788 0.1655104024122238 0.1836223815789083