2 0.5378516184210866 0.7943110570175133 0.5423056785795097 0.790257878404922 0.549089359293248 0.7977110681434518 0.54463530388648 0.8017642418017398
2 0.240787074345576 0.4411628473202063 0.23245462919726378 0.44478673688832665 0.22390540679816695 0.42513052960528364 0.23223783125138198 0.4215066452134839
2 0.3117287861842897 0.4043738980262951 0.31974746426658385 0.4010373733431847 0.3295985888406676 0.4247113847549914 0.3215799138190505 0.4280479040341649
2 0.30933597754551556 0.4003804601809597 0.299565360622978 0.4050720629132807 0.285806190789458 0.3764188541666776 0.29557677619629885 0.37172726041148524
2 0.2870219060521322 0.41678323541008566 0.27629670598139455 0.42217436228211697 0.2591970065790292 0.3881575888157718 0.26992216425685456 0.38276647478800724
2 0.3138728420312873 0.4243283358962999 0.30652778917033174 0.42872861863056 0.29785664802625433 0.4142553179824737 0.3052016885468447 0.409855040024184
2 0.3033513649534143 0.44197742514503735 0.29626383386346333 0.45092766121151434 0.2737637247806788 0.43311125548250023 0.28085124712458764 0.42416103672076644
2 0.2671961260964508 0.4368415000000233 0.27489768436339546 0.43175593033320914 0.2883966191222953 0.4521974227395931 0.2806950675903863 0.4572829839669514
2 0.2572414308615407 0.43373741512902275 0.25103042589830693 0.440727068196232 0.23163692763159816 0.4234949638157691 0.2378479237945612 0.41650532270899654
2 0.24405749122809084 0.45223105372804934 0.25177151582761326 0.4463335215099611 0.26739078911043634 0.4667623675216639 0.25967677380549503 0.4726598891075782
2 0.26379025548249047 0.5429207236842251 0.27133178603094166 0.5359433262077337 0.2910995140380237 0.5573073457895305 0.2835579998986759 0.5642847262453865
2 0.231787044317457 0.4525847200707274 0.22252221484188794 0.45693380781598014 0.21183139254378602 0.434160576754403 0.2210961949144803 0.4298114964958338
2 0.254771619091116 0.47743722140061784 0.2468402804578318 0.4815198081967084 0.23455440834118235 0.4576533254028441 0.2424857218154557 0.4535707464462974
2 0.21656425852040684 0.46023225509548726 0.208738729355332 0.47037244845506615 0.17975157227840555 0.4480034673550467 0.18757708949749485 0.4378633000176766
2 0.3340007839912005 0.5015009561403276 0.34039729845335387 0.49555740643850793 0.35598401854338135 0.5123307017981502 0.3495875142367595 0.5182742409896257
2 0.34484289485942554 0.5250115549474681 0.33337940306796554 0.5311854987799349 0.31650138544091533 0.4998496677072537 0.3279648252091647 0.49367574114963675
2 0.31400770065795314 0.5187786085526206 0.31856005169493073 0.5139388034630313 0.3306207445231166 0.525282227452821 0.32606840000642023 0.5301220261696176
2 0.3248076358305525 0.5316267112264382 0.3186503621235488 0.5388199952242018 0.3012163234649279 0.5238981458332937 0.3073735884107691 0.5167048751970975
2 0.34613959471073485 0.41859753060663285 0.3384366003889454 0.4239333227138891 0.3229985730781664 0.4016474165174813 0.3307015485457896 0.3963116335768936
2 0.3677417379637973 0.4013782992309441 0.3604873602016596 0.40683001332838026 0.3439646030701624 0.3848448749999783 0.35121896450380063 0.37939317001936923
2 0.3810738961511788 0.39136014982021095 0.37590897678683177 0.3990487367785843 0.3528189690675845 0.38353838911576754 0.35798388557270755 0.3758498149238797
2 0.3170038276505238 0.38908909021465465 0.311060866418984 0.3930254197181682 0.30062906842670145 0.37727648140720704 0.30657201995245487 0.3733401562903037
2 0.27396916316797615 0.24319322680680094 0.2808481031433985 0.2382077845805385 0.29518922021804883 0.2579953639352399 0.28831028419654103 0.26298080150255193
2 0.2934060175439299 0.2684982390350721 0.2992272380116674 0.2613260472583307 0.3202947816636197 0.2784248682560503 0.3144735698900831 0.28559705192924034
2 0.28920722697364454 0.2719375734649254 0.29749798954230755 0.26890330674499496 0.30616536248453485 0.29258528086115354 0.2978746015882052 0.2956195442884916
2 0.24187919188591422 0.26037250986843236 0.25058178920755836 0.2558660027641168 0.2627107390096626 0.27928792714647827 0.2540081449635636 0.28379442935646265
2 0.2628218925439114 0.29180619736838104 0.2679443116140874 0.2844331128120219 0.2889890372126729 0.299053456006917 0.28386662763386994 0.30642653206849835
2 0.25297660467981586 0.2964860155816919 0.2590027941679409 0.28951772060124026 0.2771302532470372 0.30519394029457636 0.27110407185045915 0.3121622276045541
2 0.208324476596772 0.27996364300263027 0.2167820750152032 0.2741927637584262 0.23294767310676434 0.2978839082574548 0.22449008066087117 0.3036547802020824
2 0.2491931348685057 0.30160765789472094 0.25719489916355087 0.29824851463956836 0.26489975872948435 0.3166016174129733 0.2568979962300091 0.319960757513983
2 0.23309228070183963 0.309046114035054 0.23911204201954206 0.303403724453527 0.25549568613246265 0.32088260980673144 0.24947593111278366 0.3265249929017459
2 0.22034211842105833 0.31917828947370824 0.22623692958609354 0.3113247520236942 0.24902127795155593 0.32842597992653944 0.24312647888802985 0.336279506344872
2 0.21547490679824932 0.3255266348684048 0.22274228507535554 0.3205163167287873 0.23647998421381544 0.34044194263225525 0.22921261099793355 0.34545225460763557
2 0.19312115899128912 0.3374445888157744 0.19920691287859427 0.332875429965502 0.21373341118419376 0.35222287061402363 0.20764766233628507 0.35679202364724266
2 0.33949819078952714 0.34671608881575666 0.34654620276887727 0.33901636888609055 0.36868637096608836 0.3592818173463423 0.36163837182152747 0.3669815248368661
2 0.3280756765350361 0.3557681842105422 0.33469411323517306 0.3467330330708116 0.35837424013152486 0.3640785383772066 0.35175581952330504 0.37311367495343295
2 0.31865917105255903 0.3587923618421371 0.32702155833737834 0.35249796475348333 0.3451564086575445 0.37658994161621434 0.3367940305799948 0.38288432805554606
2 0.28892653289472037 0.5264559890350669 0.29758401554272496 0.5210515300197783 0.31283034500484064 0.5454727352694109 0.3041728721296977 0.5508771815836144
2 0.2679344587685364 0.533441644070359 0.264715114608407 0.5394166215139219 0.2522893977666172 0.5327221635052948 0.2555087425014335 0.5267471929274079
2 0.49343050767538443 0.4379187828947594 0.5021784878806557 0.4331260881672977 0.5161439561542238 0.458615349364731 0.5073959826185046 0.463408034570233
2 0.36592587061409176 0.33027996271926846 0.37474865499268617 0.3245266279956271 0.3899453716245489 0.3478301089448096 0.3811225938009102 0.35358343538428655
2 0.4718597304067771 0.32172086939336997 0.46767864739751985 0.3279539603634516 0.45441689254380435 0.31905840789475226 0.4585979744852011 0.31282532181524436
2 0.4464219171397872 0.30567724920877015 0.4421437385988156 0.3124980754082706 0.4227811341602319 0.3003537397433142 0.42705931181853884 0.29353292082315297
2 0.46807535237053344 0.3318902584344096 0.46313911127117535 0.33854083405018426 0.44685477412281216 0.3264545416666506 0.45179101260680454 0.31980397284923123
2 0.43062783908305846 0.31244324852908223 0.42651251254631006 0.3186421194090745 0.40934139960143057 0.30724283358241433 0.4134567248905796 0.3010439687943847
2 0.4301816370614233 0.33179245504389576 0.4363282734631184 0.323544125524882 0.45939977521925357 0.34073636951757674 0.45325315221418805 0.3489846868796377
2 0.377912482456054 0.3285306995614172 0.38240261208238735 0.32120746234912123 0.40057598001828865 0.332349809291665 0.3960858593682133 0.3396730386574297
2 0.42943719252252777 0.32931045606703013 0.44449307185959697 0.35043285700981097 0.43754721704021904 0.3553836221321627 0.4224913482555621 0.3342612306648348
2 0.4331546568067779 0.359545601845798 0.4222173158447049 0.36427855601410136 0.41157085307020225 0.3396766359648959 0.42250816645071154 0.3349436886657107
2 0.316655981359645 0.5552211962719228 0.32613156212994454 0.5520732892155271 0.3336325101550983 0.5746498751170976 0.3241569324007969 0.5777977757192337
2 0.40288740366941056 0.38044392228486734 0.39455115002601815 0.3876843265852093 0.3754599810237096 0.3657045947449454 0.3837962180712111 0.358464202587904
2 0.38803386639051496 0.386331267803378 0.38224160866400325 0.3913472726767097 0.3701058903508283 0.377334106359681 0.37589814058765114 0.37231810693637674
2 0.5274433782893766 0.37683126754388846 0.535955811045369 0.37149014030938426 0.5511595805753586 0.39572009127517765 0.5426471547640404 0.40106120950058527
2 0.5164079954111003 0.3902607722818756 0.5239015092240606 0.38299886773170383 0.5419049060126326 0.40157558349455175 0.5344114033922551 0.40883747669786286
2 0.5070062423245645 0.3904972149122913 0.5169425087085529 0.38691669744541857 0.5261417730263247 0.41244427192981253 0.5162055096442373 0.41602478344143284
2 0.4948496286049249 0.4260276378009137 0.4899626246885873 0.43452670651210135 0.46895086074562187 0.42244549451756597 0.4738378646554793 0.4139464392137962
2 0.4591932576754516 0.42025773135964006 0.46654426586803766 0.41511065977174805 0.4807834036531631 0.43544576378637245 0.47343240236250494 0.4405928270425513
2 0.4317372116228171 0.29304627631580776 0.43649701333072244 0.2861684035204622 0.4566892984048536 0.3001420097467959 0.45192950522653064 0.30701987491466
2 0.46319777741223334 0.31063600109653566 0.4682536002985671 0.3026717194886686 0.4904107449945059 0.31673691977332685 0.48535493344684255 0.32470119140898734
2 0.48936575657899084 0.28884166995611915 0.4977081514787187 0.2852316061100277 0.5079936657998587 0.30899947582732984 0.4996512733813461 0.31260953540788294
2 0.4719999295347179 0.2879854657143566 0.46500482376984564 0.2917709637993808 0.45472682654565233 0.2727790175725704 0.4617219217914226 0.2689935230031124
2 0.36324998407258136 0.5391815130579286 0.35984770598565774 0.5449128584335204 0.34421600572432 0.5356342758445091 0.34761828346870516 0.5299029390322887
2 0.327690079055742 0.5860316450772485 0.33224093113926756 0.5936156069350013 0.3110449706655345 0.6063331081945906 0.3064941381578592 0.5987491633771803
2 0.3733508446492806 0.6206565082421384 0.3630123074092353 0.6250431983546175 0.350851206140419 0.5963851600877144 0.3611896906191987 0.59199848277702
2 0.32724352850880223 0.6045428881578694 0.3350869899262534 0.5966134263066545 0.35902591223168656 0.6202900195687985 0.35118247577736383 0.6282194565101499
2 0.35086677201593375 0.6352469259317866 0.3570568588876313 0.6267299755584038 0.37948584236778515 0.6430292524854959 0.37329578097842386 0.6515461798614046
3 0.2695946122451005 0.9467730844451496 0.2720601686377222 0.9534738618266051 0.25593414741842935 0.9594057760113857 0.25346861074558547 0.9527050153509151
3 0.2844402996431654 0.9377099033131229 0.28860301409133626 0.9428277231953203 0.27675967931372725 0.9524581792450502 0.27259697697377305 0.9473403706140676
3 0.32379302850881686 0.9604252894737076 0.32631205367033544 0.9552672880586898 0.33881370877520567 0.9613710293772143 0.33629469592722216 0.9665290202918315
3 0.3719791813690563 0.9400881382957506 0.3772290595693448 0.9444948640991423 0.3671150169932389 0.9565407508791123 0.36186514802636793 0.9521340350877333
3 0.36721382909320255 0.9355542894271579 0.3713816465436821 0.9393404443038142 0.362581156026863 0.9490254405276431 0.35841334539475156 0.9452392927631835
3 0.3634010528005547 0.9287872023595334 0.36755614537219117 0.9338868504864076 0.3559314361078805 0.9433558927062998 0.351776355263155 0.9382562554824728
2 0.3831895269834149 0.23508927451590805 0.3756481129752274 0.24255374035606442 0.3536230701754448 0.22030199890347618 0.3611644755853831 0.21283754140244407
2 0.47387950548250046 0.25744679605261617 0.4823885827408958 0.2497203141159666 0.5038609247211525 0.27336703282662295 0.49535185696572626 0.2810935047795762
2 0.4893955403779273 0.2813721759125717 0.4819934080534267 0.28777321001322564 0.46490534247834603 0.26801308319935274 0.4723074650793251 0.2616120561591827
2 0.521834802655917 0.3026361854939211 0.5121745796734558 0.3075293153218342 0.4997936381579393 0.28308696929824195 0.5094538412173506 0.2781938455697204
2 0.3272589292221255 0.27532975269645277 0.3200259034524606 0.2795851634616124 0.30714170492888115 0.25768604779790444 0.3143747188329371 0.25343064151863637
2 0.2803565888158346 0.23915869846488524 0.28583263961149896 0.23068315713631143 0.3098166231183086 0.24617893859273363 0.3043405824460024 0.25465447098452715
2 0.3165026677631886 0.2561676853070236 0.32109754971713755 0.25055947685386626 0.337557137549652 0.26404476502252117 0.3329622606642033 0.2696529687428082
2 0.04874050998057555 0.20956930552706995 0.04560519611584368 0.21516146863930244 0.029267428962725717 0.20600161913849158 0.032402742922386096 0.20040945938127136
2 0.058064248130449414 0.15008565525625295 0.054512954009169334 0.15620950439380307 0.037649475877174154 0.1464302324561411 0.0412007699590049 0.14030638605024395
2 0.05807120876636418 0.16729366083567376 0.0612412869338641 0.16112431578692885 0.07687119902755057 0.16915557577006862 0.07370112410706042 0.1753249180366832
2 0.025889667763181023 0.16324224780698923 0.028360356287180366 0.15653260820549236 0.04918089353623145 0.16419928199828884 0.04671020937803405 0.17090891790370746
2 0.06554015490576148 0.18515441782618242 0.06225863360145922 0.19096573003198994 0.047511375279668755 0.1826383572991 0.05079289665718534 0.17682704785702918
2 0.04089193678032643 0.17554146707969692 0.03591623000659183 0.18085311901573542 0.021017263173462197 0.16689658799873047 0.02599296747007429 0.16158493895978943
2 0.03074594310135126 0.17962245818468595 0.027223416393894695 0.18588442077051548 0.011956927484675361 0.17729668009171837 0.015479454259775594 0.17103472052773608
2 0.0228442468293224 0.19680032039174183 0.019764006709920068 0.20295600410178882 0.0034283658908407233 0.19478191014773533 0.006508606572424469 0.1886262297967122
2 0.017178348417360212 0.20521191756907584 0.015224872081148533 0.21027010787075265 0.00044964488313326 0.20456397547895527 0.002403122226951382 0.19950578769894742
2 0.29235954276316534 0.23403696052630577 0.2963019269781171 0.2271209337286328 0.31795686886960084 0.23946481576179546 0.31401449182328633 0.2463808363523134
2 0.041097084946613904 0.21412094806909673 0.04042675574328314 0.22070745589754825 0.023919172048636028 0.21902744575011038 0.02458950443804042 0.2124409415187095
2 0.019795934210492305 0.2213515493421269 0.024829445717841736 0.2151527290809036 0.040119175295217246 0.22756797110844904 0.03508566827042614 0.23376678719389501
2 0.028650194941178597 0.24075355962964615 0.026626666155152634 0.24764466598766413 0.008461791739250657 0.24231075623194895 0.010485323317084294 0.235419654695123
2 0.13999630715431977 0.3670302353979346 0.13030052911608436 0.3738802468141375 0.10715301644734154 0.341117588815781 0.11684876428842017 0.3342675925884985
2 0.13250312499997108 0.34334650000000716 0.13909091575135335 0.34016860901663953 0.14848294418072783 0.35963762729173443 0.14189515577459133 0.3628155145926415
2 0.16318119964682865 0.35121124755354455 0.15639608410413075 0.35638136906558904 0.1409270686385753 0.3360810132849892 0.14771217193481334 0.3309108987740868
2 0.14976272258775225 0.32899488596488013 0.15681220855071842 0.32295438395942444 0.17389817764626514 0.34289365363523283 0.16684869922119105 0.3489341475168107
2 0.06419787609638661 0.15984996491229875 0.06702885542267722 0.1530621449720085 0.08214963403952424 0.15936848080088659 0.07931865789748827 0.1661562980415154
2 0.04089537390348141 0.1341473245613962 0.045662039320632175 0.12898344061914102 0.06055826708222867 0.14273373451752844 0.055791603931083955 0.14789761624935702
2 0.08634562637087129 0.14995676863430243 0.0854142355346994 0.15648765828485334 0.0674790805135217 0.1539298826850159 0.06841047361456276 0.14739899579039153
2 0.07387527083335499 0.14275015350875933 0.07652977208715583 0.13676901379265774 0.09376178743855235 0.1444167384996849 0.0911072890773994 0.15039787576243016
2 0.03524256905780021 0.0553821145375184 0.03089984523774092 0.061598810865645136 0.01337066557016442 0.04935366885967045 0.017713389038817695 0.04313697364718423
2 0.02442368856907251 0.07330876701830484 0.02273110802298106 0.08018973768526297 0.0018009583340017343 0.07504134758766494 0.003493539975238491 0.06816037865594506
2 0.10009982140149987 0.08354108933260888 0.09798640384974533 0.09001040911080879 0.07895005903674246 0.08379156787769043 0.08106347742966591 0.07732224980672729
2 0.0881093264484889 0.1022642587876657 0.08357904769047764 0.1074556041793884 0.06922423022172097 0.09492876683595984 0.07375450790459581 0.0897374229666852
2 0.08269143512791288 0.10598172170363508 0.08096244283524356 0.11213337046511626 0.06240686504020232 0.1069181247006072 0.06413585849679748 0.10076647786973991
2 0.09598846929827687 0.109575299342075 0.09923997352075276 0.10543536299277073 0.11106076144164945 0.11471936923035306 0.10780925836957067 0.11885930451711142
2 0.08020836438186052 0.11408405417350252 0.07837772021935052 0.12162840520044943 0.05731660416665818 0.11651792105260002 0.05914725024160816 0.10897357292950632
2 0.1083223193069216 0.12315789217855731 0.10354540626860853 0.12883535907380364 0.08932126754393721 0.11686748903506917 0.09409817934749753 0.11119002410440186
2 0.10309464906026733 0.13156704315610065 0.09852330633748352 0.13667779261343033 0.08443525261338891 0.12407670386552777 0.08900659387552423 0.11896595633979991
2 0.07762983662280476 0.1352650482456347 0.08097431679323108 0.12831534762676886 0.09757049523602745 0.13630206210832746 0.09422601816652332 0.14325176008538412
2 0.06679603113718713 0.1318321537343557 0.06411851342750197 0.13781504211122098 0.047733064873227704 0.13048210976059071 0.05041058317783609 0.12449922354569892
2 0.16194768311402186 0.31846045723685695 0.17070178156268412 0.3148998514331286 0.18107068974723006 0.3403919991148479 0.17231659402159494 0.3439525999877525
2 0.17373606469300285 0.32176312609649194 0.17788505083740347 0.31558369360952004 0.19267109635836732 0.32551100323698373 0.18852211631917726 0.3316904303027302
2 0.1907433552631801 0.3037852532895075 0.19561682105370437 0.2981703568461788 0.2109285598111228 0.3114598437307202 0.20605509963354507 0.31707473483885334
2 0.08180556094339408 0.6890721550167723 0.07934538547090142 0.6979468267224719 0.050394389675943785 0.6899223584140058 0.052854582236818715 0.6810477149122325
2 0.04934209611622009 0.6992376543466197 0.050091917688064314 0.7087866137362507 0.019564808794143573 0.7111833050524887 0.018815020833358176 0.7016343771929261
2 0.03993563559276936 0.7155194539808644 0.03575340687223161 0.7245501661518188 0.004956041863465543 0.7102897161405416 0.009138278751720463 0.7012590374947496
3 0.13801216072874922 0.6790932052609259 0.13524324743912075 0.6835830715775764 0.12450028947364444 0.6769587817982662 0.12726920222985427 0.6724689213485466
3 0.13311571271935918 0.670393110745596 0.13796047590426497 0.6666351837263689 0.14683585961313383 0.6780758534398159 0.14199110136439685 0.6818337748678064
3 0.13801146600872016 0.7299869440789756 0.1416932272190934 0.7250118558059674 0.15280143274401325 0.7332310264031165 0.14911967999091758 0.7382061070099768
3 0.13676589388455795 0.744875160939582 0.1323537565517654 0.7485520785274505 0.12464971600877561 0.7393091195175157 0.12906184591474812 0.735632206942562
2 0.17023407894737375 0.7244388026315636 0.17386263088565101 0.7204028015048284 0.18142802916111123 0.727203355850919 0.1777994819469768 0.7312393524401886
3 0.1792422730263752 0.7112024232456002 0.18335133465632225 0.7068276186768894 0.19355071909501476 0.7164059682317332 0.1894416642841179 0.7207807661438211
3 0.2005774653213166 0.7124145930629676 0.19680445885592235 0.7167236039199135 0.18589160526323667 0.7071696798245249 0.18966460696856302 0.7028606757524815
2 0.06670687511120832 0.39419630275525375 0.061205203536360386 0.3974379256788266 0.055156167763129815 0.38717199451753137 0.060657833237542036 0.3839303738944074
2 0.35954564868018224 0.20951602432818964 0.35499398156787265 0.21639792691094414 0.3338057916649859 0.2023843059032081 0.3383574576347428 0.19550240890637194
2 0.3482680791543089 0.2203078527538664 0.3416509611267884 0.2255656472695919 0.32565283787016597 0.20543172561483303 0.33226994862968695 0.2001739355812743
2 0.34842350219298623 0.22701799999999578 0.3555117188342365 0.22253577317723675 0.3690577792717704 0.24395722763589733 0.3619695657854436 0.24843945037735413
2 0.3625583930912626 0.24819363763624233 0.3573155396771881 0.2561427055233132 0.33458015679821074 0.2411477171052759 0.3398230086351077 0.23319865734564466
2 0.34905748241874335 0.2601376003194781 0.34196247156796744 0.2662425991235344 0.3248002087909754 0.24629761784373497 0.3318952108512576 0.2401926253515097
2 0.06403384142811319 0.6976473777471474 0.0603571607171034 0.7066474507759777 0.030908018064565113 0.6946187184224177 0.03458470969133032 0.6856186759171858
2 0.09680572382512764 0.6794600401044814 0.0948440751437829 0.6886173748649579 0.06264097481948738 0.681719871176016 0.06460264592487874 0.6725625678058302
2 0.18239114692983094 0.3497145208332912 0.18716995281602067 0.34301804095084504 0.20722889694570767 0.3573321491391973 0.2024501009270807 0.3640286201398806
2 0.00633506951965046 0.6574252797243372 0.01380386236553477 0.6604268670526954 0.007492450821359853 0.6761293100061464 0.00002366083242577588 0.6731277278394864
2 0.17305855352310573 0.3599782140691753 0.1758733365849139 0.35315270582952346 0.20103038608590396 0.3635268428595699 0.198215615094 0.37035234086700713
2 0.1881323711739924 0.3709475809614022 0.18403443031820643 0.37860015499394223 0.1603244569329263 0.36590401558564195 0.16442239878267628 0.3582514532165691
2 0.1529270964912257 0.36618127521927507 0.15939172528328527 0.36144813068902587 0.17414409649120444 0.38159638596491796 0.16767947345863377 0.38632952376157387
2 0.14615826531940002 0.37090233516920257 0.16483829016863183 0.38310905253064964 0.160785485566862 0.38931080970064774 0.14210546491233345 0.37710409758772667
2 0.06646655043869032 0.376057949561382 0.07305895332115142 0.3729026979029236 0.08264104725037669 0.3929220890833205 0.07604864697145786 0.3960773366392896
2 0.12440299192610382 0.43746797063257814 0.1177139693151048 0.44019196811330114 0.11226768092103612 0.42681886293859206 0.11895669220814398 0.42409486806476154
2 0.10790756688595593 0.4376667938596511 0.11457053223819003 0.4358493147306356 0.11900639759994647 0.452110436729292 0.11234343305920902 0.45392791377954944
2 0.06892099165645504 0.632985412589654 0.07603422572117324 0.6349235075189978 0.07074045405670404 0.6543503718045807 0.06362722149128786 0.6524122807017688
3 0.07602736513160835 0.6336999857456124 0.08228612153516224 0.6323117067473909 0.08484041898475425 0.6438257809058822 0.07858166309631542 0.6452140583098687
3 0.08369851973679943 0.6316803903508754 0.08814600495043123 0.62902942076692 0.09482003912592063 0.640224956698396 0.09037255641590036 0.6428759229332358
3 0.10338658847683746 0.6618391479582953 0.09883363319647742 0.6664843593881645 0.08814560964913198 0.6560099868421367 0.09269855825107243 0.6513647824192237
2 0.05658833391009921 0.6345628161944059 0.06453197368421115 0.6350040427631594 0.06329675921153921 0.6572394712160232 0.05535311951757649 0.6567982456140339
2 0.039845517120738805 0.6424116586887877 0.050390717237064564 0.641178530045243 0.05346168125845452 0.6674367310277431 0.042916481701354314 0.6686698564170523
2 0.030443379852385988 0.6534466191524535 0.03875546100596239 0.6571133900923508 0.0295364433955001 0.678008867716715 0.021224367324521154 0.6743421052631621
2 0.01923830964199169 0.6545827047841344 0.028042708281418527 0.6600580811671684 0.013740300341737566 0.6830532033703229 0.004935913377266843 0.6775778421052756
2 0.472159393203583 0.4451226940421291 0.4631876417239482 0.45114057337842384 0.4446279166666045 0.42347240241230705 0.4535996389331558 0.41745453655848597
2 0.48025622584816574 0.44752666277202036 0.4867092356187186 0.4424021964103677 0.4991036058527243 0.4580089036696006 0.49265060239235936 0.46313336298049473
2 0.514739732456178 0.8316617160087366 0.5210901106197525 0.8264544178018717 0.5311135107846212 0.8386755204750043 0.5247631421489132 0.8438828082149351
2 0.7121893607455831 0.9090609857456136 0.7221931159083397 0.9034800219175622 0.732923587230971 0.9227092745969911 0.7229198442985307 0.9282902212809289
2 0.7653223910064071 0.6872893735223051 0.7778914892761577 0.7114513364807478 0.7703358939538703 0.715381165133625 0.7577668214439655 0.6912192242655241
2 0.8456803756174622 0.7053263017502919 0.8382273008594439 0.7083599995526241 0.8309515701754435 0.6904878837719116 0.8384046177361597 0.6874541922234154
2 0.7860762964393189 0.7328747119660672 0.7797895717659458 0.7394320078645725 0.762069422452555 0.722445765457945 0.7683561309513607 0.7158884874894368
2 0.7406504130256053 0.7649428851353949 0.7336190895737218 0.7682755262727576 0.7235818882155627 0.7471023594505359 0.7306131792581709 0.7437697273616294
2 0.7108463355270942 0.7826165435824614 0.7033301107987882 0.7905948702650467 0.6834658519736649 0.7718845657894631 0.6909820543612568 0.7639062650181514
2 0.8195577993420784 0.7919742149122986 0.8268070896987183 0.7866021175836543 0.8383049718277107 0.8021147619524259 0.8310556923034937 0.8074868466811989
2 0.8001328793859557 0.8554632675438482 0.8078436159684088 0.8524704410941659 0.8152318960236471 0.8715013540888928 0.8075211637432176 0.8744941725013102
2 0.8872818763986743 0.9779883244262493 0.8807978422695442 0.982614510989022 0.8714784873619692 0.9695563190449542 0.8779624998852569 0.9649301434969328
2 0.6184530921052556 0.8185002247806966 0.6246073900692863 0.8114403544451143 0.6410949286505456 0.8258100770990237 0.6349406510254312 0.8328699280977416
2 0.7926332314790443 0.9814629788337185 0.8015194645532802 0.9794020211589097 0.8060374659656873 0.9988765094394014 0.7971512349896557 1.000937460899955
2 0.5402172017543307 0.8638373421052852 0.5470883897100975 0.8561719395142768 0.5667700682679424 0.873810345268867 0.5598989082527623 0.881475721037052
2 0.5929878811582512 0.8573904021798391 0.5892509948763518 0.8639518929608901 0.5705123832877916 0.8532822794951721 0.57424926984595 0.8467208072135866
2 0.5563883157894907 0.8362695635965184 0.560861903913974 0.8294016909872421 0.5751489975608592 0.8387060162248426 0.5706754263612765 0.8455738739020902
2 0.5493866823367171 0.8073346756080271 0.5589848954376748 0.8274717082705748 0.5511665006032445 0.8311975263766967 0.5415683131176365 0.8110605155442646
2 0.5596414714912044 0.8180352752193178 0.5652159881266243 0.8133382923378953 0.5765694754630886 0.8268101768772349 0.5709949683993045 0.8315071493881158
2 0.6287066387925506 0.8381951213206177 0.620004317783696 0.8433077087775294 0.607068144736786 0.8212931820175533 0.6157704215765989 0.8161806111712504
2 0.7513355575961214 0.6954678689236381 0.7451065934850476 0.699791503591382 0.7358491363785333 0.6864564194979929 0.7420780852652342 0.6821327922440253
2 0.8154741732455477 0.6745957861842282 0.8206479962867661 0.6707412129303102 0.8311149759194905 0.6847886103960459 0.8259411589129968 0.6886431766584857
2 0.8410848577420893 0.6756699977148749 0.8361870864359844 0.6827114977504497 0.8213995241228531 0.6724273048245615 0.8262972918366813 0.6653858178681537
2 0.8012854561403628 0.6629405975877514 0.8042692670475162 0.658542007955574 0.8144095488056564 0.66541980803666 0.8114257440339543 0.6698183922144822
2 0.6207575676692159 0.7563696884977655 0.6155821139979025 0.7599921566095447 0.607925562499986 0.7490550537280775 0.6131010049082306 0.7454325911789978
2 0.6436711995613678 0.7724003892543881 0.6499867470405434 0.7675249555656652 0.6637482879225445 0.7853481223110107 0.6574327519017515 0.7902235429713564
2 0.6878095598327718 0.7618813909616577 0.6816013544133739 0.76549153125949 0.6729532510964873 0.7506223300438519 0.6791614371522883 0.7470121969097825
2 0.6968301765350589 0.7603409188596604 0.7042093931379441 0.7543896182005908 0.7221321333056494 0.7766086418375676 0.714752934629928 0.782559922593387
2 0.6735562914847151 0.7458752008492677 0.6689767624807246 0.7487281553168922 0.6631158621507893 0.7393218817598364 0.6676953824260181 0.7364689308719962
2 0.6550659162697912 0.7895420875951943 0.6500789445324244 0.7967471048581659 0.6340302467104948 0.7856410405701894 0.6390172139450669 0.778436040231947
2 0.6053213374414099 0.794385770662156 0.5987638594424425 0.7977819964264907 0.5907101085526847 0.7822346392543705 0.5972675637345901 0.7788384206613216
2 0.5864265208333563 0.7935126129385788 0.5908405571814228 0.7902699093897788 0.5985900760857703 0.8008166823327356 0.5941760441489805 0.8040593807268781
2 0.6650160054823573 0.7942013541666879 0.6720253608841631 0.7909898451987419 0.6790618011034439 0.8063444142707108 0.6720524497632141 0.809555916623101
2 0.6025214484649268 0.7998294342104993 0.6074921919308736 0.7942031139198817 0.6212662931400246 0.8063698746847079 0.6162955629165481 0.8119961823284433
2 0.6121885532706983 0.8154503468454868 0.6073284684483724 0.8202857705848011 0.5977558370304905 0.8106662458367648 0.6026159136257547 0.8058308302236985
2 0.7161463179825205 0.6465757499999744 0.7219232246364982 0.6432470326641858 0.729302743540984 0.6560523576377729 0.7235258404498381 0.6593810700896214
2 0.7503651282894452 0.6151875942982841 0.757419882342333 0.606485048600859 0.7819855172214147 0.6263969429555543 0.7749307911392407 0.635099462634562
2 0.7373692510964247 0.6316148212719629 0.7427883409267224 0.6239811520267134 0.7614387854172264 0.6372193561724465 0.756019714371746 0.6448530085562758
2 0.8205934749412336 0.6556432185928353 0.8153680430036729 0.6615180869086177 0.8033116611842388 0.6507958640350665 0.8085370861612091 0.6449210051910408
2 0.6111868673244771 0.8348166677631673 0.6155878548552209 0.8326359685255107 0.619477937642273 0.8404850833104269 0.6150769517045092 0.8426657801107716
2 0.6540355120614549 0.8038735953947473 0.659256706080896 0.7975377727210042 0.6718635114515337 0.8079246765582201 0.6666423310407481 0.8142604865252215
2 0.42498114035095114 0.43724245065787953 0.4335134594994088 0.4332992421480162 0.4463159929215408 0.46099969758245046 0.4377836788351033 0.46494289784910137
2 0.47336413889979667 0.8695175437419257 0.47336414364031043 0.863726179824608 0.47807017658135464 0.8637261838966973 0.47807017543857455 0.8695175442171089
2 0.4238021025219041 0.4870217753308336 0.4204754561403661 0.48206324342107437 0.42778430576242954 0.4771601332756543 0.4311109514584359 0.48211866197815667
2 0.4649122769104679 0.45682901175733576 0.4674907442084759 0.4615101241416255 0.4583019852184407 0.4665711758161592 0.45572352192994003 0.4618900668860117
2 0.4748090302532546 0.4486499471704468 0.4779247062226659 0.45241275103140716 0.4700448211490311 0.45893703913965656 0.4669291480263382 0.45517423793859174
2 0.5333922111967695 0.49722418095971643 0.5299419445593685 0.501266481990077 0.5197298156496117 0.49255066414847454 0.5231800796364041 0.4885083672102441
2 0.5114226835097497 0.4285810003623425 0.5132077134709334 0.43269252751463694 0.504520099306319 0.43646405857744575 0.5027350723684094 0.4323525339911894
2 0.5650181044309193 0.39236813958396605 0.5687479526320658 0.3960174858563941 0.5621387551188946 0.40277215120102267 0.5584089089912823 0.3991228070175804
2 0.4736842121180871 0.875 0.4666469122806802 0.875 0.4666469161348914 0.871305827850877 0.47368420905377207 0.871305827850877
2 0.48464912451106557 0.8717105263157895 0.4803722280702232 0.8717105263157895 0.4803722316354424 0.8669480274122807 0.4846491226815033 0.8669480274122807
2 0.7506963895148147 0.021755143065881603 0.7495908513485574 0.028216548381532765 0.720824087817391 0.023294591440655824 0.7219296264714785 0.016833186879776512
2 0.4887174631843436 0.867656635216673 0.49179436738597815 0.8703551834389683 0.4861092850596833 0.8768358510523442 0.4830323837719561 0.8741373059210721
2 0.48903508857745237 0.8782894736842104 0.48639099013155374 0.8782894736842104 0.4863909913729003 0.8753169473684209 0.48903508771923043 0.8753169473684209
2 0.4931912496797395 0.8765886006263744 0.49754291658314287 0.8788262787403754 0.49369671121303327 0.8863043168386011 0.48934504600981654 0.8840666412517023
2 0.49342105347238885 0.893640350877193 0.4882899660087787 0.893640350877193 0.48828996893473686 0.8901425208333333 0.493421051519249 0.8901425208333333
2 0.5009304451754133 0.8936403508771883 0.5009304503078056 0.8863583364503643 0.5043859666329809 0.8863583399122614 0.5043859649123306 0.8936403509270959
2 0.5119928781076624 0.8887003935801239 0.5177056774997482 0.8921765752548306 0.5123708867060941 0.9009416954525828 0.5066580910088305 0.8974655186403744
2 0.4969319761260067 0.8766860743063487 0.5016749498286117 0.8792616234602916 0.4976276909449098 0.8867130429316732 0.4928847192983312 0.8841374967105434
2 0.42071263967204686 0.4838041332985053 0.4233433436950236 0.4880837244230737 0.41444606534355444 0.49355256148052584 0.4118153651315879 0.48927297368419376
2 0.4100107182243846 0.48990145474951463 0.4131570176400601 0.49512951760420554 0.40337101348188753 0.5010183850999386 0.4002247192983077 0.4957903267544059
2 0.41310276206138496 0.5264993881579026 0.41905513967128627 0.5246675095029819 0.42237479867719685 0.5354532546899664 0.4164224217984156 0.5372851316719839
2 0.36998053384195373 0.51494538412803 0.37249562086287824 0.5187010013114438 0.3647647472806739 0.5238778359117432 0.36224966337715614 0.520122221491245
2 0.6076767590229792 0.007343882302817332 0.6072729645558184 0.01686787619075926 0.5804980016393984 0.015732681371262297 0.5809017965377734 0.006208688039501358
2 0.31614160307015027 0.22096744078944855 0.3194137647685693 0.21637672355437404 0.3266186217227869 0.2215121102370578 0.3233464615447019 0.22610282610471616
2 0.18967556161214816 0.47057635314713386 0.19400795870751608 0.46814942044877295 0.1981263514969669 0.4755008001667079 0.19379395545797706 0.4779277313911137
2 0.1879905450222168 0.482296516934035 0.18292138962465287 0.4839460206083234 0.18089890455530622 0.4777310710234045 0.1859680554747456 0.4760815681363065
2 0.18089287626116857 0.47645342794179846 0.1830157371725818 0.4832404360896641 0.1777889849093981 0.4848751578375684 0.17566612719303976 0.4780881524123246
2 0.17691559473053076 0.4864905793088901 0.17232813567500216 0.4807196298529292 0.17536785526317544 0.47830346052632583 0.17995531348401528 0.4840744083335304
2 0.19460077293240374 0.49414252133043146 0.1878759923246207 0.49199540460527563 0.19076547559973278 0.4829462052899038 0.1974902473991733 0.48509332050023124
2 0.18530701480153766 0.4897392209456042 0.1882972685043569 0.4939210844213732 0.18166424646221913 0.4986636898566363 0.17867399561362163 0.4944818289473401
2 0.20307647805577744 0.48870120947979573 0.2044347276037115 0.48399678857433237 0.21219405569820537 0.4862368814326245 0.2108358094490086 0.49094129951762516
2 0.23026315864206026 0.5109649122807017 0.22095779714913988 0.5109649122807017 0.22095780066422321 0.506514259868421 0.2302631557283803 0.506514259868421
2 0.2252786567981957 0.5197368421053007 0.22527866034920407 0.5161390293779056 0.23355263278142502 0.5161390360138098 0.23355263157895934 0.5197368463928609
2 0.23042963377201886 0.5215399539474094 0.232586052743045 0.5172137321822282 0.24178088123971975 0.5217965429308097 0.23962446640189228 0.5261227611666698
2 0.24804990403515603 0.5366904099630869 0.25628266770900154 0.5384903373615856 0.25510601779831177 0.5438717873278207 0.24687325438594598 0.5420718607456047
2 0.34210525985508866 0.5343340159644047 0.3441618626327454 0.5394141161347569 0.3350751790965205 0.5430923932321055 0.33301858114032257 0.5380122971491027
2 0.37318881141038673 0.5607731561259981 0.36276341169946136 0.5645579182550018 0.35716161851371453 0.5491287906951812 0.367586991913754 0.54534403382923
2 0.628612730115492 0.7508175306928393 0.6233492750972118 0.7539438781694943 0.6164228958333524 0.7422847390350619 0.6216863381831672 0.7391583963963416
2 0.7384351783962302 0.7362611562429935 0.7336912020260797 0.7410294757519339 0.7207676604433573 0.7281740049530632 0.7255116271929865 0.7234056951754027
2 0.6788057005733208 0.7357814570278073 0.674103269141483 0.7397234008769843 0.6652183969298449 0.7291261666666315 0.6699208194271478 0.7251842289156187
2 0.5488363070809328 0.7700417899185144 0.5424855227762464 0.7755707426681632 0.5299009857455985 0.7611181951754125 0.5362517531856383 0.7555892548396681
2 0.4347704221491995 0.5529685942982385 0.4417934782628663 0.5501484178663089 0.44961751864980215 0.5696306887740578 0.442594465318507 0.5724508601395649
2 0.4159040032894836 0.6008340438596843 0.4205715365586684 0.5954664029507043 0.43391953789762283 0.6070721224669084 0.429252013824339 0.6124397546404248
2 0.40098117653508325 0.6041676469298357 0.4063641200193615 0.5986796267979513 0.42330129589333865 0.6152906371490641 0.41791836458014586 0.6207786451857211
2 0.429514789967925 0.616840133417742 0.43759534477328543 0.6090625850068503 0.4610226344009334 0.6333997044805124 0.45294210420604486 0.641177227855748
2 0.42086812414402175 0.6291433970380139 0.42641420436552835 0.6230913286794497 0.44692931965221305 0.6418889568343371 0.44138325628216535 0.6479410088938303
2 0.3734750383772507 0.6275851820175334 0.38047730038510963 0.6237506614233974 0.39187513160118215 0.6445618233201571 0.38487287580085194 0.648396335086965
2 0.3863201239034879 0.6518969901315423 0.39415423667264804 0.642826284051101 0.41920223462705053 0.6644566831383014 0.41136815358754575 0.6735273591148856
2 0.5401645102557495 0.778819719301339 0.5342111846783837 0.7849158662547795 0.5196299374999853 0.7706788278508913 0.5255832491536694 0.7645826956373744
2 0.6667279859598239 0.7225330685810598 0.6627810797616576 0.7260507407724017 0.6542146024571593 0.7164404726655755 0.6581615022413416 0.7129228054305589
2 0.5149540836367805 0.7964650881860224 0.507610874984266 0.8027482835091976 0.49164017214911837 0.7840867653508509 0.49898335450347986 0.7778035887200714
2 0.5015862481416207 0.7982436901230292 0.49819020102245304 0.8047216980475073 0.48092949361580395 0.7956746344198976 0.4843255425324742 0.7891966418405127
2 0.4925203505410991 0.8068877429256053 0.4886276945898089 0.8129228096967683 0.4741554451754837 0.8035899506578607 0.47804809913179724 0.7975548966682555
2 0.5039350635964865 0.8161361524122835 0.509494110739638 0.812388145034327 0.5171471314076825 0.8237367951066288 0.5115880894672955 0.8274847960759504
2 0.46440586184212407 0.8077244802631341 0.46972196117098974 0.8029905478443112 0.4818992959330899 0.8166626803633021 0.47658320677794563 0.8213966020558495
2 0.5297199901315253 0.7994038859649364 0.5341793785576101 0.7948107078523335 0.5435027443529634 0.8038607362691602 0.5390433632996974 0.8084539070937344
2 0.5264636321491025 0.8502598015125387 0.5216506453803049 0.8551902631920558 0.5106906984649413 0.8444937872806804 0.5155036760137364 0.8395633353783492
2 0.5334301054591606 0.5925472237246779 0.5217886563514185 0.5969435295783226 0.5090604638157856 0.5632425493421186 0.5207018458409038 0.5588462575978089
2 0.4810773304060376 0.5861446357129865 0.4714891746855301 0.5898925076520786 0.46199708442975407 0.5656113793859758 0.4715852006895602 0.5618635160921484
2 0.4210360326502496 0.592704351147365 0.41649109358729675 0.598060020621375 0.4020980504385534 0.5858470537280772 0.40664298368574237 0.5804913933770595
2 0.40428550618912595 0.5978302925186075 0.3947517469213153 0.6041213504902 0.37468568241433786 0.5737154845367384 0.3842193955915718 0.5674244472838305
2 0.41109343640357565 0.45105879934207366 0.4184957017811257 0.44362232055448425 0.43826863219169354 0.46330303808987344 0.43086638125862464 0.47073950243869045
2 0.4215020021063083 0.47293497747399743 0.4124362812179925 0.477160969859266 0.4019049353070159 0.45457027960527824 0.4109706287146082 0.45034429473217585
2 0.5134550215752824 0.47325150390758275 0.5082762679489861 0.47989093873829014 0.4933072203947404 0.46821587609645327 0.4984859697040065 0.46157645036225114
2 0.5179557644811439 0.4625544426627742 0.5319389948258504 0.47368442130969535 0.5272003367311981 0.4796374610757977 0.5132171118632414 0.4685074885229133
2 0.4476382774122385 0.46929038596491524 0.45463703901884855 0.46439833337968045 0.46710062719307643 0.48222801206137306 0.4601018719923786 0.48712005692854954
2 0.4656219078947288 0.49010819517546544 0.4723967902031063 0.48609860334141025 0.48152417666301517 0.5015197173015382 0.474749298386655 0.5055293037059762
2 0.4383695603070237 0.47545268201752916 0.4455838999366506 0.4730097215523131 0.4510083168121355 0.48902751545207795 0.4437939786290599 0.4914704728791958
2 0.45770154166666543 0.4969933410087858 0.4642161883018616 0.49444247373342276 0.47064744340582365 0.5108659628865921 0.46413279863054413 0.5134168267075224
2 0.4031648696125103 0.4805785069374521 0.3980739542170113 0.48870188581815915 0.3788469385965527 0.4766531589912377 0.38393785240259604 0.46852979364356157
2 0.40404733662273884 0.5026057905701954 0.4128016480616452 0.4945584487785168 0.43848717138291704 0.52249825420747 0.42973288284861155 0.530545572130639
2 0.3893091929824095 0.5021802510965 0.3989127754225592 0.49769267794609845 0.4120904831011103 0.5258912445663141 0.40248690743817406 0.5303788067706721
2 0.42292418694603384 0.5392030972180185 0.42975841213728927 0.5365569949020208 0.43427482259039607 0.5482207195644072 0.4274405988670651 0.5508668191399057
2 0.3788714342105095 0.5584772434210137 0.38436367957683615 0.5509202450638314 0.4076463140669375 0.5678398733610285 0.40215408936808217 0.5753968530631324
2 0.4982790625957705 0.5433186725667081 0.4917112703642488 0.5455838551844912 0.48751859868423253 0.5334284539473568 0.4940863782182987 0.5311632737190011
2 0.5083895640595983 0.5448846659643143 0.5118136086665572 0.5406576176542457 0.5223137175793227 0.5491622694127412 0.5188896780981622 0.5533893129636254
2 0.5315502116228572 0.8499535296052537 0.5364541433476688 0.8468699510214852 0.5429563959597772 0.8572084424562615 0.5380524680372218 0.8602920161416031
2 0.5380642166863936 0.8680732422587485 0.5316365320396699 0.8712826959715307 0.5249268267543812 0.8578479682017612 0.531354490138142 0.8546385208459584
2 0.5422386933190637 0.870218802372707 0.553305178954588 0.8830581146020401 0.5478016069949945 0.887800636550121 0.5367351345827274 0.8749613368275885
2 0.6057537269736031 0.4907524714912471 0.6126023915832093 0.4871816381450152 0.6194472041886456 0.5003086427480244 0.6125985422829672 0.5038794721033575
2 0.5452699660088456 0.5276880844298026 0.5504078729190951 0.5217681975250197 0.5661919440663041 0.5354661150010008 0.5610540477013046 0.5413859918893968
2 0.5576562905702076 0.546109514254373 0.5632505964587153 0.5386879492667989 0.5838948451668102 0.5542479541171671 0.5783005569130637 0.5616695030313507
2 0.5396250701753615 0.7461630822368674 0.549435934002986 0.7399065951336127 0.5652418104623393 0.7646876793320859 0.5554309631876322 0.7709441452556696
2 0.5742448663044115 0.757199717777226 0.568393419762856 0.7607687152656984 0.5593547642544081 0.7459521864035031 0.5652061929137062 0.7423831960167439
2 0.5931628914461271 0.7457669530256228 0.5855156170580358 0.75192603742382 0.5706184857456265 0.7334324495614275 0.5782657339487969 0.7272733817197918
2 0.5804458048245351 0.7217134133771737 0.5893652558925169 0.7160898408075639 0.6043216043055963 0.7398080194125901 0.5954021668562746 0.7454315744338162
2 0.6008209141283487 0.7157332766627253 0.6074561786108461 0.7119689735041536 0.6176930024439571 0.7300103728993834 0.611057744183995 0.7337746674543202
2 0.6050962341663535 0.7091051119065805 0.6115650933495544 0.7029473967946621 0.629404307618529 0.7216851053361935 0.6229354654401504 0.7278428030748001
2 0.6490306925614959 0.6788869929188264 0.6576533920506336 0.6752451327396891 0.6669483949544883 0.6972494312313061 0.658325700716432 0.7008912822950725
2 0.6832412751720085 0.6847708447878308 0.6792960127287415 0.6916888314550859 0.6577541835690681 0.6794054527978067 0.6616994462220873 0.672487484048168
2 0.6726291491228267 0.6678287532894448 0.6781479432053175 0.6601677474854625 0.6987066127043136 0.6749756553503669 0.6931878406360283 0.6826366413152661
2 0.5928894388557637 0.7773952371138468 0.5863172658794156 0.7814291661654751 0.5763033901890822 0.7651172648527441 0.5828755404550066 0.7610833449117084
2 0.651346409826715 0.7049622436442845 0.6463983124481274 0.7093950215406385 0.6374824758771638 0.6994441885964761 0.642430565124414 0.6950114170480574
2 0.6980848061988354 0.7048325141000964 0.6922625057010237 0.7090328095329477 0.6858133662279897 0.7000945767544052 0.691635657190659 0.6958942862737865
2 0.7063519736842636 0.7090953410087385 0.7118076429367193 0.704985740098588 0.7228315563579599 0.719618188541749 0.7173758942162749 0.7237277812604197
2 0.6033552653508423 0.5195505504386235 0.6095995201020514 0.5122396805133478 0.6309428015052845 0.5304675676048565 0.6246985641164429 0.5377784211164353
2 0.6616891315790099 0.4795346469298073 0.670514880654423 0.4741825979097812 0.6846068487683397 0.4974191606958583 0.6757811078670102 0.5027711988788165
2 0.5277125635964239 0.4839341951754692 0.5328711145149327 0.4786631090405385 0.5443450305538136 0.48989125563990754 0.5391864859565203 0.49516233550222205
2 0.6748452224302355 0.5004103925647027 0.6674540890014669 0.510841750191078 0.6300049089912818 0.4843090833333522 0.6373960310157827 0.47387776220967737
2 0.5617428278202397 0.38882000745652745 0.5536478711072732 0.39407550816190196 0.5398630518822074 0.37284391890418406 0.547957990761688 0.3675884260071697
2 0.5552053369279975 0.35870611104835204 0.5756062942507469 0.37907915858043495 0.5681779869872798 0.38651731624464836 0.5477770419460057 0.3661442809581454
2 0.5610845076754458 0.35461268201756657 0.5701705422220584 0.3487909592789041 0.587330840659888 0.3755721763221318 0.5782448141756049 0.3813938887411855
2 0.5994602116155647 0.3952081666821411 0.5930457386069747 0.3994236033847256 0.5805199730583581 0.38036448352554986 0.5869344331877073 0.3761490525746618
2 0.5663687741227932 0.3975708958333705 0.5748024461342993 0.3887082210406395 0.6011937111135239 0.4138207489418559 0.592760059391253 0.4226834037674519
2 0.535407064693004 0.4157859550438159 0.5422815786548654 0.4065495363164509 0.5671670358234451 0.4250703730455835 0.5602925420363363 0.43430677342737567
2 0.5939251765350946 0.3991910592105102 0.6024807343359271 0.39298907031001534 0.6155316634509518 0.41099175666525223 0.6069761128644586 0.417193737048845
2 0.6154949462719514 0.4219139660087692 0.6258646334807736 0.41545745066583945 0.6411638630379457 0.44002788242399543 0.6307941852754766 0.4464843854749104
2 0.6026047565790122 0.4293562478070052 0.6104478982773571 0.42474474134903345 0.6204689489719613 0.44178733486682226 0.6126258117471934 0.44639883527583446
2 0.6177094682017241 0.4499250526315761 0.6251301402802483 0.445378617481769 0.6345957430107774 0.4608273671796911 0.6271750752820253 0.46537379661344586
2 0.5523821824856441 0.449707491009113 0.5582957358094518 0.44492690629604575 0.5686744302624902 0.45776448830442873 0.562760881871327 0.4625450675593539
2 0.5818429067982152 0.45635927960527317 0.5923556737257059 0.45260251563307086 0.6027246159140986 0.4816165993385226 0.5922118530961598 0.48537335502223955
2 0.5615240120613407 0.46725330372808543 0.5682345375820432 0.46025240203779016 0.5855956450913027 0.4768922989439771 0.5788851318583284 0.4838931885266945
2 0.6112832020065753 0.5103629220432592 0.6030947182293858 0.5175741367800296 0.5861822686404139 0.4983711765350643 0.5943707334214423 0.4911599761013872
2 0.5410878344298453 0.5018356984648987 0.545142428711415 0.4953660274712902 0.559142519326997 0.5041393192829499 0.5550879340466963 0.5106089820907048