3 0.11677858752113934 0.10811942199218733 0.11863211321735889 0.10958752893872588 0.11568350695074514 0.11331021209221745 0.11382998135957223 0.11184210526314745
3 0.016550065716501194 0.435064227989416 0.015883519296266968 0.43664002892517073 0.011065202300756027 0.4346020503900439 0.011731748903457628 0.43302625000002093
2 0.016662571257256786 0.4389676366457019 0.015200361070469626 0.44222084129210354 0.007632276154481588 0.43881942981287503 0.009094486842059268 0.435566226973702
3 0.05744174561402815 0.4210526315789494 0.05987238572379283 0.42088377844034286 0.060416817531404376 0.42872044252900854 0.05798617743050727 0.4288892955817461
3 0.03142084173271087 0.4526325105517687 0.03273570063549869 0.4505485354997102 0.03796232950026024 0.4538460078190619 0.03664747161121795 0.4559299819819041
3 0.02819162904620498 0.4536809245014892 0.031091169250544226 0.45600899620515506 0.025794657722713055 0.4626052120519006 0.02289511875392236 0.4602771417217051
3 0.2011815793941878 0.4269994800183145 0.20367588731721753 0.4279394994066845 0.20178464437299226 0.4329575629179376 0.19929033662276652 0.4320175438596539
3 0.18493440400084182 0.3937885806986186 0.18574529330999212 0.3962620806003966 0.180457155701788 0.3979956107456467 0.1796462673687529 0.3955221116741477
3 0.012365542961447318 0.43109166046784303 0.014085514254361442 0.42896429385961826 0.019263828748307787 0.4331507125486192 0.017543858460612682 0.43527807822440595
3 0.19307412798013956 0.4009856966713519 0.19475204870320795 0.39958688618682264 0.199282066294586 0.40502052819908463 0.19760414612915156 0.40641933807613256
3 0.18421052655344283 0.42214912280701755 0.18162713586832524 0.42214912280701755 0.18162713611980053 0.42067511074561403 0.18421052631583734 0.42067511074561403
3 0.21710526343804304 0.337719298245614 0.21297302741220392 0.337719298245614 0.21297302830930676 0.3348734243421053 0.21710526313017908 0.3348734243421053
3 0.1513157896215489 0.33223684210526316 0.14953154485124287 0.33223684210526316 0.14953154501881727 0.33048541557017536 0.15131578947364233 0.33048541557017536
3 0.15668039664365097 0.3353389655594571 0.15464740274887845 0.33232226880959087 0.1597844909910009 0.3288604299434442 0.16181748467806756 0.33187712574979406
3 0.14583333347991356 0.3201754385964912 0.1430842553538696 0.3201754385964912 0.14308425550257198 0.3190724956140351 0.14583333333337123 0.3190724956140351
3 0.14254386001755392 0.29276315789473684 0.13969515338692418 0.29276315789473684 0.13969515385520026 0.289458475877193 0.14254385964920857 0.289458475877193
2 0.11622806978755307 0.2243114627377069 0.11733414133266251 0.22738568503148093 0.11212974918612417 0.22925813822066676 0.11102367833348126 0.22618391651435435
2 0.22062554262925005 0.19254951353763655 0.22354733991232933 0.19023887171050455 0.23088557510891405 0.19951793268625398 0.2279637785518389 0.20182857369694981
2 0.22147542497953054 0.173567829613758 0.22478398195221416 0.17681478764438646 0.21751302840311837 0.18422360739988156 0.2142044723422032 0.1809766502878438
3 0.1140350879060179 0.11842105263157893 0.11041180690062902 0.11842105263157893 0.11041180711447396 0.11532393750000001 0.11403508771934412 0.11532393750000001
3 0.027412280701754384 0.5740679594298246 0.029605263157894735 0.5740679594298246 0.029605263157894735 0.5800438596491229 0.027412280701754384 0.5800438596491229
3 0.17543859668978712 0.5493421052631577 0.17165643510554673 0.5493421052631577 0.17165643530779562 0.5487088859649123 0.1754385964912899 0.5487088859649123
3 0.0610366611841755 0.6304824561555971 0.06103666194701418 0.6271860315331971 0.06250000030081537 0.6271860319799168 0.0625 0.6304824561403088
3 0.5987168678277612 0.7510957482258128 0.5969118022135262 0.7511368161574188 0.5967766239034518 0.7451962510964918 0.598581687072965 0.7451551831927139
3 0.6063596495066577 0.7576754385964911 0.6056407210912766 0.7576754385964911 0.6056407214980482 0.752896024122807 0.6063596491227372 0.752896024122807
3 0.7149122808762058 0.8125000000000001 0.7138047083333277 0.8125000000000001 0.7138047086821189 0.8105899978070175 0.7149122807018102 0.8105899978070175
3 0.8293310729075074 0.8027316507518577 0.83055283223689 0.7997306546052122 0.8365983217790927 0.8021913988947239 0.8353765652750553 0.8051923926466392
3 0.794892518740653 0.7632371005497831 0.797054934861535 0.7627684998407739 0.798550920966818 0.7696706814157466 0.7963885049683768 0.7701392817384267
3 0.8477721701268592 0.7437122858327151 0.8496463277188013 0.7427705728294617 0.8525763070043695 0.748600707404693 0.850702149873996 0.749542419709534
3 0.8518905518303654 0.7425488025768407 0.853012776019682 0.7407571946554051 0.8596701069301389 0.7449264985104131 0.8585478845604939 0.7467181048374417
3 0.8574561407568808 0.7390271140350878 0.8561809422991473 0.7390271140350878 0.8561809431110987 0.7347693760964913 0.8574561403509051 0.7347693760964913
3 0.8184714813596656 0.7182017543859877 0.818471482624318 0.7154961073177187 0.8212719302619007 0.7154961086133137 0.8212719298245474 0.718201754854237
3 0.6019736847352988 0.6041666666666667 0.5997351765350913 0.6041666666666667 0.5997351776456981 0.6001400614035087 0.6019736841924441 0.6001400614035087
3 0.7746345352587696 0.7100964880019621 0.7740437279377375 0.7131246097688916 0.7685794676269779 0.7120586572210169 0.7691702763157764 0.7090305372807366
3 0.7172888742655914 0.6461987244777253 0.7196445216703751 0.6483547840643955 0.7154134816755686 0.6529768986935804 0.7130578355565831 0.650820840443711
3 0.7384687550477338 0.6429351849731597 0.7369351200662777 0.6449750784043353 0.7330516165069412 0.6420557444352122 0.7345852510965187 0.6400158519736453
3 0.6567982466964395 0.7313596491228072 0.6542540641373762 0.7313596491228072 0.6542540667319372 0.7248576348684209 0.6567982456140271 0.7248576348684209
2 0.5516178481476572 0.6895529853654828 0.555071170355177 0.6914211484900038 0.5514358529525225 0.6981400914410596 0.5479825317981977 0.6962719298245662
2 0.5087719311187584 0.6754385964912281 0.5052914671052804 0.6754385964912281 0.5052914706604952 0.668594566885965 0.5087719297972626 0.668594566885965
2 0.5497708854625216 0.6754385974362679 0.5497708892544324 0.6650701381579354 0.5526315797110328 0.6650701402402225 0.5526315789473983 0.6754385964912436
3 0.6831140328779384 0.6265992385079772 0.6855617949523776 0.6283976694815406 0.6814034659810204 0.6340566942781165 0.6789557049446557 0.6322582645175944
3 0.6636337593440658 0.6047974600806005 0.6620700042734597 0.6075114588705978 0.6542611111518681 0.6030126182506353 0.6558248662280448 0.6002986217105404
3 0.6507380915845715 0.6103462385533008 0.6497853437732601 0.6129915288600188 0.6432138983308278 0.6106249738940279 0.6441666469298752 0.6079796853070204
3 0.5129668441240938 0.6777040185239351 0.515606118578603 0.6788688129972797 0.513218172054394 0.6842788288466489 0.5105788980263242 0.6831140350876982
3 0.5679824567537253 0.7390350877192982 0.5656789758771765 0.7390350877192982 0.5656789771039712 0.7354811951754384 0.5679824561403848 0.7354811951754384
3 0.5680339976222513 0.7241696673744685 0.5703980391994037 0.7248868643633913 0.5685491137268173 0.7309803543775176 0.5661850723683983 0.730263157894744
3 0.49833749787785564 0.7017543861982339 0.4983374989035383 0.6969876754386235 0.5000000001814442 0.6969876760492315 0.5 0.7017543859649552
3 0.5035941237174484 0.6979656239212297 0.5058585457813933 0.6989099360437507 0.5031602820737362 0.7053792932460854 0.5008958604126974 0.7044349818309943
2 0.5452406904075815 0.4465631762991383 0.5419362941407826 0.44433295395385297 0.546936961622805 0.43692418859646764 0.5502413550030951 0.4391544095988305
2 0.5414678154189687 0.43471314571855885 0.5447632973319969 0.4362702637729656 0.540494011402302 0.4453052404306596 0.5371985301452469 0.44374812341928865
2 0.5184308500715815 0.42758870760830564 0.515187105582072 0.430970395138071 0.5092163382952322 0.4252434982077374 0.5124600811403752 0.4218618124999889
2 0.3045845576660895 0.2926980007402784 0.3067115793795665 0.29438961904030353 0.30404357405268456 0.2977442495529824 0.3019165526316101 0.29605263157896106
3 0.4633654413602244 0.492201742358225 0.4611339900175153 0.49262589717954663 0.4597888634879155 0.4855497828832328 0.4620203124999307 0.48512562828947664
3 0.7111445935917118 0.6122854541525092 0.713222905892053 0.6133129054640097 0.7101893118697262 0.619448503283488 0.7081109999999171 0.6184210526315586
3 0.712159728070219 0.6085526316766818 0.7121597284589143 0.6036300767390115 0.7127192983800796 0.6036300768954153 0.7127192982455881 0.6085526315789588
2 0.7693983845034609 0.5396778291392563 0.7732526221280978 0.5418745470839978 0.7662031254481008 0.5542420706630532 0.7623488897128254 0.5520453553239834
2 0.9109737434209819 0.8190789473684273 0.9163576387942385 0.8182921966604376 0.9190038506978908 0.8363970066836429 0.913619955717877 0.8371837555765459
2 0.7198385563467582 0.9002192981144639 0.7198385603070392 0.8978598629386155 0.7280701767389246 0.8978598735641582 0.7280701754385746 0.9002193060802841
2 0.6171318922552018 0.8442982453704148 0.6171318969297772 0.8406029385965114 0.6239035102355501 0.8406029457533151 0.6239035087719458 0.8442982493167387
2 0.6025083900213986 0.832910607703579 0.6056873517053418 0.833980646020283 0.6031260935709497 0.8415882286875496 0.5999471324068963 0.840518191466357
2 0.5351337857483713 0.7884416179890326 0.5338880133037947 0.7931535508603254 0.5235724539816147 0.7904267645392182 0.5248182302631221 0.7857148377192458
2 0.5434526911759576 0.7392994333740126 0.5392862278631583 0.7390226340410695 0.5401251850759081 0.7263965722570803 0.5442916366458803 0.7266733711984098
3 0.2927631590573583 0.5537280701754386 0.2869699849470635 0.5537280701754386 0.2869699861871595 0.5512649199561404 0.2927631578947967 0.5512649199561404
3 0.30547940567362275 0.636079187499796 0.30816081248497085 0.636098645915256 0.30811396077797326 0.6425540983992369 0.30543255396673885 0.6425346399960136
3 0.39035087758770715 0.6644736842105263 0.38835324780700375 0.6644736842105263 0.38835324892306744 0.6607074254385964 0.39035087718525574 0.6607074254385964
3 0.37828947367540877 0.6559412977234104 0.37839606247950996 0.662278909373757 0.37719002991002526 0.6622991898302505 0.37708344188592946 0.6559615789473721
3 0.48096020523883 0.7076984542546808 0.48021304877852344 0.7095542887307587 0.4746818781809452 0.7073277850368809 0.47542903508769996 0.7054719517543595
3 0.4780701758215855 0.7116228070175439 0.47427341337720463 0.7116228070175439 0.47427341456193517 0.7089175252192983 0.4780701747824878 0.7089175252192983
3 0.6030701760234933 0.6074561403508772 0.6011755338415696 0.6074561403508772 0.6011755350976955 0.6021947236842106 0.6030701754385746 0.6021947236842106
3 0.5712719303858194 0.5928540635964912 0.5696174384133883 0.5928540635964912 0.5696174395357048 0.5871989232456141 0.5712719298246611 0.5871989232456141
3 0.14324392547746356 0.6217105257700775 0.14121331081685184 0.6226865688301989 0.13953620833342484 0.6191978388157672 0.14156682173677382 0.6182217961125059
3 0.3344298232680103 0.5963854105134067 0.3364904690211006 0.597454153296625 0.3337491346527486 0.6027391480672691 0.3316884892926737 0.6016704058653299
3 0.3118224078947378 0.5964912281728231 0.3118224091014099 0.5915422756240448 0.3135964916403964 0.5915422763158529 0.3135964912280542 0.5964912280701337
3 0.3092105265122882 0.5054824561403509 0.30521070394740946 0.5054824561403509 0.30521070451823107 0.5037455405701754 0.30921052601445354 0.5037455405701754
3 0.2861842091124345 0.5105970179462835 0.2884697578100486 0.5117189482285428 0.28537991120913375 0.5180129448775811 0.2830943629111289 0.5168910152119829
3 0.3388157897735482 0.4440789473684211 0.33373212719300227 0.4440789473684211 0.3337321282652965 0.44118035307017545 0.33881578885677754 0.44118035307017545
3 0.30773969454287453 0.43291078442708464 0.31010096229238115 0.43385674757735654 0.3076261546624437 0.44003388558345424 0.305264887143494 0.43908792285160275
3 0.29605263187954733 0.4320175438596492 0.29439689583330164 0.4320175438596492 0.29439689643436395 0.4278666348684211 0.29605263157895934 0.4278666348684211
3 0.2659138010199058 0.42592663918839707 0.2691295138723717 0.4263385708790922 0.26810370640214387 0.43434600766918313 0.26488799359128734 0.4339340761964653
3 0.2666186469298282 0.42105263157893497 0.26661864769857857 0.41713764799143277 0.2686403511406752 0.4171376485082535 0.2686403508771491 0.42105263159057743
3 0.27302631623194884 0.42214912280701755 0.2703043377192671 0.42214912280701755 0.27030433894628914 0.41731165241228074 0.2730263157751551 0.41731165241228074
3 0.03618420813393186 0.7400362979553262 0.03815670015148953 0.7420837660119579 0.033445535498003665 0.7466216468786715 0.03147304501942472 0.7445741803383911
3 0.1385290043859868 0.6162280701964948 0.13852900543361102 0.6122051901247135 0.14035087755496534 0.6122051907893878 0.14035087719298645 0.6162280701754698
3 0.20394736935645597 0.7236842105263158 0.20212578969847073 0.7236842105263158 0.20212579067083425 0.7189185307017543 0.20394736842104066 0.7189185307017543
3 0.12171052632459123 0.5394736842105263 0.1215151798246552 0.5394736842105263 0.12151517984216298 0.5386517006578949 0.12171052631583734 0.5386517006578949
3 0.2489034468222826 0.5964294374025964 0.24987598245616027 0.5935353464911968 0.254166759679606 0.5949770714074419 0.2531942254450996 0.597871161129732
3 0.23814367083468824 0.6359046419330703 0.23995220394738226 0.6340220361842169 0.2450956597064078 0.6389625075151373 0.24328712791816542 0.6408451119604097
3 0.24981028399122351 0.608552631578967 0.24981028526042337 0.6059311282749468 0.2532894741095788 0.6059311298865341 0.25328947368416266 0.6085526323466937
3 0.2503542549681015 0.6101960995846243 0.2492333492682519 0.6119348297852579 0.24418497164140263 0.6086806634422658 0.24530587719300456 0.6069419342105546
3 0.16834899077150567 0.606359647349901 0.16684170588291636 0.6078985884836862 0.16326286710182103 0.6043937573096589 0.16477015131579265 0.6028548168859714
3 0.27069227842696364 0.5449561403508135 0.27069227951415087 0.5424544118133305 0.27468926999574705 0.5424544137459227 0.2746892697368821 0.5449561414537493
3 0.28787529529620315 0.5581140350388818 0.28787529605267537 0.5565058596491071 0.2916666669054848 0.5565058610837029 0.29166666666662877 0.558114035955906
3 0.4649122811651978 0.6567982456140352 0.4634960679327378 0.6567982456140352 0.4634960689085119 0.6516778750000001 0.46491228069464796 0.6516778750000001
3 0.4430052960526609 0.6469298245614444 0.44300529757003915 0.645074280402982 0.4484649128011142 0.6450742840005874 0.4484649122806559 0.6469298271619499
3 0.3957144346327368 0.5163914188568066 0.39895156062345905 0.5171168122106307 0.39747300386454754 0.5237144478397097 0.39423587800047244 0.5229890548743218
3 0.42653508812497876 0.5263157894736842 0.4249767575424812 0.5263157894736842 0.4249767585004065 0.5208420592105263 0.4265350877193441 0.5208420592105263
3 0.4835526317443737 0.5142543859649122 0.482751313590029 0.5142543859649122 0.48275131381126357 0.5111683596491228 0.48355263157884565 0.5111683596491228
3 0.464591668461253 0.5067967738324608 0.46266005921052056 0.5054824561403204 0.4653049775254203 0.5015956094160856 0.46723658577104743 0.5029099266346373
3 0.5101177377018757 0.5167850744971584 0.5160152441050059 0.5183857496873302 0.5151663340938057 0.5215132054817111 0.509268827850974 0.5199125307017589
3 0.48245613861433867 0.543672871827965 0.48467680307248884 0.5449248458809687 0.480978539227749 0.5514839690493647 0.47875787533439507 0.5502319957828872
3 0.5457051502193053 0.5581140350877046 0.5457051515855937 0.5552006610653974 0.5493421057309433 0.5552006627002504 0.549342105263122 0.5581140358239696
3 0.5393763193969789 0.565447489558723 0.5415588941042415 0.5673906844838837 0.5373490813703938 0.5721186324560293 0.5351665076753989 0.5701754385964791
3 0.5540095097051108 0.542763157851318 0.5540095120613842 0.5390535416667068 0.5592105270822003 0.5390535447994138 0.5592105263158373 0.542763159393478
3 0.5348440166500268 0.564056214777355 0.5363092491135149 0.5642774044781659 0.5350611008325359 0.5725447329937849 0.5335958684047455 0.5723235434531169
3 0.4250111490615609 0.5272709430129979 0.4272596280908374 0.527798422439611 0.4257133320011235 0.5343892324274455 0.4234648530701861 0.5338617532894848
2 0.4894033552631072 0.6392543863399045 0.48940335746317487 0.6311119165645247 0.4912280709378365 0.6311119176272817 0.49122807017545256 0.6392543859648819
2 0.5155825777432028 0.5641971093224957 0.5182922453477659 0.5649321017922938 0.5163730248785896 0.5720069218282072 0.5136633574561529 0.5712719298245731
2 0.392728830606643 0.5361842109454643 0.3927288333333081 0.526730688596479 0.39583333368295825 0.5267306905575557 0.39583333333337123 0.5361842105263523
2 0.370643242424876 0.523350823019877 0.37301365124403674 0.5244097463131916 0.37070926708281604 0.5295676947434944 0.36833885855264725 0.5285087719298268
3 0.32675438647765986 0.4287280701754385 0.32409609100875514 0.4287280701754385 0.32409609215994806 0.4237544298245613 0.3267543859116131 0.4237544298245613