0 0.6929824525635695 0.6985144511246728 0.694696797913025 0.7024950897724992 0.6860195715527198 0.7062315509083045 0.6843052309459381 0.7022509162829839
1 0.7688615108021395 0.5443744905077115 0.8051608457977864 0.5938899284782464 0.7455188204127126 0.6376079607601361 0.7092198541756716 0.5880928562906541
1 0.14883410732693392 0.6281536666472499 0.20278728399125612 0.5963315800438425 0.24563290616993072 0.6689658350962059 0.1916799256499644 0.7007876558128542
1 0.22134136900046997 0.5739417949183103 0.27987471929816365 0.561305900219308 0.29743260201780686 0.6426305756936173 0.2388992822865248 0.6552663724904481
1 0.3610429828048609 0.5973750181571083 0.305941799463767 0.6208358013376145 0.27561196203976124 0.5496081232933474 0.3307124791666638 0.526147503289468
1 0.37516201650839776 0.5110584065231931 0.3832128044455203 0.5060094115120674 0.3970891368849152 0.528133878930121 0.38903835702205924 0.5331828635043541
1 0.3477278702661124 0.5208640381686747 0.3684379014592878 0.5179557216888182 0.37313912590354903 0.5514301097776172 0.35242909637224784 0.5543384182162839
1 0.3794331289860793 0.8086003714628555 0.4125024561403734 0.7933901370613988 0.4381288799941103 0.849094412613646 0.40505962584052213 0.8643045288985275
1 0.7556768450534719 0.28962741629325023 0.7987569583333425 0.273814067982462 0.8196116456131222 0.33062667438076077 0.7765315554506742 0.34643997715608454
1 0.8318400334666194 0.6106811328228013 0.8471266370613648 0.5925565822368388 0.872317419591468 0.6138005921799288 0.8570308752259734 0.6319250870201925
1 0.7909481005243606 0.5099998202683049 0.8329307291667192 0.5043675317982395 0.8409432730260278 0.5640872915537043 0.798960649889068 0.569719552158531
1 0.7366360789987993 0.6595124138948273 0.6797524816452096 0.673543589103942 0.6610207682864484 0.5976113317484727 0.7179035383771861 0.5835802642543956
0 0.7009631486341732 0.706528491577673 0.7041708438810019 0.7106992938942737 0.6942594481047308 0.7183207988322999 0.6910517590416703 0.7141500021736226
1 0.6826467475159461 0.6744660135565447 0.6406278925425113 0.6921129972144513 0.620230915461093 0.6435522210136343 0.6622493749999876 0.6259053322368324
1 0.6656764591302817 0.7928817213980884 0.6239066326336342 0.7858792820118293 0.6334978771930082 0.7286796578947373 0.6752671521466027 0.7356820499440402
1 0.588045815743726 0.6678815097852113 0.6208794364034702 0.6561857500000062 0.6407022768744355 0.7118267176655592 0.6078686922880934 0.7235224046398359
1 0.6156450581792114 0.7410990766388851 0.5618807158442678 0.7663509308633106 0.5296391989969607 0.6977148985711399 0.5834027675439302 0.6724632587719137
1 0.4230820443956418 0.7399777002343249 0.4835286666667571 0.723997763157884 0.5027648747297917 0.7967490362668486 0.44231830597686894 0.8127288321032202
1 0.5168910991001212 0.7124578414290138 0.5266223657882847 0.739812123705763 0.4937222811386164 0.7515142625244241 0.4839911400489427 0.7241600868396282
1 0.45960734476898324 0.28644901382345267 0.4481613099609376 0.2743979685957729 0.46766755592102527 0.25587144736842926 0.47911357887721806 0.2679224790827502
1 0.3112692469809417 0.38090657048698 0.30373161420368433 0.3676046102937568 0.32504424671049037 0.35552818969300926 0.3325818798189175 0.3688301314136752
0 0.6288049767218808 0.7429846618399868 0.627318630159948 0.7380512125515712 0.6370614035088238 0.735116403508807 0.6385477532838877 0.7400498471354008
0 0.6379825292564192 0.7437575178983187 0.6401030585819854 0.74752739968611 0.6318301549479202 0.7521800453668702 0.6297096303430862 0.7484101676535119