1 0.5636858357007668 0.6995611758207045 0.5633330578201594 0.7053541869282777 0.553980722587653 0.7047847357455919 0.5543335058877119 0.6989917304507935
1 0.33239706903589195 0.06907894733803412 0.3323970691925524 0.06734144154685177 0.3386816809643278 0.0673414420035686 0.3386816809211268 0.06907894768050028
1 0.3256578948509059 0.07785087719298246 0.32091573021523345 0.07785087719298246 0.3209157304913788 0.07416119627192982 0.3256578947190292 0.07416119627192982
1 0.3274057313595904 0.08403417434206123 0.3288636608779143 0.0812956891252563 0.3336517055697641 0.08384476869511637 0.33219377627222 0.08658325372219794
1 0.32675438596891127 0.09100877192982457 0.3220228299547898 0.09100877192982457 0.32202283007961796 0.08938591557017544 0.3267543858823956 0.08938591557017544
1 0.3574561405438317 0.09649122807017543 0.3530045745529833 0.09649122807017543 0.35300457484356684 0.09266453728070174 0.3574561403415828 0.09266453728070174
1 0.37495186350747645 0.0836848918246381 0.38246799014882527 0.09158597893687599 0.3682420710316592 0.10511873693836588 0.3607259466642745 0.09721765205872648
1 0.3171548493650107 0.2814589699387848 0.3207791852257742 0.28783556444204084 0.3069790313577414 0.2956791064884845 0.3033547006577919 0.28930251644736577
1 0.3263597591607095 0.2855890820899391 0.32958062304453506 0.2908885797141495 0.31848376936318346 0.29763271166776595 0.31526290899137166 0.2923332171052999
1 0.32456140363615305 0.2949561403508772 0.3221187225876747 0.2949561403508772 0.32211872281288834 0.29317934978070176 0.3245614034723303 0.29317934978070176
1 0.32270439184355837 0.2906931345325685 0.32649888806167837 0.30097987356321965 0.30638137795051534 0.30840045588794285 0.3025868936402958 0.29811372697371474
1 0.30153508862963463 0.3048245614035087 0.28671564000626404 0.3048245614035087 0.2867156451432038 0.2985822357456141 0.30153508525404504 0.2985822357456141
1 0.288377194575105 0.3092105263157895 0.2714393264843693 0.3092105263157895 0.27143933448462576 0.30089429166666665 0.28837718946238056 0.30089429166666665
1 0.30110908082554033 0.29934210516505827 0.3011090812307202 0.2977997120552131 0.30551133671929165 0.29779971296674923 0.3055113366227715 0.2993421057676593
1 0.30372807017543857 0.29605263157894735 0.3092105263157895 0.29605263157894735 0.3092105263157895 0.2982456140350877 0.30372807017543857 0.2982456140350877
1 0.2839912282715886 0.2982456140350877 0.2774122805838033 0.2982456140350877 0.27741228136312657 0.2956847105263158 0.2839912275237566 0.2956847105263158
1 0.2753875877046994 0.2972202470270596 0.2770494267996355 0.29978760040461994 0.27188510801181565 0.30313035375177594 0.270223269736789 0.3005630010964678
1 0.36853451644731194 0.08674762828952486 0.3694240667596205 0.08317248320829984 0.3765212124973232 0.0849383565849655 0.37563166258144065 0.08851350132468007
1 0.37061403514633184 0.07894736842105263 0.3671002642543044 0.07894736842105263 0.3671002643959582 0.07645713486842105 0.37061403508062085 0.07645713486842105
1 0.6732456197014471 0.3607456140350877 0.6570088706140496 0.3607456140350877 0.6570088792836941 0.35260954495614033 0.6732456140350678 0.35260954495614033
1 0.36184210530575456 0.0712719298245614 0.35684734096912507 0.0712719298245614 0.3568473410880415 0.06941461951754385 0.3618421052251506 0.06941461951754385
1 0.7024323440656417 0.3114035077484722 0.7024323536371639 0.3021478548458919 0.7182017567029106 0.3021478691426072 0.7182017539621484 0.31140351520671306
1 0.6938657134166988 0.28493218053671027 0.6925621937675714 0.275796732711963 0.7083333333333712 0.27354642982452276 0.7096368581098886 0.2826818714585702
1 0.7558168710016844 0.2863725570927505 0.7510148127936418 0.29491379721485916 0.7359121973684069 0.28642300657898545 0.7407142557673296 0.2778817729385404
1 0.7446199748110303 0.25252544759692896 0.7416013338134917 0.26114672258060534 0.7268773367442236 0.2559913792160671 0.7298959802327545 0.24737010944978252
1 0.7677949134002802 0.25492839413041923 0.766529072146227 0.2633988786611724 0.750241696271928 0.26096491228067137 0.7515075419958066 0.2524944332403475
1 0.7610062192982241 0.2368421052631379 0.7610062268473712 0.22800839441073092 0.776315792233504 0.22800840538537168 0.7763157894736423 0.23684211145740588
1 0.7566209401275046 0.2257198196103614 0.756439935907224 0.23496103586133066 0.7405152017544196 0.23464912280700903 0.7406962110264885 0.22540791173090916
1 0.7692269174503963 0.19964587283231927 0.7666750263546191 0.20849555189605662 0.750726282894675 0.20389662828942873 0.753278176659137 0.19504695375158718
1 0.8025067244069533 0.1782258184592889 0.799569675747648 0.18725611351530483 0.784574862938598 0.18237918640348483 0.7875119136353987 0.1733488952983641
1 0.7765018690032548 0.13609008322500804 0.7736101113539462 0.14421185468708092 0.7575761208439644 0.13850298018717153 0.7604678798359146 0.13038121163753016
1 0.7817442119346651 0.12570577429657692 0.7781090165027535 0.1334099641991981 0.7623238782895214 0.125961834429824 0.7659590743072613 0.11825764712481435
1 0.2728829067383458 0.2527800625641229 0.27425609171939413 0.25546106227912235 0.27052247942640406 0.2573733479621366 0.2691492949561507 0.2546923486841784
1 0.275219298244906 0.25146675184325723 0.2752251885754049 0.25426379669726407 0.2728231378781629 0.2542688549019574 0.2728172478069837 0.25147181030699944
1 0.28286692092206067 0.24802182757698332 0.28412801639831287 0.2507845798897992 0.27861918235328176 0.25329911225920676 0.27735808762963643 0.2505363605852371
1 0.288377193152769 0.3026315789473684 0.2841584085606428 0.3026315789473684 0.284158409042675 0.30062358223684205 0.2883771928563874 0.30062358223684205