1 0.9276162820336822 0.22464722501519696 0.9196779461724418 0.22388066248507574 0.9207848837719439 0.21241768530701702 0.9287232135883414 0.21318424754319648
1 0.9593682470350586 0.24353370992834356 0.9530523256578363 0.24703668859650715 0.9478991987976997 0.23774568673477894 0.9542151162280561 0.23424270942983688
1 0.3937436286871616 0.6202197414312234 0.38561046491224715 0.6248353717105483 0.37936685159127137 0.613834815583184 0.3874999999999318 0.6092191907895006
1 0.33806450493671036 0.4405453752295016 0.3297965120614208 0.4449670745613851 0.3237087632217026 0.4335844422420993 0.331976744517533 0.42916274671054705
1 0.23528833110322012 0.5801358496395628 0.2449127905701971 0.5764816557017635 0.24974073289024545 0.5891962351955657 0.24011627575384864 0.5928504247078912
1 0.25363372348738267 0.582126059308504 0.2464243574872853 0.5793416166640288 0.25043604605264136 0.5689557850877206 0.2576453994331587 0.5717402250149684
1 0.24474177786055407 0.5797616074661297 0.24869186074568006 0.5783631228070033 0.2504617102551947 0.5833616291465774 0.2465116276957815 0.5847601131487837
1 0.2359011633350292 0.5851364070801469 0.23217601487715456 0.5841403526249113 0.23372092982447157 0.5783631228070066 0.2374460745371607 0.5793591767342952
1 0.23502907178135501 0.5904045154792047 0.23122915585258852 0.590100870514851 0.23168604605257315 0.5843838190789451 0.235485958100071 0.5846874638874705
1 0.2356145267916645 0.5978245089600916 0.22965116228067473 0.5981185328947358 0.22921106396574942 0.5891933647058988 0.23517441885962853 0.5888993410087702
1 0.2350290671847688 0.5960489160609763 0.24190482735821206 0.5999623855528176 0.23706395394731317 0.6084666041666403 0.2301881963192045 0.6045531381875163
1 0.26133720795087356 0.5787394163868913 0.26848527540619216 0.5800916242141814 0.2665697675438423 0.5902163684210424 0.2594217004332222 0.5888641618342342
1 0.2566423525385062 0.592025811625462 0.26293604605257315 0.5909689561403529 0.264433227279369 0.5998838791206987 0.2581395339801702 0.6009407337386079
1 0.24242111567446045 0.6056952981155846 0.24898255811399395 0.6047036688596558 0.250311441234885 0.6134956721556915 0.2437499989786147 0.6144873005929599
1 0.14954087066735156 0.6962258642720582 0.13619186074561185 0.6987770460526255 0.13243592829121553 0.679126905601822 0.14578488377196663 0.6765757291666609
1 0.16737176791536967 0.6983466594068336 0.17398255811406216 0.6953904046052434 0.17754101878085748 0.7033466656061069 0.17093023024165177 0.7063029176569284
1 0.16152115499278352 0.7045260579984084 0.16686046491236084 0.7015992478069969 0.17031023636616283 0.7078916316421828 0.16497092804070235 0.710818439574353
1 0.3828488235523082 0.4882408105235674 0.39273371826880066 0.5003307888479235 0.3764534879386474 0.5136406392544255 0.3665686140611797 0.5015506803269166
1 0.40000460947464944 0.49342376261223675 0.3892441864035163 0.498965192982436 0.3815361112763185 0.48399861970104885 0.3922965120614208 0.47845719627191435
1 0.39287531163699896 0.48032216882161527 0.3998546513157635 0.47676387609647775 0.4052351481527694 0.4873165946092501 0.39825581055049497 0.4908748842283766
1 0.5872817161906596 0.23438329584851952 0.5773255811403715 0.23951081798245855 0.5711485240690308 0.22751698351972202 0.5811046513157407 0.22238946381581412
1 0.8748546509721109 0.2504233300138054 0.8831419682258002 0.25114809217218637 0.8822674418859151 0.26114769517543385 0.8739801246691741 0.26042293330055966
1 0.8054112804538818 0.12367184300266432 0.7944767445175103 0.12906867324561277 0.7867398887010495 0.11339306538801294 0.7976744188596285 0.10799623684209828
1 0.7519225579895874 0.14731258526748314 0.7594476743420273 0.1433678267544106 0.7656646493707058 0.15522739795857998 0.7581395338490893 0.1591721552545639
1 0.6728354339190901 0.2618486035239284 0.6643895350877074 0.26641580482456023 0.6584145728603517 0.255366822944502 0.6668604649122472 0.25079962390353433
1 0.6469040835293072 0.26384953258843546 0.6546511622807429 0.2617121359649034 0.6577470771551361 0.2729331595470365 0.649999998807175 0.27507055515365303
1 0.5802208303053931 0.22219356167883728 0.5706395350877074 0.22671683881581242 0.5646919678189306 0.21411875969142607 0.574273255482467 0.2095954846491091
1 0.5891563360095233 0.24793889268615896 0.5800872094297347 0.24948259649123636 0.5781401836759414 0.23804417353668572 0.5872093026315497 0.23650047039473274
1 0.4160979309759796 0.475813828406761 0.40726744188600605 0.4793979309210564 0.4019253404652545 0.4662369683808404 0.4107558135964382 0.4626528695175556
1 0.538081897805796 0.23828589750873644 0.5470930230263775 0.23405456249998094 0.5526157738191841 0.24581570388131677 0.5436046498697351 0.2500470368632573
1 0.5788465807130478 0.26073605783448733 0.5807760700743074 0.2802993934408155 0.5651162796052631 0.2818438377192456 0.5631868040281915 0.2622805148180214
1 0.5312499979454515 0.2673565381442117 0.5479253720367296 0.2692474593289936 0.5454941864035163 0.2906867357456128 0.5288188126047544 0.2887958162953078
1 0.5212435151350974 0.3387633382957288 0.506249999999909 0.3465663212719504 0.49503558534547665 0.3250184010327057 0.510029070175392 0.3172154276315945
1 0.43317698243652103 0.45726050517767713 0.4255813958333192 0.4609595482456274 0.4206020978053857 0.45073572875670637 0.4281976743421865 0.4470366885964764
1 0.42713868012015155 0.4697260855335847 0.4158430230263548 0.4750705548245511 0.4075997177521913 0.4576492602618718 0.41889534868425926 0.4523047982455997
1 0.051944347748758446 0.8485895113539808 0.060755813596415464 0.8442144868421183 0.0668056406722144 0.8563963877669315 0.057994179888282815 0.8607714045506657