3 0.4034815620389054 0.47955163819547514 0.4057285737461598 0.48308747269188845 0.3962518099066301 0.489109491654741 0.3940048015351749 0.4855736600877139
1 0.7077212203944327 0.5872827763158046 0.7243671715525579 0.5723855719351224 0.7346845329464031 0.5839128795299983 0.7180386013378666 0.5988100633499773
1 0.874476053618082 0.8204207522407577 0.8575745368841581 0.8446212112806784 0.8299115780423563 0.8253054152928987 0.8468130660154429 0.8011050590111757
1 0.8305737825155575 0.7840293118624854 0.8475549159080629 0.7740011526780846 0.858352278207235 0.7922813872172686 0.8413711638111181 0.802309520821101
1 0.8849647758548826 0.870382633981685 0.8753622335525506 0.8562093651315514 0.8931914176613418 0.8441326283230491 0.9027939508138161 0.858305857253323
1 0.8952930419281984 0.8324476872029907 0.9150140870210635 0.8338678377830285 0.9133757517320191 0.8566138066119189 0.893654707104929 0.8551936602004622
1 0.9076933368281743 0.8124737490438421 0.9083557144134602 0.8317451603429199 0.8875031983869803 0.832461685443312 0.8868408728070563 0.813190324561411
1 0.5803201555215765 0.7240637862637924 0.5686996732455327 0.712437258771933 0.5854202766583967 0.6957279564168226 0.5970407292660411 0.7073544541606079
1 0.6113765333774381 0.6924231939413275 0.5965365693693911 0.706711175950818 0.5862782510964735 0.6960580932017911 0.6011181905985268 0.6817701335923251
1 0.6323431165046713 0.6773058907579905 0.6201428881579432 0.6656815493421174 0.6330877937472223 0.652097197821757 0.6452879973448944 0.6637215171054013
1 0.6443766763219401 0.6586287330243965 0.6386108201754723 0.6442465646930119 0.6569865619851498 0.636880617092922 0.6627524287546294 0.6512627572648233
1 0.6697624384926257 0.6482376135565803 0.6539322203947222 0.637110448464919 0.6672424154858163 0.6181768971377778 0.6830725836402962 0.6293040373725117
1 0.6879252779958733 0.6062651766878073 0.6972140788226397 0.6132126627024802 0.6845283353136438 0.6301715408718539 0.6752395465136942 0.6232240687323872
1 0.707070079207142 0.6158809949475704 0.6902536655701397 0.6067044133771841 0.7012135315179648 0.5866223725794792 0.7180298881706904 0.5957989348907441
1 0.7362163169701716 0.5558014370786246 0.7518958693899549 0.5653739185007615 0.7396569135571553 0.5854191098703715 0.7239773760965136 0.5758466480263387
1 0.7385819112143963 0.8616483183262325 0.725244909002754 0.8726794108466562 0.7110915043859904 0.8555712324561419 0.7244284582950513 0.8445401720815384
1 0.7628109555822675 0.5437578614106046 0.7697454844243339 0.5573546316653885 0.7484782850216334 0.5682001231842825 0.7415437883772711 0.5546033804824093
1 0.7734209263301182 0.5522409481732695 0.7613310241227964 0.5430974221491275 0.7758484397242 0.523903708061373 0.7879383099607367 0.5330472160387234
1 0.7983491100766287 0.5087744434823328 0.8059890564417174 0.5216107249146207 0.7853490409395363 0.5338942809986481 0.7777091228069821 0.5210580241228217
1 0.7373644092216409 0.49850348835869285 0.7187470790171346 0.5138443644766394 0.7001868409936378 0.491321742932508 0.7188041197917983 0.47598090080109057
1 0.6716767390350924 0.5123310866228059 0.6874472411338957 0.49239136628294766 0.7178126844338522 0.5164057541118585 0.7020422477362445 0.5363454139900213
1 0.6946496277655569 0.5442009720722799 0.6731410577309589 0.5593677754561175 0.6509731052632333 0.5279333256578806 0.6724815788087426 0.5127665705803547
1 0.6309490252192518 0.5571090570175244 0.6487922631264382 0.5364045565603546 0.6728341589911224 0.5571220635965342 0.6549909801815375 0.5778265081184619
1 0.5894471162281434 0.5285642620614167 0.618988688690365 0.501959922361292 0.6502100707884892 0.53662536888774 0.620668594047288 0.5632296078032253
1 0.623363519736813 0.4985186962719323 0.6558125039007336 0.476826286025881 0.6793607051625941 0.5120486331185434 0.6469117779333828 0.53374097248602
1 0.5922152057993344 0.607899934757483 0.6034499001830227 0.6271547679669844 0.5790551848749601 0.6413866931660626 0.5678205501895945 0.6221319117482064
1 0.6060571519542464 0.6225242009536434 0.5885046699561371 0.6089461776316015 0.6091863113033469 0.5822138204707644 0.6267387215916642 0.5957918016222841
1 0.4264975914571778 0.5396419649561475 0.42820534868417326 0.5223480789473535 0.4534162270858815 0.5248374118659537 0.4517085084040673 0.5421312623110289
1 0.8318356635500095 0.8337144739037355 0.8176052960526476 0.8239253969298205 0.8302689371409997 0.805520131629792 0.8444992477061533 0.8153091812686919
1 0.7269519004632912 0.8785086042604443 0.7348179302531435 0.8607906590037131 0.7577687714664307 0.8709775183678544 0.7499028115474857 0.8886954042833665
1 0.4916495297052279 0.5017434384966727 0.504374415858706 0.5149455343992716 0.4848381829841628 0.5337740368482328 0.47211332565802877 0.520571969298216
1 0.5925614204163594 0.2905625737441495 0.5523607462629343 0.3296172007844278 0.510335838815763 0.28636009320175476 0.5505363964593926 0.24730557409613457
1 0.2756508872365657 0.16530658631633746 0.2925813310956755 0.1987594920802267 0.2553621749849526 0.21759577307401495 0.23843177960532103 0.1841429089912254
1 0.3094710275330499 0.22437641978130152 0.2909189681491853 0.23946118618103582 0.27295882732994414 0.21737315038826938 0.2915108639825803 0.2022883986496971
1 0.34404412855872124 0.25799027869859253 0.32456743551676936 0.27404744914730955 0.303319819078979 0.2482754396929585 0.3227964799456231 0.23221829051436502
1 0.33108617324558054 0.27301572478068 0.34823436262774976 0.25817426236846375 0.3708819828683545 0.28434127772578344 0.3537338138054338 0.2991827182886264
1 0.33655398552480165 0.3565262219874532 0.31620346289980716 0.3691402184287814 0.2988398969298487 0.3411280833333215 0.3191903644345757 0.32851410940655407
1 0.39345283047782686 0.3349201497642916 0.4041130409824518 0.35043467357036423 0.38283352632333845 0.3650555078189834 0.3721733399122513 0.34954100548249717
1 0.38012157797140844 0.3278580467284337 0.36697856359648995 0.2989909736841641 0.3994138780940375 0.2842237933205913 0.4125569052185938 0.3130908178401861
1 0.4400627025565882 0.3246835376963564 0.4288617780559889 0.3387659940912076 0.40862801315790875 0.32267293311406847 0.4198289282805945 0.30859049491188617
1 0.45550113559284 0.3402247680088792 0.44631840466672656 0.3570281457866684 0.4272025986842891 0.34658207785090894 0.4363853307992258 0.32977871938539566
1 0.44937365661132844 0.3662403953234352 0.45577514665785657 0.34850653781038615 0.47844651315165265 0.3566900275702345 0.4720450508951899 0.37442386148826445
1 0.46868481907893056 0.22035707127194445 0.48256410143676476 0.2093194800994813 0.49560037127753276 0.22571177223091682 0.48172109591951084 0.23674935554645365
1 0.5065029960173888 0.2165296848450343 0.5484025843757081 0.24042237533005462 0.5223837821711186 0.2860495321767387 0.4804842302631869 0.26215689035088624
1 0.6247171649151824 0.33891592956981437 0.6110113622515883 0.35265581564493637 0.5932705635964339 0.3349596239035489 0.6069763483510542 0.321219755774292
1 0.7713214148894849 0.8771565873559554 0.777550141133247 0.8941962622587905 0.7545747570740104 0.9025926544139367 0.7483460975877279 0.8855530361841586
1 0.6301714594297891 0.3721816513158026 0.6505662029042014 0.3574016621971875 0.669394840589689 0.38338199198610656 0.6490001202062103 0.3981619537715003
1 0.6792559039557773 0.4544847876293915 0.6419853728071985 0.42592346491228966 0.6738851789460796 0.3842989335187585 0.7111555437717243 0.41286015961761313
1 0.7170266321263625 0.4474064567428506 0.7043139846491613 0.43831210087721467 0.7197146294773802 0.4167854085270589 0.7324272457902907 0.4258797484054655
1 0.7496055735307436 0.46298352706223433 0.712406492373816 0.48542096572692306 0.6854684002192926 0.44076287171055106 0.722667270771467 0.41832551571891696
1 0.7676846293859398 0.4808174714912304 0.7821255622136505 0.4706731875407257 0.7965497393224723 0.4912053221734967 0.7821088221568289 0.5013495872635023
1 0.5062136732802855 0.4411861760592123 0.5083614664987408 0.4569200968217191 0.4853323541838108 0.4600635129160584 0.48318458881578863 0.44432961732461607
1 0.510017426747936 0.450791721325617 0.5027179188596165 0.42720764364030206 0.5342882005007823 0.4174368767234938 0.5415877370796807 0.4410209030015858
1 0.4125044107930762 0.5860335178088899 0.3953955888158589 0.5600182927631937 0.42204356022398315 0.5424950754597581 0.43915236932639345 0.5685102292747054
1 0.4368088224713347 0.6110136652324298 0.4224221271930446 0.5837211173245587 0.452140913170183 0.5680571569026485 0.4665276179060811 0.5953496225527697
1 0.48252260532478886 0.6156321162064946 0.469961584570342 0.6302131193212719 0.44897531469302976 0.6121362368421015 0.4615363099211436 0.5975552718320772
1 0.47097155482458675 0.6417902565789394 0.481930245284957 0.6157119156027258 0.5114918811295865 0.6281328486397986 0.5005332859183227 0.6542111088803095
1 0.5187815195771464 0.644307536557364 0.5291789072282427 0.6590123963335496 0.5060921029743213 0.6753342126450324 0.4956947620612482 0.6606293947368331
1 0.4752846595652045 0.520903046516262 0.48430130046403974 0.5347653846884386 0.46317224667564005 0.548507369919754 0.45415563815788573 0.5346450603069941
1 0.5024518592379081 0.5107255971430625 0.49199692982449506 0.49601510087715023 0.5115048245995695 0.4821516597090801 0.5219597458213912 0.49686212927015
3 0.4166691775393474 0.4925941981342823 0.41868014168653644 0.4958787506946288 0.4092191451968574 0.5016707965115169 0.40720818421050353 0.498386246710495
3 0.3762087840972299 0.4552155505922662 0.37897403699548704 0.45788257927553816 0.3728700196660384 0.46421099291971646 0.37010476838315753 0.4615439658772701
3 0.17313706069637647 0.3146264689400128 0.17532876093537197 0.31803230968250207 0.16809077318259824 0.3226898974326568 0.16589907456148012 0.3192840581139908
3 0.17915962895926896 0.32049946408302243 0.18152620766022665 0.3233948755759592 0.1747814962194525 0.32890751989390704 0.17241491885965843 0.3260121096490901
3 0.18277344261036887 0.3252276471082888 0.18613403797121464 0.3274808388246327 0.18151823724724636 0.3343649950259071 0.1781576426465108 0.33211180424792724
3 0.32964691406482416 0.43747290325203186 0.3274130150346082 0.4406313963740136 0.31943100328942364 0.4349863059210638 0.3216649016986821 0.4318278148585557
3 0.3163850570175555 0.4357293519736932 0.3193615683682083 0.4339639400675535 0.32486775063580353 0.4432469039456787 0.3218912402363685 0.4450123145761056
3 0.3126893980263503 0.4421585394736801 0.31533788060835377 0.4390305319933226 0.3221437658810373 0.44479272765381644 0.31949528529969484 0.4479207332505307
3 0.34986021665179123 0.4268937448738708 0.353448943888111 0.42980922922720666 0.3470274250244074 0.4377131523536428 0.34343869956137496 0.43479766995614805
3 0.3651962191615894 0.4431500176915155 0.3677697499530268 0.44673382669005735 0.35947618042700924 0.45268906636929185 0.35690265241237284 0.44910525986846483
3 0.3276183830427044 0.44725065392439045 0.33055285062118855 0.4508710645549409 0.3205140331808707 0.45900735915760454 0.31757956907893004 0.45538695175442623
3 0.3328591428718255 0.4543051779182445 0.3367847049330521 0.4566237032826663 0.331167162697966 0.4661343130435177 0.32724160197369656 0.4638157894736903
3 0.3401434060763222 0.458674245501016 0.34314630392634626 0.4610765505093324 0.33550591900745985 0.4706264553411518 0.33250302302622003 0.468224152412252
3 0.3677726455244965 0.44742133756284425 0.3701180016835224 0.45178251355227095 0.3612495359349168 0.4565515020553233 0.35890418329563545 0.4521903290904646
3 0.3824591630211671 0.46074258765429554 0.38564773339203384 0.4652383857328344 0.3763045640994278 0.4718644303849548 0.3731159978069627 0.46736863596489475
3 0.2508128684791018 0.4240130760142313 0.2526732829745697 0.4273388636408365 0.2432792668290631 0.43259349065139413 0.2414188550384324 0.4292677053583273
3 0.38405959961687586 0.46433455315986294 0.38796000083789295 0.46630367972050746 0.3837930922428541 0.47455684455761804 0.37989269188597063 0.47258771929824006
3 0.34443625825224444 0.4615624672268681 0.34787954303726565 0.46616248939647975 0.33986346306085125 0.472162415781813 0.336420181878907 0.4675623968863686
3 0.35243006934831556 0.47006648324929245 0.3553113414956215 0.47310979772670053 0.3477814979211189 0.480238219715381 0.34490022810700793 0.47719490752054855
3 0.3461711408612018 0.4656866317624233 0.34933301799401306 0.46755410140062276 0.34361476526476054 0.477235217033625 0.34045288925437944 0.47536774890353206
3 0.358156675774012 0.47728475884414057 0.36236214468578964 0.48028807999592105 0.3555547627828446 0.48981959158719485 0.35134929605271736 0.4868162730263331
3 0.3314116889939669 0.4898312593855662 0.3339278782924566 0.4946372476299489 0.3245376047738091 0.4995531817721748 0.3220214199560587 0.4947471973684073
3 0.41121306448894757 0.4861518236176304 0.4139010020498972 0.49055714501119946 0.404514937791987 0.4962836916712436 0.4018270043858365 0.49187837390353867
3 0.42560885883278843 0.5004982410428874 0.4278179605354353 0.5035799263279729 0.4194206066550805 0.5095990863452544 0.4172115076754608 0.5065174035087838
3 0.7076603455595887 0.8151612935172076 0.7034628977226021 0.8179226763036993 0.6951896918859575 0.8053494780701849 0.6993871281940756 0.8025881004332549
3 0.7117612387041845 0.8101525242275023 0.7076467336539736 0.8136928466479199 0.6991806370613176 0.8038556337719575 0.703295134238374 0.8003153170114743
3 0.3045854825383003 0.42556324651728034 0.3069539882317258 0.4297630254356684 0.29890154770191657 0.43430401760278886 0.2965330449561634 0.4301042412280706
3 0.31964687036270334 0.4781666208351161 0.3215187735481777 0.4832166913940629 0.31088286328042614 0.48715880410841245 0.30901096506227077 0.4821087377610006
3 0.2545675789157258 0.4288541181180613 0.25659545269127193 0.432207882027652 0.2481084370475628 0.43733931105780144 0.246080565789498 0.4339855493421173
3 0.24529223429578906 0.42002330967085005 0.24700918950759387 0.4236774616972424 0.2385816192954735 0.4276370555301305 0.23686466666663364 0.4239829057017055
1 0.5428520491318523 0.45252834930775615 0.5595751963716111 0.47094098659036804 0.5361022842868124 0.4922586016493058 0.5193791809209642 0.47384600657892595
3 0.2620070622754156 0.3764034036666805 0.2560360819267089 0.3860297454389538 0.25274898793861666 0.38399093092107894 0.25871996807757114 0.3743645913016292
1 0.5551754756535274 0.46726825322276355 0.5427973464913975 0.4552771907895033 0.5588934532255507 0.4386625743771277 0.571271561660069 0.4506536175730873
3 0.15515008836746347 0.3362292684227741 0.15708194002957043 0.33959627281775867 0.1481714822630238 0.34470855194180205 0.14623963267547424 0.34134154934213096
3 0.15824255640836782 0.3412399135135302 0.1615895378853338 0.3434679098923127 0.1575475235514432 0.3495397575854611 0.15420054276319206 0.3473117620614146
3 0.1621024269462623 0.34319327012714107 0.166107108556389 0.3458782942604095 0.16137670311979946 0.3529333770387686 0.1573720224888575 0.3502483541142558
3 0.19028607023130917 0.3325983278952026 0.19484282535108832 0.33484175229665847 0.1904415822214105 0.34378107237264843 0.1858848278509413 0.3415376491228273
3 0.1657425159334025 0.3477207175139818 0.169723800645329 0.35031403683109863 0.16466165582130543 0.3580851870079723 0.16068037213653952 0.35549186898363866
3 0.28941261622810543 0.3139557872806642 0.2909857660730495 0.31065429851271437 0.2997480474673466 0.3148293741065898 0.29817489942468 0.3181308613392822
3 0.2844280570175215 0.31947508114032397 0.28654608963120154 0.3157231427037608 0.2963850218860671 0.32127721192417896 0.29426699166754133 0.32502914829105906
3 0.2777690252192997 0.3210194166666933 0.2807729801492087 0.3186910354630558 0.2866290827885223 0.3262460311945148 0.2836251288272251 0.32857441130021575
3 0.2503550905880729 0.36602603992938026 0.25394451124770967 0.36967601991428073 0.2465231082825312 0.3769739804045166 0.2429336897889698 0.3733240025701765
3 0.2557195780315169 0.37086322497017127 0.2580461284399007 0.37364599570860446 0.2510464005540598 0.3794979032057942 0.24871985169488653 0.37671513391890793
3 0.26436606676134033 0.3782716420588201 0.2661211759655089 0.3813806493793287 0.25894403949598654 0.38543213302305496 0.2571889320174705 0.382323127192936
3 0.26844423693512454 0.3839878735326022 0.2707470347011167 0.38668911050227334 0.2650024982432342 0.39158608773904 0.26269970175439994 0.3888848519736909
3 0.23847391421668362 0.4156927884436321 0.24261634360061635 0.41848316532537777 0.23784854875873407 0.42556077119000185 0.23370612061410156 0.4227703958333466
3 0.23992246672912643 0.3761806289033321 0.24245170982862874 0.37898714743976486 0.23431148246811517 0.3863228182848443 0.23178224122807478 0.383516301535115
3 0.24372883114779142 0.381000065314148 0.2463424733185775 0.3839981064929272 0.23863968194177687 0.3907129648170573 0.23602604166660512 0.3877149254385691
3 0.24359570693991373 0.39519152245933614 0.24083310731566598 0.391448878028691 0.24898356062396942 0.3854329732449645 0.25174615941125467 0.38917561542294576
3 0.24862827373078744 0.3983802598666572 0.2460179937979774 0.39606540366267 0.2524147747654979 0.38885260268476335 0.2550250529506002 0.39116745755244225
3 0.25907973659536765 0.3942181338154207 0.26069818525047594 0.39782623223518926 0.2517811983293541 0.4018258397022106 0.25016275219309136 0.39821774342100674
3 0.2627423938091624 0.39731552979588153 0.26546330749749814 0.40135520733618896 0.25714550966813476 0.4069573579706526 0.25442459877638157 0.4029176829122822
3 0.3216901728086441 0.40771567387506785 0.3256988749053562 0.4105709698222232 0.320127098671378 0.418393076019769 0.3161183980263331 0.41553778179826373
3 0.3276384397976244 0.4121593440407822 0.3301980015933168 0.41551730768084416 0.3221009651181248 0.4216888331787371 0.31954140570167056 0.4183308717104936
3 0.2216539492959555 0.3986039934919259 0.22453298194295712 0.40171716464433005 0.2183331450183914 0.407450432696997 0.21545411403508297 0.4043372631579102
3 0.22733928840909812 0.4024339777540823 0.23003246188795856 0.4053890517979793 0.22128042013048344 0.41336501595022007 0.21858724890353187 0.4104099440789624
3 0.23313620607018493 0.40712897925926356 0.2355586337718023 0.4122141809210484 0.2253699947456198 0.41706746670271055 0.22294757127201592 0.4119822686403773
3 0.23758238158825407 0.41141461694707215 0.2394485210303401 0.41473789062473787 0.2300571341864952 0.42001121523006385 0.2281909973690972 0.416687943818124