0 0.40063271979261117 0.3043091460663931 0.40789057456140654 0.2906412203947529 0.4462276746412499 0.31099814225173683 0.43896985219907947 0.3246660401269824
0 0.5912852717592614 0.6629303188596075 0.6004218358812068 0.6638323097658612 0.5963078324983826 0.7054985367318504 0.5871712689541937 0.7045965497674289
0 0.2257637245343176 0.5358798430443928 0.22954381927695522 0.5272885157789761 0.26360661442549826 0.5422744402841773 0.2598265505829431 0.5508657413264516
0 0.29555692065741823 0.5692658933084749 0.28909206075491056 0.5755637899965282 0.2627967080139797 0.5485738893544287 0.2692615460526895 0.5422760131578787
0 0.24338790351168882 0.5640131593423939 0.24603229166666551 0.554192161184188 0.28127138998479495 0.5636796290592656 0.27862703765924834 0.5735005965037401
0 0.2768135486413712 0.5832254971117887 0.27904501973682727 0.5741052105263001 0.31451277799169475 0.5827822097473052 0.31228134113655415 0.5919024667776204
0 0.3500506960402845 0.6061243872651263 0.3455823942263123 0.6144306786529944 0.31295771773807246 0.5968823957207049 0.31742602192980485 0.5885761326753914
0 0.3739868548001368 0.590914668016232 0.3707274103094278 0.600105471959152 0.33543847316184383 0.5875918166173622 0.3386979320175669 0.5784010438596483
0 0.3703585725169205 0.6102744693039706 0.3643532483429226 0.6170555851554614 0.3365310250832181 0.5924190617888412 0.34253633223681845 0.5856379692982706
0 0.6454299825495582 0.6928705194013784 0.6530874380944169 0.6959809118825918 0.6378548801463921 0.7334760745923802 0.6301974322069555 0.7303656957963426
3 0.1941297348336093 0.18916928118676093 0.18693073693418683 0.18453598022583423 0.1999696359648624 0.16427697697367838 0.20716862685935666 0.16891027490836824
0 0.6567668405589302 0.6999182591774099 0.665442758109748 0.7020934804785821 0.6554228944718261 0.7420516635048618 0.6467469805046449 0.7398764520489972
0 0.7233628650643595 0.77649457966616 0.7147988239541974 0.7754315146667411 0.719919217032384 0.7341893792682229 0.7284831771256677 0.7352524391781082
0 0.7367753374493304 0.7433272224045194 0.7450519341656445 0.7444935414193626 0.7397732437592595 0.7819463604908018 0.7314966481127385 0.7807800466005678
4 0.831338887140646 0.28679209743163786 0.8968606915595956 0.30191847122239945 0.8799794825930576 0.37503916234055756 0.8144576980288321 0.35991284618477115
3 0.13028028961127802 0.1587454698076469 0.1397043187921554 0.1605008412529014 0.13487616136183078 0.18642144878445926 0.1254521325161022 0.18466607855817063
3 0.1472773191686656 0.1500473490270983 0.15570231764490927 0.15387293218976353 0.14462435246218774 0.17826949607590117 0.1361993555628942 0.1744439154802073
3 0.18038800911745057 0.15314962790707573 0.18739509028489465 0.15770801005866486 0.1733530163389787 0.17929310753360544 0.16634593754656635 0.17473472836310705
0 0.20385113059774085 0.5434149465765867 0.20514417543859054 0.534450929824578 0.2422869662273115 0.5398081859516574 0.2409939522614195 0.5487721750605338
0 0.1751678755492776 0.5097802350644572 0.17892378070177983 0.5011533114034862 0.21256096221100051 0.5157967332475534 0.20880508616642146 0.5244236322028362
0 0.17210962865533475 0.5014376382825816 0.16608985346647387 0.5076046664968036 0.14024968161743345 0.4823833468175619 0.1462694407895242 0.47621633552628206
0 0.18069549146355257 0.5164603386223369 0.17530507404956097 0.5241578906613227 0.14487464067019573 0.5028498343554838 0.15026505153514336 0.49515230482455114
0 0.6252184731434909 0.6875064387461063 0.6336243645380364 0.6904911493337269 0.6203742193328026 0.7278021150635979 0.6119683342868711 0.724817417221203
0 0.559865701966828 0.6450116234670303 0.5677392831464658 0.648435508198413 0.5517775931406277 0.6851361740461781 0.5439040201466696 0.6817123032010967
0 0.549620669799765 0.635402109630392 0.5570466345656087 0.6382847229056244 0.5418223542041005 0.6774992297228097 0.5343963959351186 0.6746166285765767
0 0.47981502654647556 0.6011636414923152 0.48837354598413185 0.6024433384544194 0.4825134690249797 0.6416305693632138 0.4739549506579124 0.6403508771929848
0 0.4601337948163291 0.590653969827703 0.4680634202504734 0.5915055196922233 0.4638033763060321 0.6311705598264592 0.45587375137631625 0.630319013128304
0 0.05483040459421318 0.35007729891659173 0.06195693808103897 0.35489798181368903 0.03926825389385158 0.38843783011746214 0.03214172935224724 0.3836171582035375
0 0.06226939850876079 0.30216686404927523 0.07020002591343655 0.30308135455788715 0.0654694154269464 0.34410479271843786 0.057538788337296864 0.34319030407308704
0 0.05638450506648951 0.3660511929299983 0.06303484715192553 0.3691307628000378 0.050650163866521325 0.3958743580073544 0.04399982505060507 0.3927947934045951
0 0.06737065156471544 0.35788583651166844 0.0752367180272131 0.36045822448028764 0.06260197661492839 0.3990921534269853 0.054735912950832244 0.3965197714908322
0 0.07997641813119571 0.3552792018279723 0.07281665291611716 0.35368757360779857 0.0814228103070036 0.31497514802630683 0.08858254746212424 0.3165667730027322
0 0.06274390589339873 0.33053055661838626 0.07135945936181542 0.33203235285415955 0.06579787189969011 0.3639371001729863 0.05718231909611404 0.3624353065083066
0 0.07673596135555272 0.2982104380919011 0.0851685364405057 0.300235642414235 0.0775107804865911 0.3321201703354315 0.06907820652088503 0.3300949692042769
0 0.07336262498779433 0.45775061467154865 0.06783846448990971 0.4658764927976712 0.037231011295489225 0.4450701104372131 0.0427551666666659 0.4369442532894788
0 0.11246415010612054 0.4703347017881774 0.11042353482832823 0.47951991727736376 0.07539119809780459 0.4717375086040461 0.0774318300439063 0.4625523168859302
0 0.11154135430126644 0.48547656524343624 0.11671369627197237 0.4767051151315569 0.14840728117712843 0.49539277671491666 0.1432349668916686 0.5041642027633368
3 0.18181156657226438 0.1582315021856554 0.19001645244156862 0.1584231338485472 0.18943875475065397 0.1831575782156929 0.18123386888657933 0.18296594667662178
3 0.20504351587021574 0.1739157709161843 0.21398080560402377 0.1762587152441092 0.20764900991764534 0.20041144463351057 0.19871172082264366 0.19806850197694287
0 0.768014013011225 0.7603702818561284 0.7769072084988693 0.7613252384442027 0.7725559510993207 0.8018396083448595 0.7636627563576894 0.8008846563919413
3 0.4577193860659463 0.06582388947615753 0.46201985620427877 0.06590544416761368 0.46160462803266 0.08780085291597615 0.4573041578947823 0.08771929824561411
3 0.42229347348734336 0.12224888267010149 0.4279450716003339 0.1224021236026022 0.4274245092944966 0.1416006092943395 0.42177291118423454 0.14144736842105252
3 0.44922380077548496 0.13559660630392248 0.44157405283192475 0.1382986100903206 0.4358790693111132 0.122175397596756 0.4435288125000625 0.11947339473683044
3 0.4543279742457571 0.11653629379267491 0.46071289697113116 0.11733574775196423 0.45882940294472974 0.1323784010986919 0.4524444802632388 0.13157894736842596
3 0.46874900683633314 0.13465648346139522 0.4745413457637824 0.1352862863553509 0.47249151761263875 0.15413857456004634 0.46669917872804945 0.15350877192982337
3 0.4476433535360229 0.15573555141651957 0.4414979758602158 0.15802508584103406 0.43554706578936475 0.1420522521930018 0.44169243909948364 0.13976271867546122
3 0.49607218117182583 0.151682918251221 0.5006101571882482 0.15957036601685576 0.48392357285717935 0.16917076963298974 0.4793856011289108 0.16128332558211164
3 0.23458625098385255 0.007279195150083389 0.24013066564373275 0.00852730991024552 0.2364453471135448 0.024898346654440604 0.23090093246980814 0.023650231947115245
3 0.4540815595952381 0.13836146874076372 0.45926656189442383 0.138263248402737 0.45959579839950493 0.15564336647112229 0.4544107961012287 0.1557415867708036
3 0.21849502484155892 0.17723741172411478 0.22698808358347833 0.18182529308803022 0.21368452007834549 0.20645249647507152 0.20519146398589783 0.20186461887767898
3 0.00612067653514714 0.25479596491228057 0.01095626000574157 0.25477657547421995 0.011038230582016695 0.275219004258447 0.006202647111535953 0.2752383936804613
3 0.01921673187473516 0.2602353107919876 0.026570591986910586 0.26185623342455494 0.022519050722962675 0.28023700687369957 0.015165191015512391 0.2786160854985448
3 0.026379217216685902 0.2646575643647865 0.03204665688599562 0.26555114078132314 0.029071346663499753 0.2844213889479121 0.02340390716130969 0.28352781324631304
3 0.03397716988990851 0.2653134868756751 0.04073141230367128 0.2663252216116025 0.03757666801675441 0.28738550404033286 0.03082242580444472 0.2863737702120049
3 0.04289305732390858 0.27465380841894604 0.050665790951597955 0.2767163073937452 0.0461639628932744 0.2936814824919624 0.03839122986585153 0.291618985085599
3 0.03890296646329716 0.31989651195701213 0.04594464767490081 0.3220474243114432 0.04105336597388032 0.3380600332520923 0.03401168555251388 0.3359091227037752
3 0.5106460836018414 0.34047449541702 0.5162318746622532 0.3422292734862783 0.5111352065965775 0.3584523341219841 0.5055494162451168 0.3566975576415213
3 0.3728133837352061 0.0900889539618484 0.380919389254359 0.08610072587720413 0.39022815871317107 0.10502058879127323 0.3821221540077886 0.10900881561697534
3 0.4451754385964912 0.0704494649122807 0.4506578947368421 0.0704494649122807 0.4506578947368421 0.08881578947368421 0.4451754385964912 0.08881578947368421
3 0.5129256699104872 0.6135551409405958 0.5240022399032114 0.6186144085095928 0.5101252419686944 0.6489925115435218 0.4990486819652915 0.6439332602339499
3 0.30501336233919574 0.4913097192006597 0.29933513309788395 0.4992708127355143 0.27600180239471683 0.48262955850829575 0.2816800262756942 0.4746684819525935
3 0.05791483948212317 0.24033524669000114 0.055957123180292 0.2304108453866353 0.07894710241828307 0.22587584451938386 0.08090482487773443 0.23580023757082128
3 0.07017543639562973 0.21768689477988998 0.07149847636162576 0.22688890609587922 0.05045696867557581 0.22991413973046407 0.049133936141402046 0.22071213510664575
3 0.0723684195977512 0.20016552274246416 0.07334391917174798 0.21064872117657663 0.05266951674286702 0.21257251420881343 0.05169402456954231 0.2020893226403945
3 0.04773422706762176 0.2075669211721767 0.052879883663763394 0.21716045792884464 0.032030999991206954 0.22834293811045703 0.026885352164299547 0.2187494088874113
3 0.06219854482117171 0.1880367204786472 0.06720308242790907 0.19778206839704096 0.04676155911488422 0.20827928776250684 0.041757029437007986 0.19853394663841323
3 0.039525933359300325 0.1997032422668129 0.04231487334072881 0.21082025960211748 0.019739147071845764 0.21648377176259845 0.016950216608279334 0.205366762631373
3 0.029146500017532162 0.1982151733444356 0.02470676693110363 0.18930373935164826 0.043320467105218086 0.1800303760964849 0.047760201118194345 0.18894180472596184
3 0.02546613710933343 0.18714991283439397 0.021380031831085944 0.17719503424545718 0.04289718969300793 0.1683631282894416 0.046983297226574905 0.17831800061297917
3 0.039053287938713765 0.12244649796362227 0.04566797044572013 0.13125209082717507 0.028430307852659098 0.14420079386436488 0.021815629616639853 0.13539520488404597
3 0.03261257442329679 0.12431807092142667 0.030426785766280773 0.11434814167993683 0.05263157894739834 0.10948002302627025 0.05481737046397939 0.11944994816592559
3 0.03947368336764612 0.10110006774857412 0.0405186195217766 0.11090526372319245 0.01923793755747738 0.11317312442511254 0.018193005140915375 0.10336793187078304
3 0.012840978982580964 0.09793840957938194 0.011709347969713235 0.0873196194821802 0.03289473684208133 0.08506192434207242 0.03402637062163194 0.09568071120856202
3 0.22530219418467823 0.44134303690629983 0.22363312361869703 0.4520831181226347 0.19667416010463512 0.44789376520051327 0.19834324671057857 0.4371537039473439
3 0.24955582222810335 0.4656306729532622 0.24397514585450608 0.4716321609922335 0.22364918543746626 0.4527326231821396 0.22922985197362777 0.4467311469298589
3 0.2774387659894728 0.4726335194148694 0.2741441216436442 0.48188166951405703 0.24941360962782255 0.47307203048869806 0.2527082620614465 0.4638238980263074
0 0.6981269801151484 0.7658308504506944 0.6917959908917055 0.7614795886131898 0.7150448234649502 0.7276588881578848 0.7213757702252224 0.7320101296440641
0 0.33236550343258386 0.5906305236089696 0.32650530440184866 0.5969256847753301 0.297120748671432 0.5695742448813145 0.30298092872806137 0.5632791063596538
0 0.2146484316825763 0.27712550874383574 0.20925858010355114 0.2871059498739396 0.182766445795437 0.2727994184325616 0.1881562982456444 0.26281899013160365
0 0.33641077655329354 0.38830909588220913 0.33431864361193675 0.39741366279207513 0.2975889045549138 0.38897390934531983 0.29968105153511715 0.3798693629386214
0 0.3757088522371532 0.3963294655530227 0.3737098758094817 0.4054928872538168 0.3387323000382594 0.39786295105081665 0.3407312905701474 0.38869954934207773
0 0.41442134998999336 0.42289451999679956 0.4096208890912294 0.4309639797034978 0.3777962363368488 0.41203272003055874 0.3825966962718894 0.4039632796052345
0 0.44883921861594445 0.44308726900093454 0.4431148249573198 0.4509829194658686 0.4122853106474622 0.4286326106198729 0.4180096973684613 0.4207369802631431
0 0.16128208703719338 0.3015957810132948 0.16814693025594352 0.2952625606687469 0.192723091394555 0.3219009138894433 0.18585825866762207 0.32823412333496593
0 0.23165786022843804 0.32827860970134415 0.23026315789479668 0.3375829122807055 0.1940596630596474 0.332156197732832 0.19545437938597843 0.3228519122807495
0 0.26448624671809284 0.3468745879601821 0.263068039530026 0.35583059511532134 0.2284123068154713 0.35034293989871856 0.22983052741233223 0.3413869495614365
0 0.3014735999469167 0.3688586331213694 0.3000714001233291 0.37821287371477136 0.2644335708420158 0.3728709581528598 0.2658357861841978 0.3635167368421124
0 0.37459824121469865 0.41053182403266786 0.37133417438303695 0.41870560727446826 0.33632660577791285 0.40472658301553144 0.339590679824596 0.39655281907896744
0 0.4250579402663561 0.5084696175353929 0.42072080680156887 0.5179883175289037 0.3865569054955813 0.5024229385883109 0.39089404605260825 0.4929042664473583
0 0.34426068795812625 0.42271510325372436 0.3481981776316161 0.4141731239034955 0.3777812458010885 0.42780889386671395 0.3738437773029091 0.43635085520583816
0 0.42659600471085923 0.4945243877872854 0.4243497059206902 0.5024903357595982 0.38831688723507796 0.4923302305206711 0.39056319951964724 0.48436430504174716
0 0.21495329821016185 0.39996973368508587 0.2090623084533263 0.40721649729665443 0.18067213969061413 0.38413882220538526 0.1865631206139824 0.3768920745614376
0 0.2494887514965285 0.40938844312169226 0.24777519409281012 0.41903887264871587 0.2125715771758223 0.4127883035697929 0.2142851513158348 0.40313789583328374
0 0.2853214080472526 0.4328398227124532 0.28168644860875247 0.4423084247385726 0.24658495872506592 0.4288338327081119 0.25021992763151957 0.41936525438601174
0 0.31895760394309036 0.4549565756280283 0.31397158141976433 0.46287157873035023 0.28217393299269133 0.4428419967282008 0.2871599528508568 0.43492701425443053
0 0.3211347503641946 0.45855297800792544 0.3280748388158372 0.4521995701754369 0.35281346456793017 0.47922078565304976 0.3458733920722352 0.48557417683629944
0 0.3419925293163715 0.38441281447322034 0.33718046110971045 0.3923995430496039 0.30642362114690513 0.37386908833959065 0.3112356883489156 0.3658823764078864
0 0.3041225090748867 0.37008168995272894 0.2977793144665384 0.3758911239560026 0.2729043869335328 0.3487318014194492 0.27924756688594243 0.3429223793859732
0 0.2653249481943476 0.34508502915333816 0.2608308634455625 0.3511038309938889 0.2312407488983581 0.3290104097103316 0.23573482894732933 0.32299161951758626
0 0.23307099894873318 0.3193116545391204 0.23048371912386756 0.327132060107927 0.19544253766321162 0.3155394735915301 0.1980298245614449 0.3077190822368017
0 0.25291661992469017 0.29190949800222055 0.2500897396344044 0.30080369446173927 0.21627500610111383 0.29005647078638314 0.2191018938350453 0.2811622885588723
0 0.2869859632446605 0.31904867319372826 0.28078692512337966 0.3266206720254824 0.2521295058644455 0.30316012230580597 0.2583285361841945 0.29558813706141773
0 0.2877063496090386 0.32136953738312873 0.2944047072368221 0.3137203037280653 0.32318532601129846 0.3389223665465103 0.3164869838026334 0.3465715854660244
0 0.2959082602704939 0.2992603927990716 0.2992272324561327 0.2896221085525985 0.3344592867955498 0.30175402687268443 0.33114033399147047 0.311392294650159
0 0.3726271717664531 0.32416317278684953 0.3704523330638949 0.3328853465747523 0.33421916168902044 0.32385101061748056 0.3363940109649093 0.3151288530701844
0 0.40786816446609464 0.34113585310137884 0.40566941462441264 0.3499097503704044 0.37073405737271514 0.3411551865961191 0.37293281798247335 0.33238130592105264
0 0.441790304281767 0.35926302342933664 0.43929483860631535 0.36885491792980996 0.40665585849887975 0.3603637352079755 0.40915133552630323 0.3507718585526402
0 0.39596861148288554 0.3462732237248001 0.3946551959951421 0.3558590428312411 0.35978962438855433 0.3510820269350588 0.3611030548245253 0.3414962258771653
0 0.43162884158198267 0.3696643474988296 0.4283026408296564 0.37844484116828936 0.3934250219228943 0.36523312630483445 0.39675123026313486 0.35645265131573856
0 0.46630042488197887 0.3852438150812844 0.4647878347104779 0.3943930930731912 0.4273653376924358 0.3882065172662236 0.4288779440789767 0.3790572598683925
0 0.21334297959003834 0.2945189151512773 0.21089109982790433 0.30430298458103594 0.17565397927216964 0.29547279674719557 0.17810586951759433 0.28568874342108613
0 0.24514446053251504 0.31926497790874364 0.23985833353890484 0.32701228246509606 0.2096433633506649 0.30639666247429953 0.2149294868420384 0.2986493717105702
0 0.2419789468011686 0.3296051534495911 0.2454364890351144 0.319680899122766 0.2802368931459114 0.33180470115686733 0.2767793726156924 0.3417289370613232
0 0.27966982011753316 0.34094893587186004 0.28665982675443047 0.3341850921052664 0.312345999770514 0.36072914342322593 0.30535600624307335 0.3674929738267603
0 0.16271339446268485 0.29268707577908265 0.16764455592101513 0.285629383771918 0.19813148018818083 0.30692979901781947 0.19320033208941823 0.3139874790417485
0 0.3902209406169277 0.4909529239699814 0.3861420022395805 0.49941006737752214 0.3525885628824881 0.4832281447753615 0.35666750606992537 0.4747710248477016
0 0.421262670951819 0.5152866602656769 0.41951171481844085 0.5245113798907542 0.3828944105115397 0.5175615223368409 0.38464538706136864 0.5083368300438592
0 0.336790730583175 0.5785020672257416 0.3303550425538333 0.5851795614098663 0.30328746264297024 0.5590947188666767 0.30972313048243905 0.5524172467105067
0 0.07196747305863482 0.4202515572429799 0.06505212397087234 0.4280148025031122 0.036953204236283455 0.40298611039669735 0.04386853947369218 0.3952228837719645
0 0.2616135379444131 0.49908558850569007 0.2674608942759278 0.4928026131239206 0.29529411448629617 0.5187040204331642 0.28944677715537637 0.5249869772852762
0 0.3285885833510065 0.5229048973706801 0.3352656425438454 0.5148143114035384 0.36697470892704587 0.5409811446363776 0.36029767852880923 0.5490717036538472
0 0.40475938373981535 0.5537091522683434 0.4023428091485357 0.5627601987995409 0.36392973421448005 0.5525050412086108 0.3663463278509198 0.5434540252193264
0 0.28915577903057965 0.529582737014012 0.2826267649536476 0.5351808746018063 0.2579582652301724 0.5064127719016875 0.264487255482436 0.5008146513158094
0 0.289885059664698 0.5386588282025362 0.29177875548248267 0.5286826085526511 0.32746133126534005 0.5354552763866212 0.3255676691445615 0.5454314664262443
0 0.325245956615845 0.551411453988216 0.32941388048243425 0.5430113881579308 0.3637862888642758 0.5600645659394586 0.35961839688729924 0.568464604542406
0 0.39843969450646455 0.5759550450467221 0.39524887521668006 0.5859608227622622 0.3588997780284444 0.5743703042145338 0.36209061513159213 0.5643645603070436
0 0.02390987861258509 0.4090517794660514 0.030036514254447866 0.4015152489034968 0.05817542155580213 0.42438886607313214 0.05204880453118221 0.4319253793019188
0 0.41488216491961794 0.5365828282713249 0.4083224104803094 0.5432838927311586 0.3809045023355111 0.5164464135035772 0.3874642370608399 0.509745369772941
0 0.09353060283035575 0.4379621812028651 0.09015101572026651 0.44673459314909586 0.05650355537989071 0.43377256342948495 0.059883151027975146 0.4250001725840884
0 0.06969310543797747 0.4269637845497287 0.07384965679818833 0.41855629824562635 0.10680573273793925 0.434848405495766 0.1026492050714296 0.44325587157629126
0 0.06270368556522499 0.4438952071657778 0.05640881056729086 0.4497430330649323 0.03175566271988828 0.42320674478582276 0.03805052083328064 0.41735893311406785
0 0.12784772534416788 0.45555657983498177 0.12548182429964072 0.46377005723885883 0.09120306397721833 0.45389661150510546 0.09356897697364275 0.44568315460531166
0 0.09777868940238932 0.4622654646178223 0.09144444275500518 0.46810902128095716 0.06687886550776057 0.4414823017120272 0.07321309429823941 0.43563875986842243
0 0.1346067355420928 0.47612832028945523 0.13028313109998635 0.48359598624875955 0.09935545203120455 0.4656907616805115 0.1036790563238128 0.45822311495446283
0 0.26706149969493254 0.5477591142474908 0.2700610275294366 0.5397432600914747 0.30423227172445877 0.5525289108879111 0.30123277279415106 0.5605447405429654
0 0.3283155939820972 0.5139243683867087 0.3252249157761753 0.5219589063741951 0.2873398366779156 0.5073866111236509 0.2904305252193353 0.499352098684174
0 0.2912266062370463 0.49096471249917045 0.28864119767467855 0.5003111731010472 0.25054454941005133 0.4897736475567969 0.253129974780677 0.4804272149123062
0 0.22448713128915188 0.48970074564760274 0.2260712741227735 0.4807797160087703 0.26226452341961703 0.48720618328767 0.2606804081693781 0.4961271886138155
0 0.2136678335398301 0.4660190666068934 0.21739638048245524 0.45786253508776337 0.2534120477648685 0.47432502009173055 0.24968352796395266 0.48248152854850873
0 0.3479211727636766 0.49126668985959704 0.3535107807017539 0.4832090350877419 0.38499477607706467 0.5050478668300706 0.3794051943108343 0.5131054981867639
0 0.3807747502428356 0.5088235702424827 0.378416345294454 0.5174405051008598 0.3439741900484705 0.5080145917209159 0.3463326096491528 0.499397680921066
0 0.31462110368340745 0.4714281346361987 0.3199728333332814 0.46371333991228797 0.3504610211456338 0.4848614172345834 0.3451093147783695 0.49257619113113393
0 0.31632377467337847 0.46712456913154615 0.31135856876289836 0.4746579215750487 0.2794731116953244 0.45364366752013685 0.2844383135965245 0.4461103355263365
0 0.3475546270758514 0.48880773021604007 0.3452614043266067 0.4989442959873359 0.3091720176344097 0.4907802491492585 0.31146525986844154 0.4806437116228463
0 0.31234108797048066 0.4757431093126801 0.3072653118371136 0.4844610931356959 0.2743183581445692 0.4652800221610138 0.27939413377191613 0.4565620625000379
0 0.2797484230114833 0.4519326306357331 0.2726504206690379 0.4580187682562521 0.24783409882513752 0.4290782621195553 0.2549320789473768 0.42299214035086985
0 0.2117761820644546 0.40576572128130295 0.20737022694822826 0.41477160809662267 0.17472603240128137 0.3988018335961 0.1791319912281324 0.38979596710524084
0 0.24570518932500818 0.420310491360793 0.24402481042125146 0.42911756306886256 0.20905256359651503 0.4224452171052251 0.2107329576989514 0.4136381655785787
0 0.2777327578577342 0.45220360339701915 0.2754198571969937 0.46165740773586805 0.2397918082307342 0.45294141169863894 0.24210472478068823 0.4434876315789701
0 0.24291093693545918 0.43726057326084866 0.23835232225894742 0.4454838806587909 0.20579027156873053 0.42743402047180834 0.2103488870614001 0.4192107335526808
0 0.15218315637002888 0.4639286861920664 0.15393091512214596 0.45472103637479977 0.19026264321735198 0.4616168983604614 0.18851491175371393 0.4708245241709976
0 0.19317317489424113 0.4516729025145705 0.1905429456061256 0.4614419563601761 0.15623345425046864 0.4522049716828284 0.15886369846487014 0.4424359418859731
0 0.17451990354641111 0.4497154950587042 0.17600949780694464 0.4412230767543694 0.2156592414556826 0.44817728639174753 0.21416967361597017 0.45666968133026253
0 0.19394503831449583 0.4621286458372877 0.1997458728070569 0.4557553530701763 0.22650809614481204 0.48011210701939094 0.22070727877678564 0.48648538322432094
3 0.5172651956115715 0.34210868340556294 0.5255082023660407 0.3437885746959747 0.5213283082493945 0.3642979958275922 0.5130853020659742 0.36261810643192893
3 0.4882133382087659 0.4368077554603293 0.49544153037606975 0.43842714562928903 0.4911039851880332 0.4577867249876956 0.48387579373775225 0.4561673370093977
3 0.5016885868508325 0.4448066949366912 0.509849796028675 0.4505374925518999 0.490367906987899 0.47827978077775557 0.4822067092055704 0.4725489968323536
3 0.9132174638426704 0.716938447633369 0.9107697886636288 0.7217856736607754 0.8972301174086397 0.71494968400231 0.8996777938596097 0.7101024660087629
3 0.9462473135964728 0.9353070200568185 0.9462473355793009 0.9171646380530053 0.9517543938501376 0.9171646496360069 0.9517543859649322 0.9353070175438996
3 0.959736053345182 0.920534126450067 0.9658226056953936 0.9240583242185646 0.9553032188241559 0.9422212901067211 0.9492166741658821 0.9386971028318994
3 0.9356554456996946 0.9103823411588481 0.9409744960853459 0.912163603877577 0.9346062639605179 0.9311749608394505 0.9292872159400076 0.9293937031323781
3 0.954841768637607 0.8678348804738838 0.9612184715095964 0.8699634219298477 0.9547604333621393 0.8893059320161489 0.9483837332269331 0.88717739637148
3 0.9644927031085899 0.8997614266619154 0.9640731787280856 0.8799249364034627 0.9703607950942796 0.8797919967836827 0.9707803360161051 0.8996284701297238
3 0.9339829417543797 0.8567453546825904 0.9396596634064736 0.8583198258028145 0.9350210419307814 0.8750404665580055 0.9293443217133017 0.8734659990419694
3 0.9470736627577026 0.8656369784238737 0.9528731693191048 0.8669229326500578 0.9488104807154514 0.8852409323093311 0.9430109751970122 0.8839549813017922
3 0.8939508823031019 0.7697368410542162 0.8939509013157476 0.762873981359666 0.9100877253821409 0.7628740177641222 0.9100877192981898 0.7697368645285344
3 0.9786775021360654 0.8815789515523956 0.9786775153509097 0.8632645877193329 0.9846491227931438 0.8632645980925666 0.9846491241211197 0.8815789473683682
3 0.9826620294686563 0.7297998853105916 0.9896471427182405 0.7308104917370011 0.9869688989450651 0.7493189156595453 0.9799837861513652 0.7483083113635796
3 0.9530102044935802 0.7331605330975417 0.958419312747651 0.7362363937149718 0.9493040089489568 0.7522635770361532 0.9438949053361512 0.7491877228342945
3 0.9438893357470306 0.7975737134715133 0.9504810069514633 0.7981185453982301 0.9487214283192316 0.8194026617613878 0.942129757292264 0.8188578312686153
3 0.9539749255683319 0.82532115850541 0.9496022902088725 0.8217130564474329 0.9624320646929618 0.8061679089912502 0.9668046863985182 0.8097760020056517
3 0.9915471822757809 0.8459740268296752 0.9863991454409415 0.8422957809267573 0.9978070175438916 0.8263328728070399 1.0029550362927466 0.8300111094590512
3 0.9397997168331358 0.8629045196512545 0.9453346934714091 0.8654033121792666 0.9387968951347148 0.8798815849857254 0.9332619216972944 0.877382797727278
3 0.9644967155400082 0.8755410133842737 0.969545000891344 0.8796912302317721 0.9577738968249605 0.8940060723898979 0.9527256209318011 0.8898558659102468
3 0.9434427608864553 0.9321215408759609 0.9388847797567905 0.9309377162928858 0.9434329823777716 0.913430769831253 0.9479909414372969 0.9146145913994682
3 0.9322832138104786 0.9066198621081751 0.9366351194129265 0.9100477496338915 0.9253910511985168 0.9243191100483447 0.9210391533348457 0.9208912312067166
3 0.7188798389175872 0.7305527208971878 0.724893878013745 0.7334214354712069 0.7156147990536965 0.7528710564257416 0.7096007643956455 0.7500023488395937
3 0.6914462010029183 0.7163482388672978 0.6981422038705887 0.7167298082046502 0.6969116880960655 0.7383201649140978 0.6902156853070665 0.7379385964912312
3 0.6944760480259902 0.8745459146264648 0.700421574678785 0.8779090670137296 0.6904659561672588 0.895504844220359 0.684520436125581 0.8921417009993249
3 0.6673050720060019 0.8625833688098961 0.6727558923754486 0.8645068168331309 0.6670532242444551 0.8806637599104011 0.6616024060356267 0.8787403162637436
3 0.658457730380519 0.8750000027855194 0.6584577474308162 0.8535240350996944 0.6633771960414379 0.8535240462431634 0.6633771929170962 0.874999999973996
3 0.6487668090584293 0.8453532464469952 0.654964205463898 0.8467226779398156 0.6504760868534731 0.8670292541561381 0.6442786916462637 0.8656598263787587
3 0.6573715988245112 0.8459637750291538 0.6626480683833051 0.8470181746084633 0.6594011485846067 0.8632629401053354 0.6541246796929272 0.8622085428009539
3 0.6644284075172209 0.824843451292995 0.6713297008661812 0.825511908029432 0.6693656178011906 0.8457852429017679 0.6624643247034783 0.8451167878981583
2 0.6595583022526625 0.8457244338353922 0.6514965508473551 0.8434622924845409 0.6578912171053162 0.8206781359649139 0.6659529228163592 0.8229402705189172
2 0.7085339205264063 0.852002619593186 0.7192728985212398 0.8564357061445799 0.7091203195790285 0.8810243179025106 0.6983813504037926 0.876591246927648
2 0.7304979706856329 0.8514658679856986 0.7385285384493727 0.8553677840924354 0.7215680616968712 0.8902662573913637 0.7135375068793337 0.886364361381404
3 0.7012363527788921 0.9412091216621764 0.7054057243395846 0.9457271637012423 0.6919718309349037 0.9581209039803862 0.6878024716995697 0.9536028738856313
3 0.6766323145079696 0.9513706506787468 0.6737438887871576 0.9455725746315302 0.689447984502749 0.9377513892482315 0.6923364127878813 0.9435494506660335
3 0.7024803309857361 0.9214690774681613 0.7070938194156042 0.9290718314433128 0.686576378762652 0.9415188564565907 0.6819629200455211 0.9339161283850288
3 0.6880980931508702 0.9169996741104173 0.6871207633387257 0.9070679792122042 0.7015913673387786 0.9056443488233321 0.7025687149370015 0.9155760237084766
3 0.6706930356845078 0.9934210519800926 0.6706930515350678 0.9876843607456018 0.6831140401868652 0.987684388617355 0.6831140350876694 0.9934210691026909
3 0.6877457513699028 0.7161803835735312 0.6939699080774062 0.7209644470115678 0.6809465010217082 0.7379054111227815 0.6747223542729444 0.7331213590104709
3 0.9827203340183814 0.884428239136693 0.9888353803889913 0.8877252709396658 0.9799493574745384 0.9042022779677309 0.973834316966645 0.9009052545738528
3 0.9652181544539644 0.8578029058965017 0.971742459877305 0.8592639373687759 0.9678905214157112 0.8764610280720273 0.961366217105251 0.8749999999999919
3 0.5720832781057652 0.6611842120772644 0.5720832818448116 0.6482525676673307 0.5756578946500213 0.6482525707337453 0.5756578955237046 0.6611842105263073
3 0.9375000002415845 0.03289473684210526 0.9259303166006703 0.032894736842105254 0.925930317031316 0.025941367324561412 0.937499999951001 0.025941367324561412
3 0.9126617009542315 0.6813499554666654 0.9146845519444469 0.6889302378498972 0.9021911519519108 0.692263697919096 0.9001683129106368 0.6846834258088412
3 0.9119171582836998 0.6944746955721045 0.9137373764001495 0.7017740417985714 0.8997054040469266 0.7052726171862618 0.8978851989767236 0.6979732822122454
3 0.895755334226692 0.7527440172973123 0.8974150416667044 0.7469113563596051 0.9113948873769004 0.7508886894879232 0.909735191282266 0.7567213407159996
3 0.8894338490155178 0.8075395972347942 0.9026142277641611 0.81003834308176 0.9009830084768282 0.8186409624349357 0.8878026304823834 0.816142219298243
3 0.8865180460513784 0.8300438586743232 0.8865180679824789 0.8220155471491322 0.901315796455151 0.822015581563724 0.9013157894736423 0.8300438781389118
3 0.882067011820709 0.8574632579266391 0.8850137050438889 0.8502962039473929 0.9002058401641762 0.8565409646038327 0.8972591650740469 0.8637080032111384
3 0.8359538246619422 0.12537360565332123 0.839420399302071 0.13350842414097192 0.8279026928349822 0.13841655546818726 0.8244361206141093 0.13028173903507606
3 0.862313101152381 0.05371355551206694 0.8675918815789601 0.051201721491220806 0.8761187047733756 0.06912136860575954 0.8708399246411318 0.07163320215849517
3 0.9555899336742186 0.8478344177336907 0.9601109626348716 0.8503094361278756 0.9515511466132693 0.8659418569337353 0.9470301217104407 0.8634668442982201
3 0.8407368142651421 0.13344509912442976 0.8441318029548484 0.14178383936974762 0.826801577445508 0.14883952344623663 0.8234065926930043 0.14050078652905296
3 0.8410087712429686 0.15519851397491233 0.8419184424716377 0.16137687816918483 0.8293650715187368 0.1632251561480144 0.8284554024122599 0.15704679385962705
3 0.8421052621240506 0.16566352730083717 0.8434957234192098 0.17171242133400197 0.8314075610277314 0.17449110371231932 0.8300171019736808 0.16844221162275524
3 0.9347179791666349 0.23684210582218962 0.9347179837610611 0.21960917082167486 0.9396929840693247 0.21960917324562762 0.9396929824561084 0.23684210526310326
0 0.4858511950014872 0.48604767644604496 0.49192786857565807 0.48946277881078326 0.47963642844456444 0.5113319401751625 0.47355975954951646 0.507916844322605
0 0.4667860363313139 0.5146853507243871 0.47567117089363364 0.5151174174597976 0.4742175413258565 0.5450077113712576 0.4653324068406164 0.5445756456811492
0 0.46648711054172054 0.5479467883805852 0.47386733344683307 0.5530449693307258 0.45526484870833883 0.5799716691455984 0.4478846376561023 0.5748735025424826
3 0.9182420955067983 0.6685902079484802 0.9177251628663043 0.6759818917457228 0.9025098798252884 0.6749179483470095 0.9030268231107357 0.6675262760721264
3 0.975116472648665 0.6800107998943525 0.9806495697238233 0.6807070722445587 0.9782635293216799 0.6996655869642338 0.9727304325090245 0.6989693160128039
3 0.9667888369668844 0.6760474890001245 0.9726771344638792 0.6788201492447536 0.9651510509128229 0.6948010070391554 0.9592627566302099 0.6920283519081867
3 0.9571736215362989 0.6904921324152349 0.9521427191291423 0.6878813258165056 0.9604218728070464 0.6719300657894782 0.9654527597419928 0.6745408675167385
3 0.9455603177541434 0.8456649617627915 0.9509008852447778 0.8476559338042209 0.9444598183002881 0.8649295637523617 0.9391192532895047 0.8629385964912283
3 0.9717064722685791 0.813452295085669 0.9786415315585373 0.8141475352906231 0.9766480469676253 0.8340285717969174 0.9697129879385784 0.833333333333329
3 0.9942006394786631 0.8234907628340493 0.9892878510186165 0.8413847694715593 0.9824932933495347 0.8395197126647008 0.9874060916613416 0.8216257220162871
3 0.9675567429770808 0.8089456283804249 0.9733288978923156 0.8119541014825934 0.96404381808577 0.8297651242104592 0.9582716682963337 0.8267566586477282
3 0.988211327199565 0.8025657393447628 0.9927011228290894 0.8053170791408036 0.9845960218708569 0.8185408082131339 0.980106230263118 0.8157894736842102
3 0.9629980593653045 0.8048542224050252 0.9582597537561242 0.8011217312419867 0.9692825187215703 0.7871313241617034 0.9740208110231379 0.7908638072469522
3 0.9697869003838377 0.811418565847354 0.9660888801942065 0.8087861968730342 0.977715461294224 0.7924560999625755 0.9814134687901515 0.7950884624889384
3 0.9850996241250414 0.794171176102648 0.9902214039095725 0.7978543339258397 0.9781280323345527 0.8146679939278494 0.9730062604529621 0.8109848454537345
3 0.9596252628567754 0.7830740201786772 0.9545139588699385 0.7990017701468417 0.9470248362515576 0.79659891791121 0.9521361482751445 0.7806711830369498
3 0.9654231588974653 0.7622453027194078 0.957017506297916 0.7599837574626036 0.9634972383294098 0.7359043237015096 0.9719028455569969 0.7381658625146507
3 0.9696678454531593 0.6596298901025269 0.9773044064505712 0.6615233016404483 0.9732141936092376 0.6780178243555934 0.9655776337939415 0.6761244160971103
3 0.985094191910548 0.6662030897105856 0.9914972802550892 0.6691871924294567 0.9843977002341262 0.6844188835049912 0.9779946151094236 0.6814347859471286
3 0.9811918029510025 0.7040645277157396 0.9770854755826122 0.7013450122446016 0.9880609813595811 0.6847750241227857 0.9921672960466594 0.6874945338717182
3 0.9610621640730415 0.6742233266932502 0.9494974680252426 0.6880460815737744 0.9441533040524064 0.683575548155163 0.9557179940575224 0.6697528032277631
3 0.960511333342879 0.6496958167311603 0.9646236629483838 0.652634289285047 0.9533172315716456 0.6684553045363056 0.9492049067982862 0.665516837719322
3 0.7013097097690206 0.8797897131699097 0.7052463331932586 0.8817464502946871 0.6972697836889665 0.897790065713901 0.6933331633772468 0.8958333333333346
3 0.7259367032177124 0.841613410882476 0.7307549594562488 0.8421108471097558 0.7292322264862605 0.8568570843963342 0.7244139703947212 0.8563596491228104
3 0.7007861576240657 0.865152857060437 0.6963963952022141 0.8631100458218001 0.7042706304824833 0.8461930471491291 0.7086603746271294 0.8482358534124355
3 0.06549200252300125 0.6179597279072012 0.0719239528508524 0.6090064813596298 0.0862143129031665 0.6192713864602999 0.07978237908355368 0.6282246181457595
3 0.244846095679236 0.59477987689859 0.2503760514370015 0.5966354838732181 0.24408508960891595 0.6153813042825805 0.2385551354478821 0.6135257006911801
3 0.0733911523242341 0.5716210251511861 0.07871396415589516 0.5742907402419157 0.06897713381613357 0.5937017896843834 0.0636543253842774 0.591032079741433
3 0.10222406730997591 0.5898729015752978 0.10823369073557387 0.592570069894617 0.10033811601101661 0.6101604585773285 0.09432849545953559 0.6074632950122745
3 0.1083454015266625 0.5944543356724414 0.1133206567420757 0.5964158606159978 0.1060912758697441 0.6147505856905263 0.10111602258609764 0.6127890643093076
3 0.11586992771185578 0.5982628151520029 0.12017068331090286 0.5998655536699202 0.11470093312357221 0.6145413326917608 0.110400178728014 0.6129385964912271
3 0.12558299561408148 0.5842597719298246 0.12938244354188555 0.5842505786065797 0.1294200247475601 0.5997806193417189 0.12562057681975602 0.5997898126520869
3 0.025939610615523634 0.6329929015306048 0.022373894578436193 0.6393145744669338 0.007330451424536477 0.6308303981529335 0.010896167763121412 0.6245087357456007
3 0.09177058828004192 0.6354818261868254 0.09790023618086252 0.6363913124947518 0.09529751995933111 0.653930581904098 0.08916787240775648 0.6530210971800652
3 0.6969103587993004 0.8429562640866182 0.7010773862677979 0.8442034093190296 0.6960802992914523 0.8608962652213615 0.69191327302633 0.8596491228070234
3 0.10560990814985871 0.6425433440916178 0.11039609652027593 0.6436186587416918 0.10592148812588675 0.6635324130827868 0.10113530047158292 0.662457100616969
3 0.16910482166315433 0.6269038075996634 0.1744112852256876 0.6275870697855562 0.17211481640367765 0.6454201031017442 0.16680835307022335 0.6447368421052698
3 0.2216388573324366 0.6529222196448581 0.2156799478331095 0.6505539044278152 0.22486188062305246 0.6274542277796717 0.2308207643541209 0.6298225372475735
3 0.2156972870059235 0.6494950886386023 0.22123906976435137 0.6533267416376773 0.21146829495614838 0.6674565065789161 0.20592651764832226 0.6636248601802419
3 0.22734695551412187 0.6583270826920524 0.23325269849567576 0.6592942681728194 0.23067094916098085 0.6750565939736485 0.22476520655902732 0.6740894100621201
3 0.2987980484720083 0.7227032869381189 0.295833035199621 0.7274663536436814 0.28248327377696114 0.7191574235860391 0.2854482861841916 0.7143943651315576
3 0.29200484864179543 0.7337241057887017 0.2902531862351907 0.7415473006916856 0.27719248832931953 0.7386233980684141 0.278944158991294 0.7308002149122269
3 0.21489839143237077 0.5801974286937521 0.22065350712443887 0.580375120993848 0.22001655428766753 0.6010026359179835 0.21426143861083347 0.6008249439480501
3 0.21174142901190862 0.5780849401302632 0.2161145866342622 0.5811715740474014 0.20641543115380045 0.5949119428737145 0.20204227741237446 0.5918253135965192
3 0.1915753418516033 0.565095218860736 0.1969479505515892 0.5683452353811207 0.18752515791140922 0.5839205073061959 0.1821525531312318 0.5806704959648582
3 0.18138121735819368 0.5621966194201525 0.18751847796283982 0.5635977421226855 0.18359358110717494 0.5807880495848733 0.17745632121807375 0.5793869290339002
3 0.5688127347673344 0.6595377173714255 0.5742036705144073 0.6621302794060311 0.5666630473969008 0.6778080093312677 0.5612721145859041 0.6752154518915459
3 0.6029188777731633 0.6794866808198246 0.6088635215547811 0.6831291801765791 0.5988422313822639 0.6994817913607315 0.5928975932017693 0.6958392993421105
3 0.07510566557016318 0.596491229220521 0.07510568341479029 0.5783452867240835 0.0822368483717355 0.5783452971491311 0.08223684210531701 0.5964912280701762
3 0.11867262344696883 0.5964912298091464 0.11867263486840329 0.5795050690789142 0.12390351223564267 0.5795050752963568 0.12390350877194578 0.5964912280701282
3 0.1870459202469874 0.6363021684451237 0.1924455318296623 0.6387305581353716 0.18508341431959252 0.6550984155738312 0.17968380533511663 0.6526700301720824
3 0.19352866169731442 0.6177478883301015 0.20006256691374347 0.619925033585031 0.19406454097577353 0.6379237618403362 0.18753063761857902 0.6357466205364893
3 0.20215385963967947 0.6459092356534346 0.2088230980687058 0.6496518127120341 0.2000965137311823 0.6652004726302101 0.193427280093033 0.6614579022383706
3 0.2555250665202493 0.6738359835525435 0.25069066975163423 0.6730442532848144 0.25324212938585333 0.657466908991219 0.258076510951355 0.6582586379869927
3 0.261191898899483 0.6573971519003979 0.2687236572942311 0.6582335785126838 0.2664103176454091 0.6790616548990752 0.25887855954442784 0.6782252300728817
3 0.1656389890636092 0.6761908112343111 0.17102661539126984 0.679409839917001 0.16122688159794052 0.6958091150181014 0.15583926008901017 0.692590092762974
3 0.18472938281627194 0.6841212518630079 0.19055066697001166 0.6855959723133148 0.18558819522957037 0.7051818769754056 0.17976691223577745 0.7037071596786855
3 0.20992812997849342 0.6994503084163505 0.2164888597069421 0.7008014736971108 0.21209546546822367 0.7221308124285739 0.20553473670338462 0.720779650334293
3 0.27519581705030305 0.7924992702665864 0.27149845404721873 0.7987563814993462 0.25811361435137314 0.7908487036371059 0.26181097697372024 0.7845916041666333
3 0.03189920289980819 0.5683649679924078 0.038394405701751566 0.562740588815826 0.04805096098505146 0.573891168949707 0.04155576494690649 0.5795155408997471
3 0.173142892341275 0.5762675571650624 0.1686436114539447 0.5743298644334984 0.17481871491224865 0.5599928355263155 0.17931798514973707 0.5619305256317646
3 0.16496341108893375 0.6954030901311526 0.15950740037442301 0.6911960761619722 0.1719049055486721 0.675120267157388 0.17736090100470392 0.6793272722183221
3 0.19199162122322377 0.6896699997447558 0.1986576571656542 0.6903048137834977 0.19709494222422563 0.7067120952918217 0.19042890643959254 0.7060772823669592
3 0.21992420522155953 0.7022645519430626 0.22616217131837857 0.7052301685638015 0.2182571613301434 0.7218552341683268 0.2120191989763498 0.7188896234712739
3 0.5916143818885757 0.8639411380208968 0.5992220470456004 0.8585149024149987 0.6111724674279913 0.8752657375629262 0.6035648147123993 0.8806919583763487
3 0.6172837618962603 0.8940105549579441 0.623086932204501 0.8980073814117888 0.6118682214912496 0.9142922719298382 0.6060650601467614 0.9102954563561386
3 0.6363196200934453 0.8519737690048286 0.642136020148655 0.8564460402173356 0.6316375557275933 0.870096700331596 0.6258211645612164 0.86562443922443
3 0.6465288639101345 0.8404386688336828 0.6504672965581904 0.8461519426764946 0.6379410899030518 0.8547849505990246 0.6340026698401289 0.8490716879769834
3 0.6407103887496532 0.8415974929976661 0.6383177608240658 0.8358343297619835 0.6508096249999653 0.8306493234649621 0.653202256396753 0.8364124767743022
3 0.6665223446495929 0.8061703930043175 0.6724464077302628 0.8073892694560099 0.6686080238242766 0.8260410647297807 0.6626839616145617 0.8248221911644722
3 0.6823522723937003 0.813116672418196 0.6721374169502496 0.8261770459904764 0.6679287660299451 0.8228860161858128 0.6781436173245083 0.8098256513158011
3 0.6993512169063933 0.843201756618927 0.6993512289199089 0.8258646675229379 0.7039473702986925 0.8258646754386496 0.7039473684210407 0.8432017543859329
3 0.7111488032423949 0.8338930875331243 0.7176419497254756 0.8343443806396253 0.7163948556899413 0.8522835382254638 0.7099017093154316 0.8518322461617598
3 0.7198327084549874 0.8545851377121415 0.7256849987777514 0.8559828795817328 0.7222003201510461 0.8705697921014893 0.7163480307815462 0.8691720529873745
3 0.714825310264473 0.8886427650980574 0.7093391278781382 0.8875337761587515 0.7127641853182922 0.8705940649094887 0.718250343038676 0.871703051277379
3 0.6913727765108888 0.862352607848001 0.6957853946614705 0.8646079993888639 0.6865166688875206 0.8827378415809418 0.6821040548245492 0.8804824561403316
3 0.6817285153359762 0.8687452532302472 0.6862137945859104 0.8709168504845863 0.6794677675954972 0.8848470313633972 0.6749824912280928 0.8826754385965038
3 0.6750637111369997 0.831022625522138 0.6793596063553196 0.8342013121192059 0.6650922590839627 0.8534790187948813 0.6607963722823342 0.8503003419804465
3 0.6845174198685982 0.8313240614738882 0.6888744201818326 0.8348790295717408 0.6772444898841741 0.8491297054306814 0.6728874971778396 0.8455747457047941
3 0.6846831960873487 0.8435269894068812 0.6892345475565662 0.8462957756798107 0.6791689824560763 0.8628379627192799 0.6746176362738652 0.860069183410341
3 0.5773339472116277 0.9049480940249206 0.5829430092360326 0.9089555652584522 0.5702677938287479 0.9266919110855001 0.5646587420774267 0.9226844520434863
3 0.6370465479518543 0.7946175509325057 0.641906546483483 0.7976267878841564 0.6315108964395222 0.8144127384445279 0.6266509035087893 0.8114035087719341
3 0.2304010073697782 0.70677413785008 0.23532090473952394 0.7104185550637147 0.2232945588344819 0.7266513606237205 0.2183746683776917 0.7230069514476487
3 0.6269990221305761 0.7943463503227888 0.6326034349295924 0.796162670004963 0.6266848535422014 0.8144213795285021 0.6210804427010999 0.8126050641198123
3 0.23454413937031404 0.7108742214049734 0.2395640488882691 0.7128514068538139 0.2321254819122487 0.7317343270550812 0.22710557479206273 0.7297571460170545
3 0.24079522039471613 0.8400076896930124 0.2438857806884016 0.8354510313919058 0.25545603866657984 0.8432968850515019 0.2523654875635657 0.8478535351844769
3 0.25152358979107703 0.8610081324708664 0.24603418213462191 0.8678600649039732 0.23157947382469501 0.8562823006829146 0.23706887280707178 0.8494303848683852
3 0.07332472046471139 0.8830882744922811 0.08283493912358608 0.8943545173793165 0.07813278648200139 0.8983227970634189 0.06862257785087422 0.8870565635964486
3 0.04870137018872356 0.9315197743166325 0.0514300229640412 0.9394970232353421 0.03491144841336791 0.945145729012774 0.032182819078798275 0.9371685000000476
3 0.042430755774489626 0.9601677579612906 0.04381480373638169 0.968208511813803 0.02597922665108854 0.9712776315506898 0.02459520285083272 0.9632368991227601
3 0.026405551756965906 0.9748283820324606 0.040636320584667374 0.9783754786099034 0.038995235077209145 0.9849575014771105 0.024764467553950453 0.9814104084940498
3 0.13706139243026882 0.9773820103078538 0.13942487023189187 0.9833703130773449 0.12640542128337984 0.9885073278136624 0.1240419582886716 0.9825190375906394
3 0.572367929310758 0.9714912302821727 0.5723679429825097 0.9564973947368 0.5767543899784187 0.9564974021819431 0.5767543859649322 0.9714912280701854
3 0.58549859581899 0.9369986738566061 0.5905445685473296 0.9407779686196331 0.579993305599146 0.9548617761677834 0.5749473411759709 0.9510824909900405
3 0.5840528936403189 0.9364035113852727 0.5840529087204231 0.9182472200388835 0.5877193039217445 0.9182472268281217 0.5877192982455881 0.9364035087718829
3 0.6185991622239726 0.856888948598741 0.6127087546384473 0.8624029011669887 0.59899313770552 0.8477541059286612 0.6048835285088217 0.8422401677631269
3 0.6088506151197635 0.8362012574906049 0.6137321019735964 0.8348654473684325 0.6189895096356395 0.8540735723002886 0.6141080241280861 0.855409378994466
3 0.6112678329861865 0.8316915390864791 0.6155699201102607 0.8291701373137897 0.623830929928431 0.843262307374253 0.6195288466938109 0.845783703890429
3 0.6270505489593461 0.8356550432423018 0.6208635307557415 0.8377749730409251 0.6149498062455905 0.8205193393714543 0.6211367982456295 0.8183994144736723
0 0.1522212516071022 0.2448745771943258 0.1590062216248498 0.23896432546377644 0.1836178438669549 0.26721791232347575 0.17683288191199154 0.27312815539762264