2 0.7106147096111499 0.2252123341590049 0.7132718092104824 0.2195996973683866 0.7289039442114245 0.2270000484898614 0.7262468485301952 0.2326126819447179
2 0.8461436007770544 0.5194538632848006 0.8425475632443522 0.5252506677162604 0.8174756868772874 0.5096986151067839 0.8210717229950433 0.5039018242152407
2 0.3856290980953645 0.07089887761208098 0.39824039081509 0.08540647911175123 0.3926369579551192 0.09027746856905818 0.3800256666665973 0.07576986842103088
2 0.36805908442988766 0.1686840789473565 0.37589996465885633 0.15950665439252043 0.43334848031156525 0.20858816765098653 0.42550762087546445 0.21776557225686224
2 0.5862004865800827 0.36947996035989245 0.5466116732457067 0.3434091754386159 0.5517639921990849 0.3355856535242658 0.5913527759962562 0.36165642514373825
2 0.4050518476065008 0.5985105648177185 0.40712827681727504 0.6059247373465739 0.3856330577738163 0.6119440341840486 0.3835566463736768 0.6045298769105881
2 0.2835679089912446 0.948464912280743 0.28356792628278527 0.9434185814119235 0.29934211108331965 0.9434186239842515 0.299342105263122 0.9484649433807889
2 0.2350120367434556 0.7441227883706971 0.23013895659869377 0.7453647858007479 0.2255352083333264 0.7273045504385875 0.23040826902456502 0.7260625556138363
2 0.14477421698165927 0.6102107942760471 0.14245575418271983 0.6153259638631561 0.13472950650486837 0.6118244188333846 0.1370479703947467 0.6067092532895078
2 0.272625652130273 0.5355574662447886 0.2773727846567908 0.5409998793174086 0.26183623345798424 0.5545503642779352 0.25708911074559637 0.549107960526347
2 0.07804457212012039 0.5829800825752718 0.08167268890429114 0.5882569340226307 0.06638884703193071 0.5987642600622202 0.06276074013419475 0.5934874174249374
2 0.1539606151316093 0.6187294714912503 0.15904211493250386 0.6146929402538353 0.17129726552172997 0.6301188556771108 0.16621577248508856 0.6341553793512761
2 0.1781453176049581 0.6478796860998375 0.17179420594789008 0.6496924003365845 0.16669194956136835 0.631818089912294 0.1730430395109579 0.6300053789683759
2 0.23444456941228964 0.7430456810123739 0.2406642225877249 0.7415958212719296 0.24508943701096086 0.7605759969186556 0.23886978493112565 0.7620258534229466
2 0.2471385657894416 0.7722953914473469 0.25225813009171816 0.7693139858708826 0.2607684981832108 0.7839250081450603 0.2556489382800464 0.7869064077465506
2 0.25762237931155596 0.7892796315581521 0.2629453501537 0.786446988958466 0.27135331836439036 0.8022438219388316 0.2660303517624243 0.8050764583924132
2 0.19416369775024123 0.668157389201985 0.18687795065784485 0.6666666666666634 0.19041842312219615 0.649365362425668 0.19770414525009983 0.6508560823300718
2 0.19907617763146845 0.6940789473684414 0.19907620209323795 0.6872259638421077 0.22149123636791046 0.6872260264213474 0.22149122807024924 0.6940789937787952
2 0.30064171651099514 0.9076764672179309 0.3004304825453801 0.913604917204411 0.26338303495867876 0.9122851343663034 0.2635942982456072 0.9063567149122258
2 0.45642269338918595 0.11109435545413711 0.4523168639098003 0.11737966829987938 0.43376679142033936 0.10526202570166689 0.4378726204455461 0.09897671522162071
2 0.45786972240148316 0.09634588738702717 0.4534372733123746 0.10109512857966349 0.44027626159709143 0.08881203662092739 0.4447087096539235 0.08406279665276127
2 0.4692596568177123 0.07360051295767643 0.4649666702318882 0.08020510125379486 0.44429009033206057 0.06676532986174587 0.44858307655090357 0.06016074340376062
2 0.8818531282894355 0.43613090131579474 0.8868935082579128 0.42981006871839883 0.9094984292360095 0.4478346871638901 0.9044580625530898 0.45415550745848465
2 0.7896787857559957 0.4266041563577782 0.7847666462594134 0.42915126434528184 0.7733892971490377 0.40721102521931907 0.7783014238058286 0.40466392128381656
2 0.9453330235347721 0.1856751421174465 0.9491005790100644 0.1906494910564425 0.9330232791875233 0.20282624070380292 0.929255726973679 0.1978518947368531
2 0.9618993755182146 0.21447201379725203 0.968131772048082 0.21745820437772626 0.9601560071716904 0.2341039507576555 0.9539236118421286 0.23111776206139867
2 0.8622771778624383 0.4762267842573963 0.8584378453706449 0.4839884799943943 0.8317916063596158 0.47080876754384465 0.8356309417831653 0.46304708861731664
2 0.8845981051591707 0.46219910623380833 0.8804622268110052 0.46749246120434407 0.865562445175442 0.45585149780704154 0.8696983201554076 0.45055814988463216
2 0.9574781084064625 0.5316666203594825 0.9545439355086955 0.5389234000388822 0.9294992391431833 0.5287977905251526 0.9324334178586469 0.5215410267961279
2 0.500951464800437 0.0842459068696178 0.4958083639947972 0.08824760907179575 0.4842120159286196 0.07334368260791053 0.489355115131616 0.06934198135962258
2 0.9966848956896683 0.541730478738838 0.9928937911844287 0.5468540837848542 0.9784192423245486 0.5361448870614017 0.9822103439413468 0.5310212896336542
2 0.6361045096616635 0.5319544579422514 0.633985420680574 0.5394815263773595 0.612314411184343 0.5333810153509136 0.6144335084576369 0.525853960732118
2 0.6698878269578472 0.32080630274988053 0.6862935086491007 0.3376649574716239 0.6803376097639102 0.3434606267541794 0.663931935307005 0.3266019791666748
2 0.7390395475458718 0.29557339182408704 0.7344314015912232 0.3007657074884547 0.7216149157563905 0.2893914539448018 0.7262230587842851 0.2841991422765334
2 0.6328365857381186 0.2800960308388376 0.631488719237268 0.2731728830163541 0.6520155032894763 0.26917661184211755 0.6533633743375731 0.2760997536276251
2 0.6678700259349171 0.2230520208561573 0.6830329409837077 0.23407202133146524 0.6785531120544874 0.24023591635526204 0.6633901995613769 0.22921591885968132
2 0.5763623980262764 0.20464630372807022 0.5833013065641808 0.1978235458405712 0.6058737793811133 0.22077997815446246 0.5989348778595058 0.22760272891705763
2 0.2927686635335931 0.8367884785868387 0.2870385756351652 0.8408846801277148 0.2768936666667514 0.8266961688596288 0.28262373681570807 0.8225999764001298