2 0.19627192984637531 0.38914035416666665 0.19603160412350462 0.38914035416666665 0.19603160416716037 0.3868285482456142 0.19627192982454744 0.3868285482456142
2 0.20385159415866383 0.4076247769979237 0.20186755260363043 0.4081600047982175 0.19922188422719955 0.39835323163794834 0.2012059234444905 0.397818004169905
2 0.20065789507066256 0.4057017543859649 0.19943671929831908 0.4057017543859649 0.19943671996600187 0.39902891666666673 0.200657894736878 0.39902891666666673
2 0.1960461940609548 0.40899122813760436 0.19604619480685415 0.4019887527829601 0.1973684212259741 0.40198875328947703 0.19736842105260166 0.40899122807012456
2 0.19885316104080175 0.40888750694919646 0.19680165666181892 0.40943556878447185 0.1939768600886964 0.3988623169475916 0.1960283618421954 0.3983142554824448
2 0.19362761293859876 0.40899122842379765 0.19362761464606137 0.39839641491589367 0.19517543929566727 0.3983964155703065 0.19517543859649322 0.4089912280702199
2 0.194533229440367 0.3984247573362996 0.19339942393321508 0.4092116258429458 0.19130249342106254 0.4089912280702215 0.19243630015648705 0.3982043609616826
2 0.19188596491233056 0.39802631499637525 0.19188596663127555 0.4089912283886176 0.19010411564977403 0.40899122798048726 0.19010411513158942 0.3980263157894469
2 0.1754580258951819 0.6519960945667942 0.17764010785617756 0.6538653174222981 0.17120112799409526 0.6613810258825411 0.1690190477561373 0.6595118048771117
2 0.17762506631584074 0.673170197563415 0.174897997692824 0.6721599470259574 0.17919244407892165 0.6605691096491036 0.1819195065097574 0.6615793589187392
2 0.23954269188595845 0.8497807027165749 0.23954269620605828 0.8374273678048417 0.24122807182016004 0.837427369517419 0.24122807017545256 0.8497807017543637
2 0.2660446522049824 0.889959579800888 0.2642552658413706 0.8909688149951843 0.2567849111386522 0.8777269381732445 0.25857429166671864 0.8767177050438435
2 0.13048245657023472 0.518640350877193 0.12647633854908236 0.518640350877193 0.1264763389970085 0.5172514122807019 0.1304824561402711 0.5172514122807019
2 0.12280701781924108 0.4799891151315789 0.12205665078329275 0.4799891151315789 0.1220566513339918 0.47238047587719284 0.12280701754389156 0.47238047587719284
2 0.12355285197372723 0.46820175450562956 0.12355285239038949 0.4578114658715461 0.12390350893167579 0.4578114660089769 0.12390350877194578 0.4682017543859513
2 0.12280701754385964 0.4578839111842105 0.12390350877192982 0.4578839111842105 0.12390350877192982 0.4682017543859649 0.12280701754385964 0.4682017543859649
2 0.12365045805995578 0.46465444372015824 0.12154019641468494 0.46529954372155263 0.11973172800855991 0.45938403502756664 0.12184198793863743 0.45873893530702103
2 0.1178969002193071 0.44846491264040594 0.11789690189436897 0.4385860617785184 0.1195175444531742 0.43858606249998194 0.11951754385961522 0.4484649122806598
2 0.11398434408238245 0.43818332449517616 0.11658266889571678 0.43762411393321027 0.11933396098618232 0.4504069969267833 0.11673563632814421 0.4509662069934398
2 0.1161065941500965 0.4211040619893818 0.11830132531974868 0.42025954230205825 0.12319106390475554 0.4329662563968382 0.12099633313346203 0.4338107753363552
2 0.11565336732451215 0.4342105265241205 0.11565336804994786 0.4218490479903185 0.1162280704376144 0.4218490482453598 0.11622807017545256 0.4342105263157851
2 0.11883541612121462 0.4329103847512413 0.11689574978527162 0.4338636870870027 0.11122193727931062 0.4223199309203099 0.11316160087721983 0.4213666293859516
2 0.1160121974487538 0.35015464092931864 0.11867836660928788 0.349991935887918 0.11966866477735039 0.36621884791225434 0.11700249563000398 0.3663815528093169
2 0.1118421029621004 0.3275733112479857 0.11364405137749145 0.32855377842652916 0.1087199195477524 0.33760327368417764 0.106917971491157 0.3366228070175338
2 0.19613233324128032 0.38545617845368446 0.1980661543897213 0.38590261508466933 0.19592354694088954 0.395183278483361 0.19398972587714525 0.39473684210525645
2 0.1968434090372284 0.38619900598539497 0.1987219358168204 0.3858353010002256 0.2008623999727206 0.39689022995522893 0.19898387326247757 0.39725393469611664
2 0.9926028248949024 0.8198999307814134 0.9957949088027362 0.8213908144082154 0.9904106803160175 0.8329164205208358 0.9872185978980497 0.831425539281759
2 0.19765894407885298 0.3874432686403656 0.19944850893477906 0.3867484018205248 0.2024474580639435 0.3944715594832064 0.20065789339230378 0.39516642596065876
2 0.9407894694692231 0.8783939898477644 0.9419674334895944 0.8809248115174599 0.9341490689450893 0.8845629803808436 0.9329711083690881 0.8820321616408007
2 0.8653190055975983 0.9438298269288334 0.8674763586161589 0.9452016695612687 0.8638307017470197 0.9509332447966139 0.8616733497806308 0.9495614035087453
2 0.36293859574789167 0.20296733340536752 0.36366693947411477 0.20612006400076557 0.35412831519897736 0.2083236462953806 0.3533999725876811 0.20517091666661502
2 0.3523047589097814 0.20377920801139043 0.35141859987800217 0.2071641915260747 0.3427096249159831 0.20488428540908893 0.34359578455507744 0.20149930283884324
2 0.3442982457602284 0.20942982456140352 0.33476383428308054 0.20942982456140352 0.33476383442985025 0.2089446271929825 0.3442982456140271 0.2089446271929825
2 0.3410087720330921 0.2072368421052632 0.3332274671053028 0.2072368421052632 0.33322746720853047 0.20681810197368422 0.34100877192986445 0.20681810197368422
4 0.27787626750443906 0.19673743310779873 0.27996560901431167 0.1970683483574027 0.27951833602071474 0.19989231872978402 0.27742899451754965 0.1995614035087686
4 0.27741228070874513 0.19407894736842105 0.27659523245051787 0.19407894736842105 0.27659523245768014 0.1937898475877193 0.27741228070181023 0.1937898475877193
4 0.27681966005161485 0.1929824561642946 0.2768196600893589 0.19012264251846905 0.27741228070181023 0.19012264254381991 0.2774122807134063 0.1929824561404289
4 0.27521929830811587 0.19188596491228066 0.27366758437540284 0.19188596491228066 0.2736675844519141 0.19034884210526315 0.2752192982455881 0.19034884210526315