2 0.19188596261642488 0.45043312910235256 0.19243406104499172 0.4533803074922528 0.17960111186130234 0.45576674590959576 0.17905301644736937 0.45281957017548896
2 0.14164812187823372 0.4530276696844785 0.14142251780151582 0.45652565950567736 0.1249807343226621 0.4554652972321671 0.12520634210522985 0.4519673114035327
2 0.7403484403095035 0.41032484727230345 0.7394835023924315 0.4137523630766764 0.7254416061005031 0.4102090466999263 0.7263065460525695 0.4067815339912429
2 0.7219715519314605 0.579676369253081 0.7242199033562429 0.5828624090456076 0.7123618117354908 0.5912296464142613 0.7101134649122969 0.5880436107456024
2 0.7526531826890732 0.659272073475483 0.7557288274548455 0.6613473389140211 0.7481937466268391 0.6725131891382238 0.7451181041666359 0.6704379265351076
2 0.7664473608491562 0.6520009574328872 0.7681833780192164 0.6552241249783903 0.7567178741293219 0.6613986929548457 0.7549818618421114 0.6581755296052548
2 0.7751155052608283 0.6465559532566396 0.77589774101898 0.6496516449012896 0.7628093006539984 0.6529584656605235 0.762027069712417 0.6498627781520644
2 0.7743354514678913 0.6465060557853975 0.7725825287357111 0.6442663992913062 0.7814937253760945 0.6372927052575316 0.7832466469270685 0.6395323592757959
2 0.7820640520982352 0.6397811519063993 0.780436426530855 0.6369681808026226 0.7915068388157351 0.6305634671052338 0.7931344643698139 0.6333764347229983
2 0.7992761795306933 0.6285399471221048 0.7976090735714934 0.6253726802606507 0.8092105263158373 0.6192669221491435 0.8108776327198939 0.6224341850613896
2 0.8304755282300675 0.5919682721608664 0.8335547348860928 0.5928250122770738 0.8298552435049942 0.6061198969334315 0.8267760372807516 0.6052631578947385
2 0.47409364100008133 0.6307802003263717 0.47592939564560766 0.6336887554129014 0.46617698449870204 0.6398432952630452 0.4643412335526591 0.6369347434210336
2 0.46271930026262 0.6381578947368421 0.4511488979268279 0.6381578947368421 0.4511488999478388 0.6363613815789474 0.4627192982455881 0.6363613815789474