2 0.2840199108429715 0.7878298456665765 0.2815597894749544 0.7914239932215672 0.26847829478640506 0.7824716473141875 0.27093841447367595 0.7788775065789593
2 0.2617097300815203 0.7079039704361022 0.2581266056640743 0.7099695231238077 0.25025260964912377 0.6963125109649098 0.25383572451755754 0.6942469617659373
2 0.36560809909440195 0.9201901283851958 0.36272487802830256 0.9216565324650063 0.35807525798384177 0.912516854855053 0.3609584721982628 0.9110504528733759
2 0.3892543883378039 0.8706140350877193 0.382008645818928 0.8706140350877193 0.3820086482652414 0.868103649122807 0.38925438596481854 0.868103649122807
2 0.2930552447384116 0.813126880850718 0.29069240024512055 0.8153603230810023 0.2834877245994676 0.8077397419649555 0.2858505657894739 0.8055063026315967
2 0.31204246031154526 0.7860599765703598 0.31490844298252796 0.7842428728069982 0.3215236848150198 0.7946746212154883 0.31865770425304163 0.7964917222754944
2 0.1900661936471124 0.29950391699782075 0.19258082945043498 0.29856248117131784 0.19504651528416161 0.3051483050502606 0.19253187963977325 0.3060897405719742
2 0.18880606900279417 0.3437490095757746 0.18959883333332073 0.3574561403509322 0.1855660274179627 0.3576893705751935 0.18477326620131862 0.3439822427570758
2 0.12634046444361502 0.5459710763950817 0.12750522155567978 0.5493260359611898 0.11415906931893005 0.5539590466020696 0.11299431688610184 0.5506040910087886
2 0.40188659983141406 0.957782227453778 0.3977084699927218 0.9590493247784633 0.3929100745614278 0.9432314232455975 0.3970881856781716 0.9419643289619377
2 0.3554699560223753 0.8612514552910548 0.3660438152930965 0.8686461404659613 0.36409477317465644 0.8714324877756948 0.3535209166667528 0.864037805921084
2 0.21491228075865365 0.008771929824561406 0.20136082561725743 0.008771929824561405 0.20136082567466929 0.0048825712719298255 0.21491228070169655 0.004882571271929826
2 0.1541808366227997 0.0932017546419217 0.15418083809220207 0.07399262937913027 0.1578947374030122 0.07399263003202036 0.15789473684208133 0.09320175438598811
2 0.15498188354422382 0.1547429511345623 0.1516703251791114 0.1559786023623393 0.14775155372808513 0.1454763245614003 0.1510631105641096 0.14424067364912366
2 0.1361892127192732 0.15373212719299767 0.13934036835792085 0.15283796263235586 0.1422651326582809 0.16314514616273093 0.1391139771133112 0.16403931049208134
2 0.12892504603382804 0.1528003181399585 0.13202649522793308 0.15291841699801248 0.13154023318315922 0.16568827425996294 0.12843878399121422 0.16557017543859723
2 0.1682203552630881 0.1704122817982555 0.1713742586036915 0.16906231799274965 0.17595398986316013 0.17976178802750903 0.1728000867674382 0.1811117514139358
2 0.19326553454493478 0.4780701759631173 0.1932655361841853 0.46814443530699573 0.1951754388696827 0.4681444361481053 0.19517543859649322 0.4780701754385997
2 0.195191334218066 0.44353751320550827 0.1982602459171403 0.44293020023068114 0.20101121893083018 0.45683073707003574 0.19794230740308194 0.4574380494548209
2 0.22909257434309893 0.3728070167683164 0.2263307103155512 0.3735044395817202 0.22374513031820698 0.36326570310258305 0.22650699122812057 0.3625682807017487
2 0.1875 0.39035087638888605 0.1875000023630946 0.40350877221708226 0.18452758333444308 0.4035087711342619 0.1845275833333062 0.39035087766421783
2 0.16485268416033705 0.3698786672031309 0.16838002276790576 0.36902689318385967 0.1705804208149857 0.3781387238694825 0.16705308236680594 0.3789904974339391
2 0.39144736508274036 0.8705558924133154 0.39270094816538403 0.8730754135543648 0.38597115688514805 0.876423027392885 0.3847175767543831 0.8739035087719347
2 0.39254386182074086 0.875 0.38551802718052386 0.875 0.38551802944527935 0.8726284989035088 0.3925438596490949 0.8726284989035088
2 0.39364034730522235 0.8742440092501375 0.394983565627399 0.8769505040154997 0.3880244130183428 0.8804034777806542 0.38668119798694534 0.8776969858244963
2 0.39473683926144076 0.8914473684210166 0.3947368421052033 0.8898552839912685 0.4035087728786948 0.8898552956111346 0.40350877192975076 0.8914473781460571