2 0.4049733503451307 0.22142109751224975 0.4078437196531013 0.22368783127720487 0.398723931224481 0.23523605353694496 0.39585356295310703 0.2329693209315333
2 0.27846697214067717 0.36645733463323044 0.2764993803835978 0.3652071099319846 0.28231830462982543 0.35604970953949766 0.2842858946207798 0.3572999334941855
2 0.4400783064482994 0.24613830788900595 0.4421969957601277 0.24697579657150834 0.4398036212162424 0.25303047093143216 0.43768493201753245 0.2521929824561292
2 0.4932317900918406 0.17697151983172005 0.496895650919555 0.1799668955987001 0.48002022088360263 0.20060823040946918 0.4763563621403364 0.1976128569372185
2 0.46514616096374084 0.18614203023572573 0.4680012908038407 0.18715233316042534 0.4640287283500584 0.19837872362518935 0.46117359868424046 0.19736842105264846
2 0.400219297414651 0.24535377443555947 0.4021950722665224 0.24721723090972217 0.39781289173708956 0.2518634560235217 0.3958371173246178 0.25000000000002437
2 0.40500434724663137 0.21841356648331917 0.4076254254248397 0.2210790696460603 0.39686406282146436 0.2316609116867354 0.39424298603194075 0.22899540990356546
2 0.2807017520374302 0.35429270957254533 0.2823103353667875 0.3564480278204937 0.27471788534694497 0.36211429378845017 0.2731093032434728 0.35995897665402127
2 0.5193817412280168 0.10307017554187027 0.5193817416947013 0.09025241109099583 0.5208333335260704 0.09025241126164663 0.5208333333333712 0.10307017543859912
2 0.22623095289100092 0.29781436207445616 0.22813648392798314 0.2995497218316834 0.2217521454413145 0.30655992040366453 0.219846615131587 0.3048245614035258
2 0.22136898099904556 0.30682694875277744 0.22275989044919697 0.3089955120405778 0.2144680268132788 0.3143137282961962 0.21307711851147815 0.31214516601846753
2 0.22340070237783038 0.3373873631275389 0.2207223726278471 0.3393347120666822 0.21169375977194704 0.32691742635874066 0.21437208662280227 0.3249700789473555
2 0.22730512488044496 0.3419304220853182 0.2250437825272229 0.34312332186347405 0.22093027994890235 0.3353257566905024 0.22319162061398856 0.33413285745616617
2 0.2259980021010506 0.34387444101820247 0.22791573386484743 0.342513965582433 0.2333826679057438 0.3502198967981738 0.23146493671151802 0.3515803715543316
2 0.20975699830898975 0.3121123573867212 0.21192172783128171 0.31236513043502095 0.21072410230726746 0.3226211939748354 0.20855937280703074 0.3223684210526342
2 0.21122150305461673 0.3219954773666701 0.2095723859648615 0.3212719298245661 0.21271929809302037 0.3140996786610992 0.2143684140911546 0.31482322592755285
2 0.2838537133583259 0.3550207819666142 0.2851763512069283 0.3573519910067392 0.27549989677618214 0.36284181850415936 0.2741772605671713 0.36051061088091374
2 0.2793613732397944 0.3502597220176458 0.28203484295795533 0.35286987468244724 0.273582644529597 0.36152677078958523 0.27090917650605206 0.3589166198366507
2 0.0043859665845502604 0.763157894736842 0.0004425425003091732 0.763157894736842 0.00044254505769458774 0.7585357598684211 0.0043859649122168776 0.7585357598684211
2 0.050315701462182005 0.7702491030978104 0.052384321203930995 0.772995450548028 0.041808159982565485 0.780960220164121 0.03973954496041188 0.778213877009626
2 0.07651140100904286 0.7637858687054284 0.07813626120423578 0.766874907654061 0.06606342678878718 0.7732241667580769 0.06443857234546613 0.7701351327409607
2 0.06099699563674221 0.7510085986886682 0.06341841287553507 0.7525894277128372 0.056917275162504666 0.7625457391392854 0.054495859649136946 0.7609649122807328
2 0.09649122279029143 0.7439919427258005 0.0976536422386971 0.7469452733795815 0.08696098024279308 0.7511531379060912 0.08579856535357067 0.7481998111154136
2 0.12999861814432734 0.6914456005014511 0.1331772747581681 0.6922581696076765 0.12932274794763998 0.7073343017380109 0.12614409183254338 0.7065217339790743
2 0.11951753873631787 0.7248724414315637 0.12203149676713565 0.7267095290880141 0.11589441156809244 0.7351064425011818 0.1133804553498976 0.7332693569699911
2 0.13584536418545667 0.7111315373993331 0.13833969379652444 0.7126833711471325 0.13134480869871368 0.7239247906367455 0.1288504808169364 0.7223729591340281
2 0.14947038519699163 0.6914584168846929 0.1520133639253345 0.6920090032921751 0.1491246246943092 0.7053491696481656 0.1465816462184648 0.7047985840405874
2 0.19431788285692164 0.6035855883231076 0.19722767798111818 0.6050597963012787 0.1919329848464031 0.6155092940945631 0.1890231907893849 0.614035087719282
2 0.045513760367839495 0.10618318894313165 0.04746343865201652 0.10652696696035424 0.047149122807013555 0.10830954934210002 0.04519944452556501 0.10796577133502953
2 0.22287486827860903 0.5631064825441775 0.22009596708505796 0.5624999997562863 0.2225863881578789 0.5510899989034984 0.22536528403202283 0.5516964810898082
2 0.26864035257585783 0.49780701754385964 0.26585965772835607 0.49780701754385964 0.2658596616263367 0.4842625296052632 0.2686403508149624 0.4842625296052632
2 0.2569429222879762 0.5114924087220285 0.25314593706718824 0.5109441880099871 0.25554773599299097 0.49431061680831756 0.25934471157881944 0.4948588368134019
2 0.23684210231920133 0.5217134789150588 0.23951749567106617 0.5229386065322481 0.23527258581225396 0.5322077166624781 0.23259719307611704 0.5309825900487922
2 0.2554824543636869 0.43789010987703114 0.25807894789249985 0.43915949303494506 0.2543585927020331 0.4467689385267604 0.2517620996413825 0.44549955609395214
2 0.24122377001913264 0.420317038148972 0.2444405747003202 0.4213554638982532 0.23995533054585394 0.43524895107748446 0.23673852631588943 0.43421052631580453
2 0.23245613626613704 0.4641791207852475 0.23522601487673 0.4655500811604868 0.22997837565958434 0.47615166096763295 0.22720849780694152 0.4747807017543776
2 0.22701801460971183 0.4755801113546896 0.22420126375220661 0.47423051447185843 0.230263157894683 0.4615795614035012 0.23307990394448552 0.4629291569240305
2 0.3530701697359291 0.3433207080208802 0.3561432730376737 0.34585263666041605 0.3467481217879822 0.35725547958661635 0.34367502030329433 0.3547235529429704
2 0.5515350874916294 0.025443892236219796 0.5525275054679923 0.026785088407224027 0.5440821284175854 0.03303424254111045 0.5430897105095482 0.031693046432481164
2 0.5493874065344926 0.019277765229742037 0.5517704330939068 0.020372110257579307 0.5460207162151391 0.03289259058249194 0.5436376896930142 0.031798245614027776
2 0.5551925678867065 0.00818442434193395 0.5590258622432884 0.011710244419660391 0.537373760083824 0.0352505457717971 0.5335404660736458 0.031724726071649716
2 0.5025280128950271 0.21992052821060304 0.5039511563392125 0.22087598627743824 0.49940650520500185 0.22764508717029133 0.49798336197613935 0.22668962936884765
2 0.6918506916422302 0.2196031042743295 0.6934712912736813 0.21764427147770346 0.7017813205093262 0.22451929835814347 0.7001607216423054 0.2264781304399819
2 0.6828956527907621 0.206701623915552 0.6849043823386864 0.2041126560368421 0.6958619199032228 0.21261428120472098 0.6938531916053989 0.21520324793572043
2 0.68119012356658 0.19491729736180477 0.6793314465966205 0.19670047452387027 0.6720165780272964 0.18907597923979996 0.6738752543859619 0.18729280263157633
2 0.6838420477449745 0.1949266188306835 0.6816957735825326 0.19686423357434293 0.6735354635511612 0.18782525001708206 0.6756817368420798 0.18588763596492394
2 0.6769499753056607 0.18283083330354818 0.6750002895392981 0.18416168650272635 0.6688702481847031 0.1751813286796001 0.6708199331139895 0.17385047587720423
2 0.6760772974162137 0.1842770676570856 0.6739188347984282 0.18613647767339545 0.6665943298436332 0.17763404211899175 0.6687527916667477 0.17577463267540733
2 0.6729135285465873 0.18615611261304152 0.6704727143604714 0.1869460701103799 0.6672599552674683 0.1770193709403157 0.6697007681527793 0.1762294136699448
2 0.64588248772111 0.1490935546719151 0.6434760919432847 0.15052562863390861 0.6380976577306683 0.14148799577510157 0.6405040526315133 0.14005592214912804
2 0.6353726472970038 0.14453189546710155 0.6372570449264003 0.14254525594051512 0.6460689728269244 0.15090362466150753 0.6441845757509554 0.15289026364449615
2 0.6344180942389812 0.14862062761651235 0.6359456497898464 0.1459734793415852 0.6449802048191486 0.1511868970096654 0.643452649996334 0.15383404465378472
2 0.6664280968242338 0.16396729827914583 0.664121969459984 0.1652475850617495 0.657936621600129 0.15410626116136258 0.6602427478070467 0.15282597478070012
2 0.6554616063946241 0.1550070087719166 0.6581281403663297 0.15346397682440774 0.6649680838769427 0.16528408331832364 0.6623015502808585 0.16682711475267636
2 0.6637002282354842 0.16505766815262607 0.6625721197152643 0.16684745367105433 0.6536332073274025 0.1612132685995406 0.6547613157895285 0.15942348355263944
2 0.6530867568445728 0.15927721572786382 0.6560185114144588 0.15806621134994478 0.6609628859902159 0.1700360895078342 0.6580311316431562 0.17124709349128128
2 0.6450660845733864 0.1548833465017575 0.6459397653509313 0.15309394078945507 0.6499705494901491 0.15506196448144555 0.6490968689347483 0.15685137000412705
2 0.6493738665867568 0.15860416917643705 0.6477398679894577 0.15967236988696934 0.6448348449126797 0.15522866548648603 0.6464688432017738 0.1541604649122685
2 0.5043816195358204 0.21739358195794584 0.5056044928093115 0.21895354200037756 0.4990527903127031 0.22408943097408757 0.4978299175131724 0.2225294713679013