3 0.30526789692987677 0.9403578530701934 0.29783021250239017 0.9351763013913215 0.30841963048249 0.9199801195175571 0.31585728714389916 0.9251616575935983
3 0.25405402563819734 0.27865375583791135 0.24808644736845054 0.2852882708333528 0.23446466353641426 0.2730360998031038 0.24043223793864854 0.2664015899122526
3 0.2973347443747798 0.23139189635448962 0.2908599725876684 0.2365805164473871 0.27988272994628005 0.22288245357001227 0.2863574967104796 0.21769383662279831
3 0.26924808662283795 0.22564612280702287 0.276821615393942 0.22055590444825263 0.28717730265350383 0.2359634661038587 0.27960377657916524 0.2410536811393603
3 0.26017491715742835 0.23555230466938482 0.26699684868424356 0.22912524890350291 0.27967199052568503 0.2425789168683285 0.272850063213923 0.24900596830831276
3 0.27386293308734366 0.25191932210433815 0.26789734320175285 0.25844930372803354 0.253827299807881 0.2455955832717731 0.2597928859649983 0.23906560635960944
3 0.24627586911094568 0.2531786445514865 0.2521386765350826 0.24701789254387008 0.2665561783500152 0.2607378673956609 0.2606933758198693 0.26689861460432823
3 0.2626188594930454 0.2707160554418351 0.2561909046052051 0.27783300219299617 0.23985750722943067 0.2630811552959659 0.2462854572369224 0.2559642149122471
3 0.24730636456206412 0.2878093486440527 0.24223322807017666 0.29324055701750856 0.229956133287601 0.28177315287837185 0.23502926644732725 0.27634194846494836
3 0.2458352019547192 0.2907554608353637 0.2529810575609872 0.29674919718007076 0.24133273245615783 0.31063618311401553 0.23418688143362942 0.30464245174504867
3 0.25348941885965814 0.29473161074564447 0.24761216684180454 0.28983347241665774 0.25844214364042273 0.276838966008793 0.2643193903198835 0.28173710073421376
3 0.2611436293859697 0.30516898574559265 0.25451353337518867 0.30013166374443445 0.2665466008771773 0.28429423464909026 0.2731766889868368 0.2893315521582129
3 0.27104907675436607 0.3096421469298259 0.26461918327333933 0.3038174721928155 0.2773525438597062 0.2897614309210643 0.283782431028726 0.29558610060996754
3 0.2863574891166536 0.29821072886654165 0.2927873870606845 0.304035389824049 0.28005402960525316 0.31809145175439485 0.2736241366178547 0.31226679597666146
3 0.2687978331424574 0.31560635755936806 0.2747729236021996 0.3201168972029079 0.2642953629385829 0.3339960241227759 0.258320275854544 0.32948548835873104
3 0.25709140021922394 0.3260437379385712 0.25030290153858914 0.3201402128753803 0.2615938760965264 0.3071570581140194 0.2683823681090871 0.31306057827771
3 0.28500675892234995 0.2549701720553008 0.2733915014239301 0.26872976189702125 0.2657372897449477 0.26226853069154243 0.2773525438595925 0.24850894627194656
3 0.2971634356248387 0.23757454188303087 0.3002991310353309 0.24585951681763996 0.2841062587718852 0.25198807127193357 0.28097056966896616 0.24370310168273254
3 0.0612774967663654 0.4831006892777568 0.06618640241219964 0.47465208771934025 0.08415246426125123 0.48509019765341066 0.07924357355159373 0.49353878626625486
0 0.2279474481330226 0.6441188133775836 0.2425241786843344 0.6603690342992143 0.23457901864037467 0.6674950296052462 0.22000230614105476 0.651244826001608
3 0.10611974303969873 0.8920745927834394 0.11076091885968253 0.8832007949560938 0.1280089826512949 0.89221969927936 0.1233678342227904 0.901093473632215
3 0.4209815460799291 0.836481118067187 0.4089825393192541 0.8271660256774342 0.4143855217394048 0.8202077809129551 0.42638451096490826 0.8295228629385949
3 0.41310110467270533 0.818197082215732 0.41828005372804 0.8116302182017703 0.4320136784878059 0.8224590131783591 0.42683474501257024 0.8290258628415437
3 0.44121881050648426 0.8142047045630136 0.4362899594298142 0.8215705767543667 0.4205551689914273 0.811043786959352 0.42548401644739897 0.8036779320175873
3 0.44529491228081497 0.8146123256578992 0.4492757385622781 0.8076134711094956 0.46413387999291444 0.8160628145785491 0.4601530708997643 0.823061654270243
3 0.48406486058945575 0.8250764974443663 0.47996398026316456 0.8325049703947861 0.4637064125508914 0.8235318350200942 0.46780729385966424 0.8161033793859516
3 0.5029125670657777 0.8326787949685818 0.4984241337718913 0.8439363815789671 0.4817790042560546 0.8373012989268348 0.486267447368391 0.8260437379385625
3 0.467357046052598 0.8712723662280525 0.46102800711275904 0.868313823979557 0.4687077894736831 0.851888667763165 0.4750368026926708 0.8548472029717878
3 0.47771274232457017 0.8752485087718874 0.48748320096024145 0.8599639525671484 0.4960378792032998 0.865431175815912 0.4862674439801822 0.8807157114407902
3 0.5098824916726699 0.8718380345032194 0.5038271052632126 0.889662027412229 0.4963087258482801 0.8871083814997125 0.502364121694427 0.8692844075498708
3 0.5047275997807219 0.8896620274122797 0.5109528504517584 0.873553277045184 0.5199577769337793 0.8770324284068065 0.5137325509543871 0.8931411578486524
3 0.6371003887174993 0.8956262366574721 0.6463544451054304 0.8987140192141838 0.6400509909913126 0.9176006962168153 0.630796938596518 0.9145129221491262
3 0.3773075186403503 0.9254473157895078 0.36940989679146696 0.9177444784780897 0.38226024342111486 0.9045725646929962 0.39015784430750955 0.912275382241086
3 0.25393966016497416 0.2997017835840007 0.2596276463716549 0.3048543674790572 0.24808644736845054 0.31759443311407015 0.2423984651450155 0.31244185338137426
3 0.087365510438417 0.10504429948457679 0.06933813596492655 0.10685884649122258 0.0683476233799638 0.09701818918122962 0.08637499240069246 0.09520364245129527
3 0.4624043089280576 0.9209741456083107 0.4692035310307574 0.9255255447790702 0.4606033322368148 0.938369781798238 0.4538041181930339 0.9338183925890882
0 0.4696082850877019 0.6242544736842295 0.458889943041072 0.618770844712544 0.4872939454145353 0.5632583613213247 0.4980121873134067 0.5687419593721771
0 0.5409291033730597 0.6552474779382629 0.5207002599179305 0.6247091486523745 0.5303917149122981 0.6182902587719685 0.5506205516666114 0.648828553612105
0 0.5252593827767669 0.6335220600650229 0.5434488969298172 0.6615308146929803 0.5338048237713338 0.6677930544209166 0.5156153458104882 0.6397843316906563
0 0.53372999417968 0.6692684364218482 0.5258892390351093 0.675944334429817 0.5036405922163567 0.6498170285176507 0.5114813146930146 0.6431411535087801
0 0.5267895411138852 0.5800197621158386 0.537316932830322 0.5864583350801548 0.501125619517552 0.645626242324591 0.49059825953668224 0.6391877110271076
0 0.5123816764620415 0.576540675883034 0.5235254634832245 0.5831680318361587 0.4934714089912404 0.6336978135965156 0.4823276487707062 0.627070493533174
0 0.47861323684207946 0.6336978135964951 0.4685503514957645 0.6283881234279572 0.49556537841692716 0.5771953509829939 0.5056281757945271 0.5825050128178845
0 0.47681212529209915 0.5641152351794653 0.48606213353104977 0.569671598678078 0.4574515986842016 0.6172962225877382 0.44820161132815883 0.6117398868584463
0 0.8442143179825052 0.5606361831140392 0.8371936100367066 0.5556899215015167 0.8529523144628683 0.5333241375417376 0.8599729998187513 0.5382703878803923
0 0.4664564591163298 0.5536778794534123 0.4759501282422889 0.5590775002364349 0.45159837938592773 0.6018886677631312 0.44210472718827987 0.5964890703786656
0 0.4533992739399082 0.5497017330994977 0.46389401756459847 0.5558918063687341 0.4376407028508993 0.6003976140350674 0.4271459800282855 0.5942075687660366
0 0.4421430845878831 0.5442345342415855 0.45210984939603804 0.5503606475518864 0.42593426425435155 0.5929423453947316 0.41596751970291734 0.5868162586002479
0 0.4160288157894456 0.5839960241227851 0.4050942261912951 0.5778845999791332 0.43223773026318213 0.5293240559210524 0.443172237308886 0.535435451228289
0 0.4739835851449925 0.46078311698257945 0.4664565515350887 0.47117296271932696 0.43551665004372353 0.44875960008210625 0.4430436743421069 0.4383697817982485
0 0.48076888631374004 0.44840097917434335 0.47321026535087185 0.4587475153508978 0.44178853009714203 0.435793824844923 0.44934714144733334 0.42544731578945955
0 0.5466006452536476 0.6431411713481597 0.5245041828205785 0.6164548279707689 0.5353101318881954 0.6075085233927962 0.5574065734649594 0.6341948311403539
0 0.553354358229285 0.6297216862317595 0.5317766375131896 0.6023587213601134 0.5412318393363194 0.5949034671665808 0.562809544956167 0.622266401315828
0 0.5723096316274905 0.6094458541907856 0.562809544956167 0.6172962225876967 0.5389015744627841 0.5883672406126063 0.5484016206140723 0.5805168991228061
0 0.5816329534181932 0.599415131817611 0.5718144978070541 0.6073558651315825 0.5484886549371595 0.5785172474565712 0.5583070690789782 0.5705765405701622
0 0.5569483439174974 0.5654311296909147 0.5650607828946477 0.5586481118421326 0.5884815754989177 0.5866564066629618 0.5803691565139388 0.593439402778539
0 0.5955984534796244 0.5739758421272859 0.5871229177631676 0.5815109342105559 0.5628887450204729 0.5542547504763239 0.5713642499999878 0.5467196820175679
0 0.6024314105459325 0.5646122733387446 0.5935530908029705 0.5709905168714348 0.5728416635511167 0.542163512818256 0.58171994627196 0.5357852883771728
0 0.6001801078745075 0.5606361979795673 0.5811415002300464 0.5298406660124753 0.5923976849477413 0.5228824336844031 0.6114362894736587 0.5536779320175496
0 0.685702698623345 0.6646605477853879 0.6803241787280285 0.6719681907894904 0.6645899678397882 0.6603891395733877 0.66996848245617 0.6530815109648798
0 0.6720093375793113 0.6341766085555053 0.6789734353070571 0.6252485087719004 0.7210566730306027 0.6580701190753571 0.7140926263688243 0.6669981719647581
0 0.687978400041402 0.6923459344330448 0.6688657139407042 0.6761162131043845 0.6756194420323709 0.6681639343857778 0.6947321030702369 0.6843936381579264
0 0.6834759535105377 0.6461232107818768 0.6776984864380893 0.6531552780782816 0.6583378059109464 0.6372507375749615 0.6641152631578962 0.6302186874999972
0 0.6960828561909693 0.668986092413815 0.6771727266773269 0.653081158707755 0.6830259562472065 0.6461229141081004 0.7019360646929726 0.6620278333333023
0 0.6238244846207408 0.6256939582780446 0.6298964429823855 0.6182902587719594 0.6463240627476807 0.6317613468866825 0.6402521205627636 0.6391650313226603
0 0.6686177756698726 0.6505963777624603 0.6627300075289213 0.657768428707637 0.6443043673245938 0.642644134868389 0.6501921258793573 0.6354721007687417
0 0.6411901599457224 0.6053977546929086 0.6348491666666405 0.613320080043845 0.6168017435318234 0.5988765826691004 0.6231427280702064 0.5909542741228196
0 0.6551103203430557 0.6371769457732066 0.6389768755479963 0.6256399610552007 0.6457306053639513 0.6161966267253043 0.6618640252193018 0.627733598684199
3 0.38544360365790453 0.9221905015422238 0.3986293733665889 0.9381129056122525 0.391715442982445 0.9438369780701529 0.3785296950057955 0.9279145943058708
0 0.494371929111594 0.9348906164347031 0.482985998549907 0.9531345373419379 0.47263028225347625 0.9466733122434449 0.4840162094297966 0.9284294232455841
3 0.3205762900439595 0.9050695579269709 0.3282435080141113 0.9120134868850335 0.31563658324876087 0.9259299941106096 0.3079693826755374 0.9189860833333626
0 0.6389013958332725 0.6843936381578802 0.6309497998432789 0.6790433173794309 0.643403871710575 0.6605367796052791 0.6513554412795202 0.6658870881559508
0 0.7325529046051997 0.538767395833352 0.7376070440985814 0.5310827237377863 0.7587686418563635 0.5449992746753642 0.7537145205543538 0.5526839306976229
0 0.9567762269737159 0.7306163026316008 0.9469442278339102 0.7258667504462266 0.958577217105244 0.7017892642543843 0.9684091677697779 0.7065388025856763
0 0.9603656749748097 0.7253772521679847 0.9711841513158106 0.7067594429824194 0.9809391037999831 0.7124269953715477 0.9701206540069052 0.7310447815478046
0 0.6452048357617741 0.6968190699163779 0.6551050948062311 0.7025056098935815 0.6429536250000183 0.7236580515351129 0.6330533768942814 0.7179715265620494
0 0.7073390165285218 0.6197812974779533 0.713760581647648 0.6246890298223922 0.7016039066393205 0.6405936077838377 0.6951823497806799 0.6356858848684355
0 0.7071256775201391 0.6194585960433142 0.6951823497806799 0.6356858848683979 0.6866580918230056 0.629412740813751 0.6986014135738969 0.6131854683144956
0 0.6336914392524022 0.6458038119345627 0.6407023859649144 0.6401590460526361 0.6553675075230103 0.6583711710407436 0.6483565726338156 0.6640159238136975
0 0.15681853259582113 0.6443222498332251 0.16253939692978747 0.6356858848684659 0.18852133806376514 0.6528945318431592 0.18280050379667045 0.6615308702073793
3 0.28005402960525316 0.4120278333333425 0.273742428856508 0.40607221821297146 0.2850067532895082 0.39413518859648045 0.2913183471719094 0.40009079771459893
3 0.7955875747568371 0.9711729416584737 0.7944873571528888 0.989108582426215 0.7863828783432609 0.988611563118033 0.7874831162280316 0.9706759440789204
3 0.8023412988750351 0.9950298233719609 0.7945814983253285 0.99362431959224 0.7978388114034942 0.9756461228070127 0.8055985704228306 0.9770516227325169
3 0.7829806433815065 0.9811133215597486 0.7760107408848853 0.978775466789561 0.7807294013157389 0.9647117291666526 0.7876992755922174 0.9670495787955098
3 0.7798289133702383 0.9602385399099999 0.7750797515946033 0.9783030534067255 0.7656245266691712 0.9758179666266188 0.7703737050438804 0.9577534791667046
3 0.751948677319092 0.9471825119225789 0.7600180098684177 0.9493041754386056 0.7558493023218489 0.9651546355092926 0.7477799716909885 0.9630329770571071
0 0.7134237289067187 0.5242089766056645 0.7185952269736617 0.5164015899122437 0.7390751078243056 0.5299660181930848 0.7339036271675923 0.5377733894840512
3 0.6150382708333382 0.6704771370614315 0.6086460000512943 0.6661346530489722 0.6168392620613758 0.6540755471491392 0.6232315192581837 0.6584180247761705
3 0.6195407478070365 0.6774353881579136 0.6136246854363208 0.6735550024856382 0.6231427280702064 0.659045725877217 0.6290587750218037 0.6629261046993314
3 0.25709140021933763 0.3757455263157826 0.25002261014310534 0.36799410666468746 0.2611436293859697 0.35785288267547927 0.2682124143245801 0.36560429580131376
3 0.2705988289474135 0.4005964210526575 0.26272501220375943 0.39441487489107857 0.27465105811404555 0.37922465241228825 0.28252486311077973 0.3854061914875417
3 0.46780728390945114 0.3911530714058594 0.4737242145234859 0.3969417307379078 0.4615675319945467 0.40936718170889247 0.4556506074561639 0.40357852850878523
0 0.24763619956138427 0.6217693837719586 0.24028797464086438 0.6126728347123941 0.2597928859648846 0.5969184890350437 0.26714109952229137 0.6060150169353847
3 0.6343989188595742 0.7147117291666361 0.6251280170664586 0.7082903081908105 0.6368344884737098 0.6913917174190753 0.646105361140485 0.6978131242624422
3 0.630159391554912 0.6621898913360476 0.6375506524123011 0.6679920482456334 0.6255812550004975 0.6832375335479981 0.6181900043859514 0.6774353881578806
3 0.6888724195745226 0.6252556429476086 0.6814530145533126 0.6185351856771427 0.6920306173245763 0.606858846491262 0.6994500099160632 0.6135792938196817
3 0.7127420076752742 0.6988071567982665 0.7189484027195476 0.6899733762748415 0.7338065416979589 0.7004107894998535 0.7276001657482993 0.7092445529299747
3 0.8068437656571632 0.7758449317535121 0.7981175411570121 0.7706666671149421 0.8068437642543813 0.7559642149122667 0.8155699616543188 0.7611424692227396
3 0.36941314669707026 0.8755788849683162 0.37550652850882216 0.8667992050438398 0.3915053132189996 0.8779002916677795 0.38541195698735464 0.8866799487534949
3 0.570304051749531 0.891749794828918 0.5664115263157328 0.9030815109649285 0.5458598221518969 0.8960235313058841 0.5497523640351574 0.8846918486841772
3 0.4696082850877019 0.9423459243420877 0.4627865216286864 0.9369649085044549 0.4750112565789095 0.9214711732455806 0.4818329952740896 0.9268521740167215
3 0.545249887061459 0.9766401589912534 0.5352858883276213 0.9702703993427385 0.5461503826754779 0.9532803179824532 0.5561143371687649 0.959650058751897
3 0.18865376809242207 0.9632206843762205 0.1752789062317106 0.9486851765538006 0.18338337398347448 0.9412299232936177 0.19675821710529817 0.9557654078947624
3 0.7266996949167606 0.9522862847821657 0.7172196362156456 0.9493426307888944 0.7230977039473601 0.930417494517555 0.7325777124472097 0.9333611401412136
0 0.21809151757634027 0.6738446856301955 0.20981539802630778 0.6838966206140675 0.18217865146209533 0.6611453381143688 0.19045475000007173 0.6510934396929623
3 0.5796026732864448 0.9573015894564346 0.5767672214911954 0.9657057653508816 0.5604243303341718 0.9601934189847475 0.5632597927631195 0.9517892642543627
3 0.7339036469297753 0.2604373760964907 0.738960255944221 0.2529417371959334 0.7551691575135919 0.26387614604345694 0.7501125550950292 0.2713717790881566
3 0.5920679903547352 0.28826562638715403 0.5979288607455828 0.27882703728071023 0.6125778255087653 0.28792305209712166 0.6067169632920013 0.2973616340505289
3 0.6762719535884116 0.31013916786106627 0.6593967228512838 0.2959442607929378 0.6652499466910058 0.28898601329862006 0.6821251688596703 0.30318091447371454
3 0.6965331054246917 0.2738568458397196 0.6895320881352518 0.2811384898890885 0.6755744046546397 0.26771901432972883 0.6825754166666229 0.26043737609650836
3 0.7047662326732507 0.30392754775688313 0.7118415131578786 0.2947316107456079 0.7270212350437077 0.30641044196423567 0.7199459635188532 0.3156063707789043
3 0.739384687625261 0.2911422306627562 0.7321026567982472 0.29920477083329605 0.7162659267039544 0.28490149864110526 0.7235479517544263 0.2768389660087878
3 0.7265415745587234 0.26958722921550154 0.7330031513158701 0.2609343936403077 0.7493701621268656 0.2731563249878611 0.7429085934231807 0.2818091532503145
3 0.7518414996214915 0.2730633261126638 0.7573165241227571 0.2634194835526484 0.7735974779247954 0.27266233712052207 0.7681224621155707 0.28230617216608567
3 0.8136884456641837 0.050779183507924444 0.8122467357455889 0.06013916447369902 0.7923448710643015 0.05707369761526368 0.7937865822368622 0.047713718201790455
3 0.7345640845470598 0.29895257759895266 0.7402071140351154 0.2917495032894376 0.7557555775923674 0.3039301407898625 0.7501125552073518 0.31113320856706955
3 0.7351410937336595 0.34110036907698016 0.7280504276316151 0.34840954276312897 0.7115045688756254 0.33235886681323545 0.7185952269736617 0.32504970175442344
3 0.7191955983743128 0.3683730810141438 0.7131922554824541 0.3767395625000458 0.6936814874724178 0.36274022798918304 0.6996848267543783 0.35437375767541424
3 0.6849853002236159 0.38000409170692495 0.6906798739034912 0.37226640131576655 0.7071803703496471 0.38440944977165376 0.7014858068720287 0.3921471309313882
0 0.662764505591781 0.4751490960589487 0.6726621894486016 0.4811261880575072 0.6609635296051692 0.5004970175438339 0.6510658533342166 0.4945199355909331
3 0.628207158954524 0.4976397230167581 0.6391450348205581 0.5141527583764105 0.6312471864034706 0.5193836973683916 0.6203093242213527 0.5028706741139826
3 0.7010355539897546 0.4224652003322485 0.7090670527583143 0.42672390915369246 0.6978838366228501 0.44781312171054716 0.6898523424858922 0.44355441962585446
3 0.77982890570172 0.5079522861842152 0.7714717880696753 0.5034511232343621 0.7816298969298714 0.48459244517545685 0.7899869925877283 0.48909360084234427
3 0.8829356151316006 0.491550696271952 0.8742619429970091 0.4859748196379842 0.8847366052631287 0.46968190899120515 0.8934102590296789 0.47525777771911265
3 0.8960980113339474 0.4758040001937614 0.9047824842785985 0.4815728940775969 0.894191805921082 0.4975149100877383 0.885507339545029 0.49174602438037496
3 0.7852318771930413 0.515407554824571 0.7787946391495097 0.5101596215173604 0.7915353442982678 0.4945328037280852 0.7979725697647382 0.4997807288956304
3 0.7989157661081663 0.5002589067392136 0.8059432686403625 0.5054671962719436 0.7936101159169766 0.52210688968646 0.7865826206140127 0.5168986085526486
3 0.8113462401315701 0.5342942346491371 0.803431911177654 0.5292337729426105 0.8144979736841833 0.5119284298245763 0.8224122832494913 0.5169888832564933
3 0.8280054035087687 0.5482107357455869 0.819203893009103 0.5422882453580481 0.8316073837719387 0.5238568585526051 0.8404088710586848 0.5297793381956238
0 0.7041148757976998 0.47893610628493916 0.7095902741227746 0.47117296271931414 0.7267720856666529 0.4832905630801623 0.7212967006935287 0.4910536946819581
0 0.7298514134282641 0.4845924422304513 0.7475645781861431 0.4966262910415069 0.7421616039166565 0.5045785714550437 0.7244484462719356 0.49254473135964855
0 0.7553009126160077 0.5149063307446622 0.7609185054824366 0.5074552686403528 0.7800434932444205 0.5218730322481993 0.7744259158600926 0.5293240802606477
0 0.7761058257794957 0.5299151449490483 0.7807294013158526 0.523359841008733 0.7975096375233761 0.5351942294739143 0.7928860741735662 0.5417495224945805
3 0.8143095230138897 0.54928412165714 0.809545250000042 0.5551689857456131 0.795325781187671 0.5436582147719191 0.8000900493420886 0.5377733596491547
3 0.7831902856397619 0.5456906372868714 0.7775776677632393 0.5521868782894318 0.7661118360649652 0.5422815212297256 0.7717244484648518 0.5357852883772082
0 0.7820801600749974 0.5815109401651707 0.7593944399686734 0.5732913789930506 0.7629964428887206 0.5633510231609309 0.7856821249998802 0.5715705767543915
0 0.8077118940462924 0.5866732514670752 0.8041422785087207 0.5944333991228283 0.7821125051680156 0.5843008863478976 0.7856821249999939 0.5765407554824216
3 0.43899144517536115 0.3185884692982578 0.4458549317799907 0.31645678427425944 0.4512578979012005 0.3338524137032515 0.4443944121497907 0.33598409679758867
0 0.44807814797025003 0.421812778417319 0.45475011293854095 0.4130218684210653 0.48573538674895644 0.43653719469511887 0.4790634462951857 0.445328082333039