3 0.8353214168682825 0.16988135058481427 0.8293083557829277 0.17804037037871123 0.81188626086157 0.1652006851237209 0.8178993201754565 0.15704166995611302
3 0.29880402140508977 0.8640375394690086 0.28806887690723215 0.8676767358625762 0.2796696323480319 0.8429055063003497 0.2904047094298221 0.8392663223684055
0 0.5333520144923796 0.3000919966398409 0.5403162506219132 0.3109937298869262 0.4870936756450419 0.34499218476765475 0.48012947802567396 0.3340904853744134
0 0.4901858162552344 0.25183692998607166 0.49999714610464707 0.2591870341633115 0.4631374121591989 0.30838830170085957 0.4533260990561985 0.30103821675139947
0 0.4806146371823843 0.2405353181122397 0.49081795437905384 0.24908867013424957 0.4521143552431113 0.2952572817166049 0.4419110575213381 0.2867039507849895
0 0.4541999768854339 0.21005110096703963 0.4637880693264833 0.2156184458102908 0.4338932308802441 0.26710251877427305 0.4243051473270043 0.2615351860000009
0 0.4189904663242032 0.1680634217903397 0.42968286880136475 0.17292469006940922 0.4044101942332645 0.2285115174108789 0.39371779731641254 0.22365025813395417
0 0.422038735794672 0.5235132116536889 0.4313484531629683 0.5299924554857941 0.3934371626241955 0.584460316130257 0.38412747536813185 0.5779811086046533
0 0.43513179192666485 0.5489926452634256 0.446111491798888 0.5532626157819314 0.4218284723161787 0.6156970533107676 0.4108487861683443 0.6114271081898328
0 0.6528382450342178 0.7941642553495243 0.6610137818850035 0.8008426124949682 0.6453062674123657 0.8200676672410205 0.6371307490994695 0.813389330488707
0 0.6179434398104604 0.7906174969665698 0.6113711877018204 0.782059701010872 0.6323277543859831 0.7659683782894748 0.6388999946210561 0.7745261473925503
0 0.5005132688369258 0.7166613702286153 0.49006618324574447 0.7098464563075886 0.5145447642544241 0.6723270997807109 0.5249917759358596 0.6791419810772438
0 0.5141938809335898 0.7405582317721803 0.5045182164564039 0.7321974227806268 0.5343712368420483 0.6976551381578655 0.544046843600654 0.7060159052446809
0 0.5236610695386616 0.752064210735087 0.5142510097109607 0.7444499039644386 0.5358060186404145 0.7178158333333484 0.5452160326819921 0.7254301108693977
0 0.6120315572165964 0.8777725878763022 0.6024817674677934 0.883412739361996 0.5680317696657085 0.8250956700765891 0.5775814265350618 0.8194555690789418
0 0.5427631368670518 0.9083083234469732 0.5439739931342729 0.9208742774883181 0.5074698063526739 0.9243907943152039 0.5062590197368309 0.9118249046052617
0 0.5307018489970687 0.9046052631578947 0.4755304887072498 0.9046052631578947 0.4755305852835363 0.8919454177631577 0.5307017543859729 0.8919454177631577
0 0.5142543650837297 0.8742579006199186 0.5155429360072503 0.8876306134059541 0.47857655125403653 0.8911916493275135 0.477288052631593 0.877819003289436
0 0.5018576551050273 0.8567297089363394 0.5024649250667608 0.8692431480229248 0.4644249280789836 0.871088673377273 0.46381772368420116 0.8585752971491768
0 0.48604598467818505 0.8359163263182104 0.4891167499756648 0.8479914440309299 0.4574238981056169 0.8560492554023457 0.4543531918860708 0.8439741885964946
0 0.4543669092527125 0.8123023176436879 0.4498667512976908 0.8242913757083412 0.4191780932351321 0.8127744893902306 0.4236782719298162 0.8007854802632062
0 0.34863275880832134 0.4272955484158181 0.3586940728183663 0.4359627787280112 0.3350112809162056 0.4634531599766248 0.324949986858428 0.4547859510199001
0 0.3331494634962837 0.412105886534061 0.3439676396618552 0.4174541236661563 0.3276111828897683 0.45053737163180413 0.31679301520534864 0.44518914748110805
0 0.32691568241023106 0.4006233318099428 0.33655065017615016 0.40931485000784995 0.3063942352956701 0.442742862036861 0.29675929156951497 0.43405136899638336
0 0.31845846233068187 0.38760422974100545 0.3271717430801573 0.39718652594285647 0.2938472473558704 0.4274872672697528 0.28513399440771536 0.41790499787246255
0 0.3045642996847846 0.37091394520827925 0.31415927972147983 0.37888639454902273 0.27214847037089385 0.4294446468625402 0.2625535196483497 0.4214722294986892
0 0.29162252797914334 0.3579619318874106 0.3018368578823356 0.3660106321507323 0.26157288318165683 0.41710592340898567 0.25135858094654395 0.40905725411633365
0 0.25925812949719784 0.3954719010335423 0.24828699934994347 0.3879247725495435 0.2786996567982669 0.343716356359642 0.28967073934200016 0.3512634619600833
0 0.26564041526751225 0.3288592505910129 0.2758205159861973 0.3344975114270962 0.24459192016365705 0.39087977330135715 0.2344118336475276 0.3852415324111811
0 0.5246751939428123 0.38094043182289394 0.512199962381942 0.3751110188900267 0.5381579721264416 0.31956185686512684 0.5506331337803658 0.3253912506282667
0 0.5468693954039736 0.33393236698826345 0.5604325901094853 0.3395783252784105 0.537415713290784 0.394869204768414 0.5238525293327712 0.3892232652770074
0 0.5590575495964458 0.3464809060208303 0.5712014493755078 0.35107466055987496 0.549246408711042 0.409111838962283 0.5371025175855948 0.4045181007894413
3 0.5864558957063082 0.2307942641709624 0.5789173104780048 0.2216395497632043 0.5960653728070611 0.20751893640349037 0.6036039540531419 0.21667364393434943
3 0.03523489989208883 0.6072600913170129 0.04424915241236249 0.6023218717105029 0.054292253475978214 0.6206525134111102 0.04527800774314983 0.6255907233588699
3 0.12843627877862218 0.7039501418364978 0.1409483815789372 0.6945916151315529 0.15394752201189021 0.7119684947190783 0.14143543819352544 0.7213269994863525
3 0.236809726016304 0.819800558948149 0.24436580969802435 0.8145450562669784 0.2554698392842738 0.8305065510148152 0.2479137662330686 0.8357620408537049
3 0.25123201475059886 0.5435871876285613 0.2592041197636945 0.5500020132254132 0.2462402983156835 0.5661114464017387 0.2382682034086656 0.5596966320140926
3 0.12583846100392293 0.4630026198809853 0.11520979805175102 0.46773595246040844 0.10605994262880358 0.4471912966457415 0.11668857675442723 0.4424579714912165
3 0.7478209299372338 0.5642050388863592 0.7556327975063368 0.5687693829208941 0.7446415182439523 0.5875790389339901 0.7368296571271458 0.5830147036299312
3 0.6851422073038975 0.5813416969498937 0.6942354209562609 0.5894870922262482 0.6807590958520677 0.6045299314283267 0.6716658963758846 0.5963845510308036
3 0.05309399007649063 0.28179571528212016 0.060676892035303354 0.2911128963007546 0.044842117078474075 0.30399987418323077 0.03725922424405326 0.2946827016559063
3 0.02246311378894461 0.2450237637486179 0.031107590821306985 0.2518150151631267 0.017894570140128963 0.2686333185169301 0.00925009816887723 0.2618420727941431
3 0.06769405506088333 0.3682386966911066 0.06128020899325293 0.37560815194953573 0.04448187634409351 0.3609886740863729 0.05089571600876752 0.35361922807018487
3 0.08794999295002981 0.4103127035724602 0.08111793686384772 0.416593508226265 0.06646419982689622 0.4006544409019823 0.073296245614074 0.3943736447368347
3 0.1339562586495049 0.3880584084852349 0.14230080513368648 0.3936497061388753 0.13092444019116556 0.4106271575322428 0.12257989934005309 0.405035866829113
0 0.43239422124383964 0.11108378752037092 0.45366480293694167 0.0415110925804396 0.4642467578889864 0.04474633157743596 0.44297618695986785 0.11431901730263579
0 0.582687056145005 0.4596916381634368 0.5726012111795171 0.45256697094303594 0.6033483437225868 0.40904321773880914 0.6134341384492927 0.4161678597336928
0 0.5926634718000514 0.38914871671253043 0.6041608923690092 0.3942469405140088 0.5800832319370102 0.44854356522100275 0.5685858229181804 0.44344536081037506
0 0.7738893500220456 0.40507580032953705 0.7746715245784799 0.41772506496467593 0.7130677520050313 0.42153404377185266 0.7122856293939321 0.4088848286153947
0 0.8124999670012585 0.45510052952386026 0.8141138938806307 0.46824335237262876 0.7553640734548708 0.47545713413746854 0.7537502072368625 0.4623143662280659
0 0.7683817298408258 0.47781054630072894 0.7716505317982865 0.46645501864037286 0.8296814283954745 0.4831585007463526 0.826412684973775 0.4945139785040753
0 0.8563596990825317 0.5219298245614036 0.7965766624187154 0.5219298245614036 0.796576724365309 0.5098684210526314 0.8563596477509918 0.5098684210526314
0 0.8087081240390717 0.534065805313365 0.811207190789446 0.5205221195174947 0.8728719318183948 0.5318993014830734 0.8703729431773581 0.5454429187579732
0 0.8216838513792482 0.5578607993372444 0.8219119243899513 0.5447981312226169 0.8806969724838609 0.5458243352778677 0.8804689651395847 0.558886938382873
0 0.8781300612226914 0.5593048834920599 0.8992792945919064 0.5656790029302537 0.8955867193262748 0.5779297033724079 0.8744374890350173 0.5715555910087565
0 0.8037887504385708 0.6169325231530948 0.7938614818302767 0.6223924240593375 0.772019221760047 0.5826828669352441 0.7819464232455857 0.577222989035086
0 0.6777227688609173 0.2911474037373671 0.6746184740075023 0.3045523963776154 0.6166347522880642 0.29112495832505786 0.6197390712719653 0.2777200021929716
0 0.6827916457469883 0.304727327050547 0.6818215715102269 0.3168535595410924 0.6325170945042373 0.31290935275676895 0.633487194453437 0.3007831487427771
0 0.7044348604301831 0.3163528351457422 0.705352104739859 0.32946889821020237 0.64461349279145 0.3337162891458742 0.6436962905307837 0.32060026592101215
0 0.25577716034695186 0.3161510679125382 0.26544701414036354 0.32173201609165236 0.24423626973691626 0.3584816469298394 0.2345664249202173 0.3529007109054487