3 0.8267716518394082 0.6360893179068363 0.8398954222925568 0.6366837868590742 0.8390205335349492 0.6559957956723634 0.8258967631579708 0.655401327850879
0 0.1623305269000639 0.8599714084568573 0.16272965899122482 0.8503319254385411 0.20687325586243333 0.8521592286703372 0.20647418146484142 0.8617986561516818
3 0.6544182012213469 0.11888955921052631 0.6404199473684002 0.11888955921052631 0.640419951734998 0.10138805043859647 0.6544181973683862 0.10138805043859647
3 0.8775153103069897 0.07724803837716071 0.8775153141716601 0.06879903368199894 0.903762031000042 0.06879904311127819 0.9037620296052182 0.07724804533475423
3 0.11548557025730588 0.16777308414173625 0.10239728425483463 0.1684507227510957 0.10148731359652174 0.15087507565789338 0.11457558843108018 0.1501974373384017
3 0.8398950123925033 0.4007241851240003 0.8407870968571842 0.4188283622868399 0.8285386138283002 0.41943186396404125 0.8276465438596006 0.40132770065792484
0 0.00962379714906092 0.15509957785086023 0.010302260360504079 0.14172376010744375 0.07174103289480627 0.1448400723683981 0.07106258936687482 0.15821587129825943
0 0.16885389364040293 0.8865419429823996 0.16934181622741562 0.8757006374093311 0.2095867157632938 0.877511388710876 0.2090988543199046 0.8883526356032422
3 0.9501312568867206 0.6035002874419246 0.9417444546137403 0.6085657009803316 0.9317585307018135 0.5920337960526285 0.9401453102149162 0.5869683914180386
0 0.07726852924656669 0.8980791595863377 0.06631910186956702 0.8869703448045312 0.10191160773433694 0.8518967634258576 0.11286096375715715 0.8630055042674324
3 0.7436570427631579 0.8509354254385965 0.7672790899122807 0.8509354254385965 0.7672790899122807 0.8581774287280702 0.7436570427631579 0.8581774287280702
3 0.7817255896961797 0.979416901985515 0.7830271217105746 0.9885334945175637 0.7572070043531767 0.9922185480596967 0.7559055120614175 0.9831019912280374
3 0.8458317638567223 0.8297268419045799 0.8355205603070317 0.8280024144736828 0.838332759437094 0.8111904830418342 0.8486439199560891 0.8129149067982452
3 0.8232939918453894 0.7671537958851744 0.8346456688597073 0.7676523837719317 0.8337488775927113 0.7880664803203964 0.8223972006578606 0.7875678936403508
3 0.8976377949561404 0.6662643333333333 0.9195100614035088 0.6662643333333333 0.9195100614035088 0.6753168377192983 0.8976377949561404 0.6753168377192983
3 0.8958880183198517 0.6674712360906262 0.8955338767166268 0.6759420336351024 0.8661417324561853 0.674713337719286 0.8664958983979432 0.6662425656390479
3 0.8233098080809214 0.6788388428473493 0.8363954506579603 0.6795413399122836 0.835482843134173 0.696538343400146 0.8223972006578606 0.6958358475877172
3 0.8705161853069967 0.5908267949561543 0.8810778908986094 0.5864526377405205 0.8888888892543036 0.6053108026315948 0.8783271882733743 0.6096849517132279