3 0.6131221754066019 0.2542290919733137 0.6101987462117222 0.2582837013990119 0.5995475090044238 0.2506041595172361 0.6024709375207067 0.24654955213841176
3 0.6251885405025632 0.24891251379946594 0.6226891449116465 0.25266789436165704 0.6121322303658872 0.24564186255341913 0.614631625596985 0.24188648378179448
3 0.6938159879385921 0.1742387631578755 0.6957574943628515 0.17060352654487596 0.7061501456975066 0.1761539796307409 0.7042086406046337 0.17978921510022003
3 0.8046757160087736 0.2486708552631865 0.8068714628303724 0.2452448318991605 0.8198684559854428 0.253574476744928 0.8176727114642972 0.25700049808572567
3 0.6158572091990209 0.5751315888948669 0.6179600355955017 0.5785685811269066 0.6084376646210785 0.5843939723973799 0.6063348421051842 0.5809569835525918
3 0.6208094554735908 0.5803349620431302 0.6223393988844919 0.5834757044146214 0.6116355206470416 0.588689313604269 0.6101055811403739 0.5855485745613971
3 0.7017345453840562 0.6660222223571981 0.6997282818897474 0.669450344985239 0.6890895546822549 0.6632250019086432 0.6910958181011893 0.6597968835571381
3 0.9189291209345356 0.6723054456668797 0.9163950320579488 0.6758882974651693 0.9037204242715688 0.6669249839529072 0.906254511451948 0.6633421378259301
3 0.8887632035635988 0.679796995235119 0.8865675014467342 0.6826516212524181 0.8780649737476551 0.6761126156979091 0.8802606744568493 0.6732579928416508
3 0.8736802475053764 0.6894634985333749 0.8716809467707662 0.692724409005755 0.8611877922573967 0.6862918594385301 0.8631870926517422 0.6830309531700942
3 0.8567119155701448 0.6892218464912332 0.8588580404737058 0.686152689145648 0.8680447621431995 0.6925756207274709 0.8658986412874583 0.695644774452886
3 0.8616138827981104 0.6955050641061586 0.8596375329605053 0.698588382160148 0.8494377093475123 0.6920514369643876 0.8514140586131589 0.688968122857477
3 0.8446455504385995 0.694780086622796 0.8466601253336421 0.6919228743612273 0.8548265460525499 0.6976800383772205 0.8528119745369622 0.7005372476111358
3 0.8506787404652414 0.7022716192306228 0.8483810143485471 0.7052827572007816 0.8390168576596579 0.6981382595205986 0.8413145821459693 0.6951271253329856
3 0.8457767786119348 0.7054132342993392 0.8436700247117415 0.7082891378224683 0.8344645509046131 0.7015466457019927 0.836571303543792 0.6986707456949477
3 0.8401206690061827 0.7075881996526417 0.8381057619250214 0.7103029993012395 0.8299214032953159 0.7042295385673755 0.8319363092422236 0.7015147418929643
3 0.8352187086893537 0.7112131386492946 0.8331813710780125 0.7141026313056391 0.8244216137362628 0.7079272016072926 0.8264589503638717 0.7050377122972011
3 0.8178733026315967 0.710971483552647 0.8201496624487845 0.7077430110354611 0.8290474586606251 0.7140157786582813 0.8267711031011231 0.717244247360927
3 0.8721719451754097 0.6783470274122818 0.8744103595432762 0.6752913793981286 0.8840916550954034 0.6823824119747306 0.8818532449325858 0.6854380561885504
3 0.8401206679401412 0.6831802752779671 0.8379999813353152 0.6857010460629624 0.830574757470572 0.6794551971644476 0.8326954425077702 0.6769344289176102
3 0.7929864312910695 0.7609956419586383 0.7908024142045633 0.7640783474465751 0.7821763511526569 0.7579680737990441 0.7843603671020674 0.7548853720792396
3 0.8152337923522737 0.7489125103300346 0.8129692784855251 0.7519635645126574 0.8042986394503941 0.7455292453959124 0.8065631518869623 0.7424781949624827
3 0.7809200685850328 0.7419042875446603 0.7789891561287732 0.7451676902752451 0.7673453944366884 0.7382793716152907 0.7692763067323085 0.7350159738613214
3 0.7190135912860569 0.907485729557049 0.7168174967106324 0.9040599320175629 0.7274419210442602 0.8972508734426968 0.7296380147575974 0.90067666503906
3 0.7096245627380995 0.9013241779209488 0.707013563293799 0.8977766886384865 0.7187313926548313 0.8891543154288302 0.7213423895180995 0.8927017976741347
3 0.7070135745614152 0.1280811984649409 0.7093026116875762 0.1252536518054031 0.7172256700351909 0.13166772186744596 0.7149366335231662 0.13449526795680117
3 0.8631221721491329 0.029966167763104543 0.8634230766651854 0.0263039860998008 0.8785822017543978 0.027549540570202345 0.8782812975000525 0.03121172198904842
3 0.48114630482450593 0.056307394736842924 0.4829233718829755 0.052950834248911 0.49245852192984785 0.05799903289469054 0.4906814552389278 0.061355593067385146
1 0.34841633444887066 0.7754953417787352 0.3396130678837608 0.7884366246150071 0.31561085964904123 0.7721121315789619 0.3244141157717877 0.7591708930093611
1 0.3435143289473217 0.1404059934210995 0.3484904292039346 0.12099527875724944 0.38650075438602016 0.13073948793857498 0.38152467241673094 0.1501501868409938
1 0.3880090952344517 0.14620545135786084 0.38217330813108674 0.20286561252501703 0.24736048245620168 0.18898018421052967 0.2531964422968258 0.13232021883229095
1 0.23261782705026235 0.2298807952442897 0.21832579166664345 0.18342194298250764 0.29000656550124404 0.16137117400809076 0.30429865872713435 0.20782992212374055
1 0.16591251864031165 0.5669405515350636 0.1703213456219146 0.5178473055615029 0.2541478125000367 0.5253745767543321 0.2497393560602177 0.5744674786425212
1 0.210784336684128 0.6058478523345147 0.20878698721287492 0.6390171720576061 0.15158371052632447 0.6355727401315417 0.15358122789939443 0.6024036000897559
1 0.15799396710519886 0.6648139199561723 0.16037489230200208 0.6373852189807582 0.19796380043862882 0.6406476557017539 0.1955829859144842 0.6680762537770341
1 0.23312036306685968 0.73679620453428 0.21229260964889818 0.708796519736845 0.2548133415856455 0.6771720660601296 0.2756410333548729 0.7051715909808304
1 0.26572751848618736 0.7522838236199078 0.24924585197368287 0.7300628322368554 0.28442336218608943 0.7039753612190424 0.30090498764252516 0.7261962446469219
1 0.32816660034347933 0.728322764642443 0.3412518848688251 0.7518124692982848 0.29777592859090873 0.7760270279930118 0.2846907993431387 0.7525374572368104
1 0.3306938157895729 0.7887868530701942 0.34617484365412565 0.7665682060237452 0.3808446458333492 0.7907201546052748 0.36536374439174324 0.8129386886713037
1 0.48906493738616064 0.5439822673409076 0.4807533195553333 0.5780835325797433 0.4181749627193767 0.5628322861841829 0.4264867045886831 0.5287312061407049
3 0.4913273010155308 0.06452392317175672 0.4896094845469179 0.06800839356115253 0.4783372166347135 0.06245126035585909 0.4800550331823388 0.05896679038890868
1 0.5688661077975894 0.6542808594087101 0.5652337861841943 0.6275978739034672 0.6121292815500965 0.6212147904336492 0.6157617057735933 0.6478976532117401
1 0.630172766487135 0.46130988542151596 0.645550527411956 0.48622522916666094 0.603612950681736 0.5121071332297152 0.5882352938590429 0.4871918804824842
1 0.5418553259230521 0.7907200177685748 0.5228316014524808 0.8120614750906445 0.48831070942981114 0.7812953114035484 0.50733434663357 0.7599539722859514
1 0.6797975621901742 0.9503487765715385 0.6613876315790321 0.9246012565789136 0.7018013035318518 0.8957123246917086 0.720211177171791 0.9214596649033655
1 0.7070135745614152 0.5403576611841752 0.716605006601867 0.526804989665506 0.7401960789472923 0.5434992752193382 0.7306046829776278 0.5570519143937362
0 0.5671191557016755 0.8711938135965225 0.5696063384821173 0.8670662651185448 0.5899444105793918 0.8793187369186093 0.5874572428009515 0.8834462723311213
0 0.5652338180188963 0.8939100574856389 0.562100420241336 0.898288882281488 0.543787794022478 0.8851878790863869 0.5469211875409883 0.8808090676511795
0 0.53242835635956 0.8917351381579219 0.5353952482420254 0.8874847741062407 0.5544120407577111 0.9007558635018852 0.5514451639270419 0.9050062140982903
3 0.5075414785746943 0.07225712827454998 0.5061808583124048 0.07525432797188594 0.49585218693459865 0.07056549137685447 0.4972128072964779 0.0675682920492949
3 0.497360482456088 0.06355727412278399 0.4990152997474979 0.06042191556884269 0.5065921685624062 0.06442092165298192 0.5049373515764728 0.06755627994480969
3 0.7077697907710672 0.883396207917137 0.7101460764372405 0.8865735437770476 0.6999630066193276 0.8941874806105855 0.6975867269736682 0.8910101502193167
3 0.6116138760964986 0.9084098596491084 0.6119250371323233 0.9006438065752483 0.6179582134636803 0.9008854772605109 0.6176470591326506 0.9086515238741935
3 0.4079939686986336 0.29990332106642176 0.4075856390869603 0.30332783303133104 0.3910256414472997 0.3013533103070272 0.3914339733065617 0.29792880095657664
3 0.9724736030447048 0.5144997550943957 0.9745484806499007 0.5179393112873689 0.9681382239577943 0.5218059149071202 0.9660633486842016 0.5183663607455803
3 0.5996674356974836 0.5657547514535225 0.6011606817114625 0.5683297103001965 0.5916139065451489 0.5738654344508807 0.5901206633772063 0.5712904780701478
3 0.5965055146617715 0.5613059204839306 0.5982325360153027 0.5643853005790916 0.5873227938227501 0.5705032528722485 0.585595776315813 0.5674238760964985
3 0.5904004915319092 0.5566935827963313 0.5922162802709181 0.5598098346842117 0.5825096010785273 0.5654652094230537 0.5806938157894592 0.5623489605263102
3 0.5849915771110545 0.551211946511901 0.5867073810939019 0.5542904585820885 0.5771305824706587 0.5596275662330348 0.5754147817982584 0.5565490570175263
3 0.5712001501752866 0.5556969760747469 0.5690045252192704 0.5526824550438418 0.5781211211564141 0.5460430010070025 0.5803167451163063 0.549057519183821
3 0.6262014410384609 0.5848642932830592 0.6275719015263803 0.5880002351176883 0.6182633683073391 0.5920677898567567 0.616892911184209 0.5889318508772085
3 0.6235882649605173 0.5963647476957911 0.6219841145557439 0.5934203424894152 0.6307487921304755 0.5886457413553421 0.6323529427279482 0.5915901439090288
3 0.48416289583337857 0.07129047807015343 0.4853742759682973 0.06869152052708681 0.4944784884423825 0.0729350082006924 0.49326710864465895 0.07553396545691318
3 0.7401960789472923 0.7544707587719134 0.7425217613377981 0.7506913922579664 0.7543678583735982 0.757979773018678 0.7520421829145789 0.7617591334772208
3 0.869532428728121 0.5935234407894332 0.8721021596262517 0.589781531805658 0.8842076167214827 0.5980939753523313 0.8816378914211782 0.6018358793486482
3 0.9706744506178211 0.5074674844993112 0.9726806986441261 0.510728064121598 0.9620364099570224 0.5172770095566921 0.9600301655701742 0.514016433114062
3 0.5957057977672093 0.5571634760698484 0.5938913987683918 0.5546157514622263 0.6018809279809147 0.5489264225189013 0.603695326326033 0.5514741450216609
1 0.6187171637768643 0.7210341493349302 0.6210407236842457 0.7597873366228526 0.567180022318098 0.7630158797600335 0.5648567116228378 0.7242629287280591
3 0.6708144791666655 0.8189946831140675 0.6743281471467526 0.8135133410553337 0.6868235073692404 0.8215215195752117 0.6833098509479214 0.827002851468311
3 0.7021116220321346 0.8141614237235878 0.6976650620969167 0.8181633804874233 0.6907993969298332 0.8105364912280882 0.695245950422759 0.8065345395446739
3 0.7085218800259554 0.810294818217621 0.7042212748526708 0.8151975851411781 0.6953242839912264 0.8073948771930074 0.6996248841364832 0.8024921174143904
3 0.949448870599781 0.6451456192224287 0.9470053672366703 0.6410284307330965 0.9594720359075382 0.6336305279625631 0.9619155390587366 0.637747710638254
3 0.9437942007147058 0.641922080650614 0.9410337976345318 0.6370771262692627 0.9538761015141972 0.629761148816024 0.9566365047141971 0.6346060962619511
3 0.7748464611914869 0.3257085869982022 0.7768232595409472 0.32973165611100025 0.7644202336625767 0.3358258700398782 0.762443438596506 0.3318028037280885
3 0.7449601604932923 0.3037425468918551 0.7473816295664619 0.30693947082324236 0.7380926590360559 0.3139750756877508 0.7356711918860128 0.3107781535087966
3 0.7130467576754427 0.2873368771929593 0.7161452470990071 0.2830883412001978 0.7293759822468928 0.2927373701541187 0.7262774962277945 0.2969859030730739
3 0.6949472094298699 0.2723537938596114 0.698313952279932 0.2675931645098581 0.7116523835386488 0.27702595960592 0.70828564431838 0.28178658570129217
3 0.6044206541706671 0.5691339774351527 0.6062871470641085 0.5720460306143706 0.5991515584274794 0.5766191562892565 0.5972850679825115 0.5737071052631361
3 0.5629623937231827 0.5534620841704078 0.5607088991228011 0.5502658289473448 0.5690134764982986 0.5444112899428399 0.5712669702996891 0.5476075424493699
3 0.3891402719298185 0.31391976754386736 0.38938077254215386 0.3107677198299248 0.40535444956140054 0.3119864671052238 0.40511395151884244 0.3151385124122483
3 0.7963800981115128 0.7322377868185733 0.7936938334668184 0.7357301140424922 0.7850678728069624 0.7290961820175541 0.787754135568207 0.7256038590224352
3 0.4034690808639425 0.3173030365108528 0.40318306221683997 0.32024844709742223 0.39027149342098255 0.31899468311405815 0.3905575137134747 0.31604927437930824
3 0.4338837935961237 0.36116198650335113 0.42948717982460494 0.35959400657895785 0.43263204819083967 0.35077614806491986 0.4370286578947571 0.35234412719299874
3 0.8849924583333859 0.30570323793856974 0.8874996494449761 0.3019417649225288 0.8982724703607801 0.30912212880738227 0.8957652818243105 0.3128835995422131
3 0.5467571804025511 0.9103431393479021 0.5441502540975307 0.9139168764056863 0.5312971233099688 0.904543272017357 0.5339040468545591 0.9009695428170685
3 0.9501596311232561 0.5106758453583579 0.9478540021608524 0.5070785705187953 0.9603640589364204 0.49906102528066115 0.962669687302764 0.5026582960089377
3 0.9529540201275495 0.4962719756590618 0.9552450398952033 0.49969103567920453 0.9453528561741678 0.5063190086663482 0.943061839912275 0.5028999517544146
3 0.9391146943972899 0.5025296819694202 0.936918861169147 0.4991037052837521 0.9480304147176639 0.4919824414018687 0.9502262474507006 0.49540841466401625
3 0.9410855870798969 0.4889417556568805 0.9431716297548292 0.4921964282651525 0.9338356623970867 0.49817975432525197 0.9317496228070468 0.49492508442982797
3 0.9347230315338493 0.48601123342041413 0.9372482389926517 0.48995110023146377 0.9282416446656043 0.495723334055152 0.9257164407895289 0.49178347039471465
3 0.9312516733427856 0.47991665498155334 0.9337381647463872 0.48347283455473467 0.923678041525136 0.4905063934527384 0.921191553728022 0.4869502171052193
3 0.6181667747325719 0.7048777177111379 0.6146304671052576 0.7025132916666774 0.6197668658737712 0.6948322905374035 0.6233031684163279 0.6971967142524768
3 0.7824283617039782 0.5691155120472364 0.778070171515651 0.5709153970424725 0.7741327302632044 0.5613823103069968 0.7784909136147462 0.5595824269099128
3 0.6478129714912484 0.6959884002192545 0.650185566655864 0.6929599167705612 0.6584883615366834 0.6994635862273852 0.6561157700640479 0.7024920662815538
3 0.6610105581140715 0.6911551469298606 0.6630693897795936 0.6880769975918355 0.6730445985664346 0.6947479777992749 0.6709857713001384 0.6978261232380497
3 0.6696832576753877 0.6872885449561736 0.6718649752926922 0.6845655819319687 0.680300286753095 0.6913232233297792 0.6781185724750003 0.6940461832640792
3 0.6926847712863946 0.6807636477568539 0.6900506606572208 0.6838947081247401 0.6828808442982108 0.6778637017543959 0.6855149530529161 0.6747326444215194
3 0.6983408808131344 0.6790720074647506 0.6963555369403593 0.6817653720742393 0.687307614715337 0.6750968583523136 0.6892929574340769 0.6724034968654471
3 0.7066365060727549 0.6631222736465667 0.7050601719779479 0.6657045199655203 0.6960784278364827 0.6602223350968679 0.6976547617261986 0.6576400915162544
3 0.7277526455364978 0.6657805603744542 0.7258861094172744 0.6686925927371064 0.7162208261208889 0.6624982276564619 0.7180873617517136 0.6595861986732673
3 0.7209653092104418 0.6592556787281096 0.7226122550919172 0.656686245399953 0.7317429655707883 0.6625380355295748 0.7300960228787972 0.6651074660525722
3 0.7269984912280734 0.6563557269736905 0.7291382425697748 0.6533209321899229 0.737556561403494 0.659255678728084 0.7354168135576629 0.6622904703797561
3 0.7643253027446235 0.5473279014319996 0.7669287273640748 0.5512586927230394 0.7537346401824152 0.559996518502762 0.7511312214911641 0.5560657324561189
1 0.35030181260412974 0.14209751662709624 0.28539590698221673 0.19066794604238874 0.2134238311404033 0.09449009210524854 0.2783295446561169 0.045919768954834184