1 0.800749998776837 0.7642499957196704 0.8020804126042549 0.768905595707374 0.7965000000000373 0.7705000000000387 0.7951695898636899 0.7658444031701152
1 0.7932499999999436 0.7552500000000046 0.7979885190430878 0.7539579030882417 0.7994885178117102 0.7594579041827899 0.7947499991020095 0.7607500002448503
1 0.7845000036953707 0.7627499993574469 0.77996327725225 0.7635388567028494 0.7789632795528405 0.7577888568122036 0.7835000000000036 0.7570000000000036
1 0.7091864500275733 0.8652669830880207 0.7147499999999809 0.8637499999999969 0.7163135484858003 0.8694830183808954 0.7107499989807593 0.871000000277898
1 0.7217500536338548 0.8680002154114014 0.7170117594826024 0.8690529302945981 0.71550000000002 0.8622500000000058 0.7202382857618659 0.8611972860835614
1 0.7132500048700194 0.8572499986721089 0.7079826090451888 0.8586862420464234 0.7064826115794176 0.8531862423079097 0.7117499999999382 0.8517500000000096
1 0.7112938684962273 0.8371765279280278 0.7124999999999773 0.8419999999999618 0.7072061275977148 0.8433234687037519 0.7060000000000173 0.8385000000000468
1 0.6967500031076952 0.8797499992232592 0.6917499290118485 0.880999724595037 0.6907499311707852 0.8769997246824468 0.6957499999999754 0.8757499999999998
1 0.9884999950577367 0.5112499958302955 0.9958157096838249 0.517422121813594 0.9890657099125519 0.525422120883137 0.9817500000000337 0.5192499999999982
1 0.6867499999999609 0.8780000000000097 0.6909434709477864 0.87680214805742 0.6919434702781473 0.8803021487643198 0.6877499995694052 0.8815000001230068
1 0.6754999990353099 0.8809999965280715 0.676427857378826 0.8843394831547697 0.6719278558946371 0.88558948452847 0.6710000000000491 0.8822499999999458
1 0.6790027676717045 0.8826382697179064 0.6797500000000127 0.8859999999999763 0.6747472296574415 0.8871117279604924 0.6739999999999782 0.8837500000000404
1 0.6967500000000655 0.8224999999999918 0.7012061381198009 0.821545310991595 0.7019561376774845 0.8250453114863601 0.697499999692127 0.8260000000659642
1 0.7040904307920073 0.8237330413538564 0.70474999999999 0.8272499999999515 0.7005537845695926 0.8280367910474681 0.6998942175068805 0.8245198342898733
1 0.6960000000000264 0.8282500000000209 0.6952322877269808 0.8257554499206334 0.6984822873383791 0.8247554516607604 0.6992500002069164 0.8272500006722827
1 0.6957499995666012 0.8232499979780885 0.696346461181065 0.8260329006412881 0.6928464601784299 0.8267829014116631 0.6922499999999445 0.8240000000000294
1 0.6902499999999918 0.8267500000000071 0.6932788707275677 0.8261443524158142 0.6937788705221237 0.8286443526401354 0.6907499998516187 0.8292500000296645
1 0.796736538941218 0.7706934634830491 0.8017500011643506 0.7694999997228277 0.8030134612283746 0.774806537179745 0.7979999992703597 0.7760000001736961
1 0.8005000035026342 0.7639999989493912 0.7960274563756684 0.7653415263917429 0.7944999999999709 0.7602499999999969 0.7989725419619162 0.758908473385351
1 0.7787499999999454 0.7415000000000077 0.7846912357720157 0.7400149426202937 0.7864412340127274 0.7470149441648528 0.7804999986806251 0.7485000003297865