2 0.3399664119234558 0.9828122694624015 0.3452910193872185 0.9884383708914117 0.33474938872643634 0.9984120945868071 0.3294247938595163 0.9927860054824204
2 0.3545371705716889 0.7000217158479658 0.3575487005566629 0.7042998631461794 0.3483103715359448 0.7108020362488776 0.3452988473472942 0.7065238941427887
2 0.4134731516340935 0.8218865117025332 0.41517302938632383 0.826160541875821 0.40689709139962815 0.8294513784543686 0.40519721929820207 0.8251773530701665
2 0.41008772115208103 0.8497807017543859 0.4014260263157894 0.8497807017543859 0.4014260324403267 0.8448607335526314 0.41008771626661655 0.8448607335526314
2 0.09852095744406597 0.7527703201142397 0.10488296646258277 0.7560737577046136 0.09888581266261554 0.7676214940147461 0.09252380701752827 0.7643180614034875
2 0.39171154117184415 0.5473238331637513 0.395901973463765 0.541942000511349 0.40855523641562286 0.5517932495661516 0.4043648119820773 0.5571750750002428
2 0.4112915215596331 0.5326528457245573 0.40578368222895733 0.5374948170897973 0.390824858552719 0.5204802861841912 0.3963326860801999 0.5156383236754618
2 0.377744552420495 0.38012611781302685 0.3828358921664403 0.38628377562037913 0.3784573241930502 0.38990394397957867 0.37336598664489884 0.38374628822467477
2 0.45603719884366 0.18890617913716967 0.46239570833324706 0.19377536622806094 0.45421362399804366 0.20445995047812215 0.4478551162280837 0.19959076535086692
2 0.1408925030093542 0.8262173925606933 0.14429999415585826 0.8303881437215321 0.13886122729741146 0.8348306619301049 0.13545374013153832 0.8306599144736461
2 0.09576199230593829 0.8007787766914539 0.10109279097673607 0.8035702418001536 0.09596366560060687 0.8133632738138407 0.0906328695175489 0.8105718124999818
2 0.1594839123717975 0.6966742660252329 0.16501265965041512 0.6986291616849284 0.16123075961775157 0.7093233533692567 0.15570201351749802 0.7073684600837683
2 0.04495614224754263 0.3508771929824561 0.040176313533265784 0.3508771929824561 0.04017631605324823 0.3421288848684211 0.044956140350905116 0.3421288848684211
2 0.07789437534995614 0.7864654756055872 0.069813073464843 0.7820454440789358 0.09481832351457342 0.7363357318760566 0.10289954648567345 0.7407557366553505
2 0.34292512722527135 0.7018647123602771 0.3413666862594482 0.697083439051339 0.3508771929824661 0.6939839791666377 0.35243563661299504 0.6987652473795259
4 0.5416437573850317 0.4429938113727282 0.5339825666613933 0.4457820942925609 0.53098987227213 0.43755972864917553 0.5386510548246406 0.4347714473684033
4 0.5245971019223816 0.439365380930181 0.5309842931447974 0.43716622574578984 0.5336702534376627 0.44496682448156005 0.5272830628057363 0.44716597844397166
4 0.5171629058759208 0.44039443842702436 0.5241228070175339 0.43916729495614576 0.5256856431875576 0.4480305904440193 0.5187257422402354 0.4492577331672252
4 0.5383771946579827 0.4276315789473684 0.5315906315789789 0.4276315789473684 0.5315906347692589 0.42140728070175437 0.5383771923802669 0.42140728070175437
4 0.529486099463611 0.41442309837756713 0.5339912280702492 0.4142657850877182 0.534151452968672 0.41885405427724043 0.5296463243645348 0.4190113675212583
4 0.5002189024122572 0.4561403508771741 0.5002189065756966 0.4499669490566964 0.5065789488221526 0.449966953297062 0.506578947368439 0.45614035240800294
2 0.3526642066823342 0.6960557146026203 0.3554815724958189 0.6992094563319108 0.3468730278652856 0.7068986613868086 0.34405566610962524 0.7037449235455213
2 0.34372205871181905 0.6825104181717108 0.34786182010759603 0.686402094488788 0.338100820418731 0.6967838250988122 0.3339610646929714 0.6928921546052258
2 0.10526312559773032 0.8941135343367286 0.1073882770643877 0.8971932184352402 0.08889505679735521 0.9099513676117023 0.08676991598360928 0.9068716930171238
2 0.2059961535292132 0.8492083674803724 0.21814169106414738 0.8425109149752239 0.25848290495810033 0.9156507749355343 0.24633742043647544 0.9223481520163044
2 0.2745368744318739 0.9158574742539883 0.28038826754391266 0.9117269736842054 0.30322967305892234 0.9440763118525554 0.2973782992953602 0.9482067892245927
2 0.21758063025970387 0.8317904754298232 0.2253636491227553 0.8259382708333564 0.24456817253064855 0.851473447355784 0.23678517445569014 0.8573256279601925
2 0.24163144371959788 0.81899229387822 0.25240945518442004 0.8442391600277028 0.2448145427667896 0.8474807574545093 0.23403656250002314 0.8222339177631949
2 0.2283441461976281 0.7464832713278721 0.22546372214458188 0.7488725429977618 0.2161689985000521 0.7376690188293841 0.21904941666662125 0.7352797510965068
2 0.3326349083142759 0.6888828944528317 0.33170770776303016 0.6841421754111815 0.34649122807013555 0.6812511875000058 0.3474184341974933 0.6859918990855086
2 0.10972042426089956 0.659542973056697 0.11525892277745697 0.6613422916225941 0.10831277841009523 0.6827203670656173 0.1027742817982471 0.6809210526315884
2 0.41228070290276264 0.8377192982456141 0.4052775684765493 0.8377192982456141 0.40527756965161643 0.8364184353070175 0.4122807017542982 0.8364184353070175
2 0.40789473859342706 0.8410087719298246 0.4016260854474467 0.8410087719298246 0.40162608727223414 0.8387797423245615 0.40789473684208133 0.8387797423245615
2 0.40281233881580647 0.856359649122844 0.4028123423482839 0.8538868188803272 0.4100877204871267 0.8538868272388983 0.41008771929818977 0.8563596551375978
2 0.4028721175982355 0.8328239462246524 0.411184210526244 0.8318234276315843 0.4116028477517375 0.8353006397593521 0.4032907549031961 0.8363011579072169
2 0.3205390293921937 0.89671072047004 0.32586104763186086 0.8952102511046316 0.33242795661362834 0.9184966275296156 0.32710594040156593 0.9199970918745292
2 0.10848107240758509 0.9061097876371397 0.10224580696285557 0.897902115082116 0.12694640570180127 0.8791419495614095 0.1331816565036661 0.8873495874741242
2 0.17165910560629527 0.8420647156137546 0.17681597369085011 0.850165132602728 0.13206108996382682 0.878650356731379 0.12690428607697868 0.8705499961028933
2 0.28633223083613757 0.6369059727241264 0.292483323423653 0.6383235754973583 0.286649683265523 0.6636329691017514 0.28049859189638937 0.6622153699784312
2 0.3099749790075066 0.6496591246172436 0.3146058877646283 0.6536572961954689 0.3034195868074221 0.666612191039769 0.2987886844694003 0.6626140263207365
2 0.31592295058601394 0.6539898022086356 0.3213895985156796 0.6558356556060837 0.3163680193443952 0.6707054995985933 0.3109013728070522 0.668859649122809
2 0.33800973973438886 0.6685543510291192 0.34190911652240175 0.6729682345997157 0.3305046165866088 0.683041951521897 0.3266052470409022 0.6786280748641531
2 0.3423118175339823 0.6755489185857655 0.34421542024108476 0.6810086506014315 0.3302364853738027 0.6858818760434912 0.3283328925438127 0.6804221524122733