4 0.016072676535087718 0.1845 0.020032610745614035 0.1845 0.020032610745614035 0.1895 0.016072676535087718 0.1895
1 0.21034241768666107 0.03549999984942921 0.21294167158418986 0.04061279801495679 0.2085158622732024 0.04286279801417206 0.205916608552684 0.03774999999996424
1 0.2047541606913228 0.03561651597297662 0.20216808266968656 0.030496166515157425 0.20661541995616517 0.028249999999970757 0.20920149799746923 0.03337034933321242
1 0.2152341019736923 0.029250000000021283 0.21186320579522544 0.02552026479074101 0.21686466337723687 0.020999999999991414 0.22023555948237572 0.02472973511361213
1 0.22734684320175802 0.026250000000010994 0.22474427901317995 0.021885112319808518 0.22893715183170116 0.019385112408128007 0.231539716017096 0.023750000013879596
1 0.2296762171052933 0.031750000000045825 0.22750333409476298 0.027925789190655994 0.23177265350875587 0.025500000000016544 0.23394553652099148 0.029324210727411308
1 0.16072676400244745 0.0799999996207606 0.16404656374447768 0.08499673048716441 0.15839739144735177 0.08874999999998262 0.1550775921970171 0.08375326956884663
1 0.17190775643746292 0.08649999976568391 0.17400248123510664 0.08996978318106623 0.16981132127193632 0.09250000000003623 0.16771659674020611 0.08903021681620996
1 0.17633356569058378 0.08349999985026896 0.17832336679430227 0.0865127360978957 0.17493594188590578 0.08874999999997202 0.17294614096374517 0.08573726391276139
1 0.17959468859646677 0.08600000000000686 0.1771462004494424 0.0826816394354198 0.18145818749997034 0.0794999999999748 0.1839066755683234 0.08281836034020888
1 0.19007686951749747 0.0789999999999598 0.18762773448031567 0.07576720087649438 0.19194036842111473 0.07250000000004325 0.19438950337439564 0.07573279892186689
1 0.23829489912282042 0.07650000000000924 0.23551434259070447 0.07239793539366293 0.24015839692981444 0.0692500000000174 0.2429389534031543 0.0733520643507349
1 0.2455639487091048 0.06572102648392847 0.24795594249167152 0.06968322298282172 0.24411833223689428 0.07200000000001729 0.24172633866805882 0.06803780368727538
4 0.24039133442982455 0.38 0.24388539473684212 0.38 0.24388539473684212 0.3835 0.24039133442982455 0.3835
4 0.24015839692982457 0.38425 0.24388539473684212 0.38425 0.24388539473684212 0.388 0.24015839692982457 0.388
4 0.023293733552631576 0.18 0.027020731359649122 0.18 0.027020731359649122 0.1845 0.023293733552631576 0.1845