4 0.34758771929818977 0.08114035081598424 0.34758772082955147 0.09539473870713448 0.3294959926380443 0.09539473681481676 0.32949599455594125 0.08114035238180244
1 0.641385654037208 0.11610510804433363 0.6439430787714855 0.12071030094051623 0.6374748911136976 0.12430229533985285 0.6349174671053106 0.11969710307018762
1 0.6063596494954027 0.14583333333333334 0.6011571543476748 0.14583333333333334 0.6011571548068559 0.1421986063596491 0.6063596491228509 0.1421986063596491
1 0.5942982457438575 0.16118421052631582 0.5898606677632188 0.16118421052631582 0.5898606681638512 0.15848844956140354 0.5942982455611627 0.15848844956140354
4 0.342690587891866 0.09959532884587413 0.3396036121063162 0.11411839331474459 0.3195515781267204 0.10985620684696303 0.3226385573324251 0.09533314714178691
4 0.6021200622728884 0.30268935302601985 0.606164789334457 0.3034755465318102 0.6052076782692666 0.30839945276206904 0.6011629512598802 0.30761325943986784
4 0.5959574273459793 0.302709299296868 0.6006916378860296 0.30345910343593835 0.5997186288344665 0.30960243909296187 0.5949844183451205 0.3088526351714646
1 0.6353130458471696 0.14188109766431678 0.6375604039118343 0.14537506290329963 0.6321048892915542 0.14888408863986502 0.6298575317985069 0.1453901239034897
1 0.6231533688065838 0.15766435205022658 0.6195739616227911 0.1553800975877136 0.6227360353524318 0.15042519186985748 0.6263154417974874 0.15270944601804706
1 0.6116662827168966 0.1657034043499089 0.6082996085526702 0.16337719298247178 0.6114263506104862 0.15885196548245864 0.6147930241228323 0.16117817653511854
1 0.628261046626676 0.14613838664412607 0.6319472994316584 0.14852507285352115 0.628825844662515 0.1533461475196136 0.6251395921052563 0.15095946162282126
1 0.6390316558444056 0.1442251638450799 0.6350297149123207 0.14168771271932107 0.638103496278859 0.1368399288970671 0.6421054364694783 0.1393773797099524
1 0.641024150219323 0.13770685197370797 0.643282740675204 0.13341389615427984 0.6474126832173397 0.135586710642012 0.6451540932483795 0.13987966604353155
1 0.5906169506577044 0.10271925000002957 0.5939220221404184 0.0971516858882726 0.6009150213819794 0.10130292511016216 0.5976099507086019 0.10687048851709652
1 0.629683906798391 0.10780428070172433 0.6329760886309259 0.10318693654099088 0.6383330570700991 0.107006459819621 0.6350408757911055 0.1116238034826328
1 0.6518529667026769 0.10479916656772514 0.6589912280702492 0.10420911842104938 0.6594288943783795 0.10950388247214957 0.6522906330169462 0.11009393056758458
1 0.6336709029701524 0.12085116569822903 0.6366985770700921 0.12366677369944931 0.6331643777790532 0.12746714390886635 0.6301367039473007 0.12465153618418719
1 0.6752260109682311 0.11103656904231406 0.6775267590530802 0.11638658800820942 0.6714348844114966 0.11900635606100722 0.6691341370614055 0.11365633771934386
1 0.664496606090438 0.08403126256270162 0.6590793574562213 0.076947598684246 0.6679311481360628 0.07017818390424682 0.673348396368624 0.07726184684891124
1 0.666899117500634 0.06013383774774047 0.665056560236394 0.06787936846656142 0.6562737258772131 0.0657900526315445 0.6581162835944951 0.058044522592457945
1 0.6915197454867439 0.10128925643772313 0.692961910457484 0.10448493239833878 0.6881748960174718 0.10664523929124563 0.6867327313595979 0.10344956359651229
1 0.757079072356305 0.08003813596491946 0.7626612484851876 0.07066240059584614 0.7755728190606987 0.07834974717838393 0.7699906448862066 0.08772548085676071