4 0.21018633662276898 0.16447368421051806 0.21018633677397247 0.1628861348660674 0.2127192982965198 0.1628861350776154 0.2127192982455881 0.1644736843217956
4 0.2943795860614955 0.12268053969883823 0.30212458485084426 0.12103429705964192 0.30378787880601976 0.1288594794004882 0.2960428800943191 0.13050572178704475
4 0.31267905397623963 0.2199171292516063 0.3229990343214695 0.22155162755024013 0.321043603621888 0.2338977351870622 0.3107236234369566 0.23226323759493783
4 0.2675438596491228 0.18640350877192982 0.27521929824561403 0.18640350877192982 0.27521929824561403 0.19407894736842105 0.2675438596491228 0.19407894736842105
4 0.3122904728958247 0.18569091313655692 0.3220856218933932 0.18777291327220966 0.31974661266269777 0.19877708525384627 0.3099514638788605 0.19669508580448308
4 0.32862012390353357 0.20285087719293135 0.328620127163731 0.19402402516071354 0.3366228081426925 0.19402402821517742 0.3366228070175339 0.20285087811233862
4 0.34609761167325814 0.20777354420944946 0.35197368421052033 0.2057502785087803 0.3544154479442341 0.21284168024954578 0.3485393756435542 0.2148649454634359
4 0.359945570460809 0.19516936353554729 0.368421052631561 0.19442786403509232 0.36934277660816406 0.2049632202647441 0.3608672944691307 0.20570471952628427
4 0.3456950830443475 0.18286915676763538 0.3563596491228509 0.18231025548245536 0.35686011707673515 0.19185973673675863 0.34619555101039623 0.19241863786945076
4 0.2841869721872854 0.1825981762910792 0.29385298692773176 0.18192226998108424 0.2945854301174222 0.1923966981236232 0.284919415398349 0.19307260423093583
4 0.2560354247370924 0.15072378459775884 0.26672537828949316 0.14745556030700566 0.27030693648680426 0.15917030640983282 0.2596169833395834 0.16243852975420192
4 0.26751880695837826 0.16947343959997174 0.27494208771929607 0.1674843947368457 0.276947936793249 0.1749703237436618 0.2695246561878548 0.1769593682025618
4 0.27571846599414584 0.1450950949753606 0.28399122807013555 0.14480620504386144 0.2843712464980399 0.15568848391233656 0.27609848442580187 0.15597737377179136
4 0.32966761622651575 0.1693262486093005 0.34062689099937415 0.17226274904165112 0.3373916494989544 0.18433683669484904 0.3264323751041047 0.18140033725218213
4 0.3614034028327069 0.15993025453176518 0.368421052631561 0.15919267653509206 0.36919801682120124 0.1665850051970572 0.36218036704383394 0.16732258305743633
4 0.36336455875368756 0.17709214847249377 0.3704077450447585 0.17480370084879002 0.3729571378962646 0.18264992587332213 0.3659139518442771 0.18493837297948837
4 0.3462134137536168 0.1455245119083468 0.35760311888464 0.14794545134807638 0.35510817599606526 0.15968323499974138 0.3437184710811607 0.15726229623753651
4 0.3100413976536629 0.18273919098587788 0.3045704267041174 0.18473044176859774 0.30234729179369424 0.17862242696091973 0.30781826096495024 0.17663117653508473
4 0.3021253486841715 0.17434210526315116 0.3021253492671576 0.1713580558943664 0.3070175440582261 0.17135805673007734 0.3070175438596152 0.1743421057144734
4 0.303288008771915 0.1655701754385794 0.30328801016696616 0.15960887238732707 0.3092105268360683 0.15960887375500296 0.30921052631583734 0.16557017593190695
4 0.29570490963760676 0.14205612766614176 0.3056717398642377 0.1388177288972581 0.3087619107069486 0.14832829818977722 0.2987950808071673 0.1515666962427469
4 0.27571572373176423 0.2061943777744686 0.2834308157870282 0.20441323330005745 0.2852797433916976 0.2124218252557734 0.2775646514918435 0.21420296926416887
4 0.2960526365588976 0.23135964912280702 0.28377073312037737 0.23135964912280702 0.283770738921703 0.2185810942982456 0.29605263157895934 0.2185810942982456
4 0.22885764019099497 0.1839229324186964 0.2356650737668815 0.18235133081749072 0.2373338176297466 0.1895794630488425 0.23052638416550053 0.191151064318627
4 0.14750309539476802 0.07565789473686702 0.1475030955600687 0.07213638486218274 0.15021929830322733 0.072136385001716 0.1502192982455881 0.07565789476875076
4 0.1766516129385991 0.1677631578946974 0.17665161642059957 0.15851306104596016 0.18640351001158706 0.15851306465299456 0.18640350877194578 0.16776315925940494
4 0.18068592366739722 0.17251797972122715 0.18969298245610844 0.17125213267544062 0.19118909433279896 0.1818975269106922 0.18218203562344115 0.18316337358815457
4 0.08370913938483682 0.12307834649508834 0.08991228070181023 0.12198457127192486 0.09108440598527068 0.12863202872122384 0.08488126470570023 0.12972580380256427
4 0.11074561403508772 0.1059185 0.11403508771929824 0.1059185 0.11403508771929824 0.10855263157894737 0.11074561403508772 0.10855263157894737
4 0.11153556249996655 0.1118421052631063 0.11153556256260799 0.11010993311055085 0.11293859651277671 0.11010993316506397 0.11293859649117621 0.1118421052764749
4 0.11244114692976837 0.11951754385969686 0.11244114723069742 0.1155204297824595 0.11513157905562821 0.11552043001373381 0.11513157894739834 0.11951754389845612
4 0.13764819956145402 0.06359649122806674 0.13764819986340626 0.05819938153770324 0.14144736853279483 0.05819938177595079 0.14144736842104066 0.06359649127621907
4 0.1502192982455881 0.04276315779861411 0.15021929843965154 0.04824561405001202 0.14518312171355774 0.04824561403188596 0.14518312171014713 0.04276315797000228
4 0.14504611842107806 0.061403508771928454 0.1450461188052259 0.05592105255349704 0.1502192983768964 0.0559210529091128 0.1502192982455881 0.06140350887558469
4 0.25 0.16776315789473684 0.2598684210526316 0.16776315789473684 0.2598684210526316 0.17763157894736842 0.25 0.17763157894736842
4 0.162671159635579 0.07038045308546582 0.16776315789479668 0.06920487499999894 0.1691128638359487 0.07505109619686562 0.16402086560344742 0.07622667420397747
4 0.15570175438472234 0.08833947914934974 0.1558875001777551 0.09099578343194437 0.15521504949504106 0.0910428053547794 0.15502930372804258 0.08838650109649908
4 0.17587629488718903 0.07886549950928912 0.17872807017545256 0.07846470942982144 0.17909682353126755 0.08108852607760328 0.1762450482457325 0.08148931614413853
4 0.19407894816004045 0.19517543859649122 0.18912079195308706 0.19517543859649122 0.18912079288668338 0.18923843859649117 0.194078947368439 0.18923843859649117
4 0.20129259796851784 0.18835300435780325 0.20785776316358806 0.18596350548037147 0.21008089738370472 0.19207151627419197 0.2035157324157808 0.19446101470202118
4 0.1964500189390037 0.17115926995814143 0.20470644323836495 0.1697034526025744 0.20607240751064637 0.17745021985934245 0.19781598328813743 0.17890603691183796
4 0.19114748981621688 0.1580714931051245 0.19846491228076957 0.1574313059210506 0.19907636102891502 0.16442018974669673 0.19175893857891424 0.16506037682048938
4 0.23432566531766952 0.1999194453319283 0.24152400135255903 0.19799068085243968 0.2430668010313184 0.20374848839319978 0.23586846513319415 0.2056772525195151
4 0.3278837562440913 0.14585744020273528 0.31731120291942716 0.14302455188788343 0.3202229188595993 0.13215788267542714 0.3307954673794029 0.13499077030903606
4 0.31000536427177394 0.12279248364147756 0.31661139177913356 0.12419663149486683 0.3151040311979614 0.13128820436965702 0.3084980037514242 0.12988405671316328
4 0.20833333319478697 0.16118421052632767 0.2083333335607449 0.15789473678541077 0.21162280712064785 0.15789473717470914 0.2116228070175339 0.16118421065246188
4 0.3250287662709752 0.10855040944815182 0.33552631578947967 0.10669941557018309 0.33734332257495225 0.11700417539864784 0.32684577314489616 0.11885516894405752
4 0.35964912287602147 0.023026315789473683 0.3548930931366385 0.023026315789473683 0.3548930932214489 0.017908611842105265 0.35964912280701355 0.017908611842105265
4 0.33915113157900123 0.014939551535129736 0.3394824744707421 0.010201121415879859 0.3435330972367865 0.010484368184135107 0.34320175438449496 0.015222798265991776
4 0.35855263168423335 0.05263157894736842 0.35481432007486546 0.05263157894736842 0.35481432020287684 0.04860234539473684 0.35855263157895934 0.04860234539473684
4 0.3585526315101788 0.052631578947366704 0.35855263162648043 0.04950877301092061 0.3618421052993881 0.04950877314096428 0.361842105263122 0.05263157899704475
4 0.3637409616072773 0.040772468198161826 0.3673715912472062 0.04161066402092784 0.3666588598970293 0.04469784492829499 0.3630282302631258 0.04385964912279839
4 0.36403508771929827 0.03508771929824561 0.3673245614035088 0.03508771929824561 0.3673245614035088 0.03837719298245614 0.36403508771929827 0.03837719298245614
4 0.36403508771929827 0.03125348903508772 0.3673245614035088 0.03125348903508772 0.3673245614035088 0.03289473684210526 0.36403508771929827 0.03289473684210526
4 0.3596491228120158 0.03289473684210526 0.35787008552301813 0.03289473684210526 0.35787008552813404 0.03234634429824562 0.35964912280701355 0.03234634429824562
4 0.35356626315789474 0.03265296052631579 0.3541666666666667 0.03265296052631579 0.3541666666666667 0.03399122807017544 0.35356626315789474 0.03399122807017544
4 0.2596121107455929 0.13815789473686 0.2596121125702666 0.1299042803645713 0.2664473690933846 0.12990428195659778 0.26644736842104066 0.1381578951772634
4 0.2489035095196641 0.15460526315789475 0.24374257017541368 0.15460526315789475 0.24374257099282204 0.14802631578947367 0.24890350877194578 0.14802631578947367
4 0.24144495723680848 0.14583333333337578 0.24144495849100167 0.13990822473810158 0.24780701797760685 0.13990822605475262 0.24780701754389156 0.14583333382966893
4 0.1931030665966773 0.12918027489047001 0.18864891868281575 0.13054203835910433 0.18747943168204984 0.12671681928348738 0.19193357894744167 0.12535505592104718
4 0.19078947368416266 0.13157894725411237 0.19078947385071388 0.1348684210526887 0.18909282571121366 0.13486842105376326 0.18909282565789454 0.13157894736841588
4 0.19407894770074563 0.14035087719298245 0.18974610496411515 0.14035087719298245 0.1897461053455345 0.13644961732456143 0.194078947368439 0.13644961732456143
4 0.1945901687973901 0.1354731045762925 0.19736842105260166 0.13537608771929868 0.19742720110889422 0.1370593509031765 0.19464894885391004 0.13715636775677853
4 0.19670546710528924 0.1447368421052221 0.19670546736290362 0.14203798682001406 0.19956140359795427 0.1420379870875884 0.1995614035088238 0.14473684220440597
4 0.19900713048241414 0.15241228070177457 0.19900713099559653 0.14867951634932808 0.20285087737704544 0.14867951687018088 0.20285087719298645 0.15241228089357092
4 0.20524276754383664 0.16666666666668153 0.20524276825642573 0.16232306236123223 0.20942982481813033 0.16232306305114663 0.20942982456142545 0.1666666669009093
4 0.34868421052631576 0.020833333333333332 0.3541666666666667 0.020833333333333332 0.3541666666666667 0.02631578947368421 0.34868421052631576 0.02631578947368421
4 0.34042285855264254 0.028508771929832633 0.34042285863984034 0.023692231348651047 0.34320175441985157 0.02369223140946803 0.3432017543859729 0.02850877193739827
4 0.34320175443463086 0.021929824561403508 0.3393565131051446 0.021929824561403508 0.3393565131578953 0.017543859649122803 0.3432017543859729 0.017543859649122803
4 0.3516714900338229 0.0377356359405404 0.3598062480476756 0.03976385763657462 0.35750798994126853 0.048981668015120064 0.3493732319740275 0.04695344644684436
4 0.3135384670675876 0.09846414148238655 0.32127192982454744 0.09832915350877121 0.32141206026517466 0.10635720313936074 0.31367859750855587 0.10649219109607201
4 0.3366228078043605 0.10197368421052634 0.32923603983476823 0.10197368421052634 0.32923604081327085 0.09400745065789476 0.3366228070176476 0.09400745065789476
4 0.3082169055543318 0.09268993701001844 0.2944950835880036 0.09636668044494576 0.2908069125376187 0.08260223180988181 0.3045287295477692 0.0789254890743616
4 0.31438702619607284 0.08535659570908191 0.3237598077663506 0.08717847575095702 0.3219948238753432 0.09625852875422485 0.31262204237134483 0.09443664894563923
4 0.3294904310093898 0.07957760306208567 0.3372851864035056 0.07719451096492602 0.3396972542115009 0.085084026076885 0.3319024989209538 0.08746711792787643
4 0.3153757291667034 0.0811403508772156 0.3153757294389834 0.07728253612636922 0.31907894746825605 0.07728253638889954 0.319078947368439 0.0811403509673403
4 0.3048245614035068 0.05370029791606064 0.3048245627971937 0.06907894804881466 0.2898109499662951 0.06907894726871057 0.2898109507167419 0.053700299275924554
4 0.3207546030702133 0.06359649122803632 0.32075460457031113 0.05360667413763503 0.331140351449676 0.0536066756754149 0.3311403508771491 0.0635964918384469
4 0.3261398793860053 0.03179824561407473 0.3261398796381627 0.026029631464458598 0.33223684220342875 0.026029631708471817 0.332236842105317 0.03179824570634443
4 0.2719298246069002 0.03508771929824561 0.26932329490932716 0.03508771929824561 0.2693232949579851 0.03153434978070175 0.27192982456142545 0.03153434978070175
4 0.25259178179737773 0.02741228069907522 0.25259178190435705 0.021929824530018783 0.2565789473933364 0.02192982462316167 0.256578947368439 0.027412280709506142
4 0.2610172150116341 0.021277417634586578 0.26251518464664514 0.02617705466663284 0.25806103999434526 0.027538823244369844 0.25656307045778703 0.022639186295569925
4 0.2667910473253414 0.025120749906518493 0.2627615386495563 0.02627619291108349 0.2617188137961648 0.022639779611655166 0.2657483223684949 0.021484336622793313
4 0.26690778618421973 0.024896604166812556 0.2678638273545175 0.020755530479494876 0.27166146033675886 0.021632282073688745 0.2707054192325131 0.025773355703485632
4 0.2539789741495042 0.031910769478915454 0.25668004021645174 0.03289387740116378 0.25539746363540416 0.03641772536246015 0.25269639757812 0.035434617459413745
4 0.2576754385879667 0.033991228070204625 0.2576754387183655 0.02996021268149054 0.2620614035525932 0.029960212836834026 0.2620614035088238 0.03399122813761444
4 0.2631578947368421 0.02806214802631579 0.26644736842105265 0.02806214802631579 0.26644736842105265 0.03179824561403509 0.2631578947368421 0.03179824561403509
4 0.2664473684810673 0.03618421052631579 0.2632690558569948 0.03618421052631579 0.26326905593839456 0.0319243442982456 0.26644736842104066 0.0319243442982456