3 0.3750000013156978 0.3125 0.37010038815787993 0.3125 0.37010038960352176 0.3065247949561403 0.375 0.3065247949561403
3 0.3463084272955257 0.21627391686174272 0.3476009563059961 0.21996435408890527 0.3375388860107478 0.2234884128826275 0.33624635855346696 0.21979797697367925
3 0.32210649670651037 0.22768657590157623 0.325663236536343 0.23015030419714816 0.32013312180481535 0.2381336737191651 0.31657638267540733 0.23566994627193244
3 0.3508771937825941 0.28179824561403505 0.34575385087714494 0.28179824561403505 0.34575385227117295 0.27677159868421053 0.3508771929824661 0.27677159868421053
3 0.3395372127192786 0.2828947368420757 0.339537215379778 0.2744844915756203 0.3442982465746809 0.2744844934210117 0.3442982456140271 0.2828947369883072
3 0.36684978411972224 0.2829894037951914 0.3701886472754268 0.2869995820699448 0.3632486564129067 0.2927776514660969 0.3599097949561383 0.28876747478069664
3 0.4016641085526089 0.2780218179824429 0.4029812352781619 0.27449404975792235 0.413780200817655 0.2785258530658562 0.4124630761245953 0.2820536195672457
3 0.4145163078095493 0.29367699422998367 0.4182533509630275 0.29610033192362345 0.41386857753639106 0.302861933297657 0.4101315350877712 0.3004385964912451
3 0.4022363322266074 0.32379092406544996 0.3976418927660461 0.3202647250124215 0.4029696182074076 0.31332321555519127 0.40756405507363525 0.31684941310626585
3 0.44582970424085033 0.332566195516721 0.44404005341505126 0.3358775911475858 0.433529747454827 0.3301974617955982 0.43531939843785494 0.3268860681713384
3 0.3530701773454439 0.3201754385964912 0.3474130603070762 0.3201754385964912 0.34741306303862984 0.3116558146929824 0.35307017543857455 0.3116558146929824
3 0.3936403519792293 0.31798245614035087 0.38714338486840916 0.31798245614035087 0.38714338825354844 0.3106312127192982 0.3936403507794921 0.3106312127192982
3 0.44237244848523005 0.33992992536574024 0.4405798832668779 0.34452466566414025 0.42793279768966386 0.3395907740771078 0.42972536419438256 0.334996037009856
3 0.3324432270841271 0.32861665222289876 0.3374104488799503 0.33014269390857753 0.3346138179628042 0.3392453391923315 0.32964659649132955 0.33771929824562896
3 0.36513157979470634 0.3421052631578947 0.3604906535088048 0.3421052631578947 0.36049065502015765 0.3369587214912281 0.365131578834621 0.3369587214912281
3 0.37518519025343267 0.34032773975283503 0.3787104654553559 0.3431378333983244 0.37350110194643094 0.3496727656573457 0.369975827850908 0.3468626732456353
3 0.39425651169051434 0.3541819402464847 0.38934651096496964 0.3529551008772045 0.3915620403099638 0.3440885515534968 0.39647203647371043 0.34531539032546416
3 0.40099997293305023 0.3452970244198225 0.4053555679342935 0.34833153151501617 0.3998780959045689 0.3561933531290118 0.3955225021929891 0.35315884758769067
3 0.4072324038993429 0.3565371442250971 0.4021698629385355 0.35526315789473184 0.404202408630681 0.3471865858736743 0.4092649452875321 0.348460571637022
3 0.3563596503207691 0.28618421052631576 0.35128317434202927 0.28618421052631576 0.3512831765018518 0.27850877192982454 0.3563596491228509 0.27850877192982454
3 0.5111294980515595 0.31135826559376995 0.5092412468485463 0.3149911609805572 0.49859917129299447 0.3094599442753817 0.5004874227568052 0.30582705095238494
3 0.3690686857327137 0.4235672471843613 0.3718216834060968 0.4271412506813049 0.36375711898074314 0.4333529057269548 0.36100412390351266 0.42977890460527784
3 0.35867508885621646 0.433065789251805 0.36255499268327185 0.43479690419915845 0.3586194239881024 0.44361707874351064 0.3547395208332773 0.44188596491226695
3 0.42905526973390806 0.3353155131752789 0.429712330965458 0.3313416466750158 0.4390335801551828 0.3328828209007534 0.4383765210739057 0.33685668548792425
3 0.38081369468125104 0.34134613007147274 0.38533287691211626 0.34382856502698955 0.3809631912606619 0.3517831267487545 0.3764440098683508 0.3493006929824363
3 0.4193638037280607 0.4230487346491518 0.4212497002614555 0.419242714868832 0.43168203395509863 0.4244116895877929 0.429796140770236 0.42821770650923535
3 0.3220220061972441 0.22792893175033613 0.32543204475348375 0.23077335031860607 0.31982643357844154 0.237493540493616 0.31641639583335746 0.2346491228070232
3 0.12828947388618417 0.044956140350877194 0.12320439802635974 0.044956140350877194 0.12320439827510654 0.03794747039473683 0.12828947368416266 0.03794747039473683
3 0.10044147807013815 0.04165497368422215 0.10258434920399395 0.03827712339087668 0.11207066548911371 0.04429513487088422 0.10992779463708757 0.047672984916055164
3 0.09945152765681087 0.0573589792824754 0.09691974709164697 0.0608399177678331 0.08812283953670885 0.054441695162787726 0.09065461998159208 0.05096075700885629
3 0.05976477302635885 0.21331534429820925 0.061362297133996435 0.20947856766849995 0.0721867189462273 0.2139854837925432 0.07058919656390117 0.2178222589594671
3 0.06496527484966919 0.19316539599905114 0.06830990503021894 0.1952559206252261 0.0636267448809349 0.20274841880637812 0.060282115131485625 0.20065789473682272
3 0.07207565645967406 0.1755790424964955 0.06956506364940651 0.1785654311864969 0.0627626687415841 0.17284685606989855 0.06527326111654475 0.1698604680850889
3 0.20611784757772966 0.20568385371166345 0.2045193767727369 0.20284288765525824 0.21388024215434598 0.1975760574944529 0.2154787129907163 0.2004170226133434
3 0.2116228055127749 0.20291793510465908 0.21346362253859752 0.20584818144813405 0.20516744757242122 0.21105987153443828 0.20332663157898878 0.20812962609651786
3 0.3453947350889166 0.21605313746765498 0.34728332625377334 0.2191590464660184 0.33845520067598045 0.22452702963186363 0.3365666107454217 0.22142112171056982
3 0.3330740864339532 0.22286220586318733 0.3354964871828088 0.22614583211874548 0.3278960936426074 0.23175271399830552 0.3254736940789371 0.22846908881582678
3 0.312268559172594 0.24711612963863747 0.30968787171059375 0.24238997368425175 0.3189872717007347 0.2373121857847141 0.32156795929654436 0.24203833989695467
3 0.3585526330606399 0.3432017543859648 0.35388070723683995 0.3432017543859648 0.35388070922078896 0.3360316951754386 0.35855263157895934 0.3360316951754386
3 0.3339444011727437 0.22251425010436465 0.3363189896608674 0.2255458558291119 0.328686710189686 0.23152395339288284 0.32631212280705313 0.22849234868418658
3 0.31867729043358395 0.23673088149585028 0.32174758348480736 0.24043578255819872 0.31286325188887076 0.24779819444103401 0.30979296052623795 0.24409329495612286
3 0.3898427018463053 0.2961303214393175 0.3853601842105263 0.2938596491228271 0.38935018410018074 0.28598322743281285 0.39383269882955574 0.28825389886508757
3 0.39578465260774465 0.2893186276665222 0.3998415667332438 0.2907345454195782 0.3974912472373262 0.29746854888079066 0.39343433333328903 0.29605263157894324
3 0.4100877204595008 0.2982456140350877 0.40529151754390114 0.2982456140350877 0.4052915189874966 0.29220751425438596 0.41008771929830345 0.29220751425438596
3 0.4133771942022122 0.2828947368421053 0.402529970394653 0.2828947368421053 0.4025299716200834 0.2802679210526315 0.4133771929824661 0.2802679210526315
3 0.3890097691448773 0.3296476734377802 0.3833496524122211 0.3284903782894681 0.38525747518224307 0.31915988686004276 0.39091758675454 0.320317181464262
3 0.3682854561458271 0.3146255045319643 0.3726913326669319 0.3168555915411645 0.3693270612903916 0.3235020160265078 0.36492118530702555 0.3212719298245558
3 0.326610257024754 0.33792310828593086 0.32190947807021075 0.3354758125000216 0.32606894247760465 0.3274865662595723 0.3307697178978515 0.329933860927471
3 0.3943929506579025 0.4377565921052637 0.39665457627802425 0.43403978442788327 0.4066178669835381 0.4401019513382106 0.40435624468307196 0.4438187561192411
3 0.4406330221271446 0.3941208666023867 0.4429870733276857 0.3975697075577766 0.43376115492856115 0.40386666975474017 0.43140710635975665 0.4004178311403971
3 0.3720860734648568 0.45427207785091334 0.37401405181060454 0.450563632431995 0.38366544902999067 0.4555809659785453 0.3817374739455772 0.4592894086031309
3 0.3743056613548106 0.46123854321097046 0.37241841544505405 0.46467919438110455 0.36320756767656803 0.45962723743124567 0.36509481374457664 0.4561865888022116
3 0.3674495937405027 0.46488124012297993 0.36409843921921947 0.4679745351644775 0.3588584188596542 0.4622980723684117 0.36220957135344634 0.4592047790146044
3 0.35152340171794094 0.4719935028473361 0.3536296759745028 0.4754267828688319 0.34560998977553936 0.480346416933674 0.3435037182017595 0.4769131392544322
3 0.41600570945479376 0.43597642140850573 0.41268547881804807 0.4392322595984912 0.40500282086600237 0.4313981037048295 0.40832304902653505 0.4281422678767691
3 0.406911890058268 0.44178840580932227 0.40341561393029224 0.4447898151478824 0.39585830482451456 0.4359869846491366 0.39935457769342975 0.43298557764194295
3 0.4015333816736302 0.4439067148127694 0.3983678823487935 0.4464123283093226 0.3927305989840306 0.4392908142907437 0.3958960958046873 0.43678520232716095
3 0.38563714802626237 0.44218350109651894 0.38889079526347814 0.43895036735071113 0.3972868221567296 0.4473991573783824 0.3940331775204413 0.45063228851390463
3 0.437632027546897 0.390296995881025 0.43900285797053584 0.3944579466132307 0.4284414280322153 0.39793725387214507 0.42707060087718673 0.3937763059210878
3 0.433997044422199 0.38616021290217956 0.43533654666259736 0.39064946830660185 0.42179814584972064 0.39468885579968904 0.420458648026397 0.3901996041666908
3 0.4029472188934733 0.39077725732551694 0.4050009386610327 0.3948820557942891 0.3967755394772894 0.39899720299625935 0.39472182236841036 0.39489240679826043
3 0.44388737347230744 0.41563217197083835 0.4421677146597176 0.41943734376067254 0.4317591805349821 0.41473369316236186 0.4334788400958587 0.4109285241285957
3 0.439292738850213 0.42105602521455815 0.4362801699554666 0.4235323244099018 0.43020690021933206 0.41614421491226944 0.43321946680759993 0.41366791723296503
3 0.42276651644738195 0.4211539956140758 0.42446091411193265 0.41723067069887615 0.43453995387574196 0.4215833495141265 0.43284555946922865 0.4255066716649356
3 0.4260126037158898 0.42910025914385236 0.42340727709711246 0.43238775024297693 0.41440801989449483 0.4252562601249207 0.417013345280111 0.421968771483907
3 0.41696197252133516 0.43339083073554946 0.4150871320554188 0.4375074641673137 0.40501946220808804 0.43292259863225446 0.40689430346799327 0.4288059682107252
3 0.12254055608116232 0.5235185397000582 0.12094833934781946 0.5276502660687998 0.10890425876107201 0.5230092986392486 0.11049647722666123 0.5188775765349333
3 0.13630913377198794 0.5474881995613524 0.13756289886089235 0.5440803947144187 0.14818358277398147 0.547987490737438 0.1469298214800574 0.5513952923666054
3 0.34328409191221 0.4767466099356575 0.3458429548039703 0.4809525118382378 0.3358543945892052 0.48702909762949226 0.33329553583496363 0.48282319933609075
3 0.35960310219809344 0.4320285360498545 0.36410715709735086 0.4343158426055656 0.35910094083351396 0.44417326978093535 0.35459688706146153 0.44188596491228793
3 0.3755840131578907 0.44839728289474545 0.378160675435538 0.4450234581081785 0.385644278352288 0.4507384950717921 0.38306761845535675 0.45411231768358284
3 0.36031516360196747 0.4703484762523427 0.3581919817054313 0.4739913004716656 0.34929459007491914 0.46880589401401895 0.35141777193825874 0.46516307247758115
3 0.08510808249855017 0.011722292366395593 0.08885704412045925 0.014500612409393588 0.08373013591051404 0.02141867085995445 0.07998117434215146 0.018640350877220692