3 0.20697136083015266 0.5185375046341271 0.21067180156205723 0.524176869390257 0.19927619822976794 0.5316538052417269 0.19557576445447467 0.5260144466282203
3 0.23845218581118388 0.61157877793969 0.23760183763772602 0.6187810179804993 0.22449535140106036 0.6172337399002106 0.2253457072367837 0.6100315087719714
3 0.23550734597563405 0.6022428056344038 0.23687751204363394 0.6094530891123799 0.22355458999595612 0.6119845397812206 0.22218443421058964 0.604774265350895
3 0.2313596555740105 0.6008771929824562 0.21957408790888167 0.6008771929824562 0.2195740945099942 0.5947992072368422 0.2313596491228509 0.5947992072368422
3 0.15235053304138546 0.6233201160361699 0.1528611984648478 0.6165486359649616 0.16386924914786505 0.6173786998617855 0.16335859126331798 0.6241501728644953
3 0.1845039991754902 0.6047129833737619 0.19037722368420873 0.6019501765351115 0.19537741843475942 0.6125784875434968 0.1895041958140382 0.615341291372585
3 0.220855074507881 0.560761296880209 0.2244695413678528 0.5663365811091684 0.21604747443245742 0.5717960829091226 0.2124330130503722 0.5662208035053384
3 0.17049682088997997 0.5560208224463801 0.17617856030699386 0.5544939484649191 0.1804926323854943 0.5705457517438444 0.17481089381124093 0.5720726235460706
3 0.22587719810485396 0.5811403508771931 0.21560036700122964 0.5811403508771931 0.21560037243261831 0.5753181304824562 0.2258771929824661 0.5753181304824562
3 0.22000900822206404 0.5533177439823951 0.22349536320871266 0.5593304693393343 0.2131921516767079 0.5653039966715357 0.2097058037277293 0.5592912774122648
3 0.21842858874265403 0.5474270835254514 0.22130488008519933 0.5541398177926395 0.2101300924393854 0.5589275672944624 0.20725380921044234 0.5522148399122637
3 0.20541934270647744 0.5438107944908809 0.21710526315791867 0.5416894703947421 0.21845420961369655 0.5491198552607738 0.20676828952059623 0.551241178022672
3 0.21366330010971524 0.5334656096493624 0.21732539082336189 0.5392783456415798 0.2066938645616574 0.5459757277878452 0.20303178070196282 0.5401629978069894
3 0.2105263131797983 0.5279735542922177 0.21183936645854828 0.5348618448468438 0.20034369277072983 0.5370529638383594 0.19903064692982753 0.5301646798245377
3 0.13193274543709776 0.5452313383236109 0.1371865650800146 0.5416647818715284 0.14492903294808457 0.5530690077432452 0.13967521666268112 0.5566355600798722
3 0.13540855036262656 0.52656360856728 0.1411019598160692 0.5257299460234177 0.1427881953253518 0.5372449247159808 0.13709478604141623 0.5380785864736166
3 0.15620943723047276 0.5250209593015621 0.1626188596491147 0.5224259692982484 0.1679680701987536 0.5356369778533167 0.1615586494422132 0.538231964867344
3 0.23703868259678984 0.5137200146393988 0.24008879323821475 0.5196193440988751 0.2300096176156785 0.5248301114449269 0.2269595131577944 0.5189307872806812
3 0.20394736523894608 0.5085323226686053 0.20567294808131464 0.515504646694504 0.19428850744827741 0.5183219503047758 0.19256293201749486 0.5113496326754315
3 0.19874714836169005 0.500595283539687 0.20358109594519647 0.5051895154986302 0.1952736583056094 0.5139297254841758 0.19043971491225875 0.5093354978070098
3 0.23516449236149128 0.5082175961682466 0.23776274486522198 0.5146497407901963 0.22564106491211078 0.5195458672050834 0.22304282017546484 0.5131137291666684
3 0.2323078427012888 0.49979808634701384 0.23577148318179297 0.5060629776586003 0.22431008599119195 0.5123990823566499 0.22084645285076476 0.5061341973684574
3 0.23026315231686567 0.49320198157769246 0.2332525736800335 0.49954930456093666 0.2217118615014897 0.5049842532330957 0.2187224473684637 0.4986369364034679
3 0.19910612157639207 0.49623989952673625 0.2004100718868358 0.5033864954396935 0.18896456725587996 0.505474647028482 0.18766062414078988 0.498328057471473
3 0.19205440329346857 0.4798955541454311 0.19756998442085205 0.48496890585893565 0.18811235954171934 0.4952501749961998 0.18259678349113528 0.490176828548656
3 0.224260520635994 0.48168919267682886 0.22675755669922637 0.4878295729253021 0.21561694955050825 0.4923596576567683 0.21311991995617063 0.48621928289478633
3 0.2225877145413051 0.474325267707806 0.2252822511669592 0.4810645573327099 0.21354628282335852 0.48575655213915886 0.2108517535473311 0.47901726874310085
3 0.20875082288125668 0.4735434695008458 0.22037997697361789 0.46840581250001534 0.22296214070911446 0.4742501780392375 0.21133298803442813 0.47938783266984336
3 0.2240666552638686 0.6212552543297236 0.23457947697374948 0.6167775756578798 0.23740867963613255 0.6234192798013841 0.22689585969953896 0.6278969554096516
0 0.2939407717449285 0.6173857201005309 0.2934893754205632 0.6254149389299161 0.27772057048377974 0.6245285182175965 0.27817197807019056 0.616499311403514
3 0.24877066823319183 0.5520561138513138 0.25280831971065254 0.5572505937147937 0.24358671943309673 0.5644178255898676 0.2395490735751764 0.5592233508824856
3 0.23744134709465925 0.5527680068173053 0.24723145833331728 0.5453448442982419 0.2514935273111405 0.5509653999800931 0.2417034199208956 0.5583885580925454
0 0.238581822187939 0.8626469827886217 0.24639138157897378 0.8610573070175348 0.25111998323234275 0.8842820217272255 0.24331042533242453 0.8858716924817991
0 0.11730080346239902 0.9312984998129925 0.10921189716702884 0.9325951706916678 0.10522507307985052 0.9077308022496396 0.11331392324564149 0.9064341359649167
3 0.8917976533113006 0.2986221422643435 0.8976652357456487 0.29773216447367606 0.8998629852179647 0.3122214195130086 0.8939954029194723 0.31311139669761673
3 0.907888713056991 0.3673815692685703 0.9145059748148014 0.3663467108143783 0.9173078177664138 0.3842619518304094 0.9106905562553038 0.38529680920853665
3 0.919745086622811 0.43530701805598854 0.9197450950748589 0.4207630560699286 0.9254385995443499 0.42076306095515703 0.9254385964911762 0.43530701754380646
3 0.9457400526316633 0.4531483673245542 0.9520697665785747 0.45223872145822364 0.9540245514575645 0.46584010285363026 0.9476948376959626 0.46674974784551354
3 0.9572368481400417 0.48793859649122817 0.9510498692167175 0.48793859649122817 0.951049876341358 0.47341655921052633 0.957236842105317 0.47341655921052633
3 0.954569461622782 0.501096491486448 0.954569467963438 0.48973833161894403 0.959429826736141 0.48973833552628326 0.9594298245614254 0.5010964912281113
3 0.9437889277946852 0.48911577743949763 0.9497106851300714 0.4884568075565059 0.951111706371421 0.5010459913652229 0.9451899491403992 0.5017049606189228
3 0.9368718212720069 0.49758536732455677 0.9424022492231643 0.4970902937797454 0.9435417289629413 0.5098183560445384 0.9380113010760169 0.510313429104022
3 0.9692427604068143 0.527389072198769 0.9637943005933494 0.5302431755868234 0.9566314177631057 0.5165704188596574 0.9620798665872599 0.5137163189763204
3 0.96470141597149 0.5302817905323921 0.9704704837812415 0.5305953403988372 0.9697920601078067 0.5430767074409888 0.9640229923245442 0.542763157894738
3 0.9485028064533481 0.537757495054859 0.9531444279190282 0.551578981058009 0.9475134903067328 0.5534698218505011 0.9428718768740509 0.5396483426745917
3 0.9516602487077535 0.5771519980451344 0.9494030547407419 0.5636446990601454 0.9550438596490949 0.5627021644736487 0.9573010589265323 0.5762094567338311
3 0.954195958613127 0.5809287557934492 0.9599622350781374 0.5804606714938401 0.9609935363866953 0.5931638272437255 0.9552272599858043 0.5936319110099004
3 0.9861751219095822 0.6241534875413877 0.9801411817968528 0.6223577543162578 0.984027368420243 0.6093011099750004 0.990061294072575 0.6110968409039227
3 0.9560389529221993 0.5997149615688573 0.9608985592104773 0.5969491151315985 0.9667203218748455 0.6071768533410782 0.9618607177550302 0.609942696785749
3 0.9643961696114047 0.6099810256883402 0.9679035392135802 0.6195135725147658 0.962655583009564 0.6214442578433396 0.9591482192981857 0.6119117160087578
3 0.253154911186698 0.5229973886326769 0.2589382390933679 0.5194650504769014 0.2681673374077036 0.5345741344019399 0.262384013333417 0.5381064675206201
3 0.2703845200977639 0.5602012256266019 0.26335095487092985 0.5613500901753815 0.2600635351610663 0.5412256783669893 0.26709707675433947 0.540076815789473
3 0.2401315835177229 0.5274122807017544 0.23004021286521947 0.5274122807017544 0.23004021782571726 0.5215029989035086 0.24013157894739834 0.5215029989035086
3 0.24178404683300414 0.5253028521881373 0.24555201658779424 0.5308886420793028 0.23428155382714522 0.5384906214522537 0.23051359100884383 0.532904837719339
3 0.24284632918522675 0.5327313826351714 0.2466911772593221 0.5380745102004695 0.237036287449655 0.5450214282668789 0.23319144517540735 0.5396783059210662
3 0.23645242129691724 0.5445553977685461 0.24590054385964777 0.539495526315781 0.2489474739184061 0.5451844426876593 0.23949935323503269 0.5502443114299919
3 0.20685252769692397 0.46840235206888897 0.21608697252236198 0.46132670267865383 0.22032976725915887 0.46686361808237004 0.2110953255127015 0.47393926395945984
3 0.21381578729665307 0.4568656271728545 0.21519806148160114 0.46384034712564753 0.20417899377889626 0.4660239951440239 0.20279672587719233 0.45904928070179063
3 0.22782879852240967 0.4553715496877174 0.23196247001465053 0.46089851859975556 0.22159949161061832 0.4686485768197117 0.2174658256578823 0.46312161293858234
3 0.4764862916038055 0.0007838124737441839 0.48178908755414795 0.002998275996015053 0.4763236177307135 0.016085992428754844 0.47102082180379057 0.013871528946809172
3 0.46111074224847926 0.0035857679602195863 0.4669964142952949 0.00123418160624512 0.4727356106125171 0.015598538913320819 0.466849938591281 0.017950125212143533
3 0.4403320219298621 0.020833333333366524 0.44033202222306045 0.00697313702654164 0.4451754387470146 0.006973137173237216 0.4451754385964932 0.02083333333847154
3 0.4306300343956764 0.010916828741699058 0.4357704235530946 0.008189437385829265 0.4427339344470056 0.021313756197764135 0.4375935453612101 0.0240411474522153
3 0.4208149271377124 0.008640766570576768 0.42628762064020975 0.007990477369691027 0.42801393729803294 0.02251878472406373 0.42254124380031044 0.023169073901870733
3 0.41995614050540553 0.023026315789473686 0.4148569362323542 0.023026315789473686 0.4148569364035666 0.010504184210526317 0.4199561403501093 0.010504184210526317
3 0.36149317338561104 0.02216740367272524 0.3670238083885806 0.02012484587898491 0.3718295539064229 0.033137363379852014 0.36629891896473055 0.03517992105445195
3 0.34797807891959565 0.02390933684046872 0.35358384084611316 0.022044021703240164 0.3582489113239262 0.036063780336478835 0.3526431494551616 0.037929095345506515
3 0.333964329801006 0.025747049271500275 0.3404228898518795 0.02762491471678987 0.3366074097774572 0.040747526499055 0.3301488497806986 0.038869661184199204
3 0.3040580182971553 0.0750889813135857 0.30695511783585516 0.08118475707650367 0.294606233196987 0.08705371771158316 0.2917091348691656 0.0809579429824964
3 0.311310002904861 0.03132916827108634 0.31512001115982 0.03715991113716492 0.3053107599135956 0.04356961055847335 0.30150075210065097 0.03773886808377824
3 0.29004114448889595 0.03928195057257674 0.28435119422886146 0.04120447254249601 0.2803468453946607 0.029353092105279425 0.28603679495802226 0.027430570264255813
3 0.2615218592148949 0.0894991039209093 0.260869705810137 0.09511862774452866 0.2503184818385762 0.09389414579683428 0.25097063596490443 0.0882746228070379
3 0.2593324826597154 0.03850749230588421 0.27083333333337123 0.03654056688596404 0.272014635291157 0.043447778923027966 0.2605137846380785 0.045414704256726765
3 0.24780701800762017 0.05153508771929823 0.23539325942329015 0.05153508771929823 0.23539325992351223 0.04634182456140352 0.24780701754377787 0.04634182456140352
3 0.22846128451055847 0.04670376376617056 0.23330551588617254 0.05080109569696257 0.22554790642141143 0.059972825463150824 0.22070367541743963 0.05587549393348614
3 0.1916897221402678 0.05781266250065845 0.19431273908685398 0.06295130654290174 0.18526808763476765 0.06756813586755343 0.18264507127162233 0.06242949232451711
3 0.1812176671094221 0.05953297257371385 0.18249117036771167 0.06701876401443367 0.1692742170537258 0.06926726412262896 0.16800071491229573 0.06178147368418576
3 0.12667708184994808 0.06403225537977904 0.1322863985873255 0.06552093208689475 0.12920102389978183 0.07714657125132786 0.1235917072368693 0.07565789473684506
3 0.10864307379438287 0.06485491741389594 0.11443325877189636 0.061966861842102254 0.1206961358341232 0.07452311817714795 0.11490595113843938 0.07741117331851341
3 0.14931749976960873 0.05304424120186471 0.15604641268430441 0.05380979074838409 0.15434688767606985 0.06874800558060838 0.14761797478070093 0.06798245614035366
3 0.017670697956759795 0.06323858068363201 0.0120681075839002 0.06125001202639288 0.01650550944407314 0.04874809696632277 0.022108098665853504 0.050736665399947777
3 0.016758737938630475 0.04714912282574598 0.01675873866929578 0.03365933218104321 0.021929824862354508 0.03365933259169176 0.02192982456142545 0.047149122807064854
3 0.03975761054857685 0.01246692754189508 0.04506813343402882 0.014883816580244838 0.03906367291949664 0.028077149186995266 0.033753150095208184 0.02566026025765135
3 0.025219298245588107 0.007675438570675618 0.025219298353931663 0.024122807103505676 0.019460795933127883 0.02412280699394754 0.01946079605443174 0.007675438698704695
3 0.3509818534671467 0.009581386567618911 0.3559554274995662 0.007054297576283069 0.3620830297769544 0.019114055713186758 0.3571094557945571 0.021641144627782185
3 0.6150649281441929 0.00917264274204143 0.617729697247114 0.015437900267064843 0.6050018346501247 0.02085137464147815 0.6023370657894702 0.014586117324611647
3 0.22302259463685914 0.44888613216606155 0.22813288518409536 0.45374955097170333 0.22015024524307591 0.4621368635493815 0.21503995852719981 0.4572734486548863
3 0.6184210526288325 0.0005682258431677456 0.6189464834864111 0.00710557452295491 0.6084665711616708 0.007947883721840115 0.6079411403509312 0.001410535087663561
3 0.20832361953580403 0.4423573873340549 0.2190969133771432 0.43783075548245864 0.22178944415998103 0.44423854508423877 0.21101615153145303 0.4487651748125437
3 0.21679716233370527 0.43283730971443957 0.21821384285578915 0.4395270439685198 0.20550926818134485 0.44221731836983236 0.20409259429823123 0.435527589912263
3 0.021039240253912794 0.418610094267649 0.023191029305280608 0.4245751229688468 0.011489298754440824 0.4287960984711621 0.009337515350921421 0.4228310745614306
3 0.02367267982458543 0.4232456140350585 0.023672685755855127 0.4173200830377573 0.03399123008682636 0.41732009198884407 0.03399122807013555 0.4232456190709636
3 0.05610394925122364 0.43152182458907884 0.05557292167623018 0.4364186846436297 0.04532116118423346 0.435307017543841 0.045852191671087894 0.4304101608257568
3 0.035797815255023124 0.3862441601236719 0.03966267850876193 0.3917489431034651 0.030806875725602367 0.3979662344650413 0.026942016446582784 0.3924614550438223
3 0.06511528139174061 0.36982220233899005 0.06820312273089257 0.37580383222650576 0.056322189059073935 0.3819367459216548 0.0532343530704793 0.37595512061399516
3 0.06980631166254625 0.37605224255476266 0.07461868783298087 0.38147753171927595 0.06364298642938593 0.39121283056429307 0.058830615131569175 0.38578754605264143
3 0.100093963805989 0.3704522693842153 0.09411684252904706 0.3712624967075079 0.09216730272783025 0.3568811049556067 0.09814441447372246 0.3560708782894741
3 0.8785200712719643 0.0010931008771744174 0.8837960660816861 -0.00124068593318761 0.8890619158457866 0.010663827242127536 0.8837859210516399 0.01299761402340252
3 0.8903508771907127 0.014406128076333796 0.8905130128280234 0.029563701615900776 0.8855307198056153 0.029616995420325955 0.8853685844297843 0.014459422149086737
0 0.9955955387262065 0.12567525689346937 1.001200592092573 0.13134610265501256 0.9894468581677529 0.1429634054637601 0.9838418067381554 0.13729256162838682
3 0.9794551680329278 0.12362285950302378 0.9779193830162285 0.11530629721503555 0.9945086984648697 0.11224282894734434 0.9960444854045818 0.12055938871179003
3 0.9846491231284062 0.04276315789473685 0.978777468896169 0.04276315789473685 0.9787774693395477 0.03129828618421052 0.9846491228070136 0.03129828618421052
3 0.9696553295522108 0.040120165279628084 0.9746022192982764 0.03665425438593989 0.9831444211921507 0.048846520230961823 0.9781975317348497 0.05231243077191876
3 0.9099794528508482 0.046052631592784284 0.9099794533863133 0.03463603173146444 0.9144736844305044 0.034636032032058305 0.9144736842105203 0.04605263157891118
3 0.8955481965343779 0.08024190684298155 0.901029217975065 0.0793656481237174 0.9031932353331058 0.09290160448683984 0.897712213929708 0.09377786304842495
3 0.9170392171716912 0.1485013706835047 0.9225620590707422 0.15116868672238107 0.9159498213466577 0.1648596296331075 0.9104269800718612 0.1621923145642618
3 0.9104325101342283 0.17763157925480752 0.9104325131578435 0.16387211293859968 0.9166666674594808 0.16387211485886158 0.9166666666666288 0.17763157894734719
3 0.9099514779015863 0.18157938686643108 0.9165119616454831 0.18259050380311145 0.913915966958939 0.19943405014166588 0.9073554833277058 0.19842293370658204
3 0.98858671600874 0.26076847807021003 0.9864255799111561 0.25476429730716105 0.9967105263157237 0.25106242214909347 0.9988716635849642 0.2570666003462012
3 0.9868421046421645 0.2583498451395356 0.9873546028031797 0.26398948089168006 0.9755937167869888 0.2650582175204259 0.975081221491223 0.2594185844297962
3 0.9737971199969024 0.26188530800534704 0.9762051353881134 0.2676160479925218 0.9642750721341145 0.272628860867881 0.9618670603065311 0.26689812390355694
3 0.9664488609107593 0.27405704018073496 0.9706673239866177 0.2790242202692814 0.9618759178198388 0.2864902918257111 0.957657457341611 0.28152311418294945
0 0.8986710952783596 0.252372937697742 0.904049176535068 0.24923841008770004 0.9116360971006543 0.26225544802136946 0.9062580172050048 0.26538997378086016
0 0.8920733538481045 0.2654263306321799 0.8987572668154371 0.2670105453635423 0.8930543959432953 0.2910707985957855 0.8863704835525823 0.28948658552630624
3 0.16666667171386962 0.6304824561403508 0.15398192806264888 0.6304824561403508 0.15398193558610274 0.6253038037280702 0.16666666666662877 0.6253038037280702
3 0.1768831139388567 0.9216814201022063 0.1662470000162557 0.9275859649049517 0.16266503439851476 0.9211352667557956 0.17330113048240037 0.9152307280701952
3 0.19774129891175107 0.9017672586126861 0.2008012285159566 0.9084502024532813 0.19064811271437065 0.9130978473536372 0.1875881952544205 0.9064149138368849
3 0.18671400053085563 0.9039262561191662 0.1890517779278298 0.9114322880504421 0.17606718952140454 0.9154753412476124 0.17372942872805197 0.9079693234648849
3 0.16022708824505116 0.9131797489449615 0.17265720175441857 0.9071013015350671 0.17591587795675423 0.9137634423762109 0.16348576850214158 0.9198418835141026
3 0.12119523568787827 0.985123935023574 0.12498569741649135 0.9906997357014149 0.11491704449360896 0.9975424033631732 0.11112659429829819 0.991966612938622
3 0.1502193103879108 0.9890350877192984 0.13866586062567876 0.9890350877192984 0.13866587355528281 0.9818105701754386 0.1502192982455881 0.9818105701754386
3 0.1454493923318978 0.9545936348176468 0.14824001583156132 0.9603554577512251 0.13660189798986266 0.9659905488747426 0.13381128728042313 0.9602287368420573
3 0.14468323208075162 0.9487385546564648 0.14717645222833653 0.9550604545053614 0.13578949086036118 0.9595499653477468 0.13329628399117155 0.9532280767543412
3 0.11041941203109218 0.9824698449439389 0.118421052631561 0.9799868421052581 0.12034864022723468 0.9861967924917077 0.1123470006948537 0.9886797929094793
3 0.11622807686342185 0.9747807017543859 0.10721806605772599 0.9747807017543859 0.1072180735116035 0.9694840942982458 0.11622807017545256 0.9694840942982458
3 0.1169445063250123 0.9614614673993527 0.12043826286412695 0.9675426107105026 0.1105059288895518 0.9732473260311032 0.10701218421047543 0.9671661929824801
3 0.09058619551706215 0.9283681790009698 0.08454832346490093 0.9276315789473704 0.08630620304029435 0.9132261873929133 0.09234405081360819 0.9139627859500624
3 0.0905410932017503 0.9129902499999865 0.0964227090132681 0.9107853976766724 0.10165388412804077 0.9247363941403387 0.0957722707105404 0.9269412418658832
3 0.05043860207365469 0.9309210526315788 0.04012686033115642 0.9309210526315788 0.04012686599776316 0.9270671480263157 0.05043859649117621 0.9270671480263157
3 0.9884581088069808 0.6560521412010423 0.994703461622862 0.6542452828947238 0.998760529403512 0.6682665584082866 0.992515177688233 0.6700734140550124
3 0.9845619900386282 0.6250141216260099 0.9905581836194415 0.6254401706361232 0.9896241628210873 0.6385839432064214 0.9836279692982544 0.6381578947368431
3 0.9641860224857055 0.6359649124008516 0.96418602960523 0.6259374309210672 0.9692982478069325 0.6259374357269153 0.9692982456140271 0.6359649122806725
3 0.9646831031218426 0.6451317192231544 0.9708980872923121 0.6455783837893339 0.9699809613468915 0.6583378208905711 0.9637659772372444 0.6578911568918921
3 0.9729994183514918 0.6741579698327865 0.9672871266782295 0.6748553853005085 0.9655010274121878 0.6602279736842157 0.9712133022186435 0.659530559255571
3 0.9796269443247638 0.6889017082984763 0.9853848502915525 0.6904751110744908 0.9821718887188808 0.7022312954818557 0.9764139835526748 0.7006578947368408
3 0.9946800185958864 0.752133583045986 0.993374585821357 0.765838709712863 0.9877101918254994 0.7652992572471287 0.9890156326362103 0.7515941396003463
3 0.9967105257770754 0.7813407992467685 0.9986538807556826 0.7935503933699125 0.9953262310210675 0.7940799389697973 0.9933828815788956 0.7818703497807431
3 0.9927519721958333 0.765246148996476 0.9987799304277587 0.7657577741198955 0.9977471390600385 0.777923905091036 0.991719180921109 0.777412280701756
3 0.20581199211642343 0.8991721650836754 0.2093745828452711 0.9049684182560198 0.20181471408591278 0.9096138249175922 0.1982521314648693 0.9038175788277902
3 0.1865598983615655 0.9104916749415686 0.19036843308151674 0.9166776483202432 0.1788382537860116 0.923774631638447 0.17502973245620979 0.9175886699561622
3 0.47039472853180087 0.8842689093809706 0.4719944059155523 0.8913701343936836 0.4569734322559498 0.8947530358570353 0.45537377192988515 0.887651825657893
3 0.20351680104317893 0.9121143034525109 0.20297476595453645 0.9187535312825953 0.18910272215009627 0.9176212681118234 0.18964476893950177 0.9109820531522322
3 0.9930428963748454 0.1224649520127338 0.9942332062382775 0.12896653751416745 0.9826294514350593 0.1310909396170578 0.9814391432527145 0.12458935559890942
3 0.3640429035087891 0.993421052631631 0.36404291672272393 0.9876546067494777 0.3739035134057076 0.9876546262230264 0.3739035087719458 0.9934210635265642
3 0.1502192971598788 0.9894458087596748 0.15052630857871918 0.9954640596471814 0.14020823073849442 0.9959902502515228 0.1399012291666395 0.989972008771963
3 0.561190323951223 0.02043264865968014 0.5584507478196201 0.014149988401872234 0.5679076151316167 0.010026288377219458 0.5706471913129008 0.01630894848585332
3 0.15241228571630927 0.5614035087719299 0.14070623355257794 0.5614035087719299 0.14070623913164582 0.555921052631579 0.15241228038269128 0.555921052631579
3 0.1547773494954754 0.5847195896175315 0.1574905093743837 0.5960634510652367 0.15123517531310426 0.5975594009354767 0.14852202302631667 0.5862155460526567
3 0.01401458488373919 0.2779581154447833 0.017512465334220906 0.2829821073672517 0.007742804855752183 0.28978391924973684 0.004244927296667811 0.28475992991135685
3 0.18859649143598745 0.05701754385964912 0.1817521818629757 0.05701754385964912 0.18175218208432398 0.053304162280701756 0.1885964912281679 0.053304162280701756
3 0.3994916558388013 0.9166242146740899 0.4099513311402916 0.9100156699561628 0.41340183092358984 0.9154755607785757 0.40294216025529295 0.9220840995432723
3 0.25001404173656283 0.9029501059668656 0.2556493310718224 0.9036375954829956 0.2539755281308089 0.9173541548654054 0.2483402390350875 0.9166666666666619
0 0.2528172412224876 0.9458661025751656 0.2600111905042013 0.9434323028480389 0.2655709637365362 0.9598616400429556 0.2583770173736184 0.9622954336402834
3 0.24866046529928099 0.9956312344044879 0.23460539185475682 0.9951095198317622 0.23487996449102866 0.987715189836283 0.24893500653524825 0.9882369038254512
3 0.23622355335226075 0.9892805519198846 0.23347022202619883 0.98301265263092 0.24497364331591598 0.9779609736186332 0.2477269781797986 0.9842288611113793
3 0.23467764521444678 0.9731690558481771 0.24507973459901677 0.9743940030195632 0.24438623032858686 0.9802814391499486 0.23398414113182753 0.9790564930589598
3 0.2326795452939905 0.9664991870892601 0.24446931688601126 0.965323551535089 0.2450747449958044 0.9713933089392836 0.23328497355873878 0.9725689434352336
3 0.22697367849582406 0.9039678455448769 0.22831226867424448 0.9103536440575776 0.21564862943603202 0.9130075084826959 0.21431005235467637 0.9066217214034576
3 0.20428623437931037 0.917118612811454 0.20191229397187271 0.9104386489884883 0.2127192982455881 0.9065990054824762 0.21509324362546067 0.9132789586423853
3 0.46902842111524023 0.8753365206810999 0.47157978910229303 0.8815614373752599 0.4570124182563404 0.8875306414797342 0.45446106578958734 0.8813057379385796
3 0.16774371915005304 0.8950828318402477 0.17824381798243394 0.8896665559210784 0.1815147175510674 0.896006044462769 0.17101462226764852 0.9014223151122808
3 0.2141200584795797 0.8756714591093302 0.2258771929824661 0.8728474528508691 0.22744464228674133 0.8793716611274199 0.21568750866731534 0.8821956648526471
3 0.2129068203028055 0.8776753933085188 0.21574348882916183 0.8838388279613263 0.20431275821886175 0.8890984603947258 0.20147610197363974 0.8829350361842406
3 0.20065790351486612 0.8870614035087722 0.18912378388870366 0.8870614035087722 0.1891237935534491 0.8811265285087719 0.200657894736878 0.8811265285087719
3 0.18780040791864394 0.8835625762441811 0.18748013005279063 0.8896308602938335 0.17679166890718534 0.889066857516697 0.17711195504386978 0.8829985822368667
3 0.17492766848715746 0.884169308869285 0.17717180729323445 0.8906042278362207 0.1672057946308314 0.8940789667799454 0.16496166666672707 0.8876440570175123
3 0.2247806969261319 0.8662400272446764 0.22670805532266058 0.8728724485185806 0.21676169970749015 0.8757621446150727 0.21483435197364997 0.8691297324561018
3 0.21271930667364813 0.875 0.20182783345740063 0.875 0.20182784226267358 0.8690439769736842 0.2127192982455881 0.8690439769736842
3 0.19318862322313635 0.8816295939231423 0.19001982429551845 0.8759755770135421 0.200652781798226 0.870017718201774 0.20382158108202475 0.8756717259217743
3 0.1896929916542831 0.882675438596491 0.1781744517561492 0.882675438596491 0.17817446132335135 0.8765968377192983 0.18969298245610844 0.8765968377192983
3 0.1768009740284242 0.879308048125683 0.1765188433221283 0.885208133309339 0.16485757764030495 0.8846506329085905 0.1651397171277722 0.8787505569800218
3 0.16635176936210883 0.8931401109809134 0.1558489020333127 0.8974962512117711 0.15310394568132324 0.8908796074780102 0.1636067949560811 0.886523471491244
3 0.15886430688181008 0.8657904136228199 0.16166855602943997 0.8722883794897569 0.1482522331768905 0.878076943378031 0.14544799890347804 0.8715789901316228
3 0.10370017931052189 0.8951654921237197 0.10819661938637637 0.9009817068189816 0.09453884153424497 0.9115377144636362 0.0900424165364484 0.9057215135828133
3 0.22520764551177308 0.764207395819746 0.21915592155062313 0.7648734586491169 0.21764515789470806 0.7511492456140388 0.22369686273066236 0.7504831838471492
3 0.2402578603434904 0.7626701939912195 0.24610536671411865 0.7630125067915619 0.24524221026547366 0.7777545929089925 0.23939470394736873 0.7774122807017522
3 0.2421809169362632 0.7551606032633988 0.23555032714205026 0.7562019513654411 0.23310604495611642 0.7406410197368463 0.23973661142611036 0.7395996734984185
3 0.23101633333328664 0.7368421068924447 0.2310163443867168 0.7236842060132485 0.23574561817099493 0.723684211289903 0.23574561403506777 0.7368421052631348
3 0.2279830800438276 0.7203947375997953 0.22798308914627796 0.7081247151817033 0.232456143482068 0.7081247203947664 0.23245614035090512 0.7203947368421005
3 0.19932178716271665 0.7448729242268085 0.18913175034504093 0.7518231454936314 0.18556728076021045 0.7465979892973109 0.1957573070175158 0.7396477730263322
3 0.17646509813209832 0.7105263176846737 0.17646510566123652 0.6971557115186118 0.18092105377297685 0.6971557160088099 0.180921052631561 0.7105263157894631
3 0.2131623715229125 0.6869471278458992 0.2081841850588262 0.6893428615873511 0.2028015407440762 0.6781596410244306 0.2077797163252626 0.675763910379242
3 0.19908619355248902 0.6517221157181471 0.20464978928578148 0.6510077368633455 0.20617832354685106 0.6629104317596527 0.20061472797704027 0.663624809756356
3 0.2363998789434163 0.6234847252731066 0.24047403482541085 0.6298411290173678 0.229841039664052 0.6366555451607995 0.22576689254458415 0.6302991491227761
3 0.16885965341657538 0.9013157894736843 0.15789473264749176 0.9013157894736843 0.15789474116581914 0.8955296425438596 0.16885964455218527 0.8955296425438596
3 0.19188596155913729 0.8890196098570442 0.1928409274077012 0.8958305584519362 0.1811772815706263 0.8974655100468591 0.18022232785085635 0.8906545723683913
3 0.4682394772543148 0.8667041538895254 0.4708911946589751 0.8734130867475051 0.45761961143409735 0.8786574667444607 0.4549679090449672 0.8719485466104095
3 0.20399288451210396 0.8853669250066687 0.20563405009409053 0.8918232997446756 0.19410301313962464 0.8947536888796142 0.19246185964914275 0.8882973245614426
3 0.2737361361789681 0.6762489548550836 0.2741869320175283 0.6690337280702146 0.2865930970270938 0.6698087359144558 0.2861423109086445 0.6770239534970304
3 0.2874004003870141 0.6826159435114445 0.28727732378706605 0.6876378309439546 0.27658976333452756 0.6873759289774779 0.2767128453947407 0.6823540471491227
3 0.2881848446014601 0.684740312317901 0.2923109270063833 0.6919136443124214 0.28079622102154644 0.6985358965132706 0.2766701502196156 0.6913625745614208
3 0.24435843235323773 0.8889846323373723 0.24992251799380938 0.8877369995569971 0.2531114012813305 0.901955049396091 0.24754731645157335 0.9032026796963574
3 0.23518618809293912 0.8949942163101323 0.23694328654244146 0.9017104824341182 0.22354812857656725 0.9052140198155167 0.22179104495614865 0.8984977664473687
3 0.22125411852243815 0.89981543407147 0.2201133157835784 0.9061737834577298 0.20820059728544038 0.9040369410096454 0.2093414082040681 0.897678602187193
3 0.23135964643199713 0.887601289505275 0.23247532846539798 0.894407714953509 0.22296784635909717 0.8959657553524671 0.22185217434207516 0.8891593388158027
3 0.20863472478072254 0.8969298245614326 0.2086347430135902 0.8900397862891939 0.22149123424560457 0.890039815608911 0.22149122807013555 0.8969298418224434
3 0.20894817856276404 0.8929763122074597 0.20995153870137528 0.900146308823535 0.19665084003258926 0.902007117220927 0.19564749451751595 0.8948371337719684
3 0.1834332081256207 0.8976339255914955 0.19510536012228386 0.8955388092453307 0.19653362996086798 0.9034939183406843 0.1848614785767495 0.9055890323641802
3 0.18201753802918574 0.8989822326065766 0.18367200879765733 0.9054736078090343 0.17164769838484517 0.9085374910166462 0.16999324049140796 0.9020461269045302
3 0.22761491667461087 0.8812917686343998 0.22975793294153846 0.887336058033044 0.21970289984813007 0.8909002289359114 0.21755989383916585 0.8848559482403487
3 0.2066497619415486 0.884128646311652 0.2188505064805213 0.8861678103378593 0.2177770446494378 0.8925890133226783 0.20557630055861864 0.8905498510936343
0 0.1513369122807262 0.09100877192981045 0.1513369163636753 0.08313372126105516 0.17653508916760074 0.08313373148610607 0.17653508771934412 0.09100877951670344