3 0.8476873992926812 0.3305970153178723 0.8596605141876807 0.33102347463553133 0.8588516751979114 0.3537313432322346 0.846878560329742 0.35330488441957725
0 0.2583731639413145 0.4708953505913373 0.2626689410301424 0.4883372201381548 0.21721436731195354 0.4995313619003808 0.21291866008766647 0.48208955263157055
0 0.1602110600930473 0.45408632951009775 0.20813397149117918 0.44477611951754514 0.2115741842623038 0.46248299264768117 0.16365127621656939 0.4717931909175736
0 0.3460925553197285 0.4552238705872733 0.30410756617993684 0.4633805283561662 0.30091781622934377 0.446962618802475 0.34290271162285535 0.4388059703947311
0 0.2982455810118836 0.4470147788696881 0.3019201131527325 0.46332363482656036 0.25885788745279115 0.47302522329634045 0.25518341337715356 0.4567164177632068
0 0.25570523993474126 0.4541687853140962 0.25996810197375453 0.4723880592105359 0.21399165850834834 0.4831445853555841 0.209728867324543 0.4649253728070074
0 0.21371617552301814 0.48059700103918906 0.16811148743818194 0.4903427996507148 0.16412430107482123 0.4716860834000022 0.209728867324543 0.46194029824560645
0 0.3548645040731344 0.49179103113233597 0.3120605213222234 0.5002607125671321 0.3080733368148003 0.48011145910067854 0.3508771929824661 0.47164179057017186
0 0.30303026369449526 0.4641789347802028 0.30706084597386507 0.4817130075859307 0.26160627130877856 0.492160878420174 0.25757575767545404 0.47462686513157215
0 0.21770341796127468 0.49776117950872617 0.1724038132555279 0.5074417328618924 0.1684166293960061 0.4887850175451018 0.21371610855260315 0.47910447807018325
3 0.26770260667626644 0.31345886086158137 0.26714513596493816 0.32537313486846947 0.23468972087107431 0.32385455346476627 0.23524720942987187 0.31194029824564135
0 0.6838459926241285 0.471661031559014 0.6818181820175369 0.517164178728037 0.6634136511275983 0.5163440137009437 0.665441521796879 0.47084092957789975
0 0.5441449195020596 0.5464133391909951 0.5381514819461017 0.5912411441018235 0.5199362039473954 0.5888059703947409 0.5259297013113837 0.5439782366557869
0 0.5581335706450545 0.5969440769329448 0.5398724078947907 0.5947761195175477 0.5455348415223398 0.5470857830147409 0.5637958530702463 0.5492537313596507
3 0.022324579648852705 0.7500212402382477 0.006379585526246956 0.7470149254385885 0.01356072186797519 0.7089339963955701 0.02950558223687949 0.7119402982456121
3 0.06613364615623141 0.7442966050127066 0.05023923464909785 0.7410447763157902 0.05748044316840151 0.7056569784407929 0.0733747317721054 0.7089087941674338
3 0.07894731236262942 0.7179104331565879 0.09371707712261923 0.7216548395529279 0.0825528520123271 0.7656846854281958 0.06778309429830642 0.7619402982456229
3 0.03647768615701352 0.3239214665196472 0.03349282346493965 0.308955223684215 0.08234208392934761 0.29921299166752124 0.08532697288148938 0.31417919910252623
0 0.2077442077206797 0.445008800892003 0.2511961721492071 0.43656716447367366 0.2547761014752723 0.45499316238560933 0.21132414015266932 0.46343478793816906
0 0.29615289559592384 0.42829901284759775 0.2998405098684316 0.4470149254386379 0.25408627096044256 0.45602928695285283 0.2503987236841567 0.43731343311399956
0 0.3429027652083505 0.4402984977176451 0.2990325035549404 0.448450889259931 0.2958427561759436 0.43128670996523194 0.3397129188596182 0.42313432785087896
0 0.1634768739035053 0.45298507456136233 0.15995604597333113 0.4360554283699972 0.20414673026311903 0.4268656721491035 0.2076675955064502 0.44379526714027695
0 0.7966507461010224 0.2992533967827213 0.7948530569515242 0.32081185547186136 0.714310689983563 0.31409569114995645 0.7161084528509036 0.2925373135964443
0 0.7942584041775262 0.32089513082187493 0.7924537247130274 0.34339468398314765 0.70872155017571 0.33667856275668284 0.7105263157894797 0.3141791041666828
0 0.7910686770030679 0.3671641854122557 0.711137703952545 0.36165389453685187 0.7127327021967176 0.3385195668550998 0.7926634769736438 0.34402985087719024
0 0.7886763390888518 0.38880598108110437 0.7079934955094132 0.380462838776649 0.7103859480533856 0.35732851017197614 0.7910685800438841 0.36567164144736863
0 0.782222273606294 0.41060755362764906 0.6985645932016951 0.40373134320175164 0.7003584487422359 0.38190926784290785 0.7840159090618499 0.38878546917503315
0 0.6363636332780516 0.40223880573582954 0.7145535406154977 0.40762898249319923 0.7129586466521687 0.4307633036993552 0.6347687401315625 0.42537313486841943
0 0.7041467571970088 0.35970116852863177 0.7024603055865555 0.37997554600810074 0.6291866030701385 0.37388059649126626 0.6308731301572834 0.35360630227557965
0 0.706539164067749 0.3597015018886955 0.6273002891916803 0.3512344904657148 0.6296927302377071 0.32884643165658073 0.7089314199562295 0.3373134331140386
0 0.6204146732455911 0.3276119407894935 0.6225929831474559 0.30363903281904076 0.7057416271929924 0.3111940296052535 0.7035634223800571 0.33516684004603015
0 0.5534290266388098 0.3350746351816677 0.5606954537513502 0.2600188788765217 0.5838213652843933 0.262257756337287 0.5765550241228539 0.3373134331140875
0 0.2622024990259888 0.39761426682422235 0.2663476875000015 0.4156716414473506 0.22344337668471326 0.4255200112726522 0.2192982456140271 0.40746268640348415
0 0.30896710720162446 0.391712827616605 0.3125996809210392 0.4082089550438976 0.2714827344435662 0.41726269359216506 0.26785020988188535 0.40076660890644467
0 0.33732054960580626 0.4059700206455588 0.3404516524681185 0.42208968815222947 0.29818687381794007 0.43029872752059883 0.2950558212719443 0.4141791041666941
0 0.2942907809222106 0.4119332942317678 0.2982456140350678 0.43059701535089595 0.2559483938146059 0.439559190841486 0.2519936206140301 0.4208955219298282
0 0.2477722032294878 0.41927106566258376 0.2519936206139164 0.4373134331139809 0.20996298528621082 0.4471467941878954 0.20574162719299238 0.42910447807013785
3 0.14354066995614034 0.31417910416666667 0.17384370065789473 0.31417910416666667 0.17384370065789473 0.32761194078947364 0.14354066995614034 0.32761194078947364
3 0.5614035087719458 0.6082089550438317 0.5629783017179761 0.5954216047687219 0.5940988837719487 0.5992537313596755 0.5925241314106415 0.6120410447556979
3 0.5151515076840951 0.6388059693708023 0.5295478053086526 0.6407286691100781 0.5263580193025064 0.6646092620271986 0.5119617225876709 0.6626865668859615
0 0.9840510909015165 0.5283582170557091 0.9410951004399521 0.5223714917194162 0.9434875066618815 0.5052073124403388 0.9864433815789653 0.5111940296052621
0 0.9112624466208672 0.6283213093805593 0.9141399876510832 0.6111046920512699 0.9593301436403863 0.6186567160088196 0.9564526869762631 0.6358732583829428
0 0.913875597587662 0.6119402982456127 0.9161762465760148 0.5963726966060487 0.9616306942311894 0.6030893467304727 0.9593301190869852 0.6186568821564274
0 0.9187421659599977 0.5797924389597742 0.9643321658680861 0.5844316213795209 0.9625199364035097 0.6022388059210573 0.9169299376254685 0.5975996309754593
0 0.921850080043896 0.5798507467105218 0.9243842136438616 0.5625901199460033 0.9657097291666332 0.5686567160088252 0.9631756658884569 0.5859172796804066
0 0.9258373160384963 0.5447761189871194 0.9689561430777758 0.5503047072275247 0.9665638012368163 0.5689614149473016 0.9234449758772598 0.5634328355263197
0 0.897129186040388 0.5828358241172753 0.9030547012508805 0.5364074501865247 0.9205984838681616 0.5386463234025718 0.9146730460525987 0.5850746271929297
0 0.9842972427466066 0.5283884645000315 0.9824561403509051 0.543283582236898 0.9399451373602687 0.538029393773075 0.9417862839911777 0.5231343278508453
0 0.8684300274480847 0.7655624074779342 0.9242424243420828 0.7701492532894706 0.9225203182609221 0.7910998585247356 0.8667079227676595 0.7865130241424836
3 0.5653907500000059 0.5902985076753902 0.5660875691696674 0.576153621636281 0.5963905556582176 0.5776462620330725 0.5956937764068471 0.5917911098851173
0 0.9146728774479698 0.7440294479231419 0.9146730460525987 0.7619402982455714 0.8588517282948942 0.7619405865759099 0.8588516743420769 0.7440298508772063
0 0.9284879001285162 0.7193956821680833 0.9290271129385701 0.7395522390350567 0.8729473777378871 0.7410519532026213 0.8724082938596212 0.7208955219298343
0 0.9040894826140402 0.6992218490118016 0.9051036677631146 0.7179104473683751 0.8494989156869224 0.7209272917853026 0.8484848486841656 0.7022388059210397
3 0.7232854226454037 0.4791043559791869 0.7232854868420873 0.49477611951752326 0.6850079747808877 0.4947761997290166 0.6850079550753208 0.4791044806800292
3 0.6874003190789474 0.49477611951754386 0.7121212116228071 0.49477611951754386 0.7121212116228071 0.5074626864035088 0.6874003190789474 0.5074626864035088
0 0.6499202541933755 0.5164179100326255 0.7073591836325477 0.5188728267406562 0.7065617362230796 0.5375295402217681 0.6491228070175339 0.5350746271929832
0 0.6459330142544104 0.5686567160088164 0.6464803826753496 0.5499457646379288 0.6993620416666317 0.5514925372806966 0.6988147600529828 0.5702034041912346
0 0.9103270486459678 0.627860070952322 0.9565868635083916 0.6352739929739922 0.9537480065789623 0.6529850745614002 0.9074881947801714 0.6455711655152596
0 0.9537480431305312 0.6522385542313099 0.9515593502362663 0.667309553000652 0.9053072622655236 0.6605933165226346 0.9074960131579246 0.645522388157879
0 0.8317384375 0.5992537313596491 0.8779904309210526 0.5992537313596491 0.8779904309210526 0.6156716414473684 0.8317384375 0.6156716414473684
0 0.8755981605246461 0.6328358245619575 0.8310624282888739 0.6308531423901117 0.8318599531849031 0.6129426940131533 0.8763955339912854 0.6149253728070178
3 0.5653907500000059 0.5708955219298151 0.5671499273656764 0.5536664848863706 0.6116427434210436 0.5582089550438559 0.609883638080646 0.5754379257547106
3 0.5698037817442128 0.5494922882721753 0.5677830942981927 0.5328358212719565 0.6128118104749092 0.5273735681155316 0.6148325510200721 0.5440299731653739
3 0.6028708300262906 0.30149253847771434 0.5884843684702901 0.3004443982895786 0.5908767372243346 0.2676085773158299 0.605263157894683 0.26865671600877095
3 0.6363636359649263 0.25298507456140396 0.6363636586565917 0.22537311971424814 0.6507177111041074 0.2253731348684095 0.6507177028508977 0.25298507528518605
3 0.5956938059064214 0.6164177820661257 0.592410790709323 0.6323979433342899 0.5582137160088223 0.6253731348684737 0.5614967698586497 0.6093930263144235
0 0.7151054926488314 0.29178915878769807 0.715311004385967 0.2694029846491266 0.7968561487374473 0.2701514739525362 0.7966507158498644 0.29253756987957624
0 0.8301435405701755 0.6813432839912281 0.8851674638157895 0.6813432839912281 0.8851674638157895 0.7007462686403509 0.8301435405701755 0.7007462686403509
0 0.8293460921053111 0.6813432839912519 0.8296207515738843 0.6649166335566298 0.8742777698296322 0.6656631474815463 0.874003186850814 0.6820897226622379
0 0.8755981744262726 0.6656716414473686 0.827751112754413 0.6656716414473686 0.8277512035343761 0.6470149254385965 0.8755980866227446 0.6470149254385965
0 0.8769829666848636 0.6313623300463325 0.8763955339911718 0.6492537313596002 0.8303534788194611 0.647742067740789 0.8309409890350707 0.6298507467105015