3 0.5894737842070299 0.39760345608031 0.5598551499892892 0.4063902211441308 0.5456140350877376 0.35838779934209264 0.5752325091174271 0.3496010596432427
0 0.461404132891289 0.7930281383556899 0.41282246884179585 0.8073517272571371 0.38771929824554263 0.722222222587728 0.43630002897987197 0.7078987803503536
3 0.3526318348348241 0.9684094596365486 0.326893893705801 0.9810718107725631 0.3035087719298417 0.93355119846493 0.32924638122096894 0.9208889444978405
3 0.1875211864605717 0.8737095711904966 0.19136414438196425 0.892834033819758 0.12664978011707717 0.9058345316484555 0.12280701754389156 0.8867102401315594
0 0.407018151634702 0.7962960407465657 0.3685054205097913 0.8124739243768685 0.33333333333337123 0.7287581699561351 0.3718453495499716 0.7125804570202036
0 0.39649122807020376 0.9139433552631485 0.43008685444237926 0.895912707207773 0.4596491228070363 0.9509803925438408 0.4260536078871837 0.9690108804506754
0 0.30714291442257036 0.5857797695734226 0.3108524913873225 0.60997014206969 0.15984954428449782 0.6331224914165448 0.15614035087719458 0.608932461622778
0 0.09026812164370313 0.705276329610633 0.08588234870455835 0.6781383557948621 0.2236843355850624 0.6558704845805766 0.2280704227100614 0.6830080660950447
0 0.37152290187873405 0.6329047385161122 0.37556612370440234 0.6576430129609361 0.23562177489839087 0.6805113437750786 0.23157894736812068 0.6557734199561183
0 0.18560608690268054 0.7625854804596413 0.18063117133374362 0.7382163460762127 0.31432339609875726 0.7109270226204657 0.319298585817819 0.7352957836541504
0 0.5631584951576087 0.7712416554752902 0.5164038601179755 0.7848352514661664 0.49122807017545256 0.6982570811403521 0.537981818063372 0.6846636224463961
3 0.5877195787106757 0.9183004341655507 0.5666029092019471 0.9348150996147608 0.5298245614034158 0.8877995646930054 0.5509410043651997 0.8712850349254174
0 0.5035093478708177 0.7810456257696873 0.45615415381485036 0.7913502715483249 0.43684210526316747 0.7026143793859605 0.48419636048686243 0.6923098394360847
0 0.6070180622874659 0.7636164507810613 0.5565491745454665 0.7740652920088837 0.538596491228077 0.687363834429816 0.5890644203572037 0.6769150957462415
0 0.5912280701754753 0.6775599133771958 0.6386689097537328 0.6654979642985255 0.6614035087719685 0.7549019605263118 0.6139627140536277 0.7669637881433055
0 0.6333333333333258 0.6601307192982421 0.6751944813721593 0.6394589364014373 0.7192982456140271 0.7287581699561587 0.6774372397521802 0.7494297349115061
0 0.7267400159295221 0.6619004812572076 0.7205346530957968 0.6326332301075813 0.872742072674555 0.6003646240462572 0.8789477516751276 0.6296314368576117
0 0.7089706653673602 0.6288415210490672 0.704893151318629 0.5985592780457497 0.8608346394239561 0.5775631141519354 0.8649125207296038 0.6078449194726261
0 0.7110225651176734 0.5963423418670237 0.7078643567461995 0.5650943385497641 0.8635082682137636 0.5493642988205427 0.8666668538382964 0.5806118735924276
0 0.7979143973333294 0.5286443423921247 0.8018367492456946 0.5539073900407241 0.6565535808523464 0.5764609914704901 0.6526315789474211 0.5511982565788963
3 0.3666668003218092 0.46514151055131364 0.3433966366982304 0.4827768247835132 0.3077076752084622 0.4356873084511697 0.3309777129577469 0.41805206538275386
3 0.3210527469000226 0.46405222173352006 0.2974969484292842 0.4774410504280818 0.27192982456142545 0.43246187390351104 0.2954854911270104 0.4190730923669834
3 0.24035087719300918 0.4368191721491082 0.26414887213843485 0.4265992122696065 0.2807017543859729 0.46514161184211145 0.2569037766659221 0.47536154226066013
3 0.20526315789470573 0.44335511951753237 0.22912568247249965 0.43092231924998264 0.2526315789473301 0.476034858552641 0.2287690844490271 0.48846761453859416
3 0.07368443791631307 0.8191719769406924 0.04883882645435733 0.8340316665213438 0.021052631578982073 0.7875816995614147 0.045897987822399955 0.7727221083657798
3 0.06491228070183297 0.7810457510964808 0.08969147443826841 0.7681748802803374 0.11052631578945693 0.8082788673245834 0.0857471698190011 0.8211496677234686
3 0.6491228070175339 0.8572984747807375 0.6722398075266938 0.837653763334398 0.7150534724079307 0.8880234704672234 0.6919366321000098 0.9076680092526387
3 0.5543862740894383 0.9291937118564199 0.5258935257112398 0.9465525694151191 0.49473684210522606 0.8954248366228307 0.523229226271269 0.8780661234205968
3 0.46140350877192304 0.9063180833333444 0.48421862241480085 0.8916242495425537 0.5140350877193214 0.9379084967105088 0.4912200637797923 0.9526022168566656
3 0.24736842105266987 0.9542483662280882 0.26574717126777614 0.9398324064440977 0.30459452265563414 0.9893444363584696 0.2862158918849218 1.0037602618204577
3 0.2649124849128839 0.9880172972101304 0.24507319529755023 1.0007943558341295 0.2192982456140271 0.9607843135964921 0.23913732611129035 0.9480073452406531
3 0.19572285793719857 0.8953432643330458 0.20000000000004547 0.9117647061403381 0.14111908610880164 0.9270966847226942 0.13684210526332663 0.9106753815789312
3 0.23508795833072327 0.9901959250036065 0.20880088161300137 1.0071255080216994 0.1824561403508369 0.9662309364035133 0.20874293275335276 0.9493014761130513
3 0.2052633016528489 0.46514145048414673 0.1905368487433634 0.4816707985762044 0.14277744086768962 0.4391231927910443 0.15750384006139484 0.4225939175351317
3 0.2912280701754071 0.3888888892543808 0.31793143833135673 0.3802880477163973 0.33333333333337123 0.4281045756578861 0.3066299774388881 0.4367053903131366
3 0.2649123763795842 0.4237472454989313 0.23661945899209513 0.43286009896344063 0.2228070175438006 0.3899782138158048 0.2510997885231063 0.3808653857983825
3 0.23508784395630755 0.4379084415028985 0.21000715781576673 0.4490159788079603 0.18771929824561084 0.39869281030702286 0.21279983174940753 0.3875853119621548
3 0.15964912280696808 0.4008714594298375 0.18196587842180634 0.3912875197902291 0.19824561403504504 0.42919390021931025 0.17592887307080218 0.43877781485156275
3 0.07087597280087721 0.5381866840376376 0.07386664720365843 0.5555238275654962 0.004744945174707027 0.5674459741647749 0.001754385964886751 0.5501089320175062
3 0.20752019690462475 0.5724021231999377 0.20526315789470573 0.5511982565789864 0.27142709489237404 0.5441559988791229 0.27368423910149886 0.5653597454107491
3 0.2964913036229291 0.42265792894053705 0.2714700812408637 0.4302133099531003 0.2596491228069908 0.3910675383771862 0.28467022675874887 0.38351217647223895
0 0.7746752398190893 0.49928263329875083 0.7789473684208588 0.5261437905701689 0.6305875564579537 0.5497366515976294 0.6263157894735514 0.5228758168859928