4 0.976973684242239 0.6557017543859649 0.9761673705958174 0.6557017543859649 0.9761673706295824 0.6552954879385964 0.9769736842105203 0.6552954879385964
1 0.910509299720843 0.30715150023955995 0.8934095387249954 0.3125442669546454 0.8845915722152995 0.2845843394651255 0.9016912905701702 0.27919158004385897
1 0.6042394037049235 0.3918138970945116 0.6138161874999923 0.38776010416664647 0.6203968603591647 0.403305714113891 0.6108200789551574 0.4073595028914928
1 0.5742397857213746 0.4478175940816734 0.5840638978781953 0.44406307042349286 0.5902004107874745 0.46011891672255795 0.5803763009897693 0.46387343591952646
1 0.5818074647468165 0.46890852019017365 0.5910087719298645 0.46880195175438577 0.5912041905448859 0.48567357768987135 0.5820028833642255 0.48578014599475994
1 0.5803181113445817 0.4895753510516104 0.598684210526244 0.4888901798245626 0.5997343399986903 0.5170368837675499 0.581368240903771 0.5177220535123582
1 0.5224176698034171 0.48753016880430733 0.5135721323371172 0.4922819046711411 0.5052615842356545 0.47681258825700107 0.5141071030701596 0.47206085855262614
1 0.5260802018372033 0.44704807723461254 0.5424218399122083 0.4464816074561418 0.5433109464846666 0.47212911102183114 0.5269693084647997 0.4726955797819213
1 0.5796606346672206 0.40757267412881965 0.5691537872949084 0.41233151635727755 0.5620693109747208 0.39669075497006945 0.5725761392543518 0.39193191776317543
1 0.5273587491471972 0.4005163955489377 0.5182989628915493 0.40592959466076667 0.5096433279262556 0.3914437977243586 0.5187030997807369 0.38603060416667573
1 0.5484986382231227 0.362486296326909 0.5643894264671871 0.35630933317483454 0.575001829506391 0.38360955339533515 0.559111046776593 0.3897865062425707
1 0.5063127932830866 0.3642917732166887 0.5165915359590372 0.3621940521113937 0.5197964519753668 0.3778973506328406 0.5095177098642125 0.37999506983556125
1 0.5218488331577191 0.355441985785143 0.5066073752759621 0.36149962303156546 0.49672669484448306 0.3366399783611234 0.5119681140350849 0.3305823497807102
1 0.5468873962812495 0.3136201973795039 0.5570068347041115 0.3131505527481178 0.5578232249346229 0.33074077454820383 0.5477037865397278 0.33121041877381135
1 0.5545297902618813 0.3028591615236246 0.5451422145384868 0.30706114326317985 0.538334194297363 0.29185186011490877 0.5477217576755038 0.28764988157893234
1 0.49421700130437785 0.3080268198567425 0.5094675946583038 0.3054158504198009 0.513778903673483 0.33059730904866236 0.4985283111275294 0.3332082752342115
1 0.5341707807717739 0.2654782459815614 0.5442721206140959 0.26283636293858886 0.5488558641051213 0.2803620894078373 0.538754525016202 0.2830039704577983
1 0.4919885067687346 0.2885279188468736 0.5019168211385931 0.28614988276408837 0.5055653572009078 0.30138214448345024 0.4956370434144901 0.30376017889088913
1 0.5234626009140584 0.13822649425892491 0.5350770796242159 0.14106120432304553 0.531629150907861 0.15518809278937443 0.5200146725305785 0.15235338365197898
1 0.31556527104237375 0.41183730157445214 0.3245024287881506 0.40660628534980775 0.3332848013739067 0.42161012985966106 0.3243476478867251 0.42684114031483616
1 0.34185855111854835 0.45026588516522 0.32455241499508247 0.4600028746775146 0.3108459215814037 0.4356429250177563 0.3281520054824796 0.4259059539473455
1 0.322184962945812 0.45634692856868614 0.3372185043859872 0.4511896896929738 0.34601880592106227 0.4768412215610562 0.3309852692931372 0.481998450482035
1 0.3106894420208164 0.496470039842713 0.29388463149859945 0.5041867240921362 0.2816924257354003 0.47763733181934265 0.2984971732455506 0.469920664473694
1 0.3040582953088915 0.513133082891963 0.2963936878879849 0.5165762500446074 0.2906321548601909 0.503751878296842 0.2982967478070577 0.5003087149122697
1 0.29539503728074124 0.5296052637977637 0.2953950463390811 0.5149963450710535 0.3048245614035068 0.514996354166629 0.3048245633146962 0.5296052619001735
1 0.3411494308078318 0.5042689642562739 0.3494694780702048 0.5036897499999964 0.35040519003166537 0.5171296004426735 0.3420851428320475 0.5177088140915104
1 0.3359470197368637 0.5296052639288369 0.3359470286127362 0.51366045572601 0.34539473684208133 0.5136604649122675 0.34539473994709624 0.5296052611047886
1 0.3104543622002893 0.5396427445430915 0.30286000525018153 0.5435854360166276 0.2967313036094765 0.5317814382724644 0.3043256469298967 0.5278387510964762
1 0.3958333428219021 0.9199561403508771 0.3889114513176537 0.9199561403508771 0.38891146779894825 0.9064987478070176 0.39583333333337123 0.9064987478070176
1 0.3956933832305367 0.9035025895541168 0.403934873535718 0.9018806064532195 0.40662504383908527 0.9155462544995546 0.3983835544370322 0.9171682344700465
1 0.4030810087718919 0.9177631586831432 0.4030810181893685 0.9054193687885039 0.41008771929818977 0.9054193782894728 0.41008772189638876 0.9177631561561275
1 0.6157837558653227 0.20495629269281018 0.6018785881296935 0.21063632296084595 0.5927165544296713 0.18820717953975566 0.6066217039473258 0.18252715350877416
1 0.6045235573773198 0.30062109439582096 0.6131416787280841 0.29509470175435926 0.6218987241535388 0.3087504771517662 0.6132806060713847 0.314276865625803
1 0.6575210671736613 0.28107469580917277 0.6669097254841745 0.28464672550845466 0.6600180098580495 0.3027603177351666 0.6506293531869005 0.2991882911224181
1 0.7315066443741216 0.8272626135661214 0.7147854336122919 0.8311919246637197 0.7078138341781823 0.8015300384980929 0.7245349232455283 0.7976007423245736
1 0.8437987518443606 0.26687314733508727 0.8591439480732106 0.26494376575758927 0.8630066591341574 0.29566483685750344 0.8476614633796089 0.29759421586947193
1 0.8131656940533958 0.2829558881539639 0.8299956439119569 0.2828916837959046 0.830112635369801 0.31355795332843095 0.8132826855112398 0.3136221575968138
1 0.7914352287631345 0.2930034183651988 0.8080467774123008 0.28812786842106186 0.8175122215076271 0.3203768096685356 0.800900676109336 0.32525235194013863
1 0.7726449651607936 0.35008586720616874 0.7920107461442285 0.35126499683036666 0.7902201297429201 0.3806725292877811 0.7708543489528665 0.37949340160425177
1 0.7702763319294945 0.3776949061506207 0.7810021454482694 0.3804731026642362 0.7770936554330774 0.39556196739345073 0.7663678428755247 0.3927837734343479
1 0.7097109824561585 0.41375760526315947 0.7293590114378503 0.4130599910792715 0.7303435149430015 0.440786620567601 0.7106954860189489 0.44148423348752475
1 0.8224787569129148 0.4202717254523403 0.8117996390271855 0.415171158404125 0.8186159331139606 0.40090056907892824 0.8292950330497888 0.40600113106591507
1 0.805607118520129 0.7023976248342707 0.8125406370613746 0.6989637807017438 0.8186190669920279 0.7112353120533457 0.8116855517566819 0.7146691511208313
1 0.8073225163061579 0.7508777914696525 0.8222794188596936 0.7438113124999914 0.8352777414439743 0.7713187429947801 0.8203208545592133 0.7783851970113095
1 0.7677305361842173 0.7246824638157765 0.7850145968950528 0.7190765923539142 0.7946340086458576 0.748730375789267 0.7773499568851321 0.7543362276148441
1 0.7784077990614833 0.7657862778647734 0.7943262483258877 0.7635107765078433 0.7982680682874843 0.7910810415095529 0.7823496206067375 0.7933565353427411
1 0.7442800278922732 0.7825362434473433 0.7612495074145045 0.7838129720396312 0.7589946971928612 0.8137767239221404 0.7420252182017748 0.8124999999999981
1 0.7439377304551726 0.8207238363579397 0.7275065701754784 0.8201754385964926 0.728398629668277 0.7934545470521613 0.7448296818523659 0.7940029430062547
1 0.7367698499875814 0.7536931034858022 0.7178032655373272 0.7588906090394936 0.7092821366620683 0.7278005654422689 0.7282485899122548 0.7226030789473693
1 0.686957955075286 0.32823381038410676 0.6772920857407598 0.3245013896756961 0.6839197861842194 0.30733816337717773 0.6935856400256171 0.3110705807421202
1 0.6990684607555977 0.7735619073415844 0.6801817028508594 0.7730263157894737 0.6810669014828363 0.741819280168652 0.699953523047725 0.7423548697833622
1 0.6536649002129025 0.760083835989439 0.668509287280699 0.7513312697368176 0.6846904499637958 0.7787696881754421 0.6698460871488123 0.7875222217158148
1 0.6399559203163108 0.7683243150706303 0.6553214506578797 0.7616245328947332 0.6655364671190682 0.7850477696963628 0.6501709487314429 0.7917475316011752
1 0.6295556947542309 0.7719229246803007 0.6454503676825425 0.7736841805054252 0.6426545832271131 0.7989103732820974 0.6267599111841946 0.7971491228070203
1 0.6772108538087878 0.8197222149040437 0.6936110431139468 0.8216197758102661 0.6902593295361612 0.8505817643926982 0.6738591414473376 0.8486842105263132
1 0.6747080574529036 0.8598995589950488 0.6583893442982571 0.8585526315789483 0.6608892091454663 0.8282729402744134 0.6772077952681457 0.8296198624159054
1 0.639356157158204 0.8421901577707085 0.6561226480263258 0.8380524967105352 0.6629942966658291 0.8658914325482134 0.6462278113184539 0.8700290781628263
1 0.6071562342988273 0.858182172987384 0.6248999506578912 0.8590635043859651 0.623519662391459 0.8868462404181187 0.6057759462718195 0.885964912280699
1 0.5705652813837787 0.9153600053987043 0.5888157894736423 0.9136906666666685 0.5914775884074288 0.9427839261456583 0.5732270812738989 0.9444532579680693
1 0.5592225251335776 0.9720936559929241 0.5465143728878274 0.9787931805795592 0.5367543572592695 0.9602848733891256 0.5494624451754362 0.953585369517525
1 0.5527579068656223 0.9526838250003964 0.5415029767272017 0.9581405983426284 0.5323044139279318 0.9391731262181432 0.5435592861841769 0.9337163695175515
1 0.5300019747314764 0.9151572673470787 0.5458293760965489 0.9118843190789401 0.5505103898028665 0.934515022719024 0.5346829916669549 0.9377879603263891
1 0.6808902269862074 0.40648767965201615 0.6885900467058264 0.4077133396555277 0.686853654312813 0.41862110949850373 0.679153834793965 0.4173954503466458
1 0.4031748613350601 0.9028345130568246 0.40944095065788133 0.8982831765350955 0.41667203346617043 0.9082361509725924 0.4104059507126294 0.912787479768213
1 0.4086412324608091 0.9023207693034239 0.41520566789779423 0.8992378429910067 0.4209250707086767 0.9114130554697687 0.41436063886294505 0.9144959760516814
1 0.4157470332839921 0.8978021051566353 0.42265060076920236 0.8949944114772304 0.4279729119194826 0.9080776928827652 0.4210693474749405 0.9108853811058534
1 0.1295419426120361 0.8670279714924009 0.1194377385415919 0.8710154014233914 0.11391498695468272 0.8570237925730938 0.12401915539487618 0.8530363705171639
1 0.19562140460527644 0.5625000004171085 0.19562140906566583 0.5504778736467497 0.20175438596493223 0.550477878289472 0.20175438775891053 0.5624999987938025
1 0.1951754419601457 0.5668859649122807 0.18976200657891695 0.5668859649122807 0.18976201135740212 0.5581140350877193 0.19517543859649322 0.5581140350877193
1 0.1777688532291677 0.561165312749955 0.18464498245623417 0.5573309462719054 0.1916103406788352 0.5698206413551868 0.18473421482258345 0.573655003106785
1 0.18140873520906098 0.5745177169483381 0.17323682570872734 0.5763725434534942 0.17040087885936828 0.5638792553559454 0.17857277083339795 0.5620244309210426
1 0.20443003914419933 0.5243640166711971 0.2116228070175339 0.5239892763157896 0.21235504497326474 0.5380426533503053 0.20516227713392254 0.5384173932786236
1 0.19501979343624498 0.5322634483655124 0.20345118066143186 0.5291163736925631 0.2083754425070765 0.5423079054370024 0.19994405716238361 0.5454549764809163
1 0.1845185369252249 0.5367655314112761 0.19164384849398175 0.5334464082584647 0.19720645117058666 0.5453868408651136 0.19008114184293845 0.5487059604130873
1 0.1884600130678109 0.550207529868678 0.18059564490147295 0.552796360719314 0.1765381124249643 0.5404714585362529 0.18440246491229573 0.5378826304824416
1 0.16791776377408496 0.5465152653774414 0.17345750013578254 0.5432309199917453 0.17972997943343216 0.553809799940859 0.17419024559410445 0.5570941419400658
1 0.21265232379096233 0.4703729963389792 0.19789472344109527 0.47626217260098436 0.1868287598729239 0.4485338743229644 0.2015863048245592 0.44264471052632876
1 0.08660993354396851 0.9368215329955212 0.09555387090097156 0.9330662102910757 0.10237895877310166 0.9493169329076568 0.09343502686147076 0.9530722460997694
1 0.05125880913283254 0.8935628591905092 0.06650997597978403 0.8957454493103983 0.062417980774512216 0.9243317041935578 0.04716681578952375 0.9221491228070247
1 0.08103767163026987 0.8745459432251447 0.09082317984950805 0.8762493480567084 0.08817591083209209 0.8914534446268336 0.07839040352132542 0.8897500433338786
1 0.10328808682834278 0.8448226510092733 0.09200101596240984 0.8473218708250746 0.08858628891346143 0.8319033605920221 0.09987331578952308 0.8294041458333327
1 0.1846645636634321 0.5924614818263068 0.1920800644660403 0.5915331146795163 0.19372467235041313 0.6046682920267906 0.18630917175539707 0.605596658052436
1 0.1428681944529444 0.7185236239014636 0.1259786666216769 0.7261392296381319 0.11331145462520453 0.6980507018857431 0.13020088486837267 0.6904351217105482
1 0.08049978788028511 0.7193388288187506 0.09420363925437414 0.712198218201773 0.1071273835456168 0.736996763934216 0.09342354720467938 0.7441373523813594
1 0.15974638541842978 0.7550842816209994 0.15869882745562336 0.7792333929631987 0.1419920197367901 0.778508771929822 0.14303962272890658 0.7543597079778914
1 0.1414473811961443 0.7850877192982456 0.1320354375000079 0.7850877192982456 0.1320354574573912 0.7704407565789474 0.14144736842115435 0.7704407565789474
1 0.06526910446473266 0.7946235707095398 0.0811403508771491 0.7938989660087743 0.08236074860712961 0.820624451517832 0.06648950236342444 0.8213490538310582
1 0.12409960113257057 0.5912186732529693 0.14254385964909488 0.5907148508771939 0.14329393315210837 0.6181710014673883 0.12484967468810737 0.6186748225664997
1 0.13764935500876163 0.5767160998073366 0.12861497607866568 0.5727502553478157 0.13382271381578903 0.5608879868420974 0.1428570750678091 0.5648538268339605
1 0.09412457050768808 0.5715864171333168 0.10720375109656288 0.5685731348684151 0.11225860883303085 0.5905115617234722 0.09917943025038767 0.5935248379814626
1 0.07772950514538479 0.5868750940291705 0.08475224117694324 0.5839707851585638 0.08933248331288723 0.5950448247438209 0.08230974905472976 0.5979491304800358
1 0.07881629372548105 0.5749850416646088 0.08571938029865578 0.5750908790652516 0.08552631578947967 0.5876819342105262 0.07862322921891973 0.5875760969278949
1 0.1633928276929737 0.493922119209058 0.15528835933525897 0.4987845154634428 0.14673758891831312 0.48453342638555064 0.15484204166671134 0.47967103618420487
1 0.1002376136688099 0.492890084739759 0.11634205263158037 0.48744858442981454 0.12628713653793966 0.5168793942291838 0.11018270375575412 0.5223208815128683
1 0.0835134361384462 0.501548297889886 0.10062245614028598 0.49621417324562034 0.11051571043174135 0.5279439242045475 0.09340669657831313 0.5332780349167346
1 0.17397807149234268 0.5990242078543655 0.18064818201753496 0.5952115745613782 0.18736021972983963 0.606952830712878 0.18069011264390156 0.6107654592678127
1 0.20464132982704086 0.5987527525650836 0.19786453397921377 0.6032959303030743 0.19000338240596193 0.5915711631268945 0.1967801655700896 0.5870279912280947
1 0.42190731745984067 0.8906119537082132 0.42723255153509854 0.8884906995614152 0.4308811866370661 0.8976480738874384 0.42555595412227376 0.8997693251855436
1 0.3259713217373701 0.8835738973344843 0.3438541012149017 0.8789681368099878 0.35068735640857085 0.9054931957282792 0.3328045833163742 0.9100989390496207
1 0.430921068298062 0.9210526315789472 0.4216936063596677 0.9210526315789472 0.4216936250445542 0.9076953432017544 0.430921052631561 0.9076953432017544
1 0.40446210725849596 0.9349696186222138 0.412525016211589 0.9319606284863771 0.41726074668656565 0.9446471241953227 0.40919784075788357 0.9476561084983999
1 0.4074562254088505 0.9421221373992368 0.4140387067038773 0.9389463498076488 0.42021110540338213 0.9517364512363421 0.4136286282742958 0.9549122323200477
1 0.4133195610817211 0.9539530748737347 0.40668241164303254 0.9570758349486065 0.40123607109489967 0.9455032849832251 0.4078731995614362 0.9423805307017564
1 0.39912281175031694 0.9473684210526314 0.3941335464887743 0.9473684210526314 0.39413355249382676 0.9398869067982456 0.3991228070175339 0.9398869067982456
1 0.4046355931461676 0.9539844836488443 0.3996243863171003 0.9553562464395703 0.3971911929173757 0.9464699369054623 0.40220238710207923 0.9450981759438981
1 0.3990408858887804 0.9587993567866044 0.40478439852586234 0.9604940849447604 0.4024983569499909 0.9682393963088186 0.396754845160217 0.9665446701598194
1 0.3863859291332119 0.9644440580518998 0.39392437645710743 0.9694481675917629 0.3859852856442103 0.9814045668675253 0.37844684689298447 0.9764004679763896
1 0.37133054708681357 0.9550151133009526 0.37766981250001663 0.9477374418859758 0.3877352361254225 0.9565025683233426 0.38139598560019294 0.9637802255968553
1 0.3733199825724114 0.9311683601196393 0.38001812241384414 0.9352264670138928 0.3731885731378952 0.9464960035819546 0.3664904390969923 0.9424379043396152
1 0.36281273342933673 0.9247373929189187 0.3708476564869443 0.9225185344853277 0.3739114667313288 0.93361028823795 0.365876545107767 0.9358291430572226
1 0.36297113188732055 0.9243421061096262 0.36297113790567437 0.9150726037152294 0.36842105262076075 0.9150726085604161 0.3684210536802084 0.924342103878974
1 0.35197368366095816 0.9740387583066746 0.3530226674669166 0.9812061713088773 0.34928278413303815 0.9817533574333471 0.34823380482453103 0.9745859484649503
1 0.2579929423636713 0.7979983451525177 0.24767470154438342 0.8039098581481295 0.2400713848749092 0.7906411906158638 0.25038959539472216 0.784729688596489
1 0.2105235238153682 0.5970748433167798 0.20237859173573725 0.5977115209191947 0.20130725248532144 0.5840073686984119 0.209452164473646 0.5833706918859651
1 0.2458215893589113 0.69898394771002 0.2618951215980587 0.6962647228778082 0.26664937224188634 0.7243631552712086 0.25057584210401274 0.7270823717041728
1 0.2239735173391182 0.7105252957644047 0.23898642763163025 0.702674601973668 0.2527907278058592 0.7290684958737454 0.2377778349698474 0.7369191639942975
1 0.21681331543982196 0.7198924104188431 0.23048243123878365 0.7210838392969965 0.22852729193937193 0.7435112714675391 0.21485817652830974 0.7423198455810527
1 0.19495981341401603 0.7256041934008761 0.21161770942990188 0.7237532949561363 0.21460065915891846 0.75059511976443 0.19794276407208145 0.7524460125825092
1 0.28018754240213184 0.5206254480588329 0.2655624730796262 0.5320063970561765 0.24763345743429 0.5089685794907366 0.2622584824561045 0.49758765679826406
1 0.22820783162717362 0.5190955085437673 0.24195344981353628 0.5114191740005669 0.25585678645711596 0.5363130844078092 0.24211118084519967 0.5439894013323229
1 0.23248595317681975 0.6689544448307237 0.21725615966238365 0.6760995615358475 0.2046175860830317 0.6491639910201084 0.2198473015350828 0.6420188958333481
1 0.21532023868530814 0.6779297597293445 0.20073071269257525 0.6859212502057236 0.1874423302311925 0.6616648296185572 0.2020317894737218 0.6536733618421066
1 0.193554740760419 0.6916601804209903 0.17817918969296898 0.6896929824561382 0.18173302043066997 0.6619206716655961 0.19710848369686573 0.6638878639388232
1 0.18245913440023287 0.6956513277787516 0.16647426016072586 0.6989925718233946 0.1610146650519937 0.6728768235031296 0.1769994528508505 0.6695355888157937
1 0.23703529634406095 0.5803543448276046 0.23137891751935058 0.5839818009475434 0.2245623729112367 0.5733536713806339 0.2302187423246096 0.569726219298238
1 0.21603405510541052 0.5760251843389155 0.22327414853907612 0.5727524671496388 0.2291324945516635 0.5857113149397748 0.22189240362217788 0.5889840280091597
1 0.21710526987965295 0.5921052631578947 0.2104384364034786 0.5921052631578947 0.21043844540315604 0.5789190723684211 0.21710526315780498 0.5789190723684211
1 0.8814786779929591 0.24675712160933858 0.897883343436888 0.24484602076616996 0.9012596008404898 0.27382683501749466 0.8848549357712727 0.27573793364144294
1 0.9218501326754449 0.24755641666666545 0.9380475660221919 0.24603524921695655 0.9406767602745276 0.27403041650139914 0.924479327154927 0.27555158224629955
4 0.978070175409016 0.6567982456442627 0.9780701756938015 0.65460526297384 0.9791666667113077 0.6546052631838634 0.9791666666666288 0.6567982456140811
1 0.9426436184210161 0.2938596501922837 0.942643632603108 0.2684955835589206 0.9583333333333712 0.2684955975876997 0.9583333362422763 0.29385964701466855
0 0.7905701754666552 0.9396929824561401 0.7901209934028657 0.9396929824561401 0.7901209934341296 0.9392315010964912 0.7905701754385746 0.9392315010964912
0 0.7870235632261711 0.9440789470681406 0.7862493177120768 0.9443990903441679 0.7851440138256294 0.9417267089325428 0.7859182587718578 0.9414065657894908
0 0.869517543730808 0.6883962299609998 0.8699067956600857 0.6893095253044496 0.8681907878059292 0.6900407920045077 0.8678015360881091 0.6891274968399116
0 0.7532894738799314 0.8574561403508771 0.7526202105262882 0.8574561403508771 0.7526202109647784 0.8538205603070176 0.7532894736841627 0.8538205603070176
0 0.7565789472262168 0.8473191323648699 0.757019994453799 0.848282433768583 0.7554799889260266 0.8489873699947353 0.7550389419463954 0.8480240688017897
0 0.7653508773963722 0.8519736842105263 0.7634763289473767 0.8519736842105263 0.7634763293540345 0.8507186984649123 0.7653508771929864 0.8507186984649123
0 0.7618143815789153 0.878289473717655 0.7618143817165901 0.8757596578446799 0.7620614035629387 0.8757596578948631 0.7620614035088238 0.8782894736841744
0 0.7642543859888065 0.8826754385964911 0.7633975515351494 0.8826754385964911 0.7633975515827842 0.8823656096491229 0.7642543859649322 0.8823656096491229
0 0.765350877271544 0.8804824561403509 0.7641053037281154 0.8804824561403509 0.7641053038852306 0.8797773728070175 0.7653508771929864 0.8797773728070175
0 0.765841251632537 0.9081625172507384 0.7666845249102607 0.9078699773948108 0.7681429213926094 0.9120728814035699 0.7672996482028793 0.912365421079101
3 0.7730263157958461 0.9846491228070177 0.7728361853070282 0.9846491228070177 0.7728361853196475 0.9843141019736843 0.7730263157894797 0.9843141019736843
0 0.7697368421648889 0.9298245614035088 0.7690702499999134 0.9298245614035088 0.7690702501191709 0.9288773651315789 0.769736842105317 0.9288773651315789
0 0.7456140352177272 0.9287280701754386 0.7449449088773008 0.9287280701754386 0.7449449090546523 0.927103399122807 0.7456140350877831 0.927103399122807
0 0.741228070491843 0.9276315789473685 0.739380720285908 0.9276315789473685 0.7393807206155998 0.9263932094298246 0.7412280701754526 0.9263932094298246
0 0.7346491228190644 0.9210526315789472 0.7341216918860027 0.9210526315789472 0.7341216919099907 0.9208089331140351 0.7346491228070136 0.9208089331140351
0 0.7083333333620203 0.9374999999999999 0.7077343508771037 0.9374999999999999 0.7077343509345155 0.9369968234649123 0.7083333333332575 0.9369968234649123
0 0.7916713238037119 0.9377434944896353 0.7924347752192489 0.9378378322368401 0.792058290223622 0.9408838113899801 0.791294838815702 0.9407894736842042
0 0.9061903558822451 0.7908674356267801 0.9069821589912408 0.7906433004386006 0.9081803363374092 0.7948752959251488 0.9073885332768441 0.7950994309942612
4 0.977680307017522 0.6535087719450957 0.9776803071125642 0.651932114025408 0.9780701754724532 0.6519321140712595 0.9780701754385746 0.6535087719298117
0 0.9002192984502244 0.8081140350877193 0.8986915777738886 0.8081140350877193 0.8986915779856872 0.8070063070175438 0.9002192982455881 0.8070063070175438
0 0.9002192982926545 0.805921052631579 0.8992831633772767 0.805921052631579 0.8992831634714094 0.8053064342105263 0.9002192982455881 0.8053064342105263
0 0.9024122807023787 0.8070175438596491 0.9023026184210039 0.8070175438596491 0.9023026184223681 0.8069425164473684 0.9024122807016965 0.8069425164473684
0 0.9035087715745931 0.8030579799575002 0.9042780504939856 0.8037198403599903 0.9027578467254216 0.805486421617025 0.9019885679824711 0.8048245614034908
0 0.9002192982649149 0.8048245614035088 0.8997065679825482 0.8048245614035088 0.8997065680209744 0.804364139254386 0.9002192982455881 0.804364139254386
0 0.8991228072875401 0.8048245614035088 0.897355605234452 0.8048245614035088 0.8973556055052541 0.8035758563596491 0.8991228070175339 0.8035758563596491
0 0.9078947369956722 0.7982456140350878 0.9066863793858602 0.7982456140350878 0.9066863796928146 0.7966777324561403 0.907894736842195 0.7966777324561403
0 0.9078947364888563 0.7955875081777315 0.90840232017365 0.7964412265615888 0.9062775085595831 0.797704302136067 0.9057699251692384 0.7968505840082695
0 0.9034093780477406 0.7921267999663271 0.9040943973974436 0.7919339744785466 0.9049203001354726 0.7948674608999545 0.9042352808144187 0.7950602863167044
0 0.7941454809434845 0.9407894738940282 0.7941454814102826 0.9365203549781037 0.7949561403509051 0.9365203552631266 0.7949561403788721 0.9407894736842947
0 0.9035762119870014 0.7949297561464626 0.9030505937382713 0.795135390892293 0.902404789847651 0.7934849833859348 0.9029304078948144 0.7932793486841982
0 0.9026269347226616 0.7970846371635445 0.9019356505052656 0.7972923104538777 0.9011635111594387 0.7947225778280538 0.9018547949560798 0.7945149046052702
0 0.9013157896092707 0.7972068070175438 0.9007602552516119 0.7972068070175438 0.900760255522755 0.7941863377192983 0.9013157894736423 0.7941863377192983
0 0.9010231473142767 0.7960526313368419 0.9005310744769304 0.7963624812111615 0.899350516177833 0.7944879967210018 0.8998425888157726 0.7941781469298236
0 0.8980263157905028 0.7965171041666665 0.8979656195168673 0.7965171041666665 0.8979656195190273 0.7963033980263156 0.8980263157894797 0.7963033980263156
0 0.93530701654106 0.8413682015311976 0.93573128481205 0.8423904095463709 0.9315267672418486 0.8441351190144674 0.9311024996752622 0.8431129115964838
0 0.7946038004386082 0.9232456140350583 0.7946038004422462 0.9231874035005692 0.7949261337730604 0.9231874035164905 0.7949261337719236 0.9232456140483518
0 0.8004692816031138 0.9374802874428192 0.7999868244842219 0.9377902248212818 0.7979841836125843 0.9346736905042543 0.7984666403508527 0.9343637532894993
0 0.8000460831461851 0.9364035088365876 0.800046083337179 0.9335845119681347 0.8004385965246001 0.9335845120613394 0.8004385964911762 0.9364035087719651
0 0.8010259209081596 0.934210526354407 0.8010259210767572 0.9323384779732278 0.801535087752427 0.9323384780701595 0.8015350877193441 0.9342105263157541
0 0.7993421052868825 0.9331140350877193 0.7984835603069769 0.9331140350877193 0.798483560354498 0.9328217741228071 0.799342105263122 0.9328217741228071
0 0.7017543855306485 0.9440604975084645 0.7025530262380926 0.9446095941731407 0.7011348692949468 0.9466716890727149 0.7003362287503023 0.9461225926059237
0 0.7291666667480285 0.9374642203947369 0.7286813814301922 0.9374642203947369 0.7286813815929918 0.9356995537280701 0.7291666666666288 0.9356995537280701
1 0.6722913888536368 0.1804020605577641 0.6867450031127191 0.1905613417872717 0.6731028283418254 0.20996983959392201 0.6586492201461169 0.19981056558738994
1 0.8600292697368559 0.1170851107456252 0.8696282948340013 0.1131566407947171 0.8757798498779721 0.1281875996621876 0.8661808254444168 0.13211606841561013
1 0.8443799550132098 0.14730168982507222 0.853544957302006 0.14528574797769567 0.8569242228710436 0.1606486707972327 0.8477592208154192 0.1626646118997894
1 0.837192381404293 0.15095751507818816 0.8455605677279436 0.1527526620884208 0.8420189409486056 0.16926204205347906 0.8336507548547161 0.16746689578452584
1 0.7883145444505999 0.13598023119955724 0.8066655344962328 0.13710712030559047 0.8048484768054323 0.16669706377462526 0.7864974868421086 0.16557017543859512
1 0.8483543234455055 0.20905516401256427 0.8644226940789395 0.20283953399121113 0.8737142849818156 0.22685940617273212 0.8576459171711122 0.23307503086218664
1 0.8146807761827404 0.22359415107004627 0.8306103245613485 0.21877009649124216 0.8384239094764325 0.2445709791741571 0.822494363079727 0.249395029102975
1 0.8008385646246552 0.23685978615175562 0.81029050219297 0.2342518355263296 0.8150983529683344 0.2516765120165019 0.8056464160922587 0.25428446088558826
1 0.7855156195175823 0.2664473685399132 0.7855156274148385 0.23593907204630882 0.8015350877193441 0.23593908333330796 0.8015350985856458 0.2664473608565469
1 0.7726432494303026 0.23636329138375853 0.7820444894595084 0.24106027777279937 0.7730646637149903 0.25903348708211105 0.7636634260434221 0.2543365042617849
1 0.7562168542560812 0.25036706435709694 0.739849554190755 0.24270073726044047 0.7519206012324275 0.21693001384912647 0.7682878731108076 0.22459633321442565
1 0.7378524050777742 0.19995720104318077 0.753155955429861 0.21007477148438755 0.7350856491131026 0.2374070004450773 0.7197821077344315 0.22728944111746177
1 0.704949970774237 0.09638458319778531 0.7140269868421001 0.09070247149121868 0.72257115104685 0.10435149724523748 0.7134941360577614 0.11003360754746778
1 0.6916574759430887 0.17706844182197054 0.7079376668850728 0.1780793979963334 0.7063698124798066 0.2033274699969047 0.6900896216130832 0.2023165145665989
1 0.6518366844119328 0.19883551069062594 0.6607049486625556 0.20592098501117473 0.6501495129529076 0.2191321156916948 0.6412812521347178 0.21204664518832733
1 0.8545535578581394 0.0880579432212237 0.8626780245255077 0.08534404236066431 0.8669331651256016 0.0980824078668872 0.8588086986983399 0.10079630821164583
1 0.6611842105263158 0.21959993859649124 0.6754385964912281 0.21959993859649124 0.6754385964912281 0.24451754385964913 0.6611842105263158 0.24451754385964913
1 0.6900617843585906 0.2565461862164418 0.6747386512705589 0.25502143474639166 0.6773882993420557 0.22839419078947168 0.6927114022983005 0.22991894074690022
1 0.711072333213906 0.24973710304914537 0.7267769692335833 0.25640688398391404 0.7167712712237062 0.27996575024509823 0.7010666392008034 0.27329597622241164
1 0.7458709154489043 0.3138447668955919 0.7628599598743904 0.317073802377277 0.7580577193489262 0.34233918835302996 0.7410686760946419 0.3391101570302942
1 0.7456756574393921 0.3703007215469858 0.7277489090081417 0.361994906176845 0.7402331798245996 0.335050747807027 0.7581598793909734 0.3433565499579753
1 0.70463827505273 0.34062804148986753 0.7153970914770298 0.344591824626735 0.7100117331194724 0.3592086484595197 0.6992529183875149 0.3552448686191864
1 0.7041068204066505 0.3180267336985035 0.7144407737898746 0.32123895863651897 0.7092511498584599 0.33793379822639297 0.6989171977270416 0.3347215761004978
1 0.6162112097887302 0.3438059804571013 0.6263448355263108 0.34290189802631743 0.6276959332680008 0.35804543948873946 0.6175623076262582 0.3589495211833318
1 0.9230739785908781 0.8878058297834615 0.9303151154942952 0.8889333945014218 0.9287026061859933 0.8992862949299041 0.9214614696534227 0.8981587318205644
1 0.8463226489966473 0.5351001676227342 0.8647186282894381 0.5322314824561373 0.868888310551597 0.5589679441560143 0.850492332747649 0.5618366228484067
1 0.9747807259512911 0.3695175438596492 0.9557710833333886 0.3695175438596492 0.9557711139395906 0.3431669122807018 0.9747807017542982 0.3431669122807018
1 0.9506477459448206 0.3212179390050017 0.9665097823504993 0.3170824421316617 0.9729862860968979 0.3419227878654412 0.9571242517022256 0.3460582793669982
1 0.9441482628640188 0.29573203871474396 0.9595328317041094 0.29122585444003446 0.96667431850085 0.3156069369472982 0.951289751866625 0.3201131158957691
1 0.8599672543859924 0.11184210526312856 0.8599672568770984 0.10022230470131739 0.8684210535361672 0.10022230671384434 0.868421052631561 0.11184210569025714
1 0.8909339478001357 0.04482275046946241 0.9071562412281082 0.04307858881579084 0.909802941653993 0.06769529440548039 0.8935806482827502 0.06943945568626206
4 0.6310351775792924 0.38423563186822807 0.6348684210527153 0.3841687258771922 0.6349762972685085 0.39034899430644504 0.6311430537957676 0.3904159002730862
0 0.4947210118194789 0.965938209435779 0.4936444493630461 0.9663115602504037 0.49081677665924417 0.9581602242459623 0.4918933366228657 0.9577868739034988
0 0.4985217550714651 0.9623451906797857 0.497540547863764 0.9628587736643042 0.4943776485667968 0.9568177074722509 0.49535885416662495 0.9563041250000055
0 0.4969161166295635 0.9566113948803077 0.497691510421987 0.956542425459153 0.49823767417842646 0.9626809924031083 0.4974622803941884 0.9627499617621373
0 0.49615372120172196 0.9566515012575713 0.4968190498061631 0.9562935456472137 0.49951113428949157 0.961295896601221 0.4988458058917331 0.9616538519145181
0 0.49705615947766546 0.9560250720382069 0.49780953868571487 0.9556443228447999 0.5006625633875501 0.9612879552993933 0.4999091844127861 0.9616687041411652
0 0.5019432485977404 0.9611952663507984 0.5010334506612253 0.9615104795079996 0.49914431201898424 0.956059394909443 0.5000541085526038 0.9557441820175583
0 0.5000000000610498 0.9576755646929825 0.4995558628708068 0.9576755646929825 0.49955586299290644 0.9562616425438597 0.5 0.9562616425438597
0 0.5010964912409008 0.9578235219298246 0.5008720153359718 0.9578235219298246 0.5008720153615513 0.9572384385964913 0.5010964912281679 0.9572384385964913
0 0.5103001885037202 0.953767687219803 0.5092352750702958 0.9542108538297998 0.5071916834085641 0.9493015303035137 0.5082565953947551 0.9488583640350858
0 0.5120614037929272 0.9545874791666668 0.5115330312632977 0.9545874791666668 0.5115330318316182 0.9490186315789474 0.5120614035088238 0.9490186315789474
0 0.411280699915892 0.9758259486137019 0.41034609398491284 0.9763223066901714 0.4091325197058495 0.9740378960959013 0.4100671250502046 0.9735415382100807
3 0.4440789473712812 0.6217105263157896 0.4438472785087697 0.6217105263157896 0.44384727851445405 0.6215176710526316 0.444078947368439 0.6215176710526316
0 0.8601656949934977 0.8728070176370822 0.8601656951873338 0.8700476237845145 0.8607456140350678 0.8700476239035402 0.8607456140537124 0.8728070175438574
1 0.9045149819821745 0.12404130547619265 0.9194423497806383 0.11703720285088544 0.9304265296068479 0.1404469209442855 0.91549916409258 0.14745101989809203
0 0.8624749216095324 0.8692517625995198 0.8633119897185679 0.8690015209558791 0.8641148995855019 0.8716866665527774 0.8632778315161431 0.8719369081034268
0 0.8596491228861396 0.8640350877192984 0.859322971491224 0.8640350877192984 0.8593229716495898 0.8612652083333334 0.8596491228070136 0.8612652083333334
0 0.8596491228124705 0.859934441885965 0.8595212554753289 0.859934441885965 0.8595212554862428 0.8594441622807018 0.8596491228070136 0.8594441622807018
0 0.8629147528733938 0.8570601654787867 0.8639053702838737 0.8569315600137845 0.8647989795748572 0.8638132719425073 0.863808362187001 0.8639418772905626
0 0.8662630899123087 0.8607456142423354 0.8662630910534972 0.8556213397065427 0.8673245618338115 0.8556213402103505 0.8673245614035068 0.8607456140350594
0 0.8969298239865111 0.8329249678369334 0.8978973578647356 0.8335388998503046 0.8962463670237639 0.8361402475623856 0.8952788333333501 0.8355263157894586
0 0.9054158388157703 0.8300438596490775 0.9054158389131999 0.8295600306832457 0.9065856030960049 0.829560030903903 0.906585603070198 0.8300438597981984
2 0.03377457431224684 0.6264338409439313 0.03692832620617992 0.6246587975235998 0.043370108835915744 0.6361026464852834 0.04021635855281147 0.637877687663787
2 0.0701754386010407 0.05592105263157894 0.06989397039467349 0.05592105263157894 0.06989397040365475 0.053055871710526316 0.07017543859649322 0.053055871710526316
1 0.9113512122378324 0.1978643500840316 0.9010837087892014 0.20061985609138347 0.8958626549432438 0.18116547915494743 0.9061301469298542 0.17840997478070592
1 0.3118860777859709 0.29723812689174073 0.3288745734648728 0.2901655548245652 0.33951734901586406 0.31572905657633304 0.32252885853131374 0.3228016194728187