3 0.7945660169926896 0.5551259713482786 0.7920640910421071 0.5660258021425716 0.7644773201725457 0.5596941574792526 0.7669792642543598 0.5487943530701522
3 0.3389237905603295 0.036721123185336324 0.3471136809843074 0.04520562131445917 0.32218296033124716 0.06927064812990483 0.3139930723684756 0.060786152412307025
3 0.1278966787281206 0.023026315789444352 0.12789667969752827 0.00500985727118115 0.139254386495395 0.00500985794159688 0.13925438596493223 0.023026316033802376
3 0.19623978400170472 0.13012515025546892 0.20083513301142375 0.1485310449334341 0.18942465064571934 0.15137984726959416 0.18482930701759415 0.13297395723682928
3 0.7915410656736412 0.5247754765452038 0.7931125659893041 0.5360609176451578 0.7652054337332856 0.5399466145310002 0.7636339620548824 0.5286611992466124
3 0.16874202401015737 0.1685089800318501 0.17439731712249795 0.16033430095826842 0.19110147229093855 0.17189023754307106 0.18544618400892432 0.18006491230131874
3 0.08308871135045592 0.03282814465094255 0.10505594484641279 0.03975649851859619 0.10168912034350797 0.05043144109623524 0.07972188706128236 0.043503087719282546
3 0.13543354619673664 0.049133772474296226 0.12559607091259295 0.0463129231425903 0.13171379433140373 0.02497789049786995 0.14155126734135592 0.027798739487034808
3 0.14345453900102711 0.01149362403158381 0.15752148348622086 0.009766421071680175 0.16048985244265168 0.03394185235062039 0.1464229079880397 0.03566905516539284
3 0.15909139637528824 0.05211077144984926 0.14973684741812576 0.05618203730682297 0.14213752631576426 0.038721083333337146 0.15149207309377744 0.034649818022068866
3 0.1223603174944401 0.051906192509474786 0.13480135609381705 0.04762240567788834 0.1416114250789633 0.06740029190567705 0.1291703868661216 0.07168407791891132
3 0.11263231297505172 0.0582753306630171 0.11497809445882012 0.06791075122486155 0.08938107566393683 0.07414243443809797 0.08703529714910019 0.06450701644739613
3 0.15794235306475457 0.1312729815874884 0.1449381107785257 0.13354610155978996 0.1402785265413513 0.10688926122028938 0.15328275617946474 0.10461614238682496
3 0.14292825718541735 0.07993043688369908 0.15521946363560346 0.07937073485399551 0.156345536655067 0.10409953970446695 0.14405433021374847 0.1046592415388909
3 0.14685862842850383 0.05585858082652238 0.15678775908043008 0.0585171585230901 0.15135645520092567 0.07880170923262753 0.14142732476648234 0.07614313210895031
3 0.15657962189857244 0.1377785529214758 0.16674372209229205 0.13703014169266975 0.16787574877764655 0.15240399032165458 0.1577116486118939 0.15315240129534982
3 0.15241228400259388 0.14912280701754385 0.14200878289477714 0.14912280701754385 0.14200878664826178 0.13336277521929824 0.15241228070169655 0.13336277521929824
3 0.09516127088147641 0.10540312871663723 0.09368649008820285 0.09655749206629173 0.11958640355294392 0.09223936163998596 0.12106118712938496 0.10108499480016542
3 0.8884767839912229 0.46710526315793444 0.8884768126367817 0.4582658661695792 0.9188596588362543 0.45826594215043254 0.9188596491227372 0.46710532019999157