3 0.878157393167271 0.6329966052651365 0.9053160434842766 0.6397566091175946 0.8885587710436766 0.7070707269396854 0.8614001379811498 0.7003107709444706
3 0.2821252035495263 0.2541855885894502 0.286775631578962 0.21548821600874646 0.3850365656703616 0.22729635133583617 0.38038629196182683 0.26599358334681095
0 0.576940134065012 0.4748554909118167 0.5988112927631164 0.43939393969296503 0.7187497728214112 0.513361345122472 0.6968790453613565 0.5488225193883924
0 0.5633648195820342 0.5090761668960363 0.580980683114035 0.481481481359603 0.6907204926194481 0.5515310271569298 0.6731049593837497 0.5791254223751567
0 0.5261872026585479 0.5361917186028522 0.5453194649122679 0.5067340065789427 0.668462418874924 0.5867054682391066 0.6493305765685591 0.6161628101181841
0 0.5040841164667427 0.5722573264797421 0.523031203947312 0.5420875416666764 0.6519324201472045 0.6230305886782675 0.6329858095599548 0.6531999554514888
0 0.4830496250392571 0.6060438703783974 0.5022288256578804 0.5740740745614444 0.6313620600787999 0.6515337828961352 0.6121833897038869 0.6835031171556589
0 0.11755139433319073 0.6063601330895646 0.270609418269828 0.6247794212136407 0.26597325438592634 0.6632996633771885 0.11291524056787239 0.6448804440305336
0 0.4703206494978076 0.6451777324611875 0.48736998464914905 0.6161616162280716 0.6099157960352386 0.6881574033457389 0.5928669438206953 0.7171731003465728
0 0.4523620708728231 0.6810463565755052 0.472511143640304 0.6498316502192856 0.5936988944804398 0.7280464184629885 0.5735503705840301 0.7592606415483825
0 0.4305171196493802 0.7159084244234548 0.45022288267546173 0.6835016831140471 0.5769107307247623 0.7605246556521789 0.5572055877121329 0.7929308561789343
0 0.41233990931743847 0.7501478512609409 0.4323922730263803 0.7171717171052466 0.5609125128041796 0.7953089119559 0.5408608188328117 0.8282844619569824
0 0.3937705623322927 0.7842721241951545 0.41307577960526487 0.7525252521930152 0.5408488261248294 0.830208284983912 0.5215442786792437 0.8619545727706844
0 0.37349430916572146 0.8232783253967764 0.39524517105269297 0.7878787883771668 0.5239777788907531 0.866959877192266 0.5022277055837776 0.9023587253556961
0 0.35397276571745806 0.8601396102758144 0.37592867763157756 0.8249158245613566 0.5004087027613195 0.9024891065372868 0.4784535832509391 0.9377121985084605
0 0.19937797911143207 0.8118128917776619 0.1946508168858827 0.8535353530701272 0.07253825206964848 0.8397016153958565 0.07726597368423427 0.7979797982455732
3 0.28826150557915753 0.008417504890815542 0.31470006443123566 0.018918278670304125 0.28677563527378425 0.0892255902832871 0.2603370802360132 0.07872482231765915
3 0.2986626752231132 0.09764308808060097 0.32360493357111864 0.10589844156533491 0.3001486057735292 0.1767676821477278 0.2752063534428544 0.16851234154142325
3 0.22288261513165253 0.3181818179824775 0.228975057411958 0.2892804615634861 0.29286793636822495 0.3027487308811576 0.2867755964242633 0.3316499979096
3 0.025259903743972245 0.46969691960540605 0.05042831800051317 0.4796339664059377 0.023774145833385774 0.5471380471491337 -0.0013942380423941358 0.5372010561783667
3 0.7158871719058197 0.3329352604890154 0.7369985142544238 0.2996632993421229 0.8145731053458576 0.3488833416243771 0.7934619438821073 0.3821551439285522
3 0.748885586622805 0.2676767675438841 0.7723779009983218 0.23381123273827548 0.8451859387151899 0.2843166141139421 0.8216937660019994 0.3181820225293032
3 0.6136700852882768 0.047138029016819315 0.6530861806114672 0.061879174571128175 0.6151560175438817 0.16329966337721089 0.5757399352894481 0.14855854336085006
3 0.6047548419039686 0.050505014497946206 0.5702095584678091 0.14633128373614415 0.537520074470649 0.13454676085104086 0.5720653793860038 0.03872053837722534
3 0.5363783929922192 0.1347543362176169 0.5022288256578804 0.12289562280701201 0.5379159052270097 0.020127838079631373 0.5720653918859853 0.031986536138981864
3 0.5324536117753951 0.025444018524831812 0.49609981048706686 0.12170324073322043 0.4680534923245432 0.11111111074559926 0.5044073063336327 0.014851918528060669
3 0.4633420820005085 0.11018558114855875 0.4309063892543463 0.09932659978068582 0.4638496586775318 0.0009255434188506427 0.49628529904418883 0.011784515265465681
0 0.7709771758585475 0.4137196591461554 0.7473997028508848 0.4478114473684086 0.6287257242015585 0.36574132765532325 0.6523031206140786 0.33164983114033