3 0.7478070132075345 0.6603027251328195 0.7490250203574078 0.6694435769227844 0.7331678196730991 0.6715562240045602 0.7319498289473358 0.6624153870613878
0 0.24696743060337667 0.6317862274165547 0.23862713415712733 0.638169230686951 0.20704917727709926 0.5969129288675686 0.21538941885967233 0.590529957236858
0 0.24298971948894632 0.5882171970252865 0.253060715489255 0.584251057389978 0.2724447765754121 0.6334663988681337 0.26237379112274084 0.6374325189186398
0 0.26369368809264415 0.5853667443042515 0.2745500927649118 0.5837448759194066 0.2823465496685458 0.6359266891351987 0.27149014675001126 0.6375485495315356
0 0.27585289276362346 0.5851582161480627 0.2863727736906867 0.5825485828178188 0.2986441918933451 0.6320112841751004 0.2881243153746027 0.6346209051331435
0 0.30085437310356156 0.5861497969803532 0.3129521620844571 0.5807406113476351 0.334212917667287 0.6282856212965928 0.3221151444337238 0.6336947808233264
0 0.3462629011858098 0.6293614181262988 0.33680940121928415 0.6328951205158568 0.31866795022165206 0.5843678441155468 0.3281213673245702 0.5808341589912218
0 0.3342583871761917 0.5790992915817834 0.3455079582737426 0.5759845788092341 0.3599542429179792 0.6281552853574235 0.34870467796213234 0.631269982572445
0 0.39436743702719923 0.6237631910252149 0.38402934377108977 0.6286603517171706 0.3612610596288732 0.5806009652342716 0.3715990657894963 0.5757038289473498
0 0.4158633366257618 0.6167829235900586 0.40719251667883327 0.6247081472714637 0.371781488765464 0.5859699600678211 0.3804522609649439 0.5780447752192733
0 0.21029761749855425 0.5116083993067567 0.22056325148810174 0.5102169371180493 0.22754537494654414 0.5617237276642064 0.21727974213524703 0.5631151839185232
0 0.2922722404969136 0.5536166767893769 0.28201859156263254 0.5573536535592714 0.2640262165276681 0.5079897653215439 0.2742797850877423 0.5042528048245525
0 0.3112673774593304 0.548587809624226 0.3025911608971228 0.5544600150226894 0.2732544466221043 0.5111185706962983 0.28193060964918004 0.505246390350855
0 0.3364815039850555 0.55130247206399 0.3265754503665903 0.5556926009142739 0.30315724134129596 0.5028553689269111 0.3130632138157807 0.4984652609648963
0 0.3944150340496435 0.5474841922931478 0.38350418661207186 0.5514893106831926 0.36384737004289036 0.497944158930693 0.37475812609648074 0.49393905921053716
0 0.503534898348903 0.534191568554771 0.49413663104405714 0.5410524414931362 0.4616337526173311 0.49653245877814783 0.4710319627192803 0.4896716162280504
0 0.5145169760490944 0.537597921517459 0.5050641619875478 0.542079284550625 0.48030651214207865 0.48986067558984797 0.4897592521930392 0.48537933333332445
0 0.528996525569255 0.5374928490617067 0.519346522182218 0.5413561300835497 0.49968972912665777 0.4922598446451813 0.5093396600876758 0.4883965800438601
0 0.5810404297056948 0.5301031980673439 0.5718944923245317 0.5381166271930008 0.536269398216632 0.4974600219675082 0.5454152894736808 0.48944662719301596
0 0.5880937805951589 0.5343066570080337 0.5762652998612339 0.53864244597257 0.5577541635277612 0.4881461543523463 0.5695825537280825 0.48381038377192187
0 0.43939303523279705 0.12747549983469805 0.44720433865109044 0.12052988195405727 0.4852874802537599 0.16335935028643306 0.47747618519940715 0.17030495929594883
0 0.46558375150982556 0.1175448205904404 0.47734201012474387 0.11455812981448213 0.491207827347921 0.1691459437765129 0.47944957004961 0.17213263084567113
0 0.5319876745776355 0.15997488259759818 0.5227912055809156 0.167046144626868 0.488833422962216 0.1228829172368938 0.49802987609655247 0.11581166447367056
0 0.5037631573320596 0.125588285888382 0.5112250348752241 0.11708700076877247 0.5551214921241581 0.15561623149688752 0.5476596255651884 0.1641175059766974
0 0.5347597933601946 0.11085100366624809 0.5455256654794312 0.10852817181115865 0.5576167517914428 0.16456769236387953 0.5468508805347483 0.1668905213665553
0 0.6163014511687379 0.16109534600253173 0.6040058347056174 0.1676279921266948 0.5763458008988209 0.11556713382867219 0.5886413903508583 0.10903449671050924
0 0.6311106068491199 0.16184391564844103 0.6205378179832906 0.16570161975954864 0.6009639747827578 0.11205599646554285 0.6115367401315552 0.10819829714912926
0 0.617725915904316 0.11211494916856382 0.6284626754493274 0.10748241946412358 0.651002230450672 0.15972180336726002 0.6402654740227263 0.16435432753128845
0 0.6682956838814107 0.15937042780111899 0.657243529163793 0.16440847798527788 0.6332276887497983 0.11172435056157543 0.6442798190789745 0.10668630701754965
0 0.2282997135075675 0.5907476812274657 0.23849973787548606 0.5873356589674948 0.2551617669419102 0.637140103387318 0.24496175046147073 0.6405521088270247
0 0.5201137735620023 0.7396728955102799 0.5100942053197741 0.7353173550615651 0.5406448782895268 0.6650490416666746 0.5506643016576618 0.6694045458151577
0 0.7271329788700314 0.15951488452828252 0.7160138576836061 0.1661278989585094 0.6848921386747406 0.11380014264691901 0.6960112372122467 0.10718713693969643
0 0.5024436721431584 0.6683905670400877 0.5137003639603108 0.6730501307899792 0.483694072653293 0.7455291668861501 0.4724374030714671 0.7408696426168073
0 0.15401373303382115 0.4467715768018337 0.15250792412984993 0.4590839581954003 0.10599580372797845 0.45339579166666055 0.1075016463959173 0.4410834503371754
0 0.08881582053470538 0.46271929824561403 0.04007233223683215 0.46271929824561403 0.040072363589615634 0.4535466973684211 0.08881578947364233 0.4535466973684211
0 0.04344260237917297 0.48457445381329456 0.04190729238314361 0.4724753541734419 0.08662280701753389 0.46680155043862703 0.08815815054970244 0.4789006102613663
0 0.051320160204682 0.508532948825925 0.04633313295255448 0.49614765810142947 0.09175051859836003 0.4778613119519394 0.09673756308984593 0.4902465574838212
0 0.09371837779121961 0.49838012656593256 0.09641167856591437 0.5093860234811313 0.047349433752515324 0.5213911961118002 0.04465618296978846 0.5103853423898091
0 0.09341137902754326 0.5138288334978872 0.09806229941170841 0.526159627466273 0.04999246311706429 0.544288913884556 0.045341602921553203 0.5319581709141843
0 0.09611484162769557 0.5473375595432372 0.09358351173909796 0.5602730288189155 0.04928152840500388 0.5516043408820598 0.05181289473682682 0.5386689210526364
0 0.09337681373858686 0.5551483847094455 0.09833231561390221 0.5663709547279714 0.05099305950852795 0.5872721552541681 0.04603761718885835 0.5760496358022165
0 0.09524741582436036 0.6655888424419951 0.09194949427421761 0.6536741286789297 0.13795314777496515 0.6409421624526004 0.14125110411976038 0.6528568198251793
0 0.1403509510813592 0.6765350877192983 0.07121988256767509 0.6765350877192983 0.0712199636383275 0.665586201754386 0.14035087719298645 0.665586201754386
0 0.14144736487912724 0.680371218002522 0.14152320122082074 0.6918319837708107 0.07298985123475177 0.6922851644847017 0.07291409758772716 0.6808244813596935
0 0.07349336610798218 0.7118951406200228 0.07265835389659969 0.7005799039145313 0.14035087719298645 0.6955850866228078 0.14118596498940406 0.7069002406137965
0 0.14262314540314946 0.7143118206013415 0.14241813635192102 0.7263924762840824 0.09446524671272982 0.7255787046123516 0.09467031820429384 0.7134981126940181
0 0.07433971133241357 0.7438244388579698 0.07341743803112877 0.733516486735731 0.14473684210520332 0.7271362609648774 0.14565918966309255 0.7374441297649855
0 0.14637716848892524 0.7650752823907273 0.145774094835474 0.7763242573688545 0.09691362148623739 0.7737050907703489 0.09751675592463016 0.762456180428308
0 0.2984021336346814 0.6986175572398758 0.30525420708988804 0.7060503183782837 0.24856867573964792 0.7582987340581685 0.24171666801271385 0.7508660365715147
0 0.2980796913515178 0.689166602550695 0.30828291185525813 0.6926255250440354 0.2836208982116659 0.7653626686273037 0.27341769178701725 0.7619037755837768
0 0.33508962995381353 0.695988100564133 0.3424301150081419 0.7046513082451465 0.2833849575615659 0.7546731504026001 0.27604455132347994 0.7460100168744537
0 0.3321227489695957 0.6856304734103662 0.3424274975042181 0.6884531506836762 0.32203276007533077 0.7628965582472774 0.3117280210324225 0.7600739050302544
0 0.3497477291822406 0.6819710276167578 0.360172434590595 0.6840595925377381 0.34505200837929806 0.7595189081642251 0.33462730815881514 0.7574303608556353
0 0.3723607084100422 0.6813900548319047 0.3825912943959793 0.6849417276922959 0.357702264457771 0.756623437362929 0.347471692906538 0.7530717940347117
0 0.4094386923048887 0.6896548244210419 0.41676234193437267 0.6993941823032077 0.35412845080077204 0.7464850695645397 0.34680489301922535 0.7367457952303276
0 0.4143978258620109 0.67928991045671 0.4249365523855886 0.6853505390984326 0.38643224344968985 0.7522946930677878 0.3758935542140307 0.7462341154724365
0 0.44350648418480887 0.684112665569529 0.45132406331470065 0.6932104411511624 0.3922420782956806 0.7439706838723356 0.3844245808022606 0.7348729854411955
0 0.44805834739202055 0.6742434695177011 0.4582994824304478 0.6791286987994671 0.4243755629614725 0.7502341632982198 0.41413445449984465 0.7453489758075369
0 0.4330046255403204 0.7406249759031767 0.425504481536791 0.7339365774457163 0.4763424133089984 0.6769374963441507 0.48384248593731627 0.6836258395530602
0 0.4926622582869413 0.6748077811970176 0.5022614846732267 0.6822375744296103 0.45551937131676823 0.7426187398318168 0.4459201990415522 0.735189007878737
0 0.6893620030959937 0.15259332735924835 0.6795057051367621 0.15908595422366456 0.6492968093909894 0.11322681961333492 0.6591530899123654 0.10673420065787118
0 0.7508971007546279 0.15210947581721873 0.7411850328102219 0.1617892325814211 0.7000661867588178 0.12053335753326706 0.7097782423245462 0.11085361293862096
3 0.8328109945175584 0.22653718421050442 0.8412139464638813 0.22298222635469842 0.8501160447732445 0.24402401486546538 0.8417130944927749 0.2475789698062583
3 0.3190051494104864 0.18129022244511428 0.3363392308226594 0.18434665496412864 0.3341910065629463 0.19652984261309 0.3168569254386284 0.19347341118421102
3 0.2982456173548371 0.14802631578947367 0.28915143702374735 0.14802631578947367 0.28915144123425307 0.12843472258771932 0.2982456140350678 0.12843472258771932
3 0.29899615570172955 0.14802631578942432 0.2989961625509068 0.12838246730785288 0.3092105289410938 0.1283824717720658 0.30921052631583734 0.14802631603979824
3 0.3105080910087281 0.14802631591986778 0.3105080967085314 0.12798394948142783 0.31907894945641146 0.12798395296375933 0.319078947368439 0.14802631578946004
3 0.40358401715468517 0.12655099142155274 0.4061220186403034 0.13754420033991777 0.38733893229857586 0.14188062034744958 0.38480093580426455 0.1308874157524603
3 0.4267682827179442 0.13691386455931334 0.408397122048882 0.1375553973166866 0.4080646062739106 0.12803328044058715 0.42643575986846827 0.12739174780701767
3 0.401343357757014 0.14075615201357913 0.40533780152622967 0.15235676266488057 0.3874472324094995 0.15851698150429488 0.3834527945202808 0.1469163758383179
3 0.4056874670700381 0.16564154000758186 0.3869593134027127 0.1703109549928122 0.3839739002193028 0.15833709320174935 0.40270204290686706 0.15366767965636938
3 0.4265350918893773 0.16337719298245615 0.4074843753477353 0.16337719298245615 0.40748437987838315 0.15394259210526318 0.42653508771923043 0.15394259210526318
3 0.4103867101666765 0.1689237091322963 0.40841749515391257 0.18009164389840865 0.38683121747988025 0.1762854140405767 0.38880043749998094 0.16511748574561957
3 0.40999090464617893 0.18608253622893586 0.41171265570176274 0.17383180043861785 0.4315773001673051 0.1766236025836784 0.4298555566875848 0.188874331505138
3 0.3905531414472989 0.19254710745615608 0.40637437694010714 0.1877101245979423 0.40960517052667456 0.1982775728540702 0.3937839357174653 0.20311455412006565
3 0.40889247336735934 0.1990292917703305 0.4110227667806612 0.2110402340160305 0.3919907993962397 0.2144157419441082 0.38986051425433743 0.2024048070175523
3 0.41064236091756356 0.2080436403525844 0.41318509868415276 0.19801350328952524 0.4289211788218381 0.20200270120135094 0.42637844695764215 0.2120328331828746
3 0.430875988986827 0.20902671443737936 0.4321378784859462 0.22031475462915395 0.4164040870327881 0.2220736023064151 0.4151422039473118 0.21078556798245202
3 0.4108883032153017 0.21484933569869585 0.40994755495603385 0.2252309991171179 0.389577114745407 0.22338512100996738 0.39051786937216093 0.21300346466806325
3 0.41545018970396086 0.219951078689449 0.4292519452923216 0.22323049963989372 0.426534982347448 0.23466491724233707 0.412733227223157 0.2313854976289227
3 0.39410096876997613 0.23065958547778945 0.41437844301105997 0.23252243395097755 0.41324356075381274 0.24487564039840398 0.39296608662277777 0.24301279276315468
3 0.4140249240645062 0.2570825309151501 0.41164614288527446 0.24496180029303327 0.4317585401578299 0.24101466732962684 0.43413732839769636 0.2531353885507485
3 0.47872371710525385 0.2443813146930032 0.4868585929419851 0.2407844385111276 0.49585892096388307 0.2611396440664478 0.4877240469628532 0.26473651715894986
3 0.5162187118258998 0.24423620627629924 0.5242787680734864 0.24609697935223857 0.5196577914850877 0.26611264007899305 0.5115977357303336 0.2642518684873417
3 0.5413513318686682 0.23965427082646842 0.550873580703751 0.23983183832735222 0.5504369224322545 0.26324766617496204 0.5409146736016055 0.2630700988338585
3 0.16809242135627755 0.32298361326161706 0.18746927975337258 0.32230698105791533 0.18773916554005154 0.33003550808632526 0.16836230715466627 0.33071214003005167
3 0.051693733253159735 0.3284634659625599 0.0540533539185617 0.3385115409330548 0.027649669203810845 0.3447117638007065 0.025290064692967462 0.33466370285087815
3 0.07440438783714853 0.3339754757749292 0.07292421679585459 0.3412934913143115 0.056526538007574345 0.33797693695530956 0.05800671366921506 0.33065892769670885
3 0.7395102357805854 0.0750555728905944 0.7428039129191575 0.08363137624692475 0.7282848285772161 0.08920765375723265 0.7249911534107696 0.0806318520737713
3 0.8155230125081516 0.22504183201273623 0.8238146154184278 0.2261059719205534 0.8213184163606684 0.2455556227141764 0.8130268135964798 0.24449148355263314
3 0.8204047606737959 0.22484508781051196 0.8275568916177463 0.22288028912565067 0.8327752305976901 0.24187543544082155 0.8256231001937522 0.2438402327497833
3 0.3471231039159193 0.17217534425314193 0.343569472955096 0.16362393724600766 0.3592712105263445 0.15709896052634445 0.3628248427635299 0.16565036390210439
3 0.34052377999512373 0.19892813847329555 0.3372081929799151 0.2097728356219186 0.3178711153581162 0.2038609096722578 0.3211867061403382 0.19301621929820562
0 0.7603733833443584 0.15901683437489003 0.7484960044605486 0.16420117296156395 0.7248000209552856 0.1099137055085491 0.7366773728069802 0.10472937390352326
3 0.325357668797551 0.20462442512814272 0.3413212145194393 0.20890178576829865 0.33838615365800706 0.21985558165796798 0.3224226085526425 0.2155782225877241
0 0.7860538814139773 0.1476572166030785 0.7780204448055201 0.15608828494464122 0.7362345654950104 0.11627335038771981 0.7442679923245805 0.10784229276316007
0 0.8200865056007842 0.15547179525301114 0.8100142791970484 0.16123666952568666 0.780199310938201 0.10914507927633159 0.790271516447433 0.1033802127192849
3 0.16756645366547218 0.1380668681545694 0.1761309199561083 0.13120096271931944 0.18797600065693132 0.14597631793428872 0.17941153689594103 0.15284222054574015
3 0.18370312774027298 0.13668699605667617 0.19202106140357955 0.13187990460525292 0.1994297987957907 0.14469951229594072 0.19111186624547827 0.14950660222002485
3 0.19499623800868449 0.13877768506192273 0.2036639067981696 0.13212732236845026 0.21573191694551497 0.1478559210632508 0.20706425070227397 0.1545062808617441
3 0.2294241450380241 0.14624506138508617 0.22229603637811124 0.15524187653011304 0.20311602326523825 0.14004578828418915 0.2102441293859556 0.13104897807019705
3 0.22281911299114654 0.26396253368455436 0.23571499671049878 0.26454067214912036 0.2347187488152258 0.28676234845162724 0.22182286513157123 0.28618421052631626
3 0.23569731529300952 0.2630414136477577 0.2471436018447548 0.2648281990131109 0.24331024938805967 0.28938439353704615 0.2318639632653685 0.2875976100389298
3 0.24824244435797027 0.26248611201917715 0.25735775002681294 0.2646430907510009 0.25285521506339137 0.2836701959070588 0.24373990999333728 0.28151321892785147
3 0.26010029490873876 0.2612497212530747 0.26830878575572115 0.2640760669190872 0.2617296058016336 0.28318340126900515 0.2535211160987956 0.2803570579684483
3 0.2647087566239179 0.26303265930500536 0.2749598302972345 0.26231585053889267 0.27639310623317215 0.2828126581064955 0.2661420326218149 0.28352946626156195
3 0.2733063249015686 0.26302410317184977 0.2784441293860027 0.25269800219300015 0.2968196898912083 0.2618406642667589 0.2916818953154916 0.27216675678047086
3 0.27245441528157244 0.23731528084124873 0.28004822697369036 0.2277676217105079 0.2952528208119247 0.2398605175307442 0.28765901640326774 0.24940816991747974
3 0.08534705776139617 0.5870853296593218 0.09827963841451037 0.5886282221715018 0.09427913241972874 0.6221569228049125 0.081346552631544 0.6206140350877143
3 0.0928586787047152 0.5890350971851754 0.10317011568611179 0.5873955411576205 0.10823087737389869 0.6192200125661581 0.09791944152811993 0.6208595637314177
3 0.11050288235594508 0.6230468727890034 0.10025181113951476 0.5868016549802602 0.11191253773426979 0.5835040898511541 0.12216363329605429 0.6197492669309455
3 0.11574055868186406 0.5857025008052071 0.12676591437252682 0.5846413982883183 0.13014700392773193 0.619768677030665 0.11912164872956055 0.620829776104946
3 0.12338177978733711 0.5890420833373027 0.13366832675444584 0.5849328442982249 0.14617638468121186 0.6162405046721624 0.13588984469618026 0.6203497309722897
3 0.34718182699691624 0.2681590972501198 0.3509957189821762 0.2564214368836253 0.36829879607739713 0.26204356671738105 0.36448491421458584 0.27378121848329706
3 0.3930755839436415 0.2708324220893881 0.38935161738152146 0.26123657198059175 0.4069924747807363 0.25439063377196663 0.41071644427790943 0.26398647660157704
3 0.3656807164932161 0.250280971183889 0.36336159709719595 0.26032602792305476 0.34634590480322913 0.2563976547547237 0.34866502888166906 0.24635260478717913
3 0.3384426611415847 0.2389453598341201 0.3410723258263033 0.2500017106668265 0.32405870564014094 0.2540481801963338 0.32142904934210037 0.24299183662281906
3 0.3202309258862215 0.22976807033265775 0.3375985024574675 0.22794268406617163 0.3387763580556111 0.23914916724472823 0.3214087815958919 0.24097455277696797
3 0.322412336939351 0.2161454405950121 0.33935685500614454 0.22037011904240808 0.33662075833478866 0.23134400314338066 0.31967624086644264 0.22711932632749762
3 0.3455287413264614 0.2340469680577558 0.34872681907893366 0.22206383442978844 0.36776457111363925 0.22714457661266754 0.36456650303591687 0.23912770192184848
3 0.34782882847287055 0.22591129089137507 0.346377358417044 0.21674716828209498 0.3640350877193441 0.2139504682017737 0.36548656218042197 0.2231145852860153
3 0.3618421096293787 0.21162280701754382 0.3447242797060426 0.21162280701754382 0.34472428432388824 0.20332457675438598 0.361842105263122 0.20332457675438598
0 0.10758694277308223 0.40451975735780343 0.10654071355645556 0.3932100490802219 0.1519019175171934 0.3890139510105083 0.15294817464371135 0.4003236284614561