3 0.8762458266645581 0.5475064879907464 0.8840126922148102 0.5482692589065383 0.8812477271181933 0.5764206638073532 0.8734808618421539 0.575657894736842
0 0.6013122393593449 0.7423138819787278 0.6088652138157613 0.7287973804824452 0.6422546913945553 0.7474521319137233 0.6347017848054293 0.760968574834307
0 0.3500520963817735 0.32864818952404284 0.35700392105263745 0.31460582456143155 0.39780446871463937 0.3348038800995665 0.39085268172607357 0.34884621289096857
0 0.353317561633844 0.3557846047553895 0.35611485635968165 0.3396278541666461 0.3996604362141625 0.3471667906943124 0.39686318468147874 0.3633235030776488
0 0.3085651710447337 0.3899022717811843 0.30092439849590846 0.37942587332461725 0.34495857918261663 0.34731167140365143 0.3525993404142582 0.35778803765421746
0 0.40480187398679846 0.3846778598061548 0.4034273895340448 0.4000319104519284 0.360811124078964 0.3962170452707732 0.3621856436403732 0.38086303399119736
0 0.3411119853620903 0.3785838425100112 0.35203710492601203 0.3850340998036097 0.3239380512020489 0.43262448881394944 0.3130129481133963 0.4261742535957788
0 0.3296778210750517 0.45200668148592216 0.317962364277264 0.445721247675031 0.34297628103206534 0.39910038739153925 0.3546916722689275 0.4053857995476717
0 0.34449963956171814 0.4184974421896836 0.3567903317591572 0.42440882035223393 0.33331454198287247 0.4732157851589329 0.3210238637703924 0.46730442878581896
0 0.36871511993842887 0.43470371260239443 0.3692168640351383 0.4192018146930173 0.40947029407902846 0.42050458263048235 0.4089685919590238 0.4360064397094905
0 0.3379651114718172 0.5147799651093864 0.3256229614453332 0.5096226739596662 0.34657649296980253 0.4594816769439013 0.35891855503518855 0.46463894718232013
0 0.3778034588465289 0.4934210419811555 0.37780353728066984 0.47779465131574234 0.4221491499803278 0.47779481071557933 0.42214912280689987 0.49342115046333107
0 0.3395352036516215 0.5321907230002437 0.3284342205811299 0.52531429358673 0.357056938278447 0.4791108830656448 0.3681578503684477 0.4859872835800287
0 0.42697137985135214 0.5062097591070844 0.4216198736221486 0.5209529522859958 0.3793232592821596 0.5056012060247697 0.3846747883771968 0.49085806469294235
0 0.3833778628059008 0.5193743687336055 0.39084777543973814 0.5054813055466855 0.4306652060373608 0.5268882282736881 0.42319535154319965 0.5407812414992812
0 0.36350490604763763 0.5128541004204671 0.37484479548402305 0.5186057657417201 0.35065939670528223 0.5662851088317555 0.3393195241516196 0.5605334688206733
0 0.3782444714635176 0.5575695979680175 0.38696491047267045 0.5681946385698252 0.345664652374694 0.6020880367616296 0.3369442672673131 0.5914630463914693
0 0.3910419719552465 0.5617887683761407 0.39812847258770034 0.5465785274122406 0.4379093983743587 0.5651107676195999 0.43082296496527306 0.5803209513984764
0 0.35089743943603935 0.6218543817987634 0.34195651561537943 0.611822407845919 0.3818017639773643 0.5763145196052992 0.39074265218550863 0.58634644504745
0 0.39474087033931937 0.5830543461317635 0.3996871074560886 0.5680132510965265 0.44190493475207404 0.5818950210105744 0.43695876728304484 0.5969360569033251
0 0.3840909894149718 0.6107142564737539 0.39508974089676485 0.6186393222198185 0.3629270489134342 0.663270588730694 0.3519283332091163 0.6553455652699853
0 0.40443532459346443 0.599689359571504 0.41148479714911446 0.5871050515351184 0.45068331784568727 0.6090607883732181 0.44363390549574433 0.6216450444074251
0 0.4472521570152139 0.6155543472563496 0.44513167210732263 0.6296774635432097 0.40037303285623693 0.6229579731355096 0.40249356688593707 0.6088349177632092
0 0.31083461028526926 0.37527217941412705 0.3002219550918426 0.3669739930208092 0.33311290397625726 0.32491099005105095 0.3437255195249236 0.3332091526577815
0 0.518899664346236 0.5233980958804025 0.5074578310072866 0.5175044504880766 0.5316974166162254 0.4704498102588086 0.5431391739530227 0.4763434319252175
0 0.553790312115666 0.47606091860230404 0.5593702489035195 0.46141409210531076 0.5979573356974015 0.4761133992796743 0.5923774505557731 0.4907601820414253
0 0.5658288438413592 0.6061464108533239 0.5754150830141498 0.6172877126522511 0.5339545639010339 0.652956936533058 0.5243683865882076 0.6418156932440324
0 0.641164226439173 0.704254190245511 0.6403296566649033 0.7185656500815238 0.5948932606493145 0.7159163130374142 0.5957278963916224 0.7016049238623738
0 0.5482949794662773 0.7303663772224118 0.5397322736395154 0.7213816672266786 0.5792294014980826 0.6837454790387507 0.5877920604381188 0.6927301361307071
0 0.5529589777038382 0.7154225861184048 0.5415875345870518 0.7098941653197158 0.5650302965298124 0.6616818355139332 0.5764016315137042 0.66721022509727
0 0.5915157585178576 0.6937178288025609 0.5934710307017212 0.678037485745639 0.6366082065831051 0.6834156762931737 0.6346530132146881 0.6990959477750983
0 0.5834548630259633 0.6589912211729587 0.5834549802631273 0.6426117971491155 0.6293860075398925 0.6426120414296771 0.6293859649118758 0.6589913911344405
0 0.5473588887513188 0.69643542584897 0.5365998374254559 0.6905268015055522 0.5624578448586135 0.6434484124436086 0.573216801667968 0.6493570046400345
0 0.5384174513700373 0.6730588167397014 0.5289392424033394 0.6641671384766809 0.5660682379385662 0.6245941184210362 0.5755463914933898 0.6334857488732425
0 0.5808765834149199 0.6354287939528527 0.5838981151315465 0.6202458739035581 0.6281376479327037 0.6290487922741165 0.6251161914908607 0.6442316463746933
0 0.6237748477094556 0.604839597547601 0.6240391719837817 0.6203261079836263 0.5786854823305703 0.6211000134763224 0.5784212247807545 0.6056135690789327
0 0.5512034260649443 0.5837840176919754 0.5620799914423742 0.5893005425104001 0.5369535505542444 0.6388350835452089 0.5260770042524427 0.6333185873015283
0 0.5532754422736161 0.49961885930969463 0.5557928103070253 0.48549714802636124 0.5986907391539944 0.49314361195777096 0.596173423787036 0.5072652767117143
0 0.5583590863794825 0.5721324066653702 0.5661776852136882 0.5820240779360123 0.5236999599234196 0.615595743673095 0.5158814137099625 0.6057041209039461
0 0.5733854253899153 0.5873476399864528 0.5824044660088248 0.5750502993420673 0.6192598202258068 0.6020776079944022 0.6102408357904778 0.6143748977342399
0 0.5672014333620155 0.5762917933857562 0.5706819418859368 0.5622805899122685 0.6138561448832434 0.5730043213277777 0.6103756996124048 0.5870154702419211
0 0.5659271843928764 0.562390015293368 0.5669942587719561 0.5456893486842527 0.6106151668733446 0.5484761668987387 0.6095481579008037 0.5651767715294234
0 0.5469700821951164 0.547801156360447 0.55852016373467 0.5554281920890946 0.5281405494879436 0.6014292587580806 0.5165904975297053 0.5938022598859697
0 0.5102580875835656 0.5760513583004009 0.5035747885368664 0.5647328642818544 0.5503619652429279 0.5371087428025817 0.557045262703582 0.5484271845569157
0 0.564626629436475 0.5386299729526657 0.5683247039473827 0.5234178190789531 0.6122115334817408 0.5340857162485327 0.6085135238951125 0.5492978141310414
0 0.5433702245755967 0.5113627596854585 0.553003416240017 0.5208904836150485 0.5154231835841756 0.5588833444371034 0.5057900331695464 0.5493556620264325
0 0.5470182595819324 0.4962927529034655 0.5535165171902463 0.5068470759935385 0.5060751253566877 0.5360541006086268 0.4995769207005196 0.5254998237984722
0 0.4037091661468821 0.6408340970136642 0.4085491239035264 0.6255864725876709 0.4508375966092899 0.6390081071225748 0.44599771622483786 0.6542556657449167
0 0.3878775266341563 0.6315575486825631 0.3980344697640703 0.6395419524383577 0.3645764639245499 0.6820982008783363 0.3544195593190125 0.6741138404025724
0 0.39564167678099693 0.6529666407165606 0.40426651704785854 0.6617996301081167 0.3658204279843176 0.6993344583431624 0.3571956371605438 0.690501517896253
0 0.15488879977283432 0.5124173125581933 0.1620638360875546 0.4986099558851939 0.1996644641922103 0.5181476482069672 0.19248948138124433 0.5319549590541633
0 0.22535115117034366 0.6600567941915504 0.21660394632237967 0.6727165591390688 0.18046968631983873 0.6477529774984397 0.18921687609645232 0.6350932686403421
0 0.27745131345034224 0.6495669433412071 0.2726868947722778 0.6619300566057034 0.23275661614604815 0.6465438883074676 0.23752105592109274 0.634180827850875
0 0.2307787951779119 0.627542920789125 0.2368822236842334 0.6130921096491025 0.27681908037402536 0.629957726625421 0.2707157226138861 0.6444084777453455
0 0.22213534793445433 0.5889653718693972 0.22783914473689038 0.5737417390351015 0.2695883682584963 0.5893821069357859 0.2638846432311084 0.6046056789558459
0 0.21881028826055626 0.5702904339197608 0.223390148026283 0.5554474035087207 0.26524631845495605 0.5683609316636343 0.26066652486133535 0.583203905664174
0 0.15963597542440766 0.5590727707775717 0.1638195296052345 0.5453431151315767 0.20645890090759167 0.5583344384685157 0.20227540769235475 0.5720640422087699
0 0.2068078154527484 0.539095680433335 0.2011301300848345 0.5517423218220476 0.1589139725106179 0.5327910516201328 0.16459167105267625 0.5201444583333474
0 0.2629557797624784 0.5567931910431322 0.2549959049276822 0.5695580109225142 0.21545886316926044 0.5449057695381473 0.22341873245613897 0.5321409999999641
0 0.2158395197805021 0.5246719248479509 0.22597873026313664 0.512224740131603 0.26044214791488685 0.5402954845100102 0.25030298564456643 0.5527426242841343
0 0.15089991414549786 0.4912061093310423 0.15879392105262014 0.4777221864034867 0.19673852419953164 0.49993473634146157 0.18884456878106448 0.513418614535116
0 0.23116784353715047 0.6953146600914264 0.22427134554516215 0.7088139155977953 0.1864410820893454 0.6894899502060527 0.19333758881577978 0.6759907554824691
0 0.2148055237493054 0.5147708488903289 0.21869295614033035 0.499693712719307 0.2596677259498392 0.5102576046892757 0.2557803514139323 0.5253346911262351
0 0.20613523507279297 0.486630473187032 0.21362931359647064 0.47435155482453883 0.25081742598752044 0.49704654055088476 0.24332339330226205 0.509325418844818
0 0.1924252814759484 0.4754407987563652 0.1905738386400344 0.4895860764983818 0.14990696437826045 0.48426358708750367 0.151758442982441 0.4701183519737287
0 0.20070456364749134 0.4751101442144629 0.2036875139087897 0.459382048586574 0.2485833333212213 0.4678962617225926 0.24560044177292184 0.48362430566618214
0 0.1940277842447813 0.4586679305486486 0.19027848212658682 0.4709756624697898 0.14900214090835107 0.45840240722710546 0.15275146381577542 0.44609471271930756
0 0.2001747271634713 0.44478791996469896 0.2089205712719604 0.4337519846491519 0.2434633004384068 0.46112497091516935 0.23471749270663622 0.4721608726133641
0 0.2409039340070649 0.43031860806643324 0.23885825849561115 0.44418070156683226 0.19579701552595452 0.4378263183898724 0.19784272368417533 0.42396426535092
0 0.14283868264885768 0.4391289930785938 0.1481364462719057 0.4259788432017691 0.18792434584656803 0.44200711057407 0.18262662689210174 0.45515722257841756
0 0.23351241948080315 0.38514192697762756 0.23372476336112413 0.3988910473022596 0.1918001685435229 0.3995384507018294 0.19158785964918934 0.3857893651315592
0 0.23561300287292397 0.6676688438863623 0.24095871381575762 0.652120174342055 0.2832946788915933 0.6666734772930908 0.27794905127666425 0.6822220760769756
0 0.23977447093716364 0.7341726591833269 0.23406768669622124 0.748132860419926 0.19347615060792123 0.7315420963235117 0.19918295942977693 0.7175819638157991
0 0.4076094094900782 0.6957220219161528 0.41355461762043433 0.7065744713722809 0.36712683152359205 0.732004546345689 0.3611816960104761 0.721152159406888
0 0.38990596530709354 0.8448871411181799 0.3845798646724461 0.834546479114704 0.42787467763150744 0.8122514989034662 0.43320078704618936 0.8225920973218283
0 0.416486095649816 0.6989005180390586 0.42134857597852715 0.6840623840729818 0.4618076977462806 0.6973188941738581 0.45694529638672066 0.7121569610108525
0 0.4189531705652598 0.7240585441600574 0.41992167543855885 0.7077456063596815 0.46139148001043395 0.7102072639469151 0.46042305319247134 0.7265201274455051
0 0.38557926985811264 0.7569554732082371 0.3752952855704734 0.752056316349987 0.3967444011881298 0.7070393576998749 0.4070282881964431 0.7119384872285376
0 0.4725234050202971 0.7522401652905655 0.46985038338482354 0.7686267852116985 0.4250503388246898 0.7613200674588728 0.4277234287280862 0.7449335339911852
0 0.46873276997155244 0.7780588640365514 0.46334154712565123 0.789196913671541 0.4293918713689209 0.7727669919527872 0.4347831041666268 0.7616289923245712
0 0.4334774137319073 0.8000854652549773 0.4340509539473487 0.7865872368421106 0.4687741574626898 0.7880622917712251 0.46820067627299977 0.8015604635008071
0 0.4377629280064639 0.8155224218437784 0.4414725471491465 0.8018286491228255 0.4772196294979949 0.8115104784487538 0.47351008360408287 0.825204188320256
0 0.3922695341864255 0.8158268147243959 0.38141380024808313 0.808189037847147 0.41039608492121715 0.7670039534881578 0.42125172558485247 0.7746416838647403
0 0.39949246121079796 0.8369709121764489 0.3864494305124708 0.8313828927447531 0.4065274464056756 0.7845284288732268 0.4195703331841969 0.790116413038579
0 0.26454477482252514 0.8195810958957531 0.26509331907891465 0.8064806381578481 0.30642197856980147 0.8082107487014989 0.30587350417135895 0.8213111391174955
0 0.19842267934120628 0.7565210213671913 0.19980818530700617 0.7413645175438136 0.24038749134319914 0.7450732890770773 0.23900206157168213 0.76022972252475
0 0.3150430471183654 0.8569200769135523 0.30726014144738656 0.8693444890351195 0.27237871600209473 0.8474988125786445 0.28016161403513706 0.8350744671052622
0 0.27350274360048843 0.866151946403737 0.28089014035083437 0.8525034276315766 0.3187258095523475 0.8729776062496607 0.31133850311346123 0.8866260473502581
0 0.2250200030086944 0.9062593002686108 0.2302892796052447 0.8918583004386079 0.2695965772288673 0.9062370455916469 0.26432739868391764 0.9206379623189075
0 0.22112330229265353 0.8914473538766535 0.2211234188596336 0.8780839243421517 0.26315793561957435 0.8780841786420097 0.26315789473630957 0.8914475328141964
0 0.259457745073405 0.865513231441574 0.25499323205633573 0.8791758180222561 0.21629800915093256 0.8665342047037263 0.22076256030709374 0.8528716918859439
0 0.21866394377036613 0.8565046486432237 0.21724255921060376 0.8421650328946975 0.2574284182392148 0.8381824832909441 0.25884986911069063 0.8525220244374908
0 0.21327299732797655 0.8284163145013713 0.21842058662275576 0.8137054736842506 0.2549497220131798 0.8264849840084165 0.2498022173137997 0.8411957530048594
0 0.11576008317388187 0.6961732643778068 0.12681961724376833 0.6951866781444991 0.13222194318416314 0.7557366737657353 0.12116241000353511 0.7567232533548733
0 0.2471622119813901 0.7854616983579954 0.2467052414507407 0.7995045101840118 0.20757621430630024 0.7982313558118002 0.20803324890346175 0.7841886107455939
0 0.5962623853629339 0.7243776006335196 0.6038499078947552 0.7098995910087866 0.6459098458574317 0.7319384322499172 0.6383224121580042 0.7464163656781421
0 0.6139469962309931 0.7719606909396639 0.6167492061404118 0.7569282949561053 0.6504688017633953 0.7632128544842935 0.6476666603294916 0.7782451901466244
3 0.8876512488126309 0.5448840225720684 0.8945971525290588 0.542971173892394 0.9011268523449871 0.5666795002271465 0.8941809502045999 0.5685923449196549
0 0.6456446063573367 0.7893715979577328 0.6372283254231661 0.8024776664133975 0.6061506523384423 0.7825243313218995 0.6145669243421708 0.7694183212718958
3 0.06560122523887912 0.91750783036713 0.0645882055060838 0.9324684294249272 0.02795800631599832 0.9299886399538482 0.028971097587714212 0.9150281184211081
3 0.07580147776809554 0.9440789409577203 0.0758015800438443 0.9279289199561422 0.11293861286640094 0.9279290886444811 0.11293859616523605 0.9440790242072
3 0.029003201331647688 0.9140879366065288 0.031146629385943925 0.8995213070175146 0.06462090446416369 0.9044456439322422 0.06247755255026277 0.9190122052744467
3 0.058923651363670615 0.8852261900714183 0.055850105182685184 0.9016959646639696 0.020045540990508925 0.8950157290678709 0.02311914912274915 0.8785460361842297
3 0.0697401922437848 0.9067982380520164 0.06974033223684728 0.886408956140317 0.10635968703070375 0.8864091977293571 0.10635964912262352 0.9067983771065379
3 0.05738443672987614 0.8716913802937438 0.04991927868900348 0.8864199254873124 0.01602419474022554 0.8692441206589233 0.023489364035071958 0.854515650219296
3 0.061994112693128045 0.8695175372319918 0.06199421381575121 0.8547839210526667 0.09758775155114563 0.8547841144750242 0.0975877192979624 0.8695176618164013
3 0.09731852814070407 0.8423521861604465 0.09239509847679983 0.8560062597776398 0.0565150201700817 0.843071226803129 0.06143848026317755 0.8294172203947525
3 0.053628266497184995 0.8459654692262359 0.053885131901552086 0.8624419421225162 0.015332064325434658 0.8630427157206633 0.015075282894713382 0.8465663256579515
3 0.053334279494492876 0.8353880794046714 0.04720710439357845 0.8501615422176253 0.012270153323697741 0.8356747366019264 0.018397353070213285 0.8209013453947155
3 0.006652744146094847 0.8143937795986452 0.012467622806980216 0.7998181809210579 0.04946842709000521 0.8145764878490896 0.04365363341457851 0.8291520144969386
3 0.006207618746429944 0.8022318531820636 0.010294157894804812 0.7867922916666215 0.044581880789792194 0.7958657532330647 0.04049541918709565 0.8113052481609319
3 0.039908858187004626 0.7782827190032421 0.03476450943810505 0.7922020097074519 0.00024307535829848348 0.7794457392715556 0.005387450657849513 0.7655265098684518
3 0.03575625643236435 0.7613623677321857 0.029622920029737543 0.7749009154985322 -0.0011865709681160297 0.7609457804875283 0.004946779605234042 0.7474072861841603
3 0.0003926947102854683 0.7458940233339209 0.004746244051489157 0.7320651475468586 0.03580349131266303 0.7418407943368723 0.031450001881694334 0.7556696191011405
3 0.05458854563642035 0.8265389109262036 0.059943141447433845 0.8116895548245415 0.09560078736683408 0.824544800420852 0.09024627502117255 0.8393940857219536
3 0.05164331945456979 0.8114035032218044 0.05164344078946215 0.7927575778509075 0.0877193373494265 0.7927577787200326 0.08771929824536073 0.811403621798093
3 0.048641761257272265 0.786988426216717 0.05773420942978191 0.7690874353069921 0.09037033654453808 0.7856611760022031 0.08127798013583742 0.8035620884122797
3 0.04147063836160214 0.7520760545452417 0.048810906798280485 0.7341121951754432 0.08444084343125269 0.7486685396416506 0.077100668212438 0.7666323199884816
3 0.03335778110920273 0.7169985121641034 0.0428893896162208 0.7005875821455487 0.07605712357258199 0.7198486642031706 0.06652559442864003 0.7362595254355001
3 0.028369249564889287 0.7007499366836213 0.036168149122772775 0.6833831710525899 0.06878240398202706 0.6980270702060938 0.06098358220447153 0.7153937697772785
3 0.07341232466819747 0.9432437212712853 0.06717278380062908 0.9600936825474998 0.0288239290588308 0.9458968777985777 0.0350635131578656 0.9290470164474007
3 0.03606163479082625 0.9659109995786939 0.039738098684210854 0.9492357982456072 0.07448984982841012 0.9568955022538015 0.07081348588974379 0.9735706166082787
3 0.07598879975955697 0.9697596086105247 0.07684315059043456 0.9887821475100431 0.03950246603835694 0.9904585891831634 0.038648225877182085 0.9714361567981934
3 0.5547517159850486 0.021626978560294455 0.5621438039079294 0.02013774557992948 0.5678471102922913 0.04844717014615422 0.5604550224372815 0.04993640289197032
3 0.9019427210874937 0.5665070686248368 0.908782743420943 0.5652151491228173 0.9127215508498239 0.5860669335670576 0.9058815291814426 0.5873588506598569
3 0.8954413882570407 0.5972048802973918 0.8877773925177053 0.5979911644684045 0.8851672408267177 0.572552238505911 0.8928312017544613 0.5717659561403484
3 0.8993169806813057 0.6474870524651367 0.8926536876321052 0.6503688553577319 0.8831905169442962 0.6284908531822256 0.889853782894761 0.6256090570175238
3 0.4594592287296564 0.3070966630572814 0.4675346344257605 0.305904437424298 0.4709916405815875 0.32931936912432713 0.46291623517879543 0.33051159338878167
3 0.5232210288947954 0.22224846150776478 0.5385229243420326 0.21432943859650877 0.5435804360849943 0.2241019035993452 0.5282785426353485 0.23202092354472306
3 0.5921052625920993 0.2056768847831681 0.5926683563715187 0.21667529813714526 0.5756804091872709 0.21754502260887945 0.5751173217324776 0.20654661529241067
3 0.6404638347712535 0.08816985065652848 0.6559572174011237 0.09269795225479083 0.6521903205779154 0.10558675434886029 0.6366969383175274 0.10105865365282353
3 0.601266024078086 0.04393135887608242 0.5931622755277886 0.04726187972763902 0.5802440653544636 0.01582958931808959 0.588347811403537 0.012499069078945855
3 0.575316564806144 0.014003024542326077 0.5822415568871975 0.013612594105732016 0.5836820852481424 0.0391629732097303 0.5767570931711816 0.039553403604962414
3 0.5573554867244184 0.054919699845179505 0.5496656765994885 0.055843029821764784 0.5463100051186984 0.027895846255894627 0.5539998124999101 0.026972516447372648
3 0.2384411519301466 0.3153687550481087 0.24532126883195815 0.3246589727800552 0.2303155402532866 0.3357714941915731 0.22343543287468037 0.32648128508881036
3 0.5115635909069169 0.055398786170992115 0.5272572939509246 0.05743440089184024 0.5260922280755267 0.0664165414424664 0.510398525059486 0.06438092689276136
3 0.5170991831304264 0.11105103771118716 0.5083920400549005 0.11257885131954043 0.5032038537829067 0.08301099271555641 0.5119109890351865 0.0814831798245535
3 0.4961310411318891 0.11842105320218742 0.49613104411753284 0.08527611807222965 0.5032894736841627 0.08527612061406238 0.5032894744236955 0.11842105193602535
3 0.4893396864764554 0.08917046254105868 0.49715677498966215 0.09029039647553447 0.4931231980561961 0.11844449483491148 0.4853061096490592 0.1173245614035008
0 0.3195459784129753 0.09464638580005622 0.3300518512731969 0.0952341549541418 0.32695556066619247 0.15057747844046185 0.3164496878597447 0.14998970990053564
0 0.28458409565178044 0.11321686200523016 0.29576541893231933 0.11486767623983797 0.28877969814379867 0.16218322197294713 0.2775983752268303 0.16053240940793725
0 0.25429968583353 0.17333033977690693 0.24436091902703083 0.16943569521956978 0.2623638765812757 0.12349420828733988 0.2723026233447854 0.12738884842171497
3 0.20041239666227284 0.22190566479415894 0.19300464426862618 0.2127483359031388 0.20612570285084075 0.2021343037280574 0.21353345250281563 0.21129162757510161
3 0.27428140535243983 0.3200720742187258 0.2668123119748316 0.31068863451860435 0.281469369517481 0.2990221600876752 0.28893845863206025 0.3084055914331519
3 0.022499699667719142 0.6655288617110177 0.028026244517604937 0.6509990942982139 0.06245599464148199 0.6640930076893281 0.0569295136809842 0.6786227209706135
3 0.10938726620202033 0.6461563644268892 0.11865837360664955 0.6515682344787209 0.10412533293902015 0.676461556447177 0.09485423713249475 0.6710497021211833
3 0.09656324489753842 0.6507551102338338 0.08904320392423415 0.644729640634747 0.10732707456133994 0.6219134539473399 0.11484708820739797 0.627938906423162
0 0.7148531702540595 0.5981009040150473 0.7259797308952329 0.6047128590607299 0.6987038566386445 0.6506071173209963 0.6875773211711476 0.6439951959053927
0 0.8356899186494502 0.5227149848042265 0.8459688989399865 0.5294547085209456 0.8173821786501776 0.573049301770427 0.8071032218025493 0.5663096074139876
0 0.8357900228510289 0.5382293021867169 0.8474227071577616 0.543170906377441 0.8271937280710517 0.5907859574426868 0.8155610565519282 0.5858443752625955
0 0.7630261030495831 0.5775980999801136 0.7558737185626114 0.5906505637194873 0.722323720437771 0.5722679173445457 0.7294761074562075 0.559215497806983
0 0.7088061996468014 0.5585854629438404 0.7191996550725435 0.5638230849675759 0.6945894374510999 0.612654157547471 0.684195998995051 0.6074165611058202
0 0.7139759270520472 0.5777862541146702 0.7253417630231525 0.5848646290712642 0.6973501582390327 0.6298061033469671 0.6859843488123261 0.6227277629225079
0 0.8232847541800083 0.6121113399979073 0.8118177673903801 0.6054931162425653 0.8390000312550683 0.5584012097634087 0.8504669301661352 0.5650194013144108
0 0.8526141221655053 0.601602488439483 0.8612681031206648 0.6112987925643809 0.8213078184334108 0.6469591679247845 0.8126538890738857 0.6372629132157283
0 0.8307745662223169 0.6658599325665605 0.8208208108121653 0.6580004063495412 0.8522856710769702 0.618156620392669 0.8622393623065818 0.6260161074526175
0 0.7632069223134295 0.5907155894955605 0.7598084991024052 0.6044080964980444 0.7260902896407515 0.5960402289458587 0.7294887412281241 0.5823477653508231
0 0.7038183196066257 0.6703183016121953 0.6928945268914504 0.6650560665361243 0.715349355738681 0.6184485708372268 0.7262730544035776 0.6237107790938037
0 0.7627580887075283 0.5521139920934804 0.7595652951970351 0.5660125158127641 0.7215659840629769 0.5572840081862067 0.7247588092105843 0.5433855307017514
0 0.7303831530298339 0.6285518617094379 0.738626188603007 0.6166357864496576 0.7700308243779546 0.6383575207749594 0.7617878379152216 0.6502735521462409
0 0.7029932414800442 0.691537935711665 0.692251943246788 0.6854418628558143 0.7181764774234125 0.6397691321426607 0.7289176846031751 0.6458651724508804
0 0.7291400088995488 0.649081221894022 0.7387721578948003 0.6363393585525984 0.7704792558369036 0.6603050671603777 0.7608471622154411 0.6730468800168777
0 0.7713845665452936 0.6794532167062235 0.7644975567627625 0.6913403152728139 0.730945075097793 0.6719037102353644 0.7378320845436974 0.6600166592361768
0 0.7774562634256199 0.6989777334382566 0.7718994156498411 0.7110112981725935 0.7348916296474499 0.6939243296818105 0.7404484904566289 0.6818908171298156
0 0.7409660067258983 0.7015785953149543 0.7530575942981841 0.6947124714912375 0.7725935555839669 0.7291109697197926 0.7605019894072029 0.7359770638935228
0 0.7346344802311933 0.7331333057966132 0.7419117350655142 0.7186078196839503 0.7811114078890569 0.7382435605303758 0.7738342366433244 0.752768975196177
0 0.6958959913024501 0.7469677297244106 0.6885206901639549 0.7359559856398962 0.732969105757661 0.706190671450618 0.7403443931107176 0.7172023503610699
0 0.5954464427434232 0.7810614072876358 0.6050273462853966 0.7912540195145589 0.5655535259433009 0.8283513994511846 0.5559726916360432 0.8181588548815987
0 0.8168219147323725 0.5533211906021607 0.8047218761720387 0.5481308586347391 0.8214765866152902 0.5090747253898539 0.8335765521574103 0.5142650394246792
0 0.7120254171986744 0.5414264523451887 0.7214452589897746 0.5495452982450739 0.6870296103413693 0.5894719355323492 0.6776098030555886 0.5813531265398335
3 0.10039448592954159 0.5972892976284753 0.10904377600377302 0.6018486355089213 0.095681218744744 0.6271951806030843 0.08703193703013312 0.622635854914194
3 0.08297861715630006 0.5013960675604782 0.0935740054829921 0.5070985428796931 0.08009637871271025 0.5321383831399672 0.0695009992963378 0.5264359206075394
3 0.05978977355016468 0.6377774669585403 0.06062949728800504 0.654589158480892 0.023502059494489913 0.656443306241602 0.022662400219246592 0.6396316765350893
3 0.05629323240998474 0.6096575795252714 0.04957648580068508 0.6235092520117985 0.016815434955560704 0.6076250111487128 0.02353219078941038 0.5937733859649473
3 0.05615043218074334 0.5934135815136613 0.0489502598220497 0.6060342785846097 0.016966937878919452 0.5877895278502695 0.024167110745679565 0.5751688728069791
3 0.006530816809117823 0.5698773968436354 0.014310604166666963 0.5544974506579312 0.047449561034454746 0.5712587763428562 0.03966983165548754 0.5866386729486734
3 0.0027438708370937093 0.5491748693147566 0.011548843201808268 0.5346329484649043 0.04323150198706571 0.5538146694284385 0.03442658148708233 0.56835654502162
3 0.0007566201433064634 0.5305811738500235 0.009732237938578692 0.5175334660087604 0.04119334389326923 0.5391739146953649 0.03221777157750694 0.5522215819331322
3 0.0993496092244186 0.5712326080873223 0.11002378244972988 0.5787215458125498 0.09203268794976793 0.6043620007152406 0.08135853225542178 0.5968730840218127
3 0.08907493364415586 0.5492885340288671 0.09959774173785263 0.5527224621783412 0.09055798709823648 0.5804208942114688 0.08003518298448853 0.5769869746703814
3 0.09103259454900581 0.5276521691466843 0.09897963164553403 0.5344852196990536 0.07980522274988289 0.5567836011904359 0.07185820113079444 0.5499505672496313
3 0.03540660589010258 0.5088736901741718 0.03394381662212709 0.5257668326465242 0.0007301532564270019 0.5228910050810589 0.0021929824561084388 0.5059979067982779
0 0.7171523625439704 0.523518494541748 0.7243441950637362 0.5333860094718926 0.6806778322585387 0.5652088058524383 0.6734860486648131 0.5553413351465575
3 -0.0017389787880119911 0.5015548099876853 0.0004016458333353512 0.48749096162278593 0.03174584250029966 0.4922614114791421 0.02960525561684335 0.5063252260801584
0 0.8629385833858123 0.7923746910727676 0.8642511153383339 0.8060731833157811 0.8326698269120243 0.8090984880686772 0.831357352336795 0.7954000488434256
0 0.756898916864543 0.49288572790666624 0.7540710011789997 0.5058273590420476 0.7153309636153153 0.4973627281218848 0.7181589067981804 0.4844211359649408
0 0.753480457937485 0.4730256739223395 0.749758218925308 0.48662924426368315 0.7149093212866546 0.4770944226621442 0.718631582236867 0.4634908881579465
0 0.6994049661674353 0.45981625389972536 0.7105065607660208 0.46621397627697525 0.6826506027540518 0.5145473243971044 0.6715490275911407 0.5081496285503024
0 0.710479434569038 0.4842461740210393 0.7191462300885405 0.4938427044474649 0.678950974367126 0.5301408525543261 0.6702842207321282 0.5205443623866632
0 0.704604713368667 0.49679096327880656 0.7159147800994106 0.5026314734625289 0.6900939933511836 0.5526289116935658 0.6787839444091333 0.5467884278165394
0 0.7209962208440857 0.503233388634066 0.731008031962233 0.494555269041845 0.7554949195833842 0.5228031645872767 0.7454831321717847 0.5314812587945349
0 0.7185162785157218 0.5299770838463123 0.7258010142544435 0.5159141633771989 0.7597763465399794 0.5335122021013483 0.7524916616714563 0.5475750789643148
0 0.18158628967830737 0.39912646823186815 0.17872807017545256 0.41213197039474503 0.13821680906062284 0.40322916940486314 0.14107505203128312 0.3902236997875962