3 0.702618703947337 0.7424595888157914 0.7230633204892456 0.7323442825497087 0.7405810248739044 0.7677442391278186 0.7201364382268594 0.7778594993962914
3 0.8139395908468714 0.7222194621253765 0.8058524266227778 0.7390111180544107 0.7613907116228802 0.7176008464911963 0.7694778943513256 0.7008092823826962
0 0.8973284147572258 0.557321592541571 0.884095829982698 0.5846444800042055 0.7398337828947206 0.5147833980263385 0.7530664287717173 0.4874608871517806
0 0.7360286282894322 0.4731751557017933 0.7501985413980492 0.4488804319181841 0.8976322466764941 0.5348639624452497 0.8834626959148864 0.5591583703689813
0 0.8945942638508768 0.4823011201864666 0.8845356741270507 0.5102277470421395 0.7350712949561284 0.4563968245614426 0.7451300219690893 0.42847053166466803
0 0.9016041008675302 0.4694033204975341 0.8873184914472176 0.4933019801776602 0.7538175307017809 0.41350520394739476 0.7681031156963627 0.38960681095269556
0 0.9003621080678386 0.43584841609877095 0.8856002437995585 0.4616004827029699 0.7386169517543522 0.3773489078947054 0.7533788123619161 0.3515971186580338
0 0.9094560157474234 0.3858063300473405 0.9002256295226516 0.41434837117682394 0.7491969407894885 0.36550773684214977 0.7584274606870167 0.3369659613118171
0 0.907317321788355 0.30402125660398743 0.8949207976064599 0.32888451297254867 0.7530806328777544 0.25816613113747316 0.7654771755916272 0.23330305997809056
0 0.40590593411593545 0.5771860607058594 0.3926256762805451 0.6004713179117819 0.25415149846321583 0.5215023461962541 0.26743174933187674 0.49821741580123674
0 0.42497127371575516 0.5131438174284191 0.4233044354723461 0.5390619000683929 0.26328403527747923 0.5287707039837192 0.26495117914680577 0.5028529632116294
0 0.439898129691187 0.520144304161683 0.4281670894210947 0.5424915862076963 0.2829794432777817 0.46628163370623493 0.29471050453184944 0.44393464311373126
0 0.45777195624452816 0.4575247224880642 0.4546157577211716 0.48613103097106325 0.29682258442960574 0.4687217258772394 0.2999790602507346 0.4401157502727535
0 0.4681752805780661 0.4516449800633966 0.4569038459304693 0.47852212304283964 0.308689275219308 0.41636865131580736 0.31996079709438163 0.38949181197587207
0 0.3262960712719405 0.40872519956139075 0.3300972633227275 0.3818570055813638 0.4894358630599527 0.40439767094941353 0.48563496794952243 0.4312656007930299
0 0.5011472775137236 0.3877496081620579 0.4933022098833817 0.4130295484406494 0.3370295427810106 0.36453537570759076 0.34487473475110164 0.3392556882831139
0 0.547271511871827 0.2804295381288329 0.5468385336752135 0.3073793476248835 0.38785190460521335 0.3048245614034687 0.3882850701299958 0.2778749490066131
0 0.7321335493421657 0.5709602576754758 0.7355149141601487 0.5440101562884813 0.8939878693956871 0.5638902896743135 0.8906069137517534 0.5908400255287738
0 0.8843755685974202 0.6106790154640583 0.8746024792259277 0.636676692844577 0.7248871390065688 0.5804008516624658 0.7346603815789194 0.5544035679824398
0 0.7028394714911883 0.6111556359649504 0.712527081492226 0.5837382934730257 0.8747997994800016 0.6410675010500946 0.8651127158025247 0.6684843992254417
3 0.5051356303500825 0.7068611853282826 0.4834320712719773 0.7028508771929842 0.4914849414907394 0.6592761262181334 0.5131883061910685 0.6632864159700568
3 0.7318527609648982 0.74016450109646 0.7496724706809346 0.7250119312202408 0.7720861731312425 0.7513664614880851 0.7542665185798114 0.7665189717848495
3 0.6431263706140271 0.7609803925438592 0.664061365892735 0.7504067135195231 0.6830107803225474 0.7879181981232397 0.6620758197537953 0.7984918246303154
3 0.6531884022248278 0.7922611766243071 0.6318968677935572 0.8038935475833645 0.6125180317982313 0.7684295932017703 0.6338093994901328 0.756797278788626
3 0.175613895833294 0.6352578903508393 0.1794086747286201 0.6183360124512091 0.24768847031293717 0.6336458621811938 0.2438938228239067 0.650567626441904
3 0.39374460570616066 0.6487878175926388 0.4207500705535949 0.6562935491330564 0.41062573223553045 0.6927157413275192 0.3836202791768528 0.6852100388245456
3 0.451908733170967 0.661984052452443 0.47549796402495303 0.6599355901047348 0.4788952203828103 0.6990515341323277 0.45530599060350596 0.7010999881428847
3 0.42841274113914096 0.8167219058220769 0.4083209562658112 0.8063304607869443 0.42690006946202175 0.770415080537187 0.4469916921304957 0.7808064746817996
0 0.7037229557545288 0.6049811402230846 0.8364956128996255 0.6733699731738204 0.8228979589569008 0.6997653471812751 0.6901254429824348 0.6313767182017342
3 0.47368430771530257 0.819078947368421 0.4473829254385464 0.819078947368421 0.4473830934613261 0.7778026502192982 0.473684210526244 0.7778026502192982
3 0.5011109770804296 0.8204078466130847 0.4767205789472655 0.8111974506578763 0.4910887975964897 0.7731562705053658 0.5154789783870228 0.7823666208398413
3 0.5418163486335743 0.8120890245676042 0.5156856315790037 0.8106736875000005 0.5182147486191298 0.7639917766579751 0.5443451738142357 0.7654071058173733
3 0.5535855021971656 0.7562696565103925 0.5820694749488666 0.7597618431705291 0.5759104414021294 0.8099886732794455 0.5474264725877447 0.8064965076754423
3 0.9338833152104371 0.4058065790802839 0.9605520381161341 0.41164056159662155 0.9503847761432098 0.45811528659729983 0.9237160592106193 0.45228132236842816
0 0.8325224928363468 0.708963189286479 0.8198629475559756 0.7343977947638491 0.6796518997975909 0.6646198267136169 0.6923115137112745 0.6391856441527738
0 0.42150016008781677 0.2020149736842416 0.42689323464378504 0.17481117630850926 0.5789749418466954 0.2049601922087702 0.5735820145065418 0.2321638652209864