3 0.9594298293844759 0.09320175438596491 0.9189655830086849 0.09320175438596494 0.9189655897170041 0.08261518859649121 0.9594298245614254 0.08261518859649125
0 0.6267086409831109 0.8241692889043755 0.6450308679750378 0.8256821727298486 0.6401989086264166 0.8841883109037586 0.6218766831140101 0.8826754385964933
0 0.3335785111776204 0.6896093262681601 0.3395483103213337 0.7040876921102912 0.2772782852684941 0.7297590397010694 0.27130861074567747 0.715280779605273
0 0.30701279136644644 0.7757680368382622 0.2939117045796138 0.7666312853277704 0.328849453802718 0.7165431524020008 0.34195041148484506 0.7256798405352335
0 0.352268527544652 0.7437767793358703 0.35971666994100815 0.7577322403157598 0.3014069191648332 0.7888468728636249 0.29395890241221423 0.7748915197368249
0 0.3670327478700983 0.8172065375171004 0.34852161732453624 0.8157894736842075 0.3525398363325394 0.7633113639138205 0.3710507337061699 0.7647284187906512
0 0.39028476545399826 0.8267392099595103 0.371721908991276 0.825300617324563 0.37588071590801064 0.7716499626254436 0.3944433297348269 0.7730885458017389
0 0.3925551696512457 0.7803145846745351 0.41238512461995924 0.77733631297138 0.4203906877716008 0.8306286345944156 0.40056073717028085 0.8336068865489575
0 0.4774476059396875 0.849771924286848 0.4577395142543992 0.8447138914473783 0.47103374278424326 0.7929257902798895 0.49074158271434953 0.7979837891353665
0 0.4885718323389483 0.8015083047890492 0.5071162746741038 0.8006848206036207 0.5095065848927334 0.8545022853653191 0.4909621429278559 0.8553257639416681
0 0.7304507864931793 0.8500057485978304 0.7496278063952104 0.8473674841861488 0.7574935041832305 0.9045284897788374 0.738316488393707 0.9071667338320608
0 0.7270967693625607 0.9053761270757229 0.7078086546052873 0.9035087719298288 0.7130667137938644 0.8492123283584382 0.7323545496732322 0.8510796699198846
0 0.6870378997385842 0.8456281551109633 0.7057863464530101 0.8450615824917849 0.7074790597320089 0.9010623152352545 0.6887306131992545 0.9016288836286449
0 0.6432032653507349 0.8881579272401687 0.6432034757694964 0.8333088098664013 0.6611842919006676 0.8333089057022331 0.6611842105263577 0.8881578947368516
0 0.6068882665618958 0.8259146678113091 0.6257490556251923 0.830122200627048 0.6139013520160006 0.8832192989522042 0.5950405725780001 0.8790117959637141
0 0.5502208935751014 0.6920992511599235 0.5546238678145983 0.7065706543989345 0.484613646029743 0.7278678911047141 0.48021080593878196 0.7133966021761817
0 0.5920901735062216 0.876414173709552 0.5730567631578651 0.8724718201754437 0.5838038498405922 0.820597897660233 0.6028370075844123 0.8245402241708777
0 0.5805536443419896 0.8683712308623548 0.5616726280476314 0.8724855027730218 0.5503832116806961 0.8206874451763891 0.5692639769736161 0.8165732017543912
0 0.5505817321322866 0.8652512286843284 0.5312045952020981 0.8639712400442249 0.5347056377361241 0.8109842329805148 0.5540825108164427 0.8122642128339314
0 0.5091519416602068 0.8044536049678102 0.5284737870628078 0.8042137347397579 0.5291469564760973 0.8584271306956908 0.5098251111003265 0.8586669992762954
0 0.7793130948446105 0.7281455067940046 0.7938367554307888 0.7372902184792878 0.7605045366358354 0.7902192891092152 0.7459809276315355 0.7810746436403453
0 0.7523247234703376 0.7847143694330402 0.7340440526315888 0.7828947368421039 0.7397173201248961 0.7259106927308172 0.757997751180028 0.7277303132749176
0 0.724929363756246 0.722770344618695 0.7408467453889216 0.7285710818230908 0.7205438407117981 0.7842732733769244 0.7046264791666772 0.7784725756578917
0 0.6808700679514459 0.7108647641416441 0.6979161266399387 0.7151030834596017 0.68436652370724 0.7695891697244355 0.6673204747806949 0.7653508771929695
0 0.6642221898385969 0.7646016769402584 0.6482444484648795 0.7620614035087734 0.6567826973924866 0.7083674909199725 0.6727602486918158 0.7109077490121177
0 0.6393236225327428 0.7632959959880038 0.6216431809226606 0.7597007254448418 0.6331919588127448 0.702917394280813 0.650872177163933 0.7065126413275373
0 0.6160986798789736 0.6917135535260396 0.6257782530884697 0.7008286648385955 0.57622826226293 0.7534386714046333 0.5665487598683967 0.744323632675427
0 0.5835081082332181 0.6855494969740207 0.5955055433782945 0.6942755794764921 0.5538332589649144 0.7515615476902101 0.5418358815788906 0.7428355328947049
0 0.4932984609972664 0.6783524305096593 0.4951294038595506 0.6911365977431377 0.4108065373075078 0.7032111450038515 0.4089757220147021 0.6904270927519446
0 0.49085983095392294 0.6720096227823373 0.4897639995243708 0.6850257986923189 0.40731028840809813 0.6780846226384959 0.4084062200720382 0.6650685579982901
0 0.28021975093713536 0.7181172581156946 0.2705198283521213 0.7073830677911198 0.3205203687836047 0.6622067896984527 0.3302202337496283 0.6729409045885714
0 0.3160291130579935 0.6422686110135998 0.32635804423955506 0.6546625523470856 0.273681724171297 0.698556135162265 0.2633528859648777 0.6861622807017204
0 0.23746991776340565 0.17577161622805482 0.23919983047346705 0.16320045438488817 0.30448954139274065 0.17218480405960424 0.30275965293719764 0.18475594454257843
0 0.29189940972446493 0.19592446225027435 0.2869610118931405 0.20654366272245614 0.23212100877196917 0.18104088486838849 0.23705941050900492 0.17042170384980482
0 0.2356122864439385 0.25776893014169916 0.24541699312453602 0.2688468331762708 0.19175274468364023 0.31634215217987427 0.1819480745614328 0.3052642839912334
0 0.18596138420343777 0.32552352694482284 0.18106900699638118 0.3124284839492497 0.2484756355177069 0.2872456612762816 0.2533680318350662 0.30034066023445516
0 0.24660208514626447 0.3209906824246575 0.2557073998926853 0.33147453466761406 0.20487750644758762 0.37561905152056785 0.19577223135956956 0.3651352368420736
0 0.24179715790967293 0.34020968848355887 0.25419460997784427 0.34939244562121324 0.2127839371154323 0.4052977821837834 0.20038651644733818 0.39611506140352915
0 0.2623696637026569 0.37097616435062153 0.2681213834104028 0.38325210255573705 0.20457065028085708 0.4130263964104461 0.19881899122810864 0.40075050986838306
0 0.2677117550776984 0.3898191871438012 0.2742993743693205 0.4042834334877469 0.21204149924085414 0.4326366558948352 0.20545395285091672 0.4181724714912606
0 0.223277514657525 0.4640467838215799 0.21267110158999003 0.4550767585405833 0.25842598451845333 0.40097807360458315 0.2690323373369665 0.40994805696486597
0 0.22246638294518561 0.469927697043458 0.21642370839526848 0.45730941971703587 0.2764117341233714 0.42858389870228947 0.2824544211275679 0.441202118474653
0 0.22321272548037996 0.49207886450729577 0.21734532281573138 0.47966993096491073 0.2778754139554849 0.4510509359582273 0.2837428303557772 0.463459809750187
0 0.2795371068033319 0.46694363802898453 0.28800892858726 0.48025503183416957 0.22810966628048845 0.5183740036373721 0.21963792543863292 0.5050626809210584
0 0.2354600114592813 0.533931933214104 0.22827650463375448 0.5218323588772298 0.28365548633576054 0.4889564916203996 0.29083899097020094 0.5010560051570326
0 0.23338354594454813 0.5563409169244916 0.22615335629279798 0.5446256845846098 0.28620613947282436 0.5075665780687063 0.2934363230812096 0.5192817432761204
0 0.28378798072037625 0.5276460839207552 0.29449331396233447 0.5402657287012727 0.24240076098806185 0.5844519730848087 0.23169550548243478 0.5718324013157947
0 0.2980573091311953 0.5547892472759783 0.3043234362603471 0.5707645481064932 0.2390109933957092 0.5963798042293903 0.2327449824560972 0.5804046019736431
0 0.28941417320822893 0.5619841959231283 0.30116746557018814 0.5704960351357602 0.26182073303209563 0.6248208555162015 0.25006748464920747 0.6163090679824876
0 0.4528508218127172 0.5752204423849813 0.4540793102657972 0.5880277083931889 0.3737271832933402 0.5957340613578823 0.37249879466753555 0.5829268878100812
0 0.2977376166332988 0.5838566143126744 0.3084860661579114 0.5951614718713463 0.26129226311434195 0.6400272800809028 0.25054388377191117 0.6287224912280923
0 0.3127455235148773 0.6091648133946501 0.3201534444516483 0.6217396582573761 0.25887615354997706 0.6578339096587481 0.2514683322367546 0.6452591513157483
0 0.466008750746596 0.6010521125670553 0.46649315127638147 0.6146254981583827 0.38639667848292447 0.6174832809551688 0.385912382347783 0.6039099964863405
0 0.47602394726698094 0.6253661679424611 0.4748190803215948 0.6373762140124978 0.3952689594300409 0.6293963267544159 0.396473907345694 0.6173863738034412
0 0.47809913236403645 0.6557346179123239 0.47283181924512974 0.6661872645666302 0.39645234372119376 0.6277026836175268 0.40171966971513484 0.6172501263131246
0 0.3085827180320848 0.6196310676900115 0.3199660456429001 0.6295573920886651 0.27510374390169545 0.6809979579219696 0.26372047916675 0.6710717006579295
0 0.406418751096453 0.662877654605263 0.40712427650692007 0.6508140350045983 0.4851078340616368 0.6553738937856463 0.484402408307119 0.667437419307148
0 0.570843301305672 0.689483272321308 0.5784139201850849 0.7016318993616489 0.5153170084688554 0.7409454637825382 0.5077465021929584 0.7287969353070406
0 0.7977620273912862 0.7303678001854166 0.7803280350877912 0.7269736842105361 0.7921259556726454 0.6663831302446666 0.8095597269076507 0.669777224172959
3 0.9127017598684688 0.1053942269737039 0.9181763890948105 0.09646590151510623 0.9432315843441756 0.11182907333597031 0.9377569600491142 0.12075739446675464
3 0.6079797028803569 0.6630113063664712 0.5926936951755124 0.6577983333333439 0.6025440932021411 0.6289178718476549 0.6178300166309327 0.6341308292231208
3 0.5871743076450002 0.13777952935904658 0.583038345684713 0.14647375002483498 0.5556048355263101 0.1334233135964837 0.5597407985873133 0.12472909856193556
3 0.48390580372813474 0.11615766447364366 0.4892048956517101 0.1077801006694689 0.5180208785217246 0.12600709852550374 0.5127217925476089 0.13438465708243733
3 0.5630518464131455 0.2062528266221237 0.5492357999399928 0.19916380223065247 0.5607902952240238 0.17664512538974556 0.5746063246180029 0.18373414445803254
3 0.3842186024755847 0.2107842638076182 0.38201701506488916 0.2210644083865587 0.34905496715441586 0.21400536187534006 0.35125656257650917 0.20372522866055856
3 0.35154402521936845 0.23026315789468046 0.3515440430126091 0.21996829679836316 0.38659888783843144 0.21996834255429434 0.3865988824256874 0.23026319126857744
3 0.6935471333030137 0.2652780684719285 0.6885913877292751 0.275143475229571 0.658410671052593 0.25998292982460486 0.6633664186547321 0.25011753666522485
3 0.6810950832941671 0.28641581640210023 0.6757693480427633 0.2965517923682228 0.6468023281317983 0.28133203752215136 0.6521280649799337 0.2711960759908495
3 0.38642885393403503 0.34570696608834 0.383136444357433 0.3549819234544485 0.3539801984642281 0.34463244317148223 0.3572726150256358 0.3353575010920583
3 0.381884538303666 0.360974097712957 0.3768764020111348 0.37026298874128755 0.34768132127192075 0.3545229594297885 0.3526894588412688 0.34523408539316214
3 0.347535301902667 0.38048245528350205 0.3475353234649674 0.37130391776320076 0.3750000071282784 0.37130396779881036 0.375 0.38048249088726305
3 0.3470406732456013 0.509596231359642 0.3479336934024104 0.4998807223946459 0.37805808154803344 0.5026494224311072 0.3771650858527664 0.5123649087668779
3 0.5697403699226697 0.6290274188955612 0.5842482033364149 0.633432867417363 0.5778122766284923 0.6546247372318226 0.5633044473684095 0.6502192982456005
3 0.6220730938543966 0.6685079224149799 0.6081872828948462 0.6619727192982652 0.6195923536391774 0.6377428261037256 0.6334781014669488 0.6442780117673089
0 0.7835101800671964 0.6697180847231551 0.7976547985161915 0.6797580688462386 0.763874718411671 0.7273413405830104 0.7497301524123259 0.7173014188596583
3 0.561065161946317 0.6512008721859869 0.573059137625819 0.657819212401263 0.5608931007358251 0.6798639373625867 0.5488991370614258 0.6732456140351132
3 0.5814364229537432 0.6529861870035777 0.592174794212724 0.66220959662515 0.5747526109613545 0.6824906323171198 0.564014263157901 0.6732672478070116
3 0.6025798698015024 0.6829798206192008 0.5883235493421353 0.6809210526315781 0.5921189921309633 0.6546427281738583 0.6063752365851087 0.6567014905831308
3 0.6083382901948653 0.6622230533946304 0.6205347357081337 0.6676889921626702 0.6113888435894523 0.6880938867159437 0.5991924057017286 0.6826279605263117
3 0.9783807902313129 0.9662212378042123 0.9725947706499483 0.9769876716521033 0.9363090890700505 0.9574926981264451 0.9420951143047205 0.9467263294819402
3 0.9849378565285178 0.9479886559192949 0.9834219985585833 0.9589400977943147 0.9400275288425064 0.9529351186310886 0.9415434446224253 0.9419837465237949
3 0.9927757541413484 0.9323851994797163 0.9895173458636464 0.9442469175872157 0.9481080782018125 0.9328747217180581 0.9513665309476664 0.9210130764303861
3 0.7954265570160715 0.8637338541666933 0.7979151415102024 0.8516655017923389 0.8330167572331675 0.8589020247845176 0.8305282376561536 0.8709703204604963
3 0.8533040656595858 0.8231008495018479 0.8502978818023621 0.8333415713435796 0.8185865372803391 0.8240345054824977 0.8215927458284114 0.8137938262576658
3 0.6722589733946052 0.3047755717887715 0.6694565723493042 0.3159878921342221 0.6364501368277615 0.3077384954619532 0.6392525495255086 0.2965261932058889
3 0.891031175399803 0.14021367383904862 0.8897295540449477 0.14984249674497133 0.8581269747353417 0.14557048617675056 0.8594286016617616 0.1359416701577932
3 0.941934467963847 0.1357317281514836 0.9360029572660551 0.14601989044378466 0.9046319031931489 0.12793339214981275 0.9105634136467415 0.11764523768286407
3 0.5193065274122546 0.1255931293860042 0.5233271868578413 0.11726461191454156 0.5475909973391708 0.12897810291384598 0.5435703429782279 0.13730661604658154
3 0.6293859640421715 0.08830249538851875 0.6300396792834135 0.0975330176167428 0.5992435282084898 0.09971401978414227 0.5985898173197484 0.09048350172216355
3 0.07002139860503576 0.9007252022258954 0.04678736748337542 0.8962100297284165 0.054048234252491056 0.8588569387829452 0.07728203460794703 0.8633720881889272
3 0.10876495115326179 0.83957509323809 0.10555927115183295 0.8541976468320143 0.04748924013165379 0.8414696008771894 0.050694998919766476 0.8268471596629157
0 0.7611465904336683 0.6596075826649275 0.7755327221390189 0.668296957103373 0.7429745057742139 0.7221925514390289 0.7285884177631488 0.7135032346491461
0 0.7257651976394754 0.6509943913792856 0.742445292787238 0.6535707710971632 0.7332488183858459 0.7131026794127346 0.7165687269737191 0.7105263157894723
0 0.7167690743068533 0.6493227708616909 0.732171465610918 0.6611924741344704 0.6946986995790212 0.7098111068617889 0.6792963750000354 0.6979414791666779
0 0.6799547364696537 0.6434314923612082 0.6979953463679749 0.6469521101223432 0.6868261268184597 0.7041784914611195 0.6687855230263722 0.7006578947368456
0 0.6599556106531281 0.707159069618331 0.6428705855263388 0.7018273311403636 0.6616254211664909 0.641738290497776 0.678710240482701 0.6470699944428081
0 0.6344775581139857 0.6184210526316261 0.6344777078995776 0.6058743720800854 0.7149122910092274 0.6058750101976196 0.7149122352824406 0.6184215976149473
0 0.6102752495204413 0.613057078505358 0.6089386372510717 0.6257459414106055 0.49171826846099975 0.6133991774861574 0.4930550029461074 0.6007104577684861
0 0.5571851353952297 0.5894809921807972 0.5538062039914848 0.6013668570654641 0.4783391490307167 0.5799150166566759 0.48171812966540983 0.5680292363909333
0 0.5390628649505516 0.07858710094174964 0.5357542408199834 0.09109546548660653 0.4620418480540138 0.0715975926789023 0.4653504785326277 0.05908924067773726
0 0.7661651134720842 0.13897200665035708 0.7646636291894993 0.1271419062213425 0.8355263157894797 0.11814797697373458 0.8370278140704386 0.12997806033546955
0 0.6985833883722989 0.15754335246761944 0.6944386880791171 0.16947080292904562 0.6398568223684151 0.15050411842108402 0.6440015300861432 0.13857668489114075
3 0.24232456124980217 0.0307887095722341 0.242646172408854 0.04196024762963961 0.21021360341865147 0.042893926625484934 0.20989199436769468 0.03172239068304455
3 0.21874984210523962 0.22938417872808714 0.22317726171661434 0.2211491842131779 0.2491848049417058 0.23513150885345663 0.24475739530737428 0.2433664947849676
3 0.33524129714908213 0.23659266666670228 0.34058036605438247 0.2283722068794468 0.3688084438437045 0.2467056007978559 0.36346938643214344 0.2549260504244835
3 0.36671946029150604 0.252498923446892 0.3639630640852829 0.2616693859347718 0.3337794845535882 0.2525971691776262 0.3365358870332784 0.2434267180067273
3 0.35372118344434966 0.30085549865162214 0.34990846214668636 0.3102530151530516 0.3206010657895604 0.2983628486841995 0.3244137919859895 0.28896534593142004
3 0.3521060427036673 0.3104580413679931 0.3494868473974293 0.3207969807444735 0.3192030789474529 0.3131253037280474 0.3218222842369869 0.30278637978494766
3 0.0565748196451068 0.6556112586604853 0.053492628278490884 0.6662715492875491 0.017629872806992353 0.6559039122806795 0.02071208756797205 0.6452436616629638
3 0.03480897343513334 0.6883328782523521 0.02121380672667783 0.6927154904463214 0.01428559429825782 0.6712266293859589 0.027880702022230253 0.6668440274607671
3 0.024601112475124864 0.6983313262405417 0.025887739035056256 0.687854478070228 0.055578574227638455 0.6915001399675879 0.05429198417664338 0.7019769549966103
3 0.015742890350907146 0.7613241074561032 0.016466062592485287 0.7496833987632138 0.07401928642684652 0.7532580646386612 0.07329619597226156 0.764898696087389
3 0.05531503465522292 0.7638368233891023 0.058891332713528755 0.7749963774277764 0.008473451162672063 0.7911506218750337 0.004897235353951146 0.7799911378570786
3 0.0615271227551375 0.7904776113562507 0.05748251356703804 0.8009189011581535 0.01587569275397982 0.7848047700705163 0.019920324349982366 0.7743635366528484
3 0.10169123110233613 0.7956824779470854 0.10362525808545797 0.8092332588814872 0.042732325923793724 0.817922198553434 0.04079841297868825 0.8043715203816524
3 0.10621787661693816 0.8200994857722481 0.104842044187194 0.8333568369910981 0.04505919891812482 0.8271537303271695 0.04643511925689836 0.8138964799932038
0 0.2545507105263596 0.1555520120614324 0.25833365374001005 0.1445092940311567 0.32372957371387656 0.16691198000411056 0.31994665227864516 0.1779546797264663