3 0.9188503804824677 0.08944444407898634 0.921091684283283 0.07848294076870317 0.9611158070175634 0.08666666666669481 0.9588745100924143 0.09762816395481198
0 0.628399803123898 0.8236357374069012 0.6466610317982031 0.8261111107456101 0.6387176919536159 0.8846975768837052 0.620456467105214 0.8822222225877134
0 0.3270986860929952 0.6819732995458514 0.33704582168684283 0.694079409425586 0.28467231570812146 0.7371060212248927 0.274725275219339 0.7250000000000029
0 0.3000979010884066 0.7729045325406554 0.28938786211369916 0.7610548589100957 0.3350213335046419 0.71981720532388 0.3457313088840692 0.7316667961139638
0 0.3461198638830183 0.737349650289228 0.3569408312239375 0.7489172618955454 0.3083694805011419 0.7943452993163558 0.2975486052631595 0.7827777774123007
0 0.36585353291388856 0.8184974626769754 0.3474218092104593 0.8161111107456108 0.3543495774976009 0.7626136635738584 0.37278106469295835 0.764999999999993
0 0.3896253965950791 0.8267622846053083 0.3710904484648836 0.8249999999999972 0.37622438153721305 0.7710155044423769 0.39475908662279835 0.772777777412283
0 0.41315616883161965 0.8334112205132218 0.3930684703947236 0.8311111107456098 0.39918559907209783 0.777699905404603 0.41927303508771274 0.7800000000000016
0 0.4817587090259394 0.8489331934601044 0.4615384616228084 0.8466666666666618 0.4675230481317385 0.7932890443622206 0.4877430263157976 0.7955555559210554
0 0.5044841453532172 0.8557196435003601 0.48605240899121327 0.8533333333333282 0.4929801768571451 0.7998359286559138 0.5114116655702219 0.8022222225877182
0 0.7372665268153469 0.8477017342710235 0.7565511414472894 0.8494444440789441 0.7513218068893366 0.9072982521982318 0.7320371940788846 0.9055555559210494
0 0.727689447662442 0.90541967164514 0.708368554824574 0.9038888892543862 0.7127165840686303 0.8490247847872889 0.7320371940789983 0.8505555559210551
0 0.7049596195782897 0.9020322219988378 0.6855452236842439 0.900555555921051 0.6897997555134907 0.8446344556872188 0.7092138629386682 0.846111110745617
0 0.6609217161125116 0.8914558898438475 0.6415891798245639 0.8900000000000041 0.6459255746902954 0.8324330104508852 0.6652578190789882 0.8338888892543864
0 0.6028288179533092 0.8267866405618596 0.6221470833334024 0.8283333333333365 0.6177967092457948 0.8826577925431643 0.598478445175374 0.8811111107456132
0 0.544350062279932 0.6834010517804161 0.5526504946652722 0.6962198156825148 0.4909714923229558 0.7361519954916829 0.4826711754385542 0.7233333333333059
0 0.5958972982527939 0.8757000631535257 0.5765004221490244 0.8744444440789445 0.5799271423244363 0.8215221669472794 0.5993237532894682 0.8227777774122774
0 0.5738834529822725 0.8712533032377541 0.5545224002192981 0.8699999999999999 0.5579849444337697 0.8165244828049255 0.5773457313596282 0.8177777774122799
0 0.5342807068301454 0.8107249773519161 0.5536770921053176 0.8116666666666679 0.5510954549853295 0.8648305721729843 0.5316990701754776 0.8638888892543869
0 0.5246979113821908 0.8605453228131881 0.5054945054824884 0.857777777412287 0.513341235978487 0.8033435846377202 0.5325443782894581 0.8061111107456113
0 0.7646641270102918 0.7909660498475846 0.7489433640350853 0.7838888892543657 0.7746429716265766 0.7268118049458147 0.7903635381378535 0.7338889143212497
0 0.7431372292041942 0.7865565876247098 0.7261200339911511 0.7794444440789324 0.7488325724385732 0.7251101395394172 0.7658495645348466 0.7322222348948827
0 0.7201379794211107 0.7836079515850904 0.7041420120613111 0.7777777774122615 0.7244945313227618 0.7219476511255091 0.7404903008762176 0.727777785564778
0 0.6863907861312555 0.710640068800792 0.7024513947368405 0.7177777774122748 0.6787824740827091 0.7710265509358625 0.6627218936403096 0.7638888892543807
0 0.6575431357562138 0.7674760398857056 0.6424344890351676 0.7616666666666845 0.6628289974254358 0.7086351170082295 0.6779374708548858 0.7144444531097011
0 0.6327852348413217 0.7627514988349018 0.6162299243420648 0.755555555921039 0.6394043341118731 0.7022485617169362 0.6559594572921696 0.7094444579245074
0 0.6230049950902412 0.6979684270405472 0.6300031597897942 0.7092906064236314 0.56828293080207 0.7474331997198054 0.5612848695175217 0.7361111107455917
0 0.5926854457496802 0.6911694500200204 0.6016199209246906 0.7030385125613572 0.5448599867629582 0.7457578595878004 0.5359256129386267 0.7338888892543628
0 0.4082840241226222 0.68944444407898 0.4105024071054686 0.6767246479335225 0.4947433011496969 0.6914141697188114 0.4925250473927463 0.7041338514606603
0 0.49112438459917485 0.6755548347842407 0.48887523891119145 0.6885583550127065 0.40734039544724965 0.674457299404249 0.4095896277713109 0.6614538896560552
0 0.2796462559100519 0.7182628719111498 0.2701332091294262 0.7073588059759937 0.32100279596704695 0.6629850738067439 0.3305157891121553 0.6738890622810729
0 0.3165008876352431 0.6421437839387213 0.3268354369674853 0.654544456787198 0.274070720738564 0.6985116966595174 0.26373626425436214 0.6861111107455922
0 0.23753169956114562 0.17277777741223996 0.24035068449802566 0.16040522524694092 0.3052397834169369 0.17518950174052295 0.3024208236196273 0.18756203209742575
0 0.2924767745611234 0.18888878488700495 0.29025411676366275 0.20038726244940513 0.23076923026314944 0.18888888925434782 0.2329919031268446 0.17739043171742927
0 0.190896822929858 0.3153386537050511 0.1813913342740534 0.30402797374340534 0.23732470520781135 0.2570227827887009 0.24683017165921228 0.26833342669053
0 0.2415116847422496 0.2785022364185869 0.2502113267544246 0.28944444407895625 0.19382217234817745 0.3342755042089639 0.18512257017539469 0.3233333333333295
0 0.2473760437950432 0.32047799988067927 0.25649185984309497 0.33097394307815003 0.20522735738495612 0.3754959054364527 0.19611158114037153 0.36499999999996147
0 0.24794657689687938 0.3431046635864847 0.25837242154307205 0.3544933034516754 0.2065373788228726 0.4019441503949089 0.19611158114037153 0.3905555559210375
0 0.2551687397273099 0.36329757309058874 0.26428889972760317 0.37338928357888995 0.2119941652176749 0.42064722396016185 0.20287404934208553 0.4105555559210834
0 0.26003892433686815 0.3824610532665543 0.27057567107715386 0.3943762300458025 0.21932790165078586 0.43969290318883886 0.20879120833330944 0.42777777741226103
0 0.21753300428963485 0.45994481121286157 0.20864535944178897 0.4492692549076565 0.26330184651862965 0.4037690732925568 0.27218946149150725 0.41444457957922465
0 0.22871611384778134 0.4765406988684674 0.2196134164948944 0.46591642561353863 0.2706945633723308 0.42215367280437316 0.27979722861994105 0.4327778970729663
0 0.2289813612146645 0.4974285128986407 0.22028617519754334 0.4868077167947876 0.2727926944750152 0.4438238315034936 0.281487851353063 0.4544445759129934
0 0.27590422865898745 0.46319132235451993 0.28643741747737295 0.4751077419553183 0.23284926769451886 0.5224719116066894 0.22231614583336068 0.5105555559210434
0 0.24076789252126218 0.5382534503955857 0.23122567171117225 0.5279118903015955 0.2787081380745349 0.4841030497430691 0.2882503165425305 0.4944445577875084
0 0.23772551242257123 0.5598665054452487 0.2289352029812335 0.5492715913373233 0.28368662451578075 0.5038497640445406 0.29247689786734554 0.5144446170159023
0 0.2848989257709036 0.5274897109974293 0.2954288767432445 0.5403510493494075 0.24214441004482978 0.5839723742186719 0.23161453947363952 0.5711111107456053
0 0.29218289234677286 0.5474556884712138 0.3027142240212015 0.5612212682976653 0.24637232024895184 0.6043210501798075 0.23584108223690237 0.5905555559210541
0 0.29528451996952754 0.5650017636860515 0.30519889120625976 0.5756010019945084 0.2558990888569497 0.6217102843945181 0.24598478399127544 0.6111111107456386
0 0.3719357565790915 0.5844444440788933 0.3742333683637753 0.5717212954904736 0.4548463471375044 0.5862770638106707 0.45254884060909717 0.59900011944617
0 0.2991697172902832 0.5851638989108753 0.30936085902931154 0.5970731411249932 0.2595570833001375 0.6396869468418795 0.24936601864033037 0.627777777412318
0 0.3090217436269995 0.6043085428169899 0.318311909862814 0.6155772526908172 0.26288264406923645 0.6612686318765657 0.2535925614034795 0.6499999999999805
0 0.3854606929827469 0.6072222225877378 0.3878554881106311 0.593815343784966 0.4678924288655253 0.6081100602745042 0.4654977479514173 0.6215168381188162
0 0.4767541224023262 0.6277771530551324 0.47471433039459043 0.639673876915559 0.39560439583317475 0.626111110745565 0.3976442594398577 0.6142144779985887
0 0.4801353835160853 0.6438881797390243 0.477953594429664 0.6553879262308716 0.39391365881601814 0.6394450749280755 0.3960955207180632 0.6279454245698936
0 0.31346824436354837 0.6237977407916853 0.3230009020797979 0.6356068781197163 0.269887601151936 0.6784757240917106 0.2603550296051935 0.6666666666666403
0 0.4868978394742953 0.6611104649601062 0.4846663903429089 0.6729931071346527 0.4065934067982653 0.658333333333382 0.40882492805758375 0.6464507859612637
0 0.5708067033940551 0.6887926241634311 0.5786055836190371 0.7008340997165868 0.5158291998736786 0.7414858216051378 0.5080304309210533 0.7294444440789385
0 0.7925774471037812 0.7308156903708141 0.7759932379385646 0.7244444440789299 0.7982934476353876 0.6664065847839069 0.8148774597701731 0.6727777889166846
3 0.9120879122807537 0.10999999999998081 0.9147267559744705 0.0998077718400684 0.9433643278508725 0.1072222225876691 0.9407254899567761 0.1174144457556134
3 0.6062528145758961 0.6631479653032173 0.5917159758771504 0.6561111107455919 0.6050743932607929 0.6285187225942537 0.6196111578947239 0.6355555559210339
3 0.5874894376220254 0.13444442521624603 0.5852514968349851 0.14380857386514356 0.5553677094299019 0.1366666666666348 0.5576056542445258 0.12730252394395825
3 0.5198647571074844 0.12111108959376808 0.5171482482463716 0.13066937925017214 0.4835164835529895 0.12111111074564251 0.4862329961172236 0.11155282723858087
3 0.5660689383726094 0.20543743173958223 0.551141166666639 0.2011111107456077 0.5581914376199393 0.1767847929518825 0.573119188596479 0.1811111107456116
3 0.3854606975879733 0.2099999629595775 0.3841590108610262 0.22046877687217345 0.3499448614654739 0.21621464235799845 0.35124655818333395 0.20574584015025751
3 0.350803042762891 0.22666666666665497 0.3534836228759559 0.21617894128851747 0.38720313412522955 0.22479723924269823 0.3845225685835203 0.23528495207346906
3 0.6939983202419171 0.26111106168246684 0.6915764867932239 0.2718823380340365 0.6584953508771605 0.2644444440789049 0.6609171945792696 0.253673182335801
3 0.6813186921245915 0.2822221766934546 0.6786015973632402 0.2933525643031941 0.6466610317982031 0.2855555559210249 0.6493781371526666 0.2744251841165171
3 0.354184277412287 0.34833333333335265 0.35564643688417164 0.338600538852077 0.3871513103069901 0.34333333333331323 0.38568916907570383 0.35306611148219075
3 0.38207946924853786 0.35499994024293285 0.38036846269619673 0.3654132682811665 0.347421809210573 0.3600000000000474 0.34913283083039914 0.3495866908776942
3 0.3778529122320151 0.37055549519704273 0.37862866900184144 0.3811778797718027 0.3481975461631919 0.38340014338459183 0.3474218092104593 0.372777777412259
3 0.38038885103537723 0.5033332540757557 0.3792956803938523 0.5130355020770501 0.347421809210573 0.5094444440789369 0.3485150006955564 0.4997422200863559
3 0.5721272337615346 0.6286224127490406 0.5857988168860402 0.6355555559210729 0.5749564418205182 0.6569331269047893 0.5612848695175217 0.650000000000008
3 0.6228309291942651 0.6680218174431916 0.608622146929747 0.6622222225877055 0.6189273802334583 0.6369781982703664 0.6331360942982656 0.6427777774122955
0 0.7692302914410902 0.728248907920144 0.7531699067982345 0.7211111107455958 0.7768392301321683 0.6678622623530123 0.7928994423531321 0.6750000153145593
3 0.5621165600311997 0.6803323349439749 0.5494505493421684 0.6744444440789573 0.5604532352310798 0.6507787913776407 0.573119188596479 0.6566666666666445
3 0.5781111060184685 0.6522033175261445 0.5908706677631699 0.6583333333333383 0.5791162713408085 0.6827966655588078 0.566356720394765 0.6766666666666599
3 0.5980002303156198 0.6855880680305704 0.5849535076754364 0.6794444440789648 0.5972661071385801 0.6533008382360577 0.6103127642543313 0.6594444440789274
3 0.6093034947790557 0.6618895535438969 0.6213017752193082 0.6677777774122854 0.6113220248302014 0.688110432744437 0.5993237532894682 0.682222222587729
3 0.9788673476089116 0.9605553140817843 0.9758577129376818 0.9724047650488775 0.9357565515349506 0.9622222225876855 0.9387662330658486 0.950372843402871
3 0.9856298253429259 0.9505552889121606 0.982757293492341 0.9613644693321215 0.9398451321387711 0.9499635760796779 0.9427177079277271 0.9391544651123809
3 0.9475908706141354 0.933888889254441 0.9502240823524062 0.9218728478395442 0.9923922236841918 0.931111110745577 0.9897590966049847 0.9431270784919649
3 0.8334742631330982 0.8616665086041267 0.8300463925647819 0.87372535744045 0.7954353344298397 0.8638888892543987 0.7988632391901547 0.8518300974482319
3 0.8529163453996489 0.8222220824473117 0.8506319788838255 0.8326475905051872 0.8182586644736602 0.8255555559210279 0.8205430618082801 0.8151300912257247
3 0.6737109163644845 0.3044443889123622 0.6713015396575202 0.3157476924866417 0.6365173201940024 0.30833337439767056 0.6389267104166265 0.2970300895833288
3 0.892645820831035 0.14222220021366136 0.8904945566430342 0.15176921549264796 0.8578690252667229 0.144417615866597 0.8600202943367776 0.1348706075521445
3 0.9425190256145015 0.13055553228482678 0.9396531081911235 0.14208009883927908 0.904480130778893 0.13333334977875747 0.9073460537568963 0.12180879161848399
3 0.5477599357363943 0.12722220938505435 0.545212434727091 0.13626657080617766 0.5190194418859164 0.12888888925442427 0.5215669457945751 0.11984453262633994
3 0.5976331359647702 0.09555555592103616 0.5998857777127569 0.08632767083642275 0.6307427834934742 0.09386022608686434 0.6284901466393649 0.10308810694875176
3 0.04987320394741346 0.8977777774123236 0.05077288159361615 0.8594654240070589 0.07444139621065915 0.8600211199745554 0.07354184276573505 0.8983333519058336
3 0.108199478493475 0.8322217388498981 0.10862732378745932 0.8471854655792511 0.049027894736809685 0.848888889254415 0.04860016678537704 0.8339252767246926
0 0.7456438237946941 0.7222726027008955 0.730346576754414 0.7149999999999975 0.7573149864529114 0.6582830291053293 0.7726120618851837 0.6655555837786593
0 0.7332160148540652 0.6509384836160811 0.7489433640350853 0.6572222225877095 0.7257864978103044 0.7151725874343313 0.7100591710526487 0.7088888892543876
0 0.7014458855901466 0.7116786109544183 0.6838546074561691 0.703333333333332 0.7102195981300383 0.6477659026334133 0.7278106857838793 0.6561111270972916
0 0.6863481988812055 0.6427914508652561 0.703296702850821 0.6499999999999984 0.6796703717435548 0.7055418377940758 0.6627218936404233 0.6983333333333547
0 0.657299249059065 0.7062448089268549 0.6407438717105833 0.6994444440789568 0.6647635307248265 0.6409774719597434 0.6813187180896421 0.6477777926798916
0 0.6331360942981519 0.612222222587682 0.6354095089280918 0.5989646297678473 0.7152475977251243 0.6126534898133229 0.7129742960820522 0.6259109824489054
0 0.611158296858207 0.6172209512027212 0.6089374482905896 0.6297986015642048 0.49192534424571477 0.6091393387437098 0.494146301313549 0.5965618280244301
0 0.558749048551249 0.5866661168499572 0.5564081830781333 0.598857677128969 0.47834165877281976 0.5838696167255494 0.4806825893696214 0.5716781428184511
0 0.5401521677754317 0.07555549272805634 0.5377206988024454 0.08828223034197258 0.4622813568634001 0.07386937792417624 0.46471283423488785 0.06114265141650016
0 0.7650042269747246 0.1277777774122813 0.7670276468174961 0.11602277549474443 0.838546069079598 0.1283333333333183 0.8365226680036812 0.14008831863282584
0 0.6990701745008892 0.15333325292138675 0.6968423828280947 0.1657622342565392 0.6398985625000932 0.1555555559210441 0.6421263672569921 0.14312659145065407
3 0.24429416912630586 0.035555550176584585 0.24165215564448772 0.04668778157705452 0.20879120833342313 0.03888888925443232 0.21143322326201996 0.027756659965792917
3 0.21808960307021152 0.23388888925444018 0.21992140746988298 0.22469138072085856 0.24936601864033037 0.23055555592104887 0.24753422538526593 0.23975305468862315
3 0.3347421809211255 0.24222222258772086 0.3369476657286441 0.2326714393045541 0.3702879220019213 0.24037028557646575 0.36808245104577964 0.24992105685130322
3 0.33389687280725866 0.2527777774123085 0.3365272894872078 0.24343926409582772 0.3677092138153739 0.25222222258773536 0.36507881072498094 0.2615607242645767
3 0.35418428571631466 0.29722217064424095 0.35258332220746524 0.30723651563338833 0.3212172445175838 0.3022222225877411 0.3228182196759235 0.2922078921049746
3 0.35164835667842453 0.308333281792386 0.3506788220109911 0.31895467092763946 0.3195266271929995 0.3161111107456501 0.3204961760201286 0.30548973740294944
3 0.05579036064227694 0.6499998498307689 0.055960031528115906 0.6610954852226026 0.01859678728067138 0.6616666666666857 0.01842715842826692 0.650571072689829
3 0.033812380410267906 0.6911111045975938 0.01969903530061856 0.6933132818548395 0.016060861842106533 0.6699999999999994 0.03017413916984424 0.6677978281272031
3 0.02535921083097037 0.6999999999999101 0.02535925657889493 0.689444444078904 0.056635673298956135 0.6894445546484418 0.05663566247176277 0.7000000755575227
3 0.016060861842106533 0.7627777774122585 0.016173984915212714 0.7510876764030218 0.07439267711038156 0.7516507925304311 0.07427963329007525 0.763340815060581
3 0.005071850877243378 0.7827777774122572 0.005328687091946449 0.771060828880165 0.05832628947371177 0.7722222225876935 0.058069528346891275 0.7839390973632405
3 0.016060861842106533 0.792777777412305 0.016493743351702506 0.7815850928714967 0.06170752302625715 0.7833333333333781 0.06127470452270245 0.7945259570783092
3 0.04142011842100146 0.8149999999999731 0.04054826900437547 0.8011660484937249 0.10225572065007782 0.7972776834433085 0.10312766786557859 0.8111115298799637
3 0.0456466611842643 0.8311111107456532 0.045399993001296934 0.8177818386846109 0.10566356688593714 0.8166666666666249 0.10591033397440697 0.8299958379327602
0 0.25443786951655056 0.16055555592104792 0.2564467648038544 0.14905700640362962 0.3246234928009244 0.1609679296659242 0.32261461952055015 0.17246645970584776