3 0.9506527984378863 0.8439886157212576 0.9604170605765603 0.8538183038495097 0.9442985168338964 0.869825958290374 0.9345342839912973 0.8599962993421155
0 0.8357841493773321 0.42927803201619325 0.8306705609862775 0.4370912090214357 0.7659638390260852 0.39474389873414095 0.7710774203096662 0.3869307601580871
0 0.8642744842570664 0.5179937719237834 0.8626487926386517 0.5272014452025044 0.7835984085846803 0.5132453720104536 0.78522414507961 0.504037757783359
0 0.8600898399049584 0.5028690015248329 0.858386613118455 0.5128840196176089 0.7777453779485768 0.4991704412263204 0.7794486536450904 0.48915548694883754
0 0.8537025184866707 0.5059121465664201 0.8482854276808212 0.5134751484513008 0.7813884217683835 0.46556277176162714 0.7868054964646944 0.4579998174002752
0 0.7773096308752656 0.4565359408355785 0.7812337741537476 0.4490338541188181 0.8513190866947298 0.4856910303140712 0.8473949929956461 0.4931930745079345
0 0.8485673834862837 0.46118331176809063 0.8464634297105249 0.4695678208356571 0.7689915748713929 0.4501285918489661 0.7710955590378035 0.4417441298919904
0 0.7614775646929957 0.44370297587718205 0.7618764080673373 0.43442663914778806 0.8455200231057916 0.4380224904932227 0.8451212339234644 0.4472987757663002
0 0.7636709682017226 0.4226175230263429 0.7659020789463966 0.412133208334984 0.8438084931740377 0.42871092600303146 0.8415774442962629 0.4391951871827304
0 0.8425157162579353 0.41773063596409993 0.8376079428096546 0.4257506619229148 0.7605021625998916 0.37856877827994606 0.7654099311606615 0.3705487981249919
0 0.7817599232456587 0.5406291567982402 0.7833132750840832 0.5314571620157713 0.8645471828358495 0.5452132475362259 0.8629939012545265 0.554385180458513
0 0.8307923523105956 0.39936706446305215 0.826116438190752 0.4065115486924945 0.762000329107309 0.36455073320346904 0.7666762366222883 0.35740628198551927
0 0.8283475203664921 0.3809736721040938 0.8238958571586181 0.3891346548420448 0.7514082338320804 0.34959555568195927 0.7558598986508969 0.3414346119339205
0 0.6141472751678521 0.36494559950291694 0.6140281696795 0.374455898606656 0.5523183794339275 0.3736829774355627 0.5524375175438081 0.3641727116228113
0 0.619916048206619 0.36822455322365355 0.6219583923187884 0.37791905831298345 0.5726040694514722 0.3883160184466222 0.5705617576747954 0.3786215416666938
0 0.562103099384899 0.4073395016417694 0.559647613627817 0.3990993773994188 0.6246988619985814 0.3797154998976594 0.6271543668970025 0.3879555902165454
0 0.6425422253105353 0.3895468511118689 0.6451651743871025 0.3993096147094052 0.5622106155948359 0.42159558218181975 0.5595877269737457 0.4118328706140182
0 0.6304824629622772 0.42105263157894735 0.566253674304221 0.42105263157894735 0.5662537150644766 0.4128944122807017 0.6304824371022733 0.4128944122807018
0 0.8664929642364996 0.5335720766174671 0.8648693263967289 0.5431190468704845 0.7853436090751984 0.5295952047177483 0.7869672957173179 0.5200482980473308
3 0.045284723010013295 0.016140401146002712 0.04725466878903717 0.025781276979092663 0.014431836939820641 0.032488050023273075 0.012461892544251896 0.0228471754385599
0 0.6454794172417451 0.41780502406411024 0.6510371346829515 0.42661068098454774 0.5799754025487118 0.47145864289122663 0.5744177420560845 0.46265303598548263
3 0.41228070224451585 0.023026315789473693 0.3988035756578938 0.023026315789473683 0.39880357625440865 0.004145013157894726 0.4122807017544119 0.0041450131578947245
3 0.49329325278313263 0.07390500693753806 0.48821938597234293 0.06440724238209808 0.5160853908912486 0.049520765771510475 0.5211592580373008 0.05901852757459195
3 0.49701199338016977 0.03805050309731026 0.5047616876673828 0.04526221616573178 0.48428736145842777 0.06726387142108516 0.47653766885957793 0.06005216008769426
3 0.49061365191721507 0.03778171924283372 0.49390366154443655 0.046573881990827515 0.4640481157202885 0.057745756030803806 0.46075810855268173 0.04895359539470216
3 0.4727418257298268 0.028212458337638354 0.4792157856143149 0.0367688730930289 0.45344860809825605 0.056264838382137465 0.4469746502193175 0.04770842543863376
3 0.3639206301545528 0.06345960308223328 0.35810255883666287 0.07082879394920229 0.3298615740260402 0.04853219146751606 0.3356796439649088 0.041163003120474606
3 0.3632614594298502 0.06279992324559028 0.36483796081836317 0.05312061474558992 0.39846629562202907 0.05859776362376172 0.39688979764162013 0.06827706916356005
3 0.4014848571373477 0.043891352341584505 0.3954797771847325 0.05289675578500282 0.36944007760757813 0.03553268984216733 0.3754451570588344 0.02652728827171977
3 0.3820596586355123 0.0057963699253754854 0.39655869622470163 0.010008121440583245 0.39027959993813965 0.03162403193803946 0.3757805624999264 0.027412280701749385
3 0.047368553063506624 0.028289083165228067 0.04713487123547111 0.03669698390447427 0.017133536264736904 0.03586315058097426 0.01736721929819396 0.027455251096529645
3 0.3665655563438577 0.008447275253235579 0.37671668539439906 0.018653441267153712 0.3589618496073399 0.036312530244308146 0.34881072149119063 0.0261063651315811
3 0.3443576768240746 0.010527973829102746 0.3558793276151846 0.016954055952706996 0.3429577709288196 0.04012177006057363 0.3314361206140575 0.033695688596487465
3 0.32850906858402595 0.011313816955301228 0.3386845482227727 0.022421544069652244 0.31886409893741074 0.04057850109480627 0.3086886206140207 0.029470775219273323
3 0.034509051790792 0.08566841202257039 0.03316901399819017 0.07864689312690883 0.06273136840366078 0.0730050038481815 0.0640714081458782 0.0800265202634889
3 0.06231595958365688 0.062160251284735374 0.06115098683847009 0.06997297905778742 0.028754888184721494 0.06514232818248603 0.029919862938641018 0.05732960307013356
3 0.06027792747795502 0.07188764146707335 0.0584608294687996 0.07983050735750516 0.028884654547596256 0.07306433908405596 0.03070175438597289 0.06512147587720678
3 0.051461760687629976 0.03955096309937097 0.05364137747346831 0.04821932272544849 0.023682933594841415 0.05575221839642163 0.021503319078874483 0.04708386074562876
0 0.6480966896511973 0.42140430593361183 0.6494754200924717 0.43090482473032515 0.5670009420218776 0.4428727503206449 0.5656222697366502 0.4333722839911996
0 0.5770236402368027 0.4733635188049674 0.5741397335802958 0.46427842063372504 0.6536166712437534 0.43905125932164973 0.6565006064214458 0.4481363050314201
3 0.3555371599885575 0.09210369392935724 0.349896776539822 0.0998957525770665 0.3199007906338238 0.0781828107957551 0.32554117256654536 0.07039075615141242
0 0.446285361975697 0.6085602955119946 0.4490156979074982 0.6178702261174365 0.3706280285690582 0.6408560467066806 0.36789777741228136 0.6315461885964543
0 0.40467755984593623 0.48849292372184827 0.4042271423619468 0.4987406414340072 0.3194500779248983 0.495014479827585 0.319900557426422 0.4847668282440896
0 0.49366744551548436 0.5330737611329147 0.49414585051101767 0.5239783691738762 0.5783176654024373 0.5284050217525639 0.5778393253760896 0.5375003520892527
0 0.41232499038369497 0.5134617820096647 0.4120209021145911 0.5235705270650747 0.3271631434685105 0.521017824844129 0.3274672971806467 0.510909148389102
0 0.4172509372250488 0.5630922731110499 0.4147582057796626 0.5738113691339564 0.3361085325033173 0.5555228991454887 0.33860131424751216 0.5448038784456082
0 0.8018872061402362 0.6032168015351319 0.8033924333013829 0.5939624935847039 0.8871678369972642 0.6075868036729335 0.8856626910195473 0.6168410399246789
0 0.5095385755264488 0.5984945617328026 0.5092122368095033 0.5884469574651621 0.5951060065451657 0.5856571693921038 0.5954324205600869 0.595704696031106
0 0.44396807128146065 0.6053130533407155 0.4449598836228006 0.6159165197509242 0.36450623006567184 0.6234406995860835 0.3635145043859893 0.6128373135965407
0 0.45581377169116877 0.6344766862292829 0.4548985298824846 0.6440666303604531 0.3768053973763017 0.6366142739030267 0.3777207039473751 0.6270244035087483
0 0.5619570174360433 0.4617732199260969 0.562548795673024 0.4728059353522293 0.4826726110287609 0.4770898741389912 0.4820808991227068 0.4660572225877752
0 0.4602407806160045 0.6470161508665688 0.45939499079952384 0.654931245252537 0.38362358909603245 0.6468352613602139 0.3844694309211718 0.6389202269737331
0 0.4623540322052122 0.6575313883488004 0.4614693490498212 0.6672572274042464 0.38575205085135167 0.6603705093344187 0.38663680043862314 0.6506447456140882
0 0.46888950548247976 0.6713639703947358 0.48816862492799373 0.6678290935533201 0.495755687845417 0.7092028085071015 0.47647657257084575 0.7127376697004574
0 0.493615493421089 0.6706278114035025 0.5116668379977227 0.6681069351708273 0.5173814890350741 0.7090222269736878 0.4993301467187621 0.7115430922432777
0 0.5193840127147951 0.6652310471986318 0.5388983191667194 0.6660176904976015 0.5372696339811682 0.7064148698124946 0.5177553277242168 0.7056282298359169
0 0.54197458114038 0.664895427631579 0.5599296661110884 0.6638315504622044 0.5624332913324679 0.706079334321233 0.5444782067575034 0.7071432067808116
0 0.6831687576753893 0.645453344298246 0.702912120440601 0.6433402668256615 0.7074024041395433 0.6852892979681903 0.687659042815767 0.6874023664064279
0 0.49015676265935326 0.49966978306269205 0.4895611269174651 0.4888733250122647 0.5674617041105421 0.48457569891486835 0.568057399301324 0.49537209386489117
0 0.4002193401377099 0.46600877192982454 0.31178595723690705 0.46600877192982454 0.3117860267947208 0.45666184868421056 0.4002192936567326 0.45666184868421056
0 0.587596869957224 0.495878769592949 0.5819585924624562 0.48762843586243004 0.6514185403106012 0.440162642169744 0.6570568052251247 0.4484129258081457
0 0.46306224886654945 0.4227076863590561 0.45995039806803106 0.4133346664120481 0.5398096851680521 0.3868224817198076 0.5429215609625544 0.3961954530327278
0 0.6618741761583351 0.4682554474207545 0.6639143021023983 0.47764564441157364 0.5808872897500805 0.49568262081957537 0.578847230986753 0.48629248218492876
0 0.6672764039547019 0.4793102930258522 0.6694365352580007 0.488770720542636 0.5864922821220944 0.5077079499859701 0.5843322204611923 0.49824758275819
0 0.6746076436545536 0.5033367713281724 0.674314952260147 0.5129535529814266 0.5885230363880964 0.510342352407223 0.588815789473756 0.5007256348684521
0 0.6009396616116192 0.554098812742271 0.5964495018642992 0.5451368713394515 0.6734223502475061 0.5065746743713953 0.6779125206458048 0.5155365535559943
0 0.6063278755980264 0.5696729753140943 0.601436710210919 0.5620397039155328 0.6734070595189223 0.5159273596736228 0.6782982172161383 0.5235605772057454
0 0.46737085245558774 0.4439028823255403 0.4653698912306936 0.43419689255159066 0.5496479717784268 0.4168231248612125 0.5516489731360252 0.4265290598758839
0 0.5477909945469719 0.41759413150792274 0.5470180960785456 0.42703990416783194 0.4602747864765888 0.41994233955903554 0.46104773245622255 0.4104966206139903
0 0.46524847149032666 0.40484047477313273 0.4597747091636393 0.39589003093952085 0.5259885980807439 0.3553977740893234 0.5314623573807467 0.3643481777641705
0 0.30327605701756966 0.44967541885967555 0.3042322341598265 0.43925344784252307 0.3914721429189285 0.4472566710629666 0.390516033081326 0.45767857973848897
0 0.28983829323829013 0.13181887010537258 0.30340491903609745 0.1383273187590501 0.28090055356085486 0.18523651068378474 0.2673339331140596 0.17872807017544867
0 0.2711186746006433 0.20149869810383902 0.2579601777144944 0.20764240901497966 0.24117490460525914 0.17169235855262394 0.25433337541448964 0.16554865484157025
0 0.6209640866227346 0.26788206140351056 0.6373951835953449 0.26700165234547624 0.6397728885964398 0.3113757264797061 0.6233417917496809 0.312256133807066
0 0.592795396139536 0.3161627436099708 0.5848032098152771 0.275047480495607 0.6024104529757324 0.2716250016468616 0.6104026641767177 0.31274023113853294
0 0.5592105402182597 0.31030701754385964 0.5411850570175147 0.31030701754385964 0.541185091446323 0.2735789923245614 0.559210515875634 0.2735789923245614
0 0.4153589417621788 0.34733168340939163 0.42380666823760293 0.36049629926739846 0.37833348905871844 0.38967515153242027 0.369885808114077 0.37651057565788687
0 0.38846942833322373 0.44086749989857305 0.38597369010199145 0.45094489035447666 0.30174262400964835 0.43008549136480306 0.3042384001907976 0.42000816046529976
3 0.5329891022842048 0.05304638390567324 0.5382970494375741 0.06313412146474195 0.5132211751703153 0.07632847810619034 0.5079132313597938 0.06624074342109625
3 0.2941491907895397 0.09714809320177813 0.297109566869608 0.08719085725729417 0.3276541547395482 0.09627200810599928 0.32469378409712135 0.10622923944265099
3 0.8041193059210627 0.27284526315788155 0.807467619679187 0.2654535635108537 0.8349366924144306 0.27789628622292895 0.8315883896194691 0.28528797655942945
3 0.7994090369103333 0.2106041150440213 0.798795270221035 0.21925492223194956 0.7658113034253802 0.21691475429161197 0.7664250786856428 0.20826395651126184
3 0.8515530032894958 0.2464726776316193 0.8565689938088781 0.23853574395565427 0.8845508729934863 0.25621941013028215 0.8795348938748475 0.26415633377645553
3 0.8603366063596241 0.23579517653508597 0.86663604260184 0.22898732086217505 0.8900702440747637 0.2506710359465573 0.8837708160693865 0.25747888357883464
3 0.8723146041667178 0.23543390570177586 0.8759525938959314 0.22714284605842977 0.9010442671077499 0.23815249245327805 0.897406287003605 0.24644354392981938
3 0.9129705510189297 0.23399514879046657 0.9097623863749504 0.24087725002875374 0.883102191277203 0.2284495077435826 0.8863103576102276 0.22156741370054495
3 0.7668627395879639 0.24153855930845128 0.7614228639922658 0.24970513631572772 0.7304711600427254 0.2290880934307396 0.7359110332031378 0.22092152755966837
3 0.7753874670838741 0.23020537436537347 0.772765603535845 0.23789544232381957 0.7408816072811533 0.22702502285009465 0.7435034752114689 0.21933496410148726
3 0.7887584253421664 0.21866289881046375 0.7868853507333142 0.228043864446666 0.7514764400709737 0.22097393803330284 0.7533495230339895 0.21159298395516804
3 0.8132276418275524 0.20625951582509902 0.811697843504362 0.21631366769561788 0.7767294895716077 0.2109930764668211 0.7782592970793303 0.2009389360171078
3 0.8298430296053994 0.26630776754386126 0.8320416099203385 0.25595813965348063 0.8618465543373759 0.2622894823718247 0.8596479885718509 0.27263909759994115
3 0.8702843168859999 0.21683029057016887 0.8708782370191557 0.2072777732707769 0.9026201732699519 0.20925126060579716 0.9020262635498284 0.21880376814024016
3 0.8920567936357884 0.16811290129988346 0.8856208907060363 0.17672275096118226 0.8581136690398807 0.15616113209327612 0.8645495688472238 0.14755128997320666
3 0.8787689612860277 0.16623433098324322 0.8767342804560485 0.17687406429609262 0.8454062702124929 0.17088311667466208 0.8474409575724167 0.1602433922573334
3 0.8715416233619635 0.14814810709657053 0.8655287144180193 0.14085797607347209 0.8894583112921737 0.12112092634725048 0.8954712175957411 0.12841105275759804
3 0.8730947566151599 0.11522971754620287 0.8795100241537739 0.12303069337922144 0.8525498330063783 0.14520175222971257 0.8461345712719321 0.1374007817982806
3 0.8459468447922518 0.13678808001252613 0.8373658882308064 0.1294016403720643 0.8556117507638419 0.10820520591746091 0.8641927020809135 0.11559164176230192
3 0.8059891341680441 0.12507809994027524 0.8017786389308412 0.11417310585852497 0.8326708686125812 0.10224544049804779 0.836881366441844 0.11315042833388976
3 0.8081140418395307 0.27083333333333337 0.7767106130087313 0.27083333333333337 0.7767106258734202 0.26186236622807013 0.8081140317533482 0.26186236622807013
3 0.7627631754386357 0.2749657664473476 0.7637833832709475 0.2652476997682784 0.7951876060963059 0.26854444159004975 0.7941674120860398 0.2782624956203964
3 0.9562536310569385 0.09777783152759195 0.9607486252981516 0.10890783626281969 0.9310400518413644 0.1209059701820304 0.9265450646928457 0.1097759714912379
3 0.9170184541310391 0.3121821978208452 0.9147868470836329 0.3209165122598361 0.8887343788475164 0.31426032091001993 0.8909659931399574 0.30552601779171945
3 0.814768512966225 0.28956834922593794 0.8131573431560355 0.29639140586447393 0.7820162455278705 0.2890380362229297 0.7836274218764174 0.2822149892873462
3 0.5396196798371875 0.1423641149134452 0.5440909830983855 0.1557939287126299 0.5276543330613777 0.1612662798303301 0.523183036184264 0.14783647149126963
3 0.5028916929194338 0.14654266291453183 0.5043124772466854 0.15997955047410176 0.4876362511606658 0.16174283620988192 0.4862154725876735 0.14830595394731524
3 0.1607043708332867 0.04680791720645848 0.1632436224455205 0.053218616254758634 0.13434126275467406 0.06466670829917207 0.13180201315788054 0.058256010964933845
3 0.1297715175438725 0.04605263157896915 0.12977152001735703 0.03931171808402677 0.16337719398586614 0.039311726653403024 0.1633771929825798 0.046052638761896865
3 0.8541666573821658 0.3168090392355766 0.8557749955887175 0.32596755172473363 0.8213459576253399 0.332013445278577 0.8197376372966119 0.32285494858538194
3 0.8369076502193593 0.31407289144735173 0.8436590432868343 0.30357796166246803 0.8676930876655433 0.31903860060686917 0.860941710982047 0.3295335159491863
3 0.8998123399122733 0.30600745504384674 0.9019977433353006 0.2977920015485755 0.9262556766464058 0.3042446925393483 0.9240702843684403 0.312460136478741
3 0.7480977149122054 0.27872892982451986 0.7526819607267043 0.2686967492862724 0.7847155193317121 0.2833342500560675 0.7801312912465619 0.293366415531388
3 0.8806283495432581 0.3101970171635236 0.8791183452481164 0.3186216768214699 0.8481215547343481 0.31306606938291187 0.8496315687417564 0.30464142240722875
3 0.8691963837719641 0.2919415624999591 0.8763589149755262 0.2835602213406612 0.9000330572329176 0.30379113841896455 0.8928705385263811 0.31217246774115137
3 0.8755396293861395 0.29033024122807144 0.8788578669772278 0.27981653185854166 0.9097433864259301 0.28956406359446185 0.9064251664524363 0.3000777579946351
3 0.9190038892544408 0.28658735745609687 0.9238894554705439 0.27951913276285417 0.9513884082066397 0.298525942712288 0.9465028537306353 0.30559415690099595
3 0.9326873947366039 0.28800409429826085 0.9347153856455179 0.27965449803564774 0.9610441469081934 0.28604918416097036 0.9590161674276487 0.2943987705803076
3 0.8976044581168026 0.280701748708638 0.8976044732809214 0.27142577388120126 0.93092105352423 0.27142580953982764 0.9309210513680455 0.28070177140248886
3 0.7197426282893957 0.29604939254390683 0.7250442524019718 0.2858466897938816 0.7529342834909585 0.30033877073532883 0.7476326763249972 0.310541458965078
3 0.8291864280539585 0.12997243448858445 0.8233503075217641 0.12287432179616659 0.8459838346660717 0.10426494796390036 0.8518199531099526 0.11136305697265343
3 0.9341738127133112 0.08808441932530482 0.9439369372380497 0.09492267692273375 0.9261305526448496 0.12034514239117412 0.9163674309210137 0.113506888157871
3 0.2625171567982534 0.09371325328943725 0.2654166698731615 0.08417216282643221 0.2969765784498577 0.09376310755918382 0.29407707060772736 0.10330419359323492
3 0.25660196416254166 0.48371048288042884 0.2602526028701959 0.5008037536951453 0.24407176009208342 0.5042592472553398 0.24042114583335206 0.4871659978069668
3 0.22968948077254936 0.5027329912696253 0.23499720508971222 0.5199321731865212 0.21472666072349966 0.5261871914035979 0.20941896995907427 0.5089880380935622
3 0.17710989364036323 0.5216865603069875 0.17779367592231665 0.5059300724308122 0.19799650946254133 0.5068067405961102 0.19731275318997632 0.522563203435216
3 0.18025059796036658 0.5113208339243233 0.1762751498408761 0.5272643203017827 0.15920982349371116 0.5230094762466357 0.16318528618421624 0.5070660120614534
3 0.12672907576234138 0.525219297932403 0.12672910307014718 0.5115447423245464 0.14364035992412028 0.5115447740263878 0.1436403508771491 0.5252193113724458
3 0.1271930037820539 0.5263157894736843 0.10855262966651935 0.5263157894736843 0.10855265517977841 0.5104669418859651 0.12719298245610844 0.5104669418859651
3 0.10760210157582151 0.5105409761205468 0.11466072811640515 0.5249863148891739 0.09772543773931375 0.5332609300122793 0.090666836622745 0.5188156129386056
3 0.07483774848799385 0.5157798150519622 0.09284159297726546 0.5126055173901132 0.09569955628171556 0.5288138585705064 0.0776957128690583 0.5319881520765452
3 0.2373804495373406 0.48637286314471495 0.24238011819340954 0.49847020143314086 0.22511740618324438 0.505604096426196 0.22011775767555264 0.49350677521934444
3 0.26475993111387197 0.5004781127246282 0.27070798746399305 0.5167871748249273 0.25522864893321184 0.5224321540282145 0.24928061732452989 0.5061231129386163
3 0.1703232072368337 0.5033965153509105 0.1755169745350713 0.4894428023793883 0.1911139003095741 0.49524775881978605 0.18592015384535898 0.5092014541275555
3 0.15288186153031802 0.49432572922471624 0.15570289373260948 0.5087891658594843 0.1395412340036728 0.5119411661943741 0.13672022258765537 0.49747774780699827
3 0.11943332938676576 0.4932042590087918 0.13749193535670656 0.49182717073984433 0.13882541126486103 0.5093125341449737 0.12076680549671437 0.510689620568629
3 0.10512954543310116 0.5117191587747361 0.09262505453000358 0.5144593337136332 0.08917114882001442 0.4986989664730534 0.10167560964907807 0.4959587949561414
3 0.07835096643088946 0.5032937041831707 0.07297856623165444 0.5180531921524643 0.05408128468764062 0.5111751742969778 0.05945369517542076 0.4964157094298384
3 0.5021929712921747 0.3607287241556612 0.5032881507468119 0.37036331773837355 0.4633948596635946 0.374897813057794 0.46229970394733755 0.3652632412281197
3 0.08071270273740083 0.07337907294974315 0.09494978567443013 0.08050660467384738 0.0806343889355503 0.10910121275848873 0.06639730811411937 0.10197368421054362
3 0.23049794695361925 0.5023533669573472 0.24780701754389156 0.5006746173245612 0.24936487205172853 0.5167359154094322 0.23205580176659169 0.518414662937183
3 0.652473145147269 0.03438958698936918 0.6560682227724328 0.044119708559118516 0.6282775237317537 0.0543877851106155 0.6246824484650233 0.044657665570190686
3 0.9011671196042244 0.11170310604349579 0.8956777236169273 0.1022320115591338 0.9267819740744017 0.08420420359253479 0.9322713700980785 0.0936752930473342
3 0.7618326120607435 0.017713137852743966 0.7705721810478963 0.025977307551024738 0.7466888010120556 0.05123457715943966 0.7379492335526265 0.042970408991261116
3 0.87401619597847 0.0948597159139363 0.8713643684807266 0.08347486054651876 0.9030574507434039 0.07609273398722984 0.9057092815958185 0.08747758448343752
3 0.8582609204632945 0.09313032097688059 0.8526898969050762 0.08285288117129788 0.8848685276070682 0.06541005486559942 0.8904395516179875 0.07568749023047278
3 0.8645894788998021 0.060740812034880486 0.8719056476872993 0.06811563535438889 0.8511334908707795 0.0887225467379422 0.843817324561428 0.08134772587718594
3 0.8438741552088231 0.055595686216888575 0.8528561107748374 0.06330258259862245 0.8343308557689397 0.0848926944682245 0.8253489024123155 0.07718580043859052
3 0.802794007295347 0.04346508455432872 0.8083333847037011 0.05531226211885376 0.7803453879178051 0.06839857567789838 0.7748060142541817 0.05655140131577994
3 0.7687587513677272 0.05922887773634134 0.7636000142659896 0.049453569331494245 0.7926294669134677 0.034133824909353745 0.797788204314088 0.04390913105330966
3 0.7773773906537826 0.02956973778832124 0.7824834229340922 0.0386259772547206 0.7558362746970033 0.053649995323791 0.7507302445176265 0.0445937576754309
3 0.7554950841503114 0.0169401941209261 0.7596386199625158 0.028062450563282024 0.7271045798245268 0.04018282376346309 0.7229610460525464 0.029060569078944398
3 0.6471231101529611 0.06487813124278491 0.6389388319718137 0.05710430615595579 0.6628957883073099 0.031882457534980035 0.671080064499165 0.03965628080367801
3 0.7389310693974949 0.01825473324972471 0.7404547664779102 0.02660349882279386 0.7102862858521348 0.0321094147397605 0.7087625899123395 0.02376065021929271
3 0.7116179686848909 0.004592654812908163 0.7195378436799729 0.012107552521926837 0.6997502804331361 0.032961463161858426 0.6918304060419587 0.025446566084044043
3 0.6801300035116356 0.02840027495565515 0.67256254408926 0.018274030034545852 0.6976432856865813 -0.00046909568373410763 0.7052107448748757 0.009657148553745661
3 0.6989853979597456 0.08560924801075454 0.6936697494043074 0.07473914031002336 0.7220368254430696 0.06086722891069024 0.7273524747070041 0.07173733268834771
3 0.6894536684575314 0.0780345966685765 0.6843209837979884 0.07025487606516961 0.7098943549307251 0.05338282115502104 0.7150270390770856 0.061162539275037814
3 0.6964424438502874 0.04977779915565236 0.700115481770581 0.05894082335820716 0.66852532393807 0.07160385568180841 0.6648522894736288 0.06244083442984812
3 0.6729279863013744 0.041723419242994206 0.6805488449933819 0.04887490597753946 0.6616770763258728 0.06898526136781652 0.6540562192982406 0.061833776315823714
0 0.8497816435509549 0.7915731931153376 0.8351192379385566 0.7847214100876952 0.8537841247468805 0.7447871146487894 0.8684464010933652 0.7516388622868944