3 0.8965247323867516 0.7572555591939755 0.9003626810213063 0.7581707338364037 0.9000034501852952 0.7596769685570812 0.8961655016073564 0.758761794078339
3 0.10315569438682815 0.6224624777814948 0.10516146875852428 0.6231966958358975 0.10344152260370265 0.6278947734681487 0.10143574841038117 0.6271605557635566
3 0.21808584927225638 0.8055352738814616 0.21986535100472793 0.8070185948542904 0.21652822704777464 0.8110212583981542 0.2147487261893275 0.809537938376972
3 0.22665658890764462 0.7178821727950979 0.22785290436706873 0.7197244176720557 0.22428632027163076 0.7220401162802439 0.22309000578673022 0.7201978722623436
3 0.2226546315350788 0.7148824305092295 0.22455128142496505 0.7158746700152221 0.22197827417119242 0.7207921603004321 0.2200816246912609 0.7197999213964846
3 0.20577388596495894 0.692377601973682 0.2084446732019387 0.6912640600222115 0.2110981258888387 0.6976273294742688 0.20842733911456435 0.6987408706129103
3 0.2035441062677137 0.6921892154925512 0.20556953873835937 0.6930689684950901 0.20337094401190825 0.6981299913267149 0.20134551184389693 0.6972502388381768
2 0.15323148574555034 0.6557017543859873 0.15323148675099674 0.6538307861232251 0.15679824595372338 0.6538307877910171 0.1567982456140271 0.6557017553881179
3 0.10756647478069681 0.6239035088657673 0.10756647636526395 0.618761836404372 0.10964912337817623 0.6187618373237629 0.10964912280701355 0.6239035087719554
3 0.20971587405017544 0.48836039216218124 0.21199816935006766 0.4892775596893726 0.20974602157423305 0.49488143040595134 0.20746372650376088 0.493964263293644
3 0.05615021491223615 0.5964912280988425 0.05615021522510233 0.5939805777954629 0.057017543975007356 0.5939805779640762 0.057017543859615216 0.5964912280701637
3 0.017161085033649215 0.5786480535492876 0.018017491375758254 0.5808703915388587 0.013006326601157525 0.5828013080138844 0.0121499215052836 0.5805789710800796
3 0.22093519055590605 0.5247751848679234 0.22220835545624595 0.5262450508854513 0.21801787802564832 0.5298744399243375 0.21674471381584226 0.5284045745613828
2 0.206945955944434 0.48082746161254863 0.20957655214579063 0.48096517263785055 0.20920425957297084 0.4880763074441774 0.20657366337718486 0.48793859649122917
2 0.2031698422061936 0.4862637168049255 0.20589783470381917 0.4883968724260297 0.2003007412105262 0.49555420680373635 0.19757274999994934 0.4934210526315735
2 0.1415511336418831 0.481953773313675 0.14337560129661142 0.48315735154748163 0.1401505999128858 0.488045682976396 0.13832613267538818 0.4868421052631555
2 0.22192670931985958 0.92982456216312 0.22192671162281385 0.9217515153508804 0.2236842108284236 0.921751516591775 0.22368421052635767 0.9298245614035331
3 0.2983793637938561 0.021088665652363583 0.29807041887841024 0.022692753004359842 0.2941091820175643 0.021929824561443864 0.29441812694881264 0.020325737230795893
3 0.3383055043651666 0.04857816775205338 0.3400857931808332 0.049529052570991626 0.3388157894736423 0.05190680811403794 0.33703550067150445 0.05095592331463827
3 0.4155701754544907 0.05043859649122807 0.41431163048241615 0.05043859649122807 0.41431163051504427 0.04779656140350878 0.415570175437324 0.04779656140350878
2 0.215317538377235 0.014254385964909985 0.21531753842168655 0.011491357453612898 0.22039473685902067 0.011491357524834175 0.22039473684208133 0.014254386008418246
2 0.20723684218501148 0.0581140350877193 0.20357728287581267 0.0581140350877193 0.20357728296585265 0.05545608662280702 0.20723684210520332 0.05545608662280702
3 0.26871690899122314 0.06469298245616313 0.26871690910786583 0.06286162170401544 0.27302631582949743 0.06286162192782399 0.27302631578947967 0.06469298260328099
3 0.2719298245748405 0.0668859649122807 0.2693563771930485 0.0668859649122807 0.2693563772066909 0.06637668421052631 0.27192982456142545 0.06637668421052631
3 0.2708333333335986 0.02631578947368421 0.26981440899123754 0.02631578947368421 0.2698144089916923 0.026244677631578946 0.27083333333337123 0.026244677631578946
3 0.2960526315800962 0.023026315789473683 0.2927201096490535 0.023026315789473683 0.2927201096634917 0.021833380482456144 0.2960526315670222 0.021833380482456144
2 0.33613099113108547 0.10391723679895251 0.33870272062915774 0.10506183923522701 0.3371276516039643 0.10860074271538657 0.334555922149093 0.10745614035087775
2 0.3739035089188292 0.10635964912280703 0.3696256359648942 0.10635964912280703 0.3696256364173678 0.10178579166666667 0.3739035087501179 0.10178579166666667
2 0.3687230080237214 0.10798386346663522 0.36603732702008074 0.1062609193102646 0.3702898658448248 0.09963219369869111 0.3729755463486981 0.10135513764064534
2 0.36450588027992126 0.08942894504723257 0.36689464215658063 0.09094084111515406 0.3639072120968194 0.09566090122086165 0.3615184503123601 0.09414900527185323
2 0.3739035087871798 0.04824561403508772 0.37289233004389644 0.04824561403508772 0.3728923300743645 0.045104179824561406 0.3739035087719458 0.045104179824561406
2 0.3541666667493928 0.05263157894736841 0.3522823201690244 0.05263157894736841 0.35228232029976425 0.04495614035087718 0.3541666666653782 0.04495614035087718
2 0.2609649121302482 0.04642297887549333 0.26237740148349076 0.049155851200400044 0.25648882252801286 0.052199369995853534 0.25507633333324975 0.04946649780697176
2 0.13641667324566242 0.4638157894986322 0.13641667402612256 0.45984748336552855 0.13815789503132692 0.459847483826597 0.138157894736878 0.4638157894736838
3 0.11315738733060243 0.4837931746783003 0.11140618711783645 0.483134508070427 0.11300645038875246 0.4788801824478597 0.114757649548892 0.47953884883619297
2 0.3406296677632099 0.10087719303412078 0.3406296682925358 0.09265479150557149 0.3432017546035695 0.09265479176506465 0.3432017543859729 0.10087719298241273
3 0.11018272697367593 0.4945175439057412 0.11018272719115885 0.49117499011780125 0.11074561411135164 0.4911749902128644 0.11074561403506777 0.49451754385965985
2 0.730000084753101 0.2337214740635066 0.7278413893614015 0.23353261571101538 0.7284610368789117 0.22645002015099763 0.7306197311999085 0.2266388784563487
2 0.7339501814541336 0.1979614393516767 0.7379385964911762 0.19665726644736714 0.7388721609137292 0.19951225436635633 0.7348837459318247 0.20081642715191972
2 0.6498793949651827 0.4533213356617123 0.6520564588888647 0.45292309491322874 0.6536079482136756 0.4614040889294388 0.6514308843544541 0.46180232943880534
3 0.745500261985967 0.7571327174330849 0.7471428022818145 0.7582100856045704 0.7446287635241333 0.7620422798810242 0.7429862236842837 0.7609649122807306
3 0.6282894735199989 0.18681193290459883 0.6294438186017715 0.1882838309538322 0.6268527840962861 0.19031584346098157 0.6256984391653759 0.18884394555093298
2 0.21328172790458666 0.11960631129696318 0.21685489585593132 0.11919038499347757 0.21828103310178903 0.13144208463397744 0.21470786516738372 0.1318580108395953
2 0.02593353170550472 0.3992993168053559 0.02714970834142605 0.4003565171832319 0.026078167765376747 0.4015891300971319 0.024861991228135594 0.40053192982454355
3 0.0997807018804906 0.42214912280701755 0.09812137171059021 0.42214912280701755 0.09812137184837866 0.42091070285087734 0.0997807017542982 0.42091070285087734
3 0.03070175448806367 0.4407894736842105 0.030046770825492786 0.4407894736842105 0.030046771011825513 0.4375 0.03070175438597289 0.4375
2 0.11866002158467381 0.4203625656766233 0.12053884463432496 0.420976897368274 0.11923755652571799 0.4249564367892185 0.11735873355269177 0.42434210526316296
2 0.11006265899118262 0.43969298245617877 0.11006266013987442 0.4374393080920799 0.11513157933268303 0.4374393102879302 0.11513157894739834 0.43969298388848715
2 0.034830275418357814 0.41136292927831675 0.03622161403507107 0.4090652313596141 0.04086502147174542 0.411876836515065 0.039473683752135 0.4141745336517577
2 0.03019249890348874 0.4078947368658053 0.030192499537065487 0.4040182212872506 0.031798245862660224 0.4040182216483511 0.03179824561402711 0.4078947368420938
2 0.03289473707104662 0.41008771929824567 0.03112467434152677 0.41008771929824567 0.03112467457128787 0.4080100888157896 0.03289473684208133 0.4080100888157896
3 0.003310386203111193 0.49635143838256596 0.0021568893798757927 0.49422835732239306 0.005586916666629804 0.49236491885965805 0.0067404135515971575 0.49448799929559667
3 0.10526315808476738 0.4901315789473685 0.10355913925434379 0.4901315789473685 0.10355913972443886 0.4874577807017543 0.10526315787626572 0.4874577807017543
2 0.2105263158513253 0.07236842105263158 0.20655744623297778 0.07236842105263158 0.20655744629607398 0.0709306875 0.21052631578947967 0.0709306875
3 0.28618421055239196 0.1282894736842105 0.28405001425437604 0.1282894736842105 0.2840500143394138 0.1268681842105263 0.2861842105194228 0.1268681842105263
3 0.41008771763142704 0.9358686269150589 0.4116917580416839 0.9371912934441022 0.4086666333290623 0.9408589748017381 0.4070625937395107 0.9395363091714067
2 0.32456140300985226 0.6816280487915685 0.3256481716741746 0.6828272096762408 0.32322709147570095 0.6850210596609402 0.3221403232346347 0.6838218991839752
3 0.22807017581067157 0.7280701754385966 0.22658748684204966 0.7280701754385966 0.22658748758613 0.7246708629385964 0.22807017543857455 0.7246708629385964
3 0.3278508775085811 0.6984649122807017 0.3236659572368126 0.6984649122807017 0.3236659586851829 0.696213515350877 0.3278508769548125 0.696213515350877
3 0.34320175315394863 0.7137180023624059 0.3449355092762971 0.7150225945748451 0.34200828994971744 0.7189121549022017 0.3402745344287723 0.7176075633827297
2 0.3380622385074048 0.7340956458231145 0.34072283625960154 0.7362502403828619 0.3364338231235706 0.7415456421557463 0.33377322686419575 0.7393910492460055
2 0.3315563918181397 0.7144931635206917 0.33545482784631986 0.7196128145995511 0.3331729770304719 0.7213500902616341 0.32927454276318713 0.7162304407894837
2 0.33583673144471504 0.7145980596205396 0.3340436945128431 0.7164130773294503 0.33023916584681956 0.7126552052503087 0.3320322017543731 0.7108401885965204
2 0.32944276882494705 0.680298921777881 0.3310381441509662 0.6823358517853781 0.32604768602880085 0.6862439478037491 0.32445231216456705 0.6842070191400919
3 0.30724828657696435 0.6195522263616239 0.3093339682018268 0.6186179122806887 0.311338144093952 0.6230913355037944 0.30925246273091034 0.624025649151194
2 0.3135964878175628 0.6587465173250934 0.31573177440327527 0.6602564674121496 0.3107156739537231 0.6673490035094632 0.3085803884757752 0.6658390547474494
2 0.31249999690032837 0.6664451777850398 0.31402610543023 0.6685289920011056 0.307778745341011 0.6731036995964371 0.306252638631463 0.6710198870257922
3 0.23793859669615358 0.6491228070175437 0.23647623793863204 0.6491228070175437 0.2364762383483594 0.6469948771929824 0.2379385964912899 0.6469948771929824
3 0.3297690125762074 0.6706774839690585 0.32861221215887326 0.6727494177945542 0.324753855244694 0.6705955173199499 0.32591065570170485 0.6685235844298476
3 0.13048245624167976 0.6458333333333333 0.1298735646929572 0.6458333333333333 0.12987356489543345 0.6432947631578947 0.13048245614038478 0.6432947631578947
3 0.13092187994129745 0.6385055033501384 0.13313227812921014 0.6399035673238767 0.12994907821826018 0.6449357091831504 0.12773868066403793 0.6435376460229386
3 0.3457049272223003 0.7252035772144549 0.34708760416663154 0.723745692982436 0.35006688599082736 0.7265708310930282 0.34868420972259173 0.7280287146632545
3 0.345394737249876 0.7434210526315789 0.3438336676891822 0.7434210526315789 0.34383366820907213 0.7407943782894737 0.34539473684208133 0.7407943782894737
3 0.34777144819349814 0.7409048551861618 0.3492832110614472 0.742201726336701 0.3461835319531019 0.7458144143112615 0.3446717697368058 0.7445175438596525
3 0.21459129318918713 0.8119510392401843 0.21690199874797145 0.8127557981478125 0.21556490163231956 0.8165942321861022 0.21325419627191877 0.8157894736842046
3 0.3059210529855818 0.7905701754385966 0.3042909702367069 0.7905701754385966 0.30429097097839986 0.7877036414473685 0.3059210526037077 0.7877036414473685
3 0.29385964948698984 0.8135964912280702 0.2916314572368037 0.8135964912280702 0.2916314580523931 0.8110188618421053 0.2938596488809253 0.8110188618421053
3 0.27302631593113347 0.8302895252192986 0.2725078297744403 0.8302895252192986 0.2725078300577479 0.8270410482456143 0.27302631578947967 0.8270410482456143
3 0.2786484181300466 0.8372521434025041 0.28097393311406904 0.8349705526315513 0.2843868095965263 0.8384483900156263 0.28206129602040164 0.8407299793676775
2 0.16916604535708757 0.7542582013795994 0.17154535189092712 0.7550997212978293 0.16972243383929708 0.7602529251509729 0.16734312756807412 0.7594114057633078
2 0.32932179970123343 0.8459908014666515 0.3305457901324189 0.8502288620951302 0.3200071858124147 0.8532718267454547 0.3187832024163981 0.8490337721321393
2 0.3355263165396991 0.9331140350877193 0.33320033114034686 0.9331140350877193 0.33320033264089943 0.9297058618421052 0.335526315789366 0.9297058618421052
3 0.33673871862697524 0.9265549554599333 0.33843934680635357 0.928264371255863 0.3350045195390976 0.9316806413746485 0.33330389253455905 0.9299712267507629
2 0.3519736793487027 0.9512715153233945 0.3539500707551042 0.9535113701906981 0.34792097207434836 0.9588298124153937 0.34594458341405243 0.9565899601676384
2 0.3913603198001283 0.9203484862710698 0.3939114917504867 0.9220048821752832 0.3906057848629416 0.9270949909810012 0.3880546140351271 0.925438596491226
3 0.3771929827508984 0.9144736842105261 0.3759143399123559 0.9144736842105261 0.37591434050170847 0.9119894451754386 0.37719298245610844 0.9119894451754386
3 0.28618421075384504 0.6564665964912281 0.2850156937514612 0.6564665964912281 0.2850156942065496 0.6535375932017544 0.286184210526244 0.6535375932017544
3 0.23903508816624708 0.5219298245614036 0.235385962719306 0.5219298245614036 0.23538596361311193 0.5196158223684211 0.23903508771934412 0.5196158223684211
3 0.31055492586574474 0.15667506223473252 0.3126323410549503 0.15784658636280158 0.31047773164777936 0.1616672364334346 0.30840031654804534 0.16049571242987848
3 0.3795706367911862 0.1386022223649956 0.3810380180084394 0.1398117317966652 0.3778738580458594 0.14365047873644193 0.3764064769467268 0.1424409694340715
3 0.41707199671054696 0.1633771929824912 0.4170719969604306 0.15979475543407445 0.4188596492150509 0.1597947555972004 0.4188596491228509 0.1633771929879048
3 0.4219357847281344 0.12716704235926418 0.4201802216721262 0.12939825098538413 0.416662260503017 0.12663025667872727 0.41841782346489254 0.1243990482455706
3 0.4115611567422093 0.1332910502784929 0.4134935581140553 0.13062406907897328 0.4164060852848479 0.1327343732783007 0.4144736841259373 0.13540135428337435
3 0.39364035107178097 0.14144736842105265 0.39069720937857255 0.14144736842105265 0.3906972096020809 0.13812552302631578 0.3936403508772628 0.13812552302631578
3 0.39035087734930585 0.14583333333333334 0.3875847740894187 0.14583333333333334 0.38758477426017635 0.1431566118421053 0.39035087719298645 0.1431566118421053
3 0.3814672817399014 0.14059115463809801 0.37960806415810566 0.13951196686654718 0.3820079796395248 0.1353774327520169 0.3838671969265306 0.13645662041471987
3 0.4013811751128742 0.19233223435729618 0.4030399216309206 0.19381839175069837 0.40001170415632714 0.19719824029416033 0.39835295782881985 0.19571208310084307
3 0.23651699790002567 0.5170807565181132 0.23794362490207277 0.5187260813296197 0.23421594734111295 0.5219580066973732 0.23278932101641203 0.5203126825280406
3 0.3377192981482722 0.17921596811741927 0.3390135187192982 0.1803367136383583 0.33727301519650155 0.18234660158605062 0.33597879470312364 0.18122585614721193
3 0.3250912039115974 0.10915880480188338 0.3267093113939836 0.11018624722722412 0.32551505266542335 0.11206706478113201 0.32389694521316414 0.1110396223943272
3 0.33004385965296024 0.10855263157894736 0.32615877850878405 0.10855263157894736 0.32615877861951503 0.10688832456140351 0.33004385955109683 0.10688832456140351
3 0.3881434908147412 0.18860957540851717 0.3899986977600065 0.18972887321358853 0.3871348614142107 0.19447555420297646 0.38527965460525593 0.1933562565789591
3 0.3678884370197011 0.16569174838085765 0.36910097025224786 0.16701124713080162 0.3645206979658724 0.17122018178190862 0.3633081649510359 0.1699006832426787
3 0.32785087724812456 0.16337719298245612 0.3251165153508282 0.16337719298245612 0.32511651552499643 0.16115617105263158 0.3278508771214774 0.16115617105263158
3 0.41557017554760023 0.162280701754386 0.41327089035087283 0.162280701754386 0.41327089062781397 0.15871605263157895 0.4155701754236816 0.15871605263157895
3 0.4118546258424658 0.16507196359065565 0.41330499860873715 0.16635712901694463 0.40968371959661454 0.17044388631382276 0.40823334699996394 0.16915872106686586
2 0.273356175286267 0.21650301741189082 0.27192982456142545 0.21899190021932696 0.2677097249288636 0.21657344271582987 0.26913607565791153 0.21408456030699102
2 0.30135217131453373 0.22032543467277957 0.3035265190570726 0.22197789784234584 0.29930722349615735 0.22752965575948988 0.29713287609649797 0.22587719298248843
2 0.39912280641840425 0.21317322077708065 0.40063091063495904 0.21497085072978106 0.3961810610875318 0.21870395526713346 0.3946729572368213 0.2169063256579329
2 0.3804857834257973 0.24616075248346858 0.38227141625282 0.2469461280634495 0.38106504615132053 0.24968888426305794 0.3792794133771622 0.2489035087719315
2 0.4017599634534008 0.25944258857663105 0.4034270594428335 0.26054291251825573 0.4009308587352507 0.26432481617459125 0.3992637629053206 0.2632244924319327
2 0.37171052694100126 0.29605263157894735 0.3682339100877243 0.29605263157894735 0.36823391133816585 0.290029471491228 0.37171052631583734 0.290029471491228
2 0.4158295729216661 0.31732265598270637 0.41846023145092204 0.31916093113530947 0.4123198814100988 0.3279477829564369 0.40968922368415406 0.32610950877190514
2 0.14570316808851658 0.47468215033135946 0.14772502539881316 0.47621294985255513 0.14372639441353385 0.4814939140732784 0.14170453774659109 0.47996311529052554
2 0.14726904188421486 0.47614998209594445 0.14964920125203207 0.4771254121754378 0.14724229405248934 0.48299812606891707 0.14486213493864852 0.48202269644169266
2 0.14364035113669615 0.4857456140350877 0.14108942105269762 0.4857456140350877 0.14108942157156434 0.48368033771929825 0.1436403508771491 0.48368033771929825
2 0.1892269736841854 0.3760964912280333 0.18922697489222173 0.37123181865282934 0.19188596538401725 0.37123181944654793 0.19188596491233056 0.37609649128584344
2 0.23075646533550298 0.40379289115168837 0.22641045577120167 0.4093628711457867 0.22412484155552193 0.40757959592532245 0.22847085064893236 0.40200961692919834
2 0.1975938407265403 0.5077682764667143 0.1995054190748533 0.507642253627079 0.1998677408302001 0.5131376991309077 0.19795616248723036 0.5132637219166083
2 0.1976522642544296 0.4802631578947401 0.19765226425556648 0.48018341776275325 0.1978029243424544 0.48018341776500595 0.19780292434211333 0.4802631578961041
3 0.23135945605736197 0.5002082655686984 0.2328960076754356 0.498927864035082 0.23567391867982224 0.5022612539597512 0.2341373674512397 0.5035416550691099
3 0.36990089561447803 0.9353637806823856 0.3714616217105231 0.9337096546052567 0.3740656767680548 0.9361660175443586 0.3725049515360297 0.9378201427773845
3 0.36126627102794373 0.9022844325417885 0.36396411911550786 0.9036883537920571 0.3615742685982468 0.9082796684289226 0.35887642119075736 0.9068757481806275
3 0.791666666699939 0.6524122807017546 0.7911895076754263 0.6524122807017546 0.7911895077419331 0.6513604703947369 0.7916666666666288 0.6513604703947369
2 0.7214912281663146 0.35964912280701744 0.7187345953947215 0.35964912280701744 0.718734595586966 0.35869397149122806 0.7214912280701355 0.35869397149122806
2 0.6984649132392633 0.3508771929824562 0.6927809785103136 0.3508771929824562 0.6927809792944117 0.34800013267543856 0.6984649122806559 0.34800013267543856
2 0.6913724526607439 0.37938596531382435 0.6913724541110469 0.3710380495490187 0.6940789475272595 0.37103805043864896 0.694078947368439 0.379385964912264
2 0.6919391885965069 0.387061403521884 0.6919391906478722 0.3803231540968039 0.6951754393734291 0.38032315535750366 0.6951754385964932 0.38706140350875584
2 0.699561402243603 0.3870614035087353 0.6995614039694829 0.38468002953754116 0.7083333338309785 0.3846800348360508 0.7083333333332575 0.3870614075768285
2 0.720293202968378 0.38224428517436104 0.727066685193904 0.38923137353749315 0.7236195427203711 0.39257297673395947 0.7168460624999398 0.3855858903508371
2 0.723177298443261 0.35338505566084105 0.7241982349478349 0.35652849189242614 0.7177577937416117 0.35862015894463756 0.7167368585937766 0.35547672386715234
2 0.7225877195869543 0.3640350877192983 0.7174200053703998 0.3640350877192983 0.7174200056641666 0.36301747258771927 0.7225877192981898 0.36301747258771927
2 0.765165772572459 0.3502313132246105 0.76811361219643 0.35082709028969783 0.7670966060225055 0.35585893479535263 0.7641487664473061 0.3552631578947327
2 0.7166080334336584 0.3707521811270866 0.7182242189904855 0.3671702018344092 0.7271069731427815 0.37117792372650193 0.7254907899082355 0.37475990104646467
2 0.7164230309615505 0.3765625064425422 0.7186705921052408 0.3723103081139917 0.7255126855619665 0.3759266405579252 0.7232651266182302 0.3801788369989266
2 0.7317141381627152 0.38244969862412975 0.7293955725219803 0.38392616995787315 0.7262950078936683 0.37905743575146045 0.728613572368431 0.3775809649122876
2 0.7313596506050999 0.3793859649122807 0.7286036453684801 0.3793859649122807 0.728603646983288 0.3695367182017544 0.7313596491228509 0.3695367182017544
2 0.7342999824561502 0.3750000001728649 0.7342999856235792 0.3657606633884787 0.7379385977619677 0.36576066511056654 0.7379385964911762 0.37500000000004735
2 0.7365159051070123 0.3769820452602874 0.7396699428585407 0.3773663332011556 0.7387090245614445 0.3852527088162351 0.7355549868420894 0.3848684210526311
2 0.6946380098684131 0.3542353552631104 0.6952615606816153 0.35075704426491977 0.7023348806022796 0.35202501753525756 0.7017113313108894 0.3555033271888251
2 0.7072368429082871 0.3530701754385965 0.7016946584819834 0.3530701754385965 0.7016946593291777 0.3502933212719298 0.707236842105317 0.3502933212719298
2 0.7091880471311924 0.34568248239344695 0.7103550007893773 0.3491926568922131 0.702772328757078 0.351713411926617 0.7016053768504662 0.3482032389161016
2 0.7001956212986897 0.3588359325756811 0.7012027817982016 0.35470551535085065 0.7090709730023264 0.3566240192441789 0.708063814613638 0.36075443464453966
2 0.6953311304824865 0.35964912280699546 0.6953311317190582 0.3568424088969473 0.700657895157633 0.35684241086813207 0.700657894736878 0.35964912396245685
2 0.6956705328947237 0.3640350877192802 0.6956705345098726 0.3608647443859836 0.7017543865151765 0.36086474703031396 0.7017543859649322 0.3640350892984616
2 0.7017543858215731 0.36488724665462074 0.7017543861824151 0.3673245616730449 0.6962719297014246 0.3673245613886735 0.6962719300856861 0.36488724711591847
2 0.7072368415243773 0.37003574297797803 0.7083081860907896 0.3728752978057053 0.7030789965430131 0.3748481504630074 0.7020076530387769 0.3720085965356712
2 0.7090742734491187 0.3665459113161574 0.7083328536837143 0.36951946755389975 0.701936402205888 0.36792465489017073 0.7026778226955912 0.36495109974919404
2 0.7022805997806927 0.3629385964911902 0.7022806006241353 0.361257936392274 0.708333333615883 0.36125793870668477 0.7083333333333712 0.3629385982445552
2 0.7072368435016188 0.37719298245614036 0.6980446918400958 0.37719298245614036 0.6980446932668656 0.37451132236842105 0.7072368421052033 0.37451132236842105
2 0.6959235219297852 0.37280701754389284 0.6959235232660603 0.37013286831575254 0.7017543864188838 0.3701328707044467 0.7017543859649322 0.37280701905037555
2 0.7094298273262893 0.38377192982456143 0.6973747509439363 0.38377192982456143 0.6973747538829684 0.3797052061403509 0.7094298245613118 0.3797052061403509
2 0.7138871122144792 0.3626918105975339 0.7180496733095652 0.36356672385839484 0.715249938082934 0.37688642903753833 0.7110873771929391 0.3760115164473602
2 0.712719298218758 0.3516279217200937 0.7132885517046361 0.36070993522931066 0.7118861650350254 0.36079783189609493 0.7113169122807221 0.3517158190789825
2 0.8028522442735948 0.28662696096689994 0.8045664006206152 0.2851000277129559 0.8083568004556128 0.2893550757321522 0.8066426444712533 0.2908820086041246
2 0.7045848239604311 0.337719298233854 0.7045848245613797 0.3355263155986578 0.7083333335128827 0.33552631647965253 0.7083333333332575 0.33771929869343525
2 0.7559226753875237 0.3507217826458424 0.7528997766462453 0.35107056070621323 0.7521304862916622 0.34440327231716067 0.755153382908702 0.3440544943804778
2 0.7676286699561388 0.36316190679824606 0.768020349085532 0.35986503912899975 0.774514484626593 0.3606365333611556 0.77412280680187 0.3639333998418395
3 0.7936579306436897 0.31150239263509205 0.7914902967785338 0.3112888267215582 0.791915254965943 0.3069757510923635 0.7940828879524133 0.3071893169622879
2 0.7223055600743464 0.4164353177218051 0.7183712683334988 0.4175530365237086 0.7151057324535941 0.40605916423602206 0.7190400186403849 0.404941446271928
2 0.7083333354305523 0.39364035087719296 0.6990916798797571 0.39364035087719296 0.6990916820634538 0.3897585109649123 0.7083333333333712 0.3897585109649123
2 0.7149122807016965 0.3793859648338584 0.7149122811068764 0.3859649124120108 0.7128566937110463 0.38596491199703026 0.7128566940938299 0.3793859652064808
2 0.7175227239270043 0.38267543852928604 0.7175227269736979 0.3789554506578648 0.7269736852165352 0.37895545721879637 0.7269736842105203 0.3826754430471567
2 0.7164694185770486 0.3920107536884726 0.7189930710950421 0.3879991019243204 0.7286472362121685 0.39407206539523404 0.7261235868193125 0.3980837144193727
2 0.7243583853331756 0.4177631590848318 0.7243583884431928 0.4044167217733274 0.7280701754459642 0.4044167236842477 0.7280701754385746 0.4177631578947214
2 0.7210725734648804 0.4177631584484237 0.7210725764667814 0.40570175296427013 0.7236842115527224 0.4057017543859264 0.7236842105263577 0.41776315789471863
2 0.7050438596491229 0.40493667105263154 0.7083333333333334 0.40493667105263154 0.7083333333333334 0.4166666666666667 0.7050438596491229 0.4166666666666667
2 0.7741228075916524 0.3651315789473684 0.7669438166134341 0.3651315789473684 0.7669438172173386 0.3636540921052631 0.7741228070175339 0.3636540921052631
2 0.707236842105317 0.41776315701742006 0.7072368438114154 0.4265350879629349 0.7051288985436486 0.42653508765107223 0.7051288980262598 0.41776315789472407
2 0.699886679361839 0.42763157944601404 0.699886680954819 0.4168391231060301 0.7017543862614275 0.4168391239036069 0.7017543859649322 0.4276315789473828
2 0.6989585296053065 0.4144736848116189 0.6989585332232764 0.40185462524417254 0.701754387389542 0.40185462683531953 0.7017543859649322 0.4144736842104991
2 0.6902204354370269 0.398753745670432 0.6923721531999263 0.40308297870233695 0.684782416119674 0.40685504460053445 0.6826307009937409 0.40252581381914426
2 0.6909832138503589 0.39392214444148527 0.6927020566962483 0.3976500554394807 0.6842604072645599 0.4015420898223204 0.682541566886016 0.39781418092102017
2 0.6900393924501032 0.39054943329637176 0.6896255278677472 0.39424222880261817 0.6824996439094093 0.39344364103140456 0.6829135098663528 0.38975084710571467
2 0.7498971963417489 0.39998239303809174 0.7533876803246358 0.4010647161754453 0.7494605620657921 0.4137290083077653 0.7459700784751249 0.4126466860592949
2 0.7532894736635853 0.40241228016477293 0.7532894744197165 0.40899122832679813 0.7507171005880764 0.40899122781954483 0.750717100877182 0.4024122807017864
2 0.7604211279933679 0.40891176115254346 0.757157084717619 0.40938105768700783 0.7562544331140089 0.40310325657895485 0.759518473869889 0.40263396022839226
2 0.767052655756288 0.4128469214227349 0.763247522044253 0.41423920869060105 0.7589544111841633 0.40250668750001395 0.7627595395199478 0.4011144013191632
2 0.7724903681324804 0.4119884631331001 0.7681207168287756 0.4138547097372887 0.7624812173751252 0.4006509795832394 0.7668508618420447 0.398784734649139
2 0.7691458053808446 0.399142810870075 0.7735573474265038 0.3978613932717603 0.7775279566981226 0.4115303495177359 0.7731164151192615 0.4128117659898966
2 0.7739342664358446 0.39438196780787665 0.772540438346141 0.3982932751419272 0.7654077423513854 0.3957515961229271 0.7668015712719125 0.3918402905701373
2 0.7576424180321055 0.3985730603823143 0.7588721589912666 0.3947767401316308 0.7663312356926326 0.39719284001375726 0.7651014968549816 0.40098915845939737
2 0.7478070157194452 0.38306290766051604 0.7490672449762314 0.38701165604465987 0.7397459115312586 0.38998638755355786 0.7384856849456582 0.3860376414426055
2 0.7465502596244278 0.37639801859897276 0.7487867992784913 0.37945484604333074 0.7415474874566144 0.38475128089907146 0.7393109495613999 0.3816944550438955
2 0.7460241579070725 0.3701091241801344 0.7486457822775492 0.3724130465780292 0.7428505070728306 0.3790071851027981 0.7402288837907918 0.3767032638586223
2 0.7466489807094376 0.36380217111595087 0.7493131413591527 0.3668251786542285 0.7419075514951601 0.37335141403619154 0.7392433926009971 0.37032840817185053
2 0.7434210513031303 0.360261126947058 0.7455253018840722 0.3623875624615655 0.7405680271042456 0.3672929194306225 0.7384637773479881 0.36516648473780544
2 0.7517096623922725 0.36015315063954495 0.753793083182245 0.35955993506957346 0.7550162503076763 0.36385562563506674 0.7529328295773894 0.36444884105901704
2 0.7576754387498568 0.36280856250000004 0.7563007947702545 0.36280856250000004 0.7563007950770952 0.35976534539473687 0.7576754385964932 0.35976534539473687
2 0.774804115792449 0.3596491228296096 0.774804116228097 0.356084787280647 0.7763157896155235 0.3560847875518102 0.7763157894736423 0.359649122806961
2 0.7605652379387493 0.3628701392543512 0.7624325260419482 0.3602670296467546 0.7659394262262822 0.3627825332251546 0.7640721388138445 0.365385642211529
3 0.787857881500031 0.3030379500653511 0.7892212570407082 0.3016609194897833 0.7919335504500395 0.3043462418852423 0.7905701751535616 0.3057232722176967
3 0.7861842107339498 0.2904911096491228 0.7843000425840501 0.2904911096491228 0.7843000432279723 0.2853056666666667 0.7861842105205596 0.2853056666666667
3 0.36622807068954444 0.8980263157894737 0.3645772785087047 0.8980263157894737 0.36457727953688845 0.8946069967105263 0.36622807017545256 0.8946069967105263
2 0.6453708298655556 0.4905386623793319 0.647890266725085 0.49392888202619645 0.6414518031323269 0.49871325761917557 0.6389323685308455 0.49532304002083183
3 0.46929824569576795 0.24013157894736842 0.4675884013157656 0.24013157894736842 0.4675884014792473 0.23816499671052632 0.4692982456140271 0.23816499671052632
3 0.25318506247356254 0.03777258437779487 0.2547775059684909 0.0409118348784311 0.2521515432100614 0.04224390285703186 0.2505590997807303 0.03910465241224205
3 0.8996101521571518 0.7593258968267784 0.9010840080627531 0.7599213055596086 0.9001662143643898 0.7621927824673292 0.8986923585526938 0.7615973739035222
3 0.9057017542157837 0.7469594969770922 0.9067316317875793 0.7519818329794524 0.9048659486913948 0.7523643425857066 0.9038360723684491 0.7473420076754761
3 0.8355857268556974 0.3335640055350793 0.8368533717105038 0.33116801864031775 0.8414503927932628 0.3336000822389162 0.8401827486760567 0.33599606850074415
2 0.689692982457359 0.2642543859649123 0.6895520460525404 0.2642543859649123 0.6895520460549278 0.2639386195175438 0.6896929824561084 0.2639386195175438
2 0.6367926435810887 0.7454492143163842 0.6342967399092458 0.7470305671048673 0.63013791772687 0.7404676543434155 0.6326338181044093 0.7388863029401845
2 0.047769169840421455 0.38815789476930757 0.04776916995876945 0.38504100213797804 0.048245614065990594 0.3850410021928704 0.048245614035067774 0.38815789473688517
2 0.4338716255174404 0.2317927202207519 0.43669968824110583 0.2326424262818295 0.4345236448615424 0.239884793549519 0.4316955822367845 0.23903508771928655
2 0.4559323021619548 0.23325423008553184 0.45818635737862223 0.2341066854184443 0.45600007266091325 0.23988754286243 0.4537460175438355 0.23903508771930712
2 0.6315789474839448 0.12390350877192982 0.6278838771061146 0.12390350877192982 0.6278838772303743 0.12217542434210527 0.631578947368439 0.12217542434210527
2 0.28185691658711676 0.821541675006067 0.2800409231430194 0.8190066737105015 0.28556405701749554 0.8150508859648846 0.28738004977321907 0.8175858851131999
2 0.35129487828942274 0.9539473685247525 0.3512948788234098 0.9504232214552222 0.3519736843975352 0.9504232216982986 0.35197368421052033 0.9539473684210774
3 0.47295454134723514 0.23633112591379682 0.47496871219118475 0.23748325543240295 0.47279477049119123 0.24128370828255497 0.47078059978070996 0.2401315789473795
3 0.6644736842383736 0.813051629385965 0.6641309791186814 0.813051629385965 0.6641309791745016 0.812065004385965 0.6644736842105203 0.812065004385965
3 0.5590929061141878 0.2483271266074953 0.5608403758707254 0.24898799624766468 0.5592259228295688 0.25325684711381746 0.5574784531336263 0.2525959775888513
3 0.7291666668056678 0.259674125 0.7283668046507046 0.259674125 0.7283668048330583 0.25454705263157895 0.7291666666666288 0.25454705263157895
3 0.8270387163662463 0.29166666610259107 0.8261284986563169 0.29310299885176777 0.8232329994228849 0.29126814064521955 0.824143217105302 0.28983180811399545
2 0.362938596627032 0.6129385964912281 0.3601800372807702 0.6129385964912281 0.36018003789695285 0.6112654375 0.3629385963822642 0.6112654375
2 0.6480263159406832 0.45614035087719296 0.6465750699362616 0.45614035087719296 0.6465750703129061 0.45348956140350877 0.6480263157844774 0.45348956140350877
2 0.6536424204037985 0.4516331850538089 0.6524695795770867 0.4526967914189574 0.651228721838379 0.4513285799143208 0.6524015625000175 0.45026497368417806
3 0.7253972675438263 0.3168859649440487 0.7253972680446168 0.3128041237750477 0.7269736844026511 0.3128041240517704 0.7269736842105203 0.316885964912316
3 0.7124267518912575 0.31436272506337753 0.7146030132888654 0.31495351698492347 0.7130249817249705 0.32076623034601875 0.7108487203947789 0.3201754385965048
3 0.7578462872806995 0.3146929824560996 0.7578462878557275 0.31085080365424916 0.7598684212574653 0.3108508040436088 0.7598684210526017 0.3146929824752774
3 0.7372923114035075 0.3034567072368682 0.7375634354137901 0.30088056422398146 0.7403998458393062 0.301179071553913 0.7401287221974826 0.3037552142283874
3 0.7265109572354049 0.27850877192916074 0.7265109576409259 0.2743686981596282 0.7280701755720429 0.2743686984649483 0.7280701754385746 0.278508771961696
3 0.6022797996478175 0.34004619903916194 0.6033824204012035 0.3376024254995182 0.6071330586697741 0.33929463903401674 0.6060304385289328 0.3417384120534234
2 0.9293202662963722 0.7174574206603253 0.9296101480263133 0.7192982456140455 0.9238380931296888 0.7202070474607059 0.9235482127193109 0.7183662236842194
2 0.032202335526335446 0.44078947388426876 0.03220233689546603 0.4337241444330751 0.03399122859752879 0.4337241450746538 0.03399122807013555 0.44078947368422716
2 0.05153508771525139 0.38457571687382225 0.05157846466261162 0.3870606463598483 0.05010896664146003 0.3870862965960355 0.05006558991226484 0.3846013673245848
3 0.7603307364555576 0.25000000001123424 0.7603307368420928 0.2460688749999824 0.7620614036383131 0.24606887524577634 0.7620614035088238 0.2500000000000388
3 0.6732456140350678 0.08442982456030718 0.6732456140570093 0.0855263158075339 0.6695957609517791 0.08552631578796545 0.6695957609814513 0.0844298245926971
2 0.7620614035330391 0.1206140350877193 0.7590131874999315 0.1206140350877193 0.7590131876006581 0.11939653728070175 0.7620614034979099 0.11939653728070175
3 0.7219361522710415 0.10964912280252946 0.7219361524122405 0.10760268092109143 0.7247807017993182 0.10760268109730042 0.7247807017544119 0.10964912288246018
3 0.6296223137223933 0.09914653774513552 0.6274000738078485 0.10020387735406706 0.6252374769736662 0.09565870065790773 0.6274597166069498 0.09460136112769918
3 0.6359649122887276 0.10635964912280703 0.6341969188553094 0.10635964912280703 0.6341969188633811 0.1060754331140351 0.6359649122806559 0.1060754331140351
3 0.7149122807089725 0.07894736842105263 0.7127909528509235 0.07894736842105263 0.7127909528653618 0.07851998355263158 0.7149122807016965 0.07851998355263158
3 0.6773099682017119 0.09320175438601747 0.6773099682164911 0.09271993859353718 0.6787280701805685 0.09271993862773331 0.6787280701754526 0.09320175441053291
3 0.8102341259912009 0.23082199442563478 0.8128732641097258 0.23312487131853996 0.8114526894877372 0.23475284820774828 0.8088135515349677 0.23244997149119273
3 0.7291666661865293 0.2408752768081699 0.7308411317166019 0.24298193133331378 0.727023318188003 0.24601644910045048 0.7253488530701588 0.24390979495610568
3 0.7307229283339893 0.24361577889770672 0.7312842664473465 0.2461108651315272 0.7267154472443735 0.2471387268693875 0.7261541096338533 0.24464364107235223
3 0.7316950422706441 0.2492313609097886 0.7282747621927683 0.25078703039714545 0.7271802336706514 0.24838065507696702 0.7306005131579241 0.24682498574560804
3 0.7312811782252311 0.247267531866733 0.7337544078947076 0.24614329714913336 0.7357736250955895 0.25058533596049265 0.7333003955532149 0.2517095704701287
3 0.74314698903504 0.2828947368639918 0.7431469893616622 0.2792479133620949 0.7445175439721652 0.2792479135541712 0.7445175438596152 0.282894736842058
3 0.7444065163182358 0.27913421269245714 0.7462807363601769 0.2795238916413634 0.7454988472153445 0.28328441572688307 0.7436246271929576 0.2828947368421011
2 0.7265599109133518 0.1362698146903374 0.7326655328946572 0.13342214912282346 0.7344609281010435 0.13727159806036932 0.7283553062766259 0.14011926337598085
2 0.7313596489711927 0.13756497958241462 0.7321550324763848 0.14113708750492288 0.7272197679305918 0.14223599130892314 0.7264243848684373 0.13866388377198297
2 0.6732456142602814 0.09320175438596491 0.6671970262410696 0.09320175438596491 0.6671970264758329 0.09049724342105263 0.6732456140350678 0.09049724342105263
2 0.6328276433795281 0.11301383156657764 0.6341500559649376 0.11641259248090507 0.6281728352466871 0.11873823933312175 0.6268504231150018 0.11533947880342356
2 0.6315789474099347 0.11951754385964913 0.6286833300438275 0.11951754385964913 0.6286833301268189 0.1183323092105263 0.631578947368439 0.1183323092105263
2 0.6298125589862593 0.1332030521259824 0.6283416642348811 0.13035801624448143 0.6326754385964932 0.12811744956139812 0.6341463333837964 0.13096248516512785
2 0.832236842105317 0.31720470702744397 0.8322368427636775 0.3201754385961172 0.8256578945344017 0.3201754385963968 0.8256578948247579 0.31720470797683836
2 0.8243767412280931 0.31469298245615906 0.824376741644187 0.31327102513161537 0.8288736481364367 0.31327102630514986 0.8288736480262742 0.3146929833232501
2 0.8965389411278011 0.3234649122598523 0.8965389418859786 0.32060110526310215 0.9002192984867179 0.3206011061949868 0.9002192982455881 0.3234649126744485
2 0.9046052646731368 0.6710526315789472 0.9016811589913232 0.6710526315789472 0.901681162327236 0.6628340559210524 0.9046052631262 0.6628340559210524
2 0.9199561427028584 0.7478070175438595 0.9137541799949531 0.7478070175438595 0.9137541825109565 0.744355975877193 0.9199561403509051 0.744355975877193
3 0.908991228196669 0.7423245614035089 0.9072101293860442 0.7423245614035089 0.9072101296391111 0.7413818366228071 0.9089912280701355 0.7413818366228071
3 0.8804824564793989 0.7423245614035089 0.8788206512367651 0.7423245614035089 0.8788206516225046 0.7403943958333333 0.8804824561403848 0.7403943958333333
3 0.9064710304254504 0.7631578947255718 0.9064710307017094 0.7625232510965068 0.908991228160744 0.7625232519210061 0.9089912280701355 0.763157895364251
3 0.9093204956139971 0.7719298245614044 0.9093204964303823 0.770368089899646 0.9122807020276014 0.770368091270097 0.9122807017544119 0.7719298253887384
3 0.8563596495022239 0.757675438596491 0.8551494633744596 0.757675438596491 0.8551494638657005 0.7545521578947368 0.8563596491227372 0.7545521578947368
2 0.888157892822278 0.7335658678718889 0.8895977592188729 0.7356281223175503 0.8849045798282305 0.7389043583852052 0.883464714912293 0.7368421052631647
2 0.689692983749751 0.3892543859649123 0.682479175438516 0.3892543859649123 0.682479176903712 0.3859649122807018 0.6896929824152949 0.3859649122807018
2 0.688596492653005 0.3848684210526316 0.682379503482025 0.3848684210526316 0.6823795053887807 0.38028052631578946 0.6885964912280542 0.38028052631578946
2 0.6896929832953447 0.37719298245614036 0.6820175437790112 0.37719298245614036 0.6820175446182475 0.37528726096491233 0.6896929824561084 0.37528726096491233
2 0.6024596131821909 0.2407133055458601 0.6051223191817598 0.2418846364858006 0.6020017211488948 0.24897834814546357 0.5993390153508926 0.2478070175438712
3 0.6603947542574815 0.3607456140516383 0.6603947543859476 0.35861163048244993 0.6611842105625101 0.3586116305582254 0.6611842105263577 0.3607456140351087
3 0.6050413552572991 0.3760964912533815 0.6050413556968124 0.3722322552445023 0.6063596492718943 0.3722322555097673 0.6063596491228509 0.3760964912281083
3 0.5694817376991068 0.35201122858867345 0.5706304210526696 0.34991572368417145 0.5735171038462568 0.3514980439487211 0.5723684209222029 0.35359354848355123
2 0.5866228072651438 0.3607456140350877 0.583953642543861 0.3607456140350877 0.5839536430390808 0.3582072828947368 0.5866228070175339 0.3582072828947368
2 0.5832426930458041 0.32392296622418254 0.5853256476923434 0.32569933882230157 0.5810916115843838 0.3306639597614095 0.5790086574750148 0.328887587741225
3 0.5574021155716764 0.2933585637805673 0.5552064363787395 0.2949568880053555 0.5520485189002784 0.29061884796527176 0.5542441973684618 0.2890205241227979
3 0.4879385964048879 0.20175438596496592 0.4879385968106362 0.19776311617704898 0.49013157907859295 0.19776311649112588 0.49013157893944026 0.20175438601208276
3 0.5285087723848392 0.2850877192982456 0.5248060142133681 0.2850877192982456 0.5248060146984699 0.28215627083333333 0.5285087719298645 0.28215627083333333
3 0.49342105265543523 0.17653508771929824 0.49237709649116823 0.17653508771929824 0.49237709654528317 0.17500009758771926 0.4934210526236029 0.17500009758771926
2 0.5968264868157576 0.1951754386347277 0.596826487701378 0.18794394473178505 0.5997807020160053 0.18794394531860564 0.5997807017544119 0.19517543859650446
3 0.6052454152161317 0.1823221530773889 0.6070852362136065 0.18421530742276931 0.603285041043705 0.1879084058203091 0.6014452203318115 0.18601525175739902
3 0.4758145608313953 0.2107873100880367 0.47819204819222705 0.211697372746542 0.47552152638274947 0.21867386263434377 0.47314403913969727 0.21776380019831476
3 0.4751967258412151 0.18109228685129558 0.47683540899117816 0.17923226535087758 0.4800733574268179 0.18208487677506457 0.47843467450991284 0.1839448980534276
3 0.6622807019925858 0.36732456140350883 0.6595229383962078 0.36732456140350883 0.6595229387104382 0.3655307938596491 0.6622807017544119 0.3655307938596491
3 0.5932017538510763 0.3830660264285401 0.594239506033432 0.3849745665865847 0.5903063881241906 0.3871130679213025 0.5892686365243662 0.38520452826448315
2 0.6153678732487151 0.3536607310432432 0.6173905874422871 0.35463815432074985 0.6150266142279861 0.35953005456808373 0.6130039002192689 0.3585526315789577
2 0.4631133998425412 0.369996740200536 0.4658202294391458 0.37188460285005476 0.4616528436444014 0.37785957255993907 0.4589460146979718 0.3759717106937715
2 0.6250000002130491 0.4046052631578947 0.6233271050324447 0.4046052631578947 0.6233271053997669 0.40178212500000005 0.625 0.40178212500000005
2 0.6502192987417175 0.41228070175438597 0.6480343070268191 0.41228070175438597 0.6480343082171203 0.40608754385964907 0.6502192982450197 0.40608754385964907
2 0.5372807000874218 0.45647861105268983 0.5393976820004127 0.4588735950307874 0.5343519430214201 0.46333335180444274 0.5322349622913407 0.4609383689558057
2 0.5518041513378193 0.4650104723969807 0.5550891589912226 0.462542299342109 0.5585030110893285 0.46708565652108447 0.5552180043001727 0.46955382858007955
2 0.5433471770769529 0.8005311269960312 0.5459665942981928 0.7998415339912422 0.5474692159330061 0.8055481200354124 0.5448497989009411 0.8062377125425506
2 0.580022720311149 0.7915578845680482 0.5767226730162065 0.787342525011686 0.5787889484250854 0.7857252225369136 0.5820889950847459 0.78994058076427
2 0.5912769005632299 0.766928340689555 0.5940605937297505 0.7668039507421771 0.5943875191785537 0.774118817811847 0.5916038260191954 0.7742432076523142
2 0.5201565711047351 0.7889775072853487 0.5227811835328566 0.787655601163774 0.5255455235325144 0.7931430873707298 0.5229209117526352 0.7944649925136564
2 0.5255008483021584 0.85682138266442 0.528113798245613 0.8550211907895043 0.5312687625787476 0.8595995463638874 0.5286558137133852 0.8613997369303312
2 0.6227174716666468 0.8316491230034206 0.624088574995767 0.8312546747408609 0.6252934381274144 0.8354418975656932 0.6239223348883343 0.8358363456100483
2 0.5116477717195949 0.8737733508458234 0.5142543859649322 0.8734243837719307 0.5154209012786168 0.88213564534737 0.5128142871150203 0.8824846120110837
3 0.5312764177631379 0.8654091293859623 0.5328073327459606 0.8645955702991414 0.5344256509463321 0.867640145561935 0.5328947362189638 0.8684537042785034
3 0.5352938090178441 0.876660443615773 0.5370446524123054 0.87541592982457 0.5398848870439679 0.8794107751401594 0.5381340443348108 0.8806552881154455
3 0.4742487740522847 0.1813534800766359 0.4748977799252998 0.18306976287432963 0.4725745978382747 0.18394825636324705 0.4719255921052081 0.18223197368417
3 0.45916769577854666 0.2260554636151314 0.46168731170598676 0.22708020726256867 0.4592599197793561 0.23304852660876488 0.4567403039806095 0.23202378319227124
2 0.6834124276315379 0.3717105263157514 0.6834124276898592 0.37139911292859357 0.6858755120763362 0.37139911330101694 0.6858755120613296 0.37171052664472953
2 0.4515634510187283 0.7596600565222258 0.45037259183891365 0.7612572486134085 0.44710523760466003 0.7588215509876021 0.44829609649127633 0.7572243596491048
2 0.3618421059464936 0.6315789473684209 0.35935868640353874 0.6315789473684209 0.3593586877701682 0.627278538377193 0.3618421052632357 0.627278538377193
2 0.3794506946015872 0.6156438162266479 0.3817605357561433 0.6180719041475546 0.37768802734171913 0.6219456304943842 0.3753781874999049 0.6195175438596168
2 0.37828947028560833 0.6117104142052785 0.3801553556569388 0.6142657427575894 0.37317414958272366 0.6193627845641181 0.3713082665018419 0.6168074580811802
2 0.33344417903435897 0.670955275702427 0.33192274843634095 0.6722915493633056 0.32903335418984625 0.6690022434585075 0.3305547839912606 0.6676659703947456
3 0.39692982320798365 0.7656562720542875 0.3986530791258929 0.7668939042811962 0.3958061913946267 0.7708571439513426 0.3940829360734597 0.7696195124311472
3 0.3717105264872771 0.7532894736842105 0.3702639506578862 0.7532894736842105 0.3702639510009931 0.7517385230263158 0.37171052631572365 0.7517385230263158
2 0.3724006708894194 0.7552440310108277 0.37462048058455366 0.7565478760142498 0.3716920934365362 0.7615326122674931 0.36947228438668844 0.7602287681347236
2 0.507675438683691 0.12390350877192982 0.505589200657937 0.12390350877192982 0.5055892008323326 0.12055047807017544 0.5076754385964932 0.12055047807017544
2 0.3712837109408156 0.8257036864294165 0.36903286552910686 0.8286251307877099 0.3628931416120622 0.8238957189237092 0.3651439857457035 0.8209742774122454
2 0.44221511137766356 0.7628518596783985 0.44467819249086915 0.7603110773227361 0.44968014863673034 0.7651592053454321 0.44721706961013297 0.7676999856408827
2 0.40451039567778935 0.8337222622783491 0.40727842903459077 0.8349266489437709 0.4033698435976021 0.8439077999121573 0.40060181112949067 0.8427034147539959
2 0.41854146373236745 0.8648454998851303 0.4128059939184823 0.8689034563983855 0.41067762056195534 0.8658959195364255 0.4164130864554636 0.8618379649932872
2 0.41776315785523366 0.8844391225512352 0.41832472185387815 0.8880710883237283 0.41752108657874487 0.8881953140580451 0.4169595230263212 0.8845633486841972
3 0.34750594442118654 0.9457520962312159 0.34943063063838053 0.9464156034973793 0.3481170687056192 0.9502249103888658 0.34619238267544006 0.9495614035087737
2 0.3869223245264948 0.6542113318708909 0.38962947191919284 0.6562951206915066 0.3846315468690591 0.6627872998246245 0.3819244009821432 0.6607035127161589
2 0.39199506759678115 0.6580703047499096 0.3949030459058349 0.6593909919929075 0.39155299300136903 0.6667663791459966 0.3886450153509031 0.6654456929824478
2 0.4353070153755425 0.33662804435810817 0.4373820029455828 0.3392988896220942 0.4302885733932271 0.3448095989134828 0.4282135871793571 0.3421387548948108
2 0.44011188720628525 0.3348945089795064 0.44309692772856124 0.33619007707392223 0.439015372353424 0.34559381302033654 0.43603033223678267 0.34429824561403244
2 0.4469401816587606 0.34843906239175276 0.44933796093368983 0.34916259299288444 0.4479404688873956 0.35379370585257347 0.44554268969295663 0.3530701754385951
2 0.4418859651527782 0.3080576041666667 0.4402306940000926 0.3080576041666667 0.44023069448098795 0.3033858969298246 0.44188596491233056 0.3033858969298246
2 0.4254385966331711 0.2160087719298246 0.4233750855263452 0.2160087719298246 0.42337508587377215 0.2122995603070175 0.42543859648128546 0.2122995603070175
2 0.4254385964911762 0.17763157881081235 0.42543859671968676 0.18201754387538185 0.42404385751706286 0.18201754384413224 0.4240438574561267 0.17763157894732068
2 0.4539473685096027 0.22697368421052633 0.45255472256428675 0.22697368421052633 0.4525547226769504 0.2248778157894737 0.45394736842115435 0.2248778157894737
3 0.4253974937884095 0.1425438594902689 0.42262979725910554 0.1437407535958993 0.4209679365814054 0.13989789180485893 0.4237356326754025 0.13870099780701695
3 0.42346148839760644 0.13785648059890013 0.42588883771929886 0.1363823267543639 0.42831019717334584 0.14036932650693118 0.4258828479623844 0.1418434802057275
3 0.43142669708026915 0.13826817649971956 0.42903585873364136 0.13993599529822878 0.4254226489449593 0.13475644467420256 0.4278134868420693 0.13308862609650468
3 0.43372593388107816 0.13533360001868747 0.4320073529034971 0.13710670568694158 0.42741581507107185 0.13265638613784056 0.42913439583333 0.1308832807017855
3 0.42330147995551215 0.10878512390533802 0.42578998553835845 0.11036205009710058 0.4226026479719849 0.11539188405517106 0.4201141425148762 0.1138149580239664
3 0.4364035088209448 0.08662280701754387 0.43476399668497834 0.08662280701754387 0.434763996758079 0.08377006798245613 0.4364035087719458 0.08377006798245613
2 0.4396929826042424 0.09539473684210525 0.43588933441560584 0.09539473684210525 0.43588933456771883 0.09265692105263158 0.43969298245610844 0.09265692105263158
3 0.5054824562323574 0.11951754385964913 0.5032970756578834 0.11951754385964913 0.5032970758418287 0.11601538157894736 0.5054824561403848 0.11601538157894736
3 0.5405701752845289 0.8811866265505651 0.5414049298522059 0.8846683328730319 0.5397900584929403 0.8850554127817328 0.5389553048245261 0.8815737072367956
3 0.5599590274122193 0.8723152214912329 0.5619062991892179 0.872024686755782 0.5625136534331432 0.8760944541243245 0.5605663816912738 0.8763849887005707
3 0.8146929826503992 0.6874999999999999 0.8135127379385949 0.6874999999999999 0.8135127383270628 0.6851395614035087 0.8146929824561084 0.6851395614035087
2 0.7105263143699858 0.4485102406346909 0.7120901981937777 0.4515799643289711 0.70621161245856 0.4545746466434816 0.7046477302631047 0.4515049243420683
2 0.6414473675863519 0.4891410548922351 0.6428431092382425 0.49086137029993815 0.6392524854180692 0.49377433200181664 0.6378567444070313 0.4920540171895842
2 0.6480715555798042 0.49400687640672186 0.6511224606875885 0.4974912654281015 0.6426126277789308 0.5049418422393616 0.6395617258248194 0.5014574562176444
3 0.7703627215486222 0.725877192352642 0.7686388845133934 0.7268180619285806 0.7670617056435276 0.7239288571727898 0.7687855416666025 0.7229879879386106
3 0.7807601024204587 0.6806826822895379 0.7826986721490812 0.6801372565789497 0.7834892524281258 0.6829467653698237 0.7815506827662375 0.6834921909151129
3 0.7850877198899298 0.6798245614035088 0.7831810996352715 0.6798245614035088 0.7831811006311682 0.6757970537280703 0.7850877192981898 0.6757970537280703
2 0.7020076367867887 0.6808369980889072 0.6993086703084828 0.6817327913277249 0.6972537375366983 0.67554227618711 0.6999527006579456 0.6746464835526156
3 0.5317982456140351 0.869082384868421 0.5339912280701754 0.869082384868421 0.5339912280701754 0.875 0.5317982456140351 0.875
2 0.7825213310657091 0.7088779912131105 0.7844632647610297 0.7092670475483511 0.7839799673882908 0.7116790048754541 0.7820380337234383 0.7112899486437619
2 0.7818823741115466 0.709386530149265 0.7804518917284895 0.7101226884195798 0.7794886069704035 0.7082511460415452 0.7809190888158355 0.7075149879385958
3 0.7318937023964054 0.7658843868070273 0.7337362251707873 0.764802964208742 0.7364057315409127 0.7693504417501019 0.7345632092602727 0.7704318636816495
3 0.7745365623032967 0.7098618378001461 0.7766697192982974 0.7091517510964834 0.7784323026020274 0.7144458753507804 0.7762991458089346 0.7151559616245882
3 0.8179824565021363 0.6896929824561403 0.8164110942982461 0.6896929824561403 0.8164110950898475 0.6860972576754386 0.8179824561095757 0.6860972576754386
2 0.8629385968029055 0.7883771929824561 0.8613938157567418 0.7883771929824561 0.8613938160959833 0.7866219594298246 0.8629385964911762 0.7866219594298246
2 0.7044822211558994 0.4523630854173704 0.7113815587106274 0.4546046712127666 0.7102160083377385 0.45819187139324197 0.7033166710526757 0.4559502861842022
2 0.7302631592085618 0.4594298245614035 0.7232100648064943 0.4594298245614035 0.7232100662279208 0.45665178289473685 0.730263157894683 0.45665178289473685
2 0.7510964930681894 0.4758771929824562 0.7418317664381675 0.4758771929824562 0.7418317683374198 0.4730866359649123 0.7510964912280542 0.4730866359649123
2 0.7510964935038373 0.4824561403508772 0.7418815317236067 0.4824561403508772 0.7418815340520268 0.47904756249999997 0.7510964912280542 0.47904756249999997
2 0.706985841008759 0.5186403516717119 0.7069858449359572 0.5051579571275578 0.709429825919301 0.5051579589022562 0.7094298245614254 0.5186403508771795
2 0.7213281797040736 0.4342105263105713 0.7213281798245816 0.4338580186403985 0.7247807017940886 0.4338580194667909 0.7247807017542982 0.43421052705650487
3 0.672743768640089 0.3595981535087782 0.6745621371023844 0.3578300974776017 0.6772569642264443 0.36060150061084345 0.6754385961352227 0.36236955626721135
3 0.7291666657969245 0.3966174601022904 0.7312172718841339 0.39761722716092013 0.7285820219948391 0.40302208224391434 0.7265314161436436 0.40202231555164647
3 0.7456140354954641 0.39692982456140363 0.7415505280860089 0.39692982456140363 0.7415505285268864 0.39519905482456136 0.7456140350877831 0.39519905482456136
3 0.7551513219355002 0.40033859045875014 0.7536893532508202 0.4022052151028266 0.749913677409836 0.39924819208120754 0.7513756458333773 0.39738156798245533
3 0.7350519219896796 0.3832471367615694 0.7367861175298458 0.38650808087486205 0.7349360623975372 0.3874919097211389 0.7332018673245102 0.3842309660087358
3 0.8244217773961964 0.36627247697304216 0.8268802084938898 0.3663707724131837 0.8267533711015176 0.3695429251854535 0.8242949400048474 0.36944462976280495
2 0.6887896112245926 0.35625386067272974 0.6871705404601016 0.35869179758318687 0.6823164982940852 0.35546827846737317 0.6839355689053264 0.3530303423276202
2 0.6749447916666895 0.35443628728068016 0.6764484639221564 0.352644271972582 0.680155636282052 0.3557548251203615 0.6786519645265798 0.3575468399593131
2 0.6940197943082467 0.36951754353124777 0.6918601557532611 0.36997657001389533 0.6903636186029871 0.362935912263507 0.6925232554824561 0.36247688596491096
2 0.6907848708830215 0.36132876341903514 0.6893945705086253 0.36477472313693415 0.6809368492006342 0.36136252048629874 0.6823271502192938 0.3579165625000466
2 0.6814784832873784 0.36690936521238127 0.6885964912280542 0.36666080701754283 0.6886578860115833 0.3684189087487129 0.681539878072158 0.368667466919066
2 0.732912337716698 0.7692890843478534 0.7312981910285998 0.7708733692630162 0.7281180877446332 0.7676339068803993 0.7297322335525678 0.7660496228070286
2 0.8135964914636133 0.6831140350877193 0.8119174396930475 0.6831140350877193 0.8119174401639384 0.6810900438596491 0.8135964912280542 0.6810900438596491
2 0.7959610985544714 0.72258771885947 0.794243515830658 0.7233672406367926 0.7929099895969784 0.7204294403607252 0.7946275712719171 0.7196499188596677
2 0.7945599370065111 0.7335526311810807 0.7928748441776179 0.7346644190883902 0.7916968408769662 0.7328792580366462 0.7933819331140057 0.7317674703947218
3 0.5679824561706255 0.8698514879385966 0.5677745679238342 0.8698514879385966 0.5677745679843156 0.8682021217105264 0.5679824561403848 0.8682021217105264
3 0.5784998595833031 0.8625271591752376 0.5809412323527567 0.8621360785076629 0.5817567380811397 0.8672258231141021 0.5793153653746685 0.8676169035161423
3 0.6122564774602779 0.8420291214614933 0.6103216596272887 0.8423846479852061 0.6096105919615411 0.8385157598973536 0.6115454078948233 0.8381602335526221
3 0.6194690653990165 0.8369439887631475 0.6208344098905627 0.8417296435770587 0.6181930102903834 0.8424830698003725 0.6168276677631184 0.8376974166666636
3 0.5541498014194985 0.906798246049715 0.5541498027397438 0.9016205792167157 0.5559210526886318 0.9016205800439394 0.555921052631561 0.9067982456139964
3 0.48684210558667473 0.8881578947368421 0.48545251026177993 0.8881578947368421 0.48545251119207933 0.8848177708333332 0.4868421052632357 0.8848177708333332
2 0.8187195280241895 0.8042445992935671 0.8176465066587753 0.806685161904972 0.8131394185951422 0.8047039579552355 0.8142124404004107 0.8022633968161436
2 0.8004409589689203 0.8517909211529996 0.8032374100877178 0.8510299374999984 0.805462652489382 0.8592054052476475 0.8026662016993669 0.8599663880601639
3 0.7021458829655103 0.7882077123681852 0.7000013758084833 0.7891360779919974 0.6980248020915951 0.7845710876581831 0.7001693070175179 0.7836427225877223
3 0.6492061906621984 0.8359563752192701 0.6508360317757251 0.8354464390716991 0.6524407296114987 0.8405742257090532 0.6508108886534956 0.841084161506803
3 0.6524216269708631 0.8363297945275716 0.654675530701752 0.8348097456140638 0.6582133358897408 0.8400544251326448 0.6559594331569087 0.8415744728183404
3 0.7719987782975295 0.7848915791024218 0.7691325253264267 0.7855532467672027 0.7674654690025591 0.7783331232200151 0.7703317171052504 0.7776714561403436
2 0.7664473688122371 0.7423245614035089 0.7646073448504467 0.7423245614035089 0.764607345908189 0.7385904692982456 0.7664473683197457 0.7385904692982456
2 0.8032634634431588 0.7521929826040061 0.8032634638201444 0.7460686971918591 0.8037280702277485 0.7460686973685129 0.8037280701754526 0.7521929824561617
2 0.7991696795774033 0.7204162955801463 0.7971940343176129 0.7225119245275557 0.7929974962337383 0.7185562789375162 0.7949731403508622 0.7164606513157967
2 0.8329847182017147 0.7434210527049041 0.8329847191456565 0.7396145131215127 0.834429824883955 0.7396145136694436 0.8344298245614254 0.7434210526315687
3 0.7637343919697059 0.7456140348742305 0.7621731450042262 0.746252159682049 0.7613896670611666 0.7443356125965311 0.7629509133772672 0.7436974879385859
3 0.857627232521736 0.7611887771917261 0.8593463009360676 0.760011021468063 0.8621303970190866 0.7640740076185466 0.8604113291579552 0.7652517626683146
3 0.7102725877946341 0.7716740058091082 0.7121114291708182 0.7705511503758898 0.7141632220154861 0.7739106536108076 0.712324381035387 0.7750335085237401
3 0.7119306126900256 0.7701358756174984 0.7140566038020779 0.7693844033956899 0.7156407544483727 0.7738653141422435 0.7135147635441399 0.774616785944092
3 0.7865435524078066 0.7646351256783395 0.7883204254385419 0.7627040668859705 0.79140413050402 0.7655410478665657 0.7896272584473536 0.767472105715987
3 0.8530701754385965 0.7462828980263158 0.856359649122807 0.7462828980263158 0.856359649122807 0.7489035087719298 0.8530701754385965 0.7489035087719298
3 0.8662280704161276 0.7580740734649124 0.8649039317839424 0.7580740734649124 0.8649039324243404 0.7551245109649123 0.8662280701565805 0.7551245109649123
3 0.8550865842141775 0.773635439856741 0.857270912499871 0.7751881807365053 0.8545856334920927 0.7789650207307652 0.8524013059210347 0.7774122807017614
2 0.7719298256258753 0.726856167763158 0.7691461260964161 0.726856167763158 0.7691461291925634 0.719923620614035 0.771929824475933 0.719923620614035
2 0.7842579912295378 0.6973869379163815 0.7870799678194089 0.6967128256436654 0.7887851276934725 0.7038499212573786 0.7859631512865235 0.7045240330021575
2 0.7904979794541305 0.7137822988559305 0.7925243309719008 0.7147222923740113 0.790084509043254 0.719981012659876 0.7880581578947385 0.7190410197368567
2 0.7944520590032198 0.7199369963345856 0.7929060418266545 0.7211315655901568 0.7902564377382078 0.7177029743905412 0.7918024539474118 0.7165084057017395