3 0.6910820504776893 0.7894736877070184 0.6910820614034492 0.7767701546052181 0.7006578938912753 0.7767701656382822 0.7006578974855984 0.789473684210522
0 0.735612591169911 0.2703122291097028 0.7291108053946118 0.2683993495257874 0.741208798206344 0.22727970110724965 0.747710563982082 0.22919257753866742
0 0.7745375127765328 0.26882267870892373 0.767223544318199 0.2676706060702451 0.77392812464916 0.22510729440140662 0.7812420695797755 0.22625936513911152
0 0.8145330665940946 0.2636835551883303 0.8083472632052917 0.26149391623569007 0.8223045727587532 0.22206481914390525 0.8284903586236396 0.22425445468894203
0 0.8420412649766149 0.40089227679740347 0.863234431306978 0.39826964011746635 0.8647240513005272 0.4103064573884865 0.8435308853221386 0.41292909210280904
0 0.8462301045566392 0.3791772707620464 0.8653702229985356 0.3866818665396867 0.860560580737797 0.39894806359705853 0.8414204655116464 0.3914434736968802
0 0.845538015000443 0.3125407497079868 0.8656080586941926 0.31659124814991435 0.8631939564693312 0.3285526448801458 0.8431239134915813 0.32450214885552736
0 0.8609931049660418 0.2981838103000423 0.8607439988079477 0.31038613853267966 0.8416353766759812 0.30999604214172954 0.8418844934210483 0.2977937247807495
0 0.8659182132488468 0.28430313089141585 0.8632412369009899 0.29502864344735247 0.842210281214534 0.28977965690635454 0.8448872642543392 0.27905415460527494
0 0.8450555611359505 0.27412280690310176 0.8450555745614565 0.2626900690789545 0.864035092269205 0.26269008874569144 0.8640350877192304 0.2741228176857758
0 0.8423539595431748 0.2554303274476347 0.8458001721490973 0.24488092763158645 0.8653818416931927 0.25127761841386764 0.8619356389355062 0.26182700986369695
0 0.8655568947585834 0.22983872241334594 0.8666155557967841 0.24197269463318855 0.8450475071751953 0.24385441438735148 0.8439888563596014 0.23172045175437073
0 0.8444153254597495 0.22153693256487997 0.8487923859648845 0.210143544956193 0.8684186719902982 0.21768337165154705 0.8640416209177602 0.22907675127508975
0 0.8669060995881637 0.19764817864356665 0.8662086558457531 0.21089506134646693 0.8446972847407324 0.20976249776450986 0.8453947368420813 0.19651562390346622
0 0.8459278070175742 0.1903599846490894 0.8490610184250045 0.17859256632335269 0.8691896133603905 0.18395197869267943 0.866056410090323 0.19571939003457578
0 0.8362203537091091 0.14074268435931067 0.8312202004881328 0.14196315660580844 0.821574329970872 0.10244516538435616 0.8265744758772371 0.10122469407894848
0 0.7057258534413222 0.7424090203053588 0.7114134396930467 0.7329555383771617 0.7250485865482688 0.7411576091853808 0.7193610198220313 0.7506110741051347
0 0.733746869792185 0.7711873971321566 0.72783580918383 0.7827330181684328 0.7106849948695526 0.7739538195516025 0.7165960592104739 0.7624082247807513
0 0.7252992628550601 0.7826002636716558 0.7236400494514328 0.795293991931003 0.7059995564897008 0.7929885914422559 0.7076587927631408 0.780294890350925
0 0.7510065002206829 0.27083333292710543 0.7451297626108726 0.2710467579029608 0.743605322291728 0.22907130315226287 0.7494820407786165 0.2288578785281928
0 0.7215663212632535 0.2753885638738205 0.7163195941633376 0.27264232939592686 0.7367039097184716 0.23369856725943494 0.7419506220743415 0.23644479703127305
3 0.3822541738086329 0.5200733152233016 0.39254385964920857 0.5196055350877179 0.39299167933040735 0.5294553309385496 0.3827019935147291 0.5299231107051743
0 0.7174607611642614 0.2765195576119634 0.710376107799334 0.2742242642144764 0.7237980797599448 0.23279690065211908 0.7308827108602145 0.2350921901410253
0 0.656191094035762 0.3413624478254945 0.6629208338329136 0.33915628197716136 0.6758385427434632 0.3785592395844496 0.6691088052722307 0.38076540039511625
0 0.6795138627521737 0.3764391884275763 0.6727824496322228 0.37725209707929497 0.6675982972143402 0.3343255251260215 0.6743296787280997 0.33351261842104957
0 0.6963318439136401 0.37113167860184854 0.6906283352403761 0.3742164604001461 0.6705224130610077 0.33704369782258653 0.6762259002193787 0.33395892324559295
0 0.6845821564528478 0.33090840454827597 0.6904601981760834 0.3298276942724833 0.6980409216308772 0.37105814257307823 0.6921628805563387 0.3721388504123313
0 0.7161203759452519 0.3633886661999678 0.7109700524202935 0.3673564212922123 0.684715179259797 0.3332776964398686 0.689865486842109 0.32930995065790253
0 0.7240793928622224 0.36493543454320154 0.718659223113832 0.36844986635553134 0.695708764107394 0.33305560144483565 0.7011289155701661 0.32954117763156976
0 0.7111484029827579 0.32821565241392225 0.7168465626642728 0.32683103455112994 0.7264032698514029 0.3661586260537362 0.7207051112123963 0.3675432409394675
0 0.7173647756433184 0.32529229011263244 0.7233052630575685 0.3230355399995821 0.7385383899593307 0.36313257900533397 0.732597905212856 0.36538932401912616
0 0.7245216580906799 0.3272820632519779 0.7302124732859738 0.3242706296612083 0.7500213492414787 0.3617028532214869 0.7443305386404973 0.36471428010214674
0 0.7612971161922815 0.3571284223944697 0.7560893279581933 0.3611209814549917 0.7308582488801676 0.32821141650292385 0.7360660219299007 0.32421886622804064
0 0.7417325401139578 0.32271672106401866 0.7466612171642737 0.3194679367656377 0.7700254711631942 0.35491223341309164 0.7650967997784619 0.3581610105723314
0 0.7499601857206244 0.324076725281481 0.7550953206522308 0.3208267592206934 0.7779826863612698 0.3569888609266875 0.7728475570224873 0.3602388197482665
0 0.7591970995352995 0.32197060487742357 0.7641968371219718 0.31841656721021727 0.7876569476480881 0.3514185791529311 0.7826572162450702 0.3549726094216944
0 0.7801617051450194 0.35416666853239964 0.780161716248017 0.31309216068919926 0.786184210432225 0.31309216783618926 0.7861842119101539 0.3541666630864816
0 0.8029248392672343 0.3505875762692733 0.7962984928298056 0.35353216651927855 0.7786866354209678 0.3139007469762317 0.7853129561403875 0.3109561633771978
0 0.821889068034011 0.3456859385346836 0.8157001904911567 0.3488949327958958 0.7962549786888076 0.3113940663304922 0.8024438344298233 0.30818507894739067
0 0.713363111844842 0.2785529516332381 0.7065316950461238 0.2781563385150146 0.7091722801121705 0.2326751063374158 0.7160036724569636 0.23307171873849047
3 0.09610264623381681 0.4221491245019351 0.09610265690696451 0.3914788571791046 0.10307017543857455 0.3914788662280215 0.10307017804279894 0.422149120201131
3 0.11834120105663715 0.3644662518075339 0.12526574201876883 0.3635115197459893 0.1291857813380375 0.3919418075946914 0.12226124069616162 0.3928965380729283
3 0.14095770532298957 0.3459299166448784 0.14783630676765824 0.34466984932672057 0.15301268741916374 0.37292618243443765 0.14613408650870952 0.37418624776593973
3 0.14840511036993576 0.3434065751842472 0.1531588072401746 0.34163753821227294 0.16265839248444536 0.36716353698905685 0.15790469696185028 0.3689325713464432
3 0.23881978027452533 0.4971376733929831 0.2266565031945902 0.49378463506622194 0.2310144082739498 0.47797737653237643 0.24317765734895147 0.4813304107753538
3 0.19633996170716728 0.48380926880958086 0.2025560064033698 0.4831134821577447 0.20565239528161783 0.5107740622176538 0.19943635082893252 0.5114698474025836
3 0.525377357091088 0.25615081754523705 0.5150548908959536 0.2632934946280702 0.4975178319674569 0.23794972451499796 0.507840280701771 0.23080705592102124
3 0.3466991600664642 0.4749032552434771 0.33936589544748585 0.4777865204443649 0.3313732711948205 0.45745950081525394 0.33870651535085017 0.45457624013159376
3 0.34370097925636856 0.5261080182625129 0.33679100700305753 0.5282981845091733 0.33118096330952085 0.5105999316552624 0.3380909166666015 0.5084097686403615
3 0.3417540638987475 0.5580612421383798 0.33525339813991195 0.560774750844715 0.3284374982542886 0.5444476186872138 0.3349381469297441 0.5417341140351007
3 0.210028073697913 0.41959990295531224 0.21418926079286393 0.418304604606917 0.22092488692965162 0.43994181540845984 0.21676370068541928 0.44123711183460057
3 0.21627650541108778 0.4412040652628074 0.21147727105744707 0.4434015235307314 0.20197898640333278 0.42265850758503204 0.20677820833327587 0.4204610526315868
3 0.2012454331140816 0.44846491341467976 0.20124544296606928 0.42707590665036316 0.20614035369942485 0.4270759122807231 0.2061403508409967 0.4484649120299218
3 0.14607215616808844 0.45873349016888976 0.15146525591092086 0.4588566749553589 0.15082317868132122 0.48696528979990805 0.14543007894735638 0.48684210526315674
3 0.1465248847626981 0.4553453701554624 0.15268873419279316 0.4532366542460292 0.16294151719193906 0.48320391432268317 0.15677767005900023 0.48531262545539305
3 0.15268401330740744 0.45575831242672354 0.15796537032179003 0.45424326594528985 0.16577223826755016 0.48145571636391965 0.16049088250690602 0.4829707597757057
3 0.1691436921271361 0.47550998687086066 0.16313644660442606 0.47632727817153314 0.15963993748596295 0.4506288895695667 0.16564716118421074 0.44981159978069624
3 0.1659956606290507 0.44839485960932524 0.17145302454207467 0.44776221228711444 0.1742770437371064 0.47212130844290306 0.1688196800116657 0.47275395467565745
3 0.18305526566041408 0.4594298267398184 0.18305527351731143 0.4319772072634447 0.1875 0.4319772127193398 0.18750000044462922 0.4594298238665045
3 0.18449324586379134 0.4313021039925344 0.19097115456304437 0.4291035299739201 0.20065089681440895 0.45762235975499155 0.19417299025246848 0.4598209292780202
3 0.19879983825626368 0.42893916857184594 0.20447152849737904 0.42995066033766116 0.1996201711052663 0.4571518407549495 0.1939484813595982 0.4561403508771895
3 0.23197846352377383 0.43465068190132883 0.24721421505512353 0.435925839284554 0.24560548625561296 0.45514599599307876 0.23036973493753976 0.4538708402789213
3 0.231484004699837 0.4191461397925852 0.2338996030347289 0.404493591262788 0.25454261675815815 0.40789658949946467 0.2521270401474567 0.4225491187184696
3 0.23624701818641825 0.3761706820009053 0.24952601029679045 0.37665739483426575 0.2489029626943875 0.3936552488356794 0.2356239706125507 0.3931685364885213
3 0.15004658718919472 0.4608808683218677 0.14294814663003308 0.4632076211843915 0.13398232341023686 0.435856415986143 0.14108073793863696 0.4335296677631483
3 0.15767003030316573 0.33666002781431176 0.16369343681901682 0.33614943734418307 0.1664620920419111 0.36880989761349464 0.1604386856392921 0.3693204871857296
3 0.09108566127758877 0.48069249469486497 0.09781714036319045 0.4809904456414508 0.09638003934537664 0.5134558449488859 0.08964856030706869 0.513157894736843
3 0.09392013603746818 0.4929021031859498 0.10008025945114696 0.49037846218823505 0.11308715086261145 0.5221253851981769 0.10692703119366342 0.5246490194858839
3 0.11117683755139751 0.49019997757390354 0.10359095960723153 0.49164861249151764 0.09742634928761618 0.4593693660834009 0.10501219188597588 0.4579207346491229
3 0.10216281383929982 0.4550520157873062 0.10877881676321977 0.45215032848619335 0.12196355163462158 0.4822102454818201 0.11534755274146846 0.48511192596791736
3 0.12290743796188508 0.4449406637932341 0.13094594780193347 0.4465924891138715 0.12458842649607504 0.4775290146414822 0.11654991776310908 0.4758771929824514
3 0.1363741597099306 0.4717378465308291 0.12990207833956902 0.47282003944473133 0.12480782112822908 0.44235560283423253 0.13127987500001836 0.44127341228069905
3 0.16716841395179927 0.4476820049043537 0.1596127316786351 0.4492454452264969 0.1536380920723559 0.42037324754749084 0.161193745614014 0.4188098103070251
3 0.23452196036123496 0.35766394304118365 0.24335036513161867 0.3467968497807003 0.2578994794536129 0.3586160658043273 0.24907108664194766 0.3694831479400087
3 0.09972594174519145 0.4943109359273225 0.105437151746969 0.49123987386325124 0.11921357694097878 0.5168577162208962 0.11350237171700428 0.5199287713926625
3 0.11977072003958256 0.514473317387551 0.11379767673781771 0.5155725470197902 0.10829744940190267 0.48568738888527546 0.11427046568144306 0.4845881618064424
3 0.12521292553515195 0.5086864158840774 0.11933395865537477 0.5094613907792498 0.11579581901787606 0.4826229678161588 0.12167476206138872 0.4818479945175412
3 0.18081543205994421 0.43407029914155 0.1732727828947418 0.4331140350877184 0.17685594284080253 0.40485309058824803 0.18439856484769734 0.40580935289827363
3 0.18576102401118533 0.4309528803262835 0.1788697832988646 0.42979527152261365 0.18394193454105334 0.3996024801656473 0.19083314909948967 0.40076008672462843
3 0.18130489224017765 0.35840770362748653 0.19246389656223073 0.3671787130755207 0.17782606283526547 0.3858010482630409 0.1666670690436831 0.3770300506262585
3 0.21258554025371268 0.30657275823037705 0.2197983317857961 0.30672232568882263 0.21912970599862547 0.3389653566941381 0.2119169144737043 0.3388157894736843
0 0.6609020427632686 0.24549492543859155 0.6669687478403148 0.2449556402187566 0.6708132463999164 0.2882035329323974 0.6647465414470162 0.28874281719614936
0 0.661704603883777 0.2384899898373791 0.6680494687935834 0.24026491295089472 0.6557502527555243 0.28423035971722377 0.6494053891445901 0.2824554398370691
0 0.6328750671959824 0.28688085178060846 0.626843422787374 0.28358842163809833 0.6473577248464153 0.24600762314054886 0.6533893522673679 0.2493000475372903
0 0.5242131734463555 0.6097089403144227 0.5153265114763599 0.6132437802082107 0.5013781491480813 0.5781810601269911 0.5102647565789766 0.5746462324561422
0 0.41154254986577143 0.43687572786526885 0.416417290753202 0.4307284370122319 0.44226682708529097 0.45122563097260343 0.437392101060027 0.4573729080932216
0 0.4446739077211532 0.44042578064734555 0.43849938215157636 0.44631742430547483 0.4131921721939307 0.4197965911649564 0.41936668201753946 0.4139049616227932
0 0.4078947238044748 0.4156060071023966 0.41245989044341513 0.42617298579284046 0.3897041170949933 0.43600340744455574 0.38513897047903356 0.4254364457453751
0 0.4073828287533843 0.3947129563860238 0.4152737491873495 0.4031118847831066 0.3946694108136626 0.42246897513345844 0.38677850555211535 0.4140700615185865
0 0.38986469811436564 0.4012774531029899 0.3870818618464682 0.38997702887690894 0.4111842105263577 0.38404187171049814 0.41396705794716127 0.39534227905139074
0 0.4208217953989788 0.370090058988527 0.42825147130611185 0.3649245782999422 0.44780834124173907 0.3930526216393626 0.4403786738365625 0.39821809204096087
0 0.40933976554015317 0.3607344868780236 0.4166794289733389 0.367971552848565 0.3956049390959606 0.38934388084277965 0.388265287997001 0.38210682727942574
0 0.451031638676227 0.3703207383727398 0.4457065234419133 0.37797359195182034 0.41648191630383735 0.35763891741479176 0.421807027412342 0.34998607894732464
0 0.45138198006100083 0.3449043613738603 0.44445452840238886 0.3495650558744067 0.4237435665148723 0.3187822294106859 0.4306709989034516 0.31412154385967417
0 0.457561253976678 0.30772829281461617 0.4519030064083154 0.3147773504831741 0.4216994730015813 0.2905337599163732 0.4273577138158089 0.28348471491224825
0 0.41561715767613805 0.28136033713820274 0.42282863183720565 0.29172294527357295 0.4000893169469464 0.3075470958057376 0.39287785721921864 0.2971845005692612
0 0.421052623481728 0.2661800742590022 0.42471034002744545 0.27820420060024464 0.39748293964476034 0.2864865087729487 0.39382524002064656 0.2744623968896969
0 0.42461019439122083 0.26023852126212643 0.4295382428906578 0.25245579888733916 0.4587372187680785 0.2709442933815334 0.4538091826134405 0.2787270048952171
0 0.31084646651265757 0.2519679568430932 0.31673950594711187 0.24931860669450043 0.3343689173648272 0.2885314514110385 0.3284758807566277 0.29118079684280346
0 0.4591539279972494 0.6710706313602842 0.4553785135661883 0.658995503692948 0.4802631578947967 0.6512160910088262 0.48403858967935776 0.6632911868261836
0 0.4568614204725918 0.6422381900414634 0.4529996303323287 0.6311453540100986 0.47807017543857455 0.6224185076754543 0.48193197921023057 0.6335113152350741
0 0.4802631507809565 0.6080248371419357 0.4815276404586939 0.6204064446587906 0.4549036062936693 0.6231251060453649 0.45363915039956737 0.6107435296934999
0 0.40493692568236384 0.4273376705101323 0.4123564051858466 0.43615156500522034 0.39134907726770507 0.45383433234678516 0.3839296150788414 0.4450204541144129
0 0.39154110854531154 0.4723047600821349 0.3831772253473673 0.46400314842263735 0.4026401831140447 0.4443954747807083 0.41100404995347617 0.4526970703651981
0 0.4089912185547746 0.46569171688544264 0.41129894288962987 0.4779776414501654 0.38365800650876736 0.4831691775911064 0.38135031058402546 0.4708832780883459
0 0.3605973144701693 0.39382107738553984 0.3659049784603212 0.3958555343680316 0.349823632365883 0.4378077427150087 0.3445159714452757 0.43577329152238764
0 0.2997318651939622 0.2486960770704936 0.30542199574210827 0.2454380921458139 0.32647083055792336 0.2821994933011384 0.3207807040472517 0.285457472616286
0 0.32910703138088593 0.23621067692094216 0.3348825449306787 0.23687777556176454 0.3297435177330499 0.28136885184589644 0.32396800438596074 0.2807017543859616
0 0.33342485510115694 0.2389212270910657 0.3400459960096214 0.23839483658389365 0.34337602820721713 0.280280420619104 0.33675488740436776 0.28080681024674936
0 0.34561550503644867 0.232024951178603 0.3525886631497315 0.23307813484086046 0.3457335041849774 0.27846546248052395 0.338760346491199 0.27741228070175433
0 0.3507878556005153 0.22547344388715915 0.3576306492968797 0.22606783614190043 0.3538809328258594 0.26923474215862736 0.34703813925432314 0.2686403508771923
0 0.3328722510965463 0.34479495175438535 0.3377093339889825 0.34472362577414173 0.3383820206947803 0.3903411049379216 0.3335449378064368 0.39041243073596144
0 0.3378286883466899 0.3876583233487731 0.3439431597411158 0.3866517367297093 0.3512219542068351 0.43086429692798617 0.3451074834890733 0.431870880737063
0 0.298256356023785 0.5606495592542913 0.2930739046935287 0.5596168128184816 0.2996424200430283 0.5266582702276795 0.30482484323454173 0.5276910137671417
0 0.3857536207648309 0.5210522955443103 0.37870610488209877 0.5124415325511558 0.40131780887850255 0.49393634720367846 0.4083653138210366 0.502547090749861
0 0.2970530520991588 0.5763510829257137 0.30255452200685795 0.5669713548071149 0.32567686835227505 0.5805318770581764 0.32017542398295973 0.5899115830293636
0 0.32218532488468554 0.5667184572084967 0.3312962397174033 0.5632289551307995 0.34347066460350106 0.5950125373308626 0.33435975532700013 0.5985020288803292
0 0.4013157680807353 0.581191949087572 0.4046016414403084 0.5923802212796759 0.3749085351478243 0.6010997796780911 0.3716226983050319 0.5899115387057947
0 0.402228896597876 0.6138872530678782 0.4094972063054456 0.6091300290688431 0.4290946535348894 0.6390683713239217 0.42182635674384983 0.6438255790549032
0 0.4362152528739216 0.6001013507103434 0.43149108794659696 0.6071445334702953 0.4009775945886531 0.5866799991077519 0.4057017543859729 0.5796368399122792
0 0.4060898885201141 0.5509151936515246 0.4137484075594102 0.5452171256211515 0.435647344030599 0.5746476911296389 0.42798884043770613 0.5803457412066563
0 0.4035087524928258 0.529711578274611 0.407832897653293 0.5405944432006168 0.382052943241888 0.5508367693119378 0.3777288273867043 0.5399539292210989
0 0.5214295186594882 0.669818654061337 0.5128762818220594 0.6754887886667089 0.4935352089122489 0.6463171780862189 0.5020884013158593 0.6406470635964707
0 0.5298322127367783 0.5808703978638382 0.5246199017561821 0.5886092354117076 0.4969322577460389 0.5699627401652535 0.5021445635965165 0.5622239254385677
0 0.7555257679285887 0.1479034986968357 0.7493640059408335 0.14856744647830603 0.7449558269005365 0.10765754591994639 0.7511175789472873 0.10699359868421371
0 0.460881015951486 0.5738413119419872 0.4583698271848107 0.5634136035259389 0.4813596491228509 0.557877753289427 0.48387085220576864 0.5683054403722642
0 0.6228070076153926 0.5179388426296132 0.625177810295213 0.5306432600570696 0.5993877613409495 0.5354555596202385 0.5970169890716761 0.5227511690287098
0 0.6005258334391783 0.49933809122400324 0.5997892288286266 0.48758367832777055 0.6271929824561084 0.48586649780700325 0.6279296096353164 0.49762088650099784
0 0.5800438370936263 0.5023575236266868 0.5859686394594519 0.5134326768419717 0.5607355242450467 0.5269303392597491 0.5548107508021758 0.5158552108990553
0 0.5594298233889958 0.4713822634482147 0.5586121358154514 0.4596999361530856 0.5855263157894797 0.45781622258769555 0.5863440239597821 0.46949852763299077
0 0.5866227969515876 0.43899976451758294 0.5894525940627773 0.4509475783103286 0.56286406807601 0.4572445558783034 0.5600342967310326 0.445296764410131
0 0.5888158044006104 0.42105263157894735 0.5629208278509168 0.42105263157894735 0.5629208507988324 0.40948593201754385 0.5888157894736423 0.40948593201754385
0 0.5816943632755738 0.25021021640172725 0.5885800119140185 0.247820253619096 0.6018888596407805 0.2861631489017601 0.5950032129236433 0.2885531076997027
0 0.5794739531363575 0.24190226837233847 0.5851652317817297 0.23676635510598956 0.612050897636891 0.26655869396118304 0.6063596266316154 0.2716945992438339
0 0.5944427075834255 0.22510760538573568 0.6016932890232738 0.22373009444067754 0.6089396782414269 0.2618710758107855 0.6016890973598947 0.2632485847655955
0 0.6174585153509042 0.12266419956139324 0.6233260093337094 0.12079388699773955 0.636284456695762 0.16144653825043634 0.6304169634753407 0.1633168490655301
0 0.6516005076754254 0.11667426973684264 0.6575830576042563 0.1159753784322136 0.6624627238327321 0.15774537894595594 0.6564801740086068 0.15844426963371516
0 0.6899955240651252 0.15454047593210765 0.684637727318659 0.15646838196168256 0.6701646716744563 0.11624689763210456 0.6755224594298852 0.11431899342103419
0 0.6869980941468157 0.11412648353402065 0.6928100785863762 0.11230136699928218 0.705322153965767 0.1521451864926554 0.6995101702091233 0.1539703014622825
0 0.7057341203505985 0.11025181820401832 0.7118364375255624 0.10924202397456186 0.7185912297653658 0.1500619098755559 0.7124889127893539 0.15107170327097794
0 0.71755436822707 0.10909557619087826 0.7233970009538098 0.10948875364890673 0.7206295844483748 0.1506124753816879 0.7147869517543768 0.15021929824561175
0 0.730763974780757 0.10944520504385762 0.7364071304516528 0.10917926685036365 0.7382863029932878 0.14905474810506703 0.7326431473366029 0.14932068609075813
0 0.7489405928822634 0.14887841318874825 0.7427940613760029 0.1497897510821654 0.7367342857663743 0.1089196945555349 0.7428808070176274 0.10800835745613523
0 0.5752873550064805 0.582614999228301 0.5821610391381 0.5931407033698508 0.5582149439690056 0.6087766834589203 0.5513412908135251 0.5982510066524719
0 0.5729107689487591 0.599425396105487 0.5805409183393522 0.6080909951850536 0.5590524319843553 0.6270096352012309 0.5514223069438913 0.6183440593243129
0 0.6749374886489932 0.5974789550904864 0.6673054949023935 0.6036150730670024 0.6445733868616799 0.5753442480600082 0.6522053486842196 0.5692081502192762
0 0.5335861155231214 0.45658557248822074 0.524953675173947 0.46105623453572375 0.5081390316455554 0.42859062341133014 0.5167714364035874 0.42411997258769357
0 0.463458567673797 0.5605421142455435 0.458919955564852 0.5486514568007883 0.4844132565789323 0.5389216600876927 0.4889518799736834 0.5508122903266769
0 0.5272785447356227 0.5386357264834912 0.5185526264106102 0.5428990630751139 0.5037776030022769 0.5126610508306952 0.5125034813596585 0.508397725877188
0 0.4846491058998481 0.5062415442007682 0.4889038682284763 0.5182969355544642 0.46344620576280704 0.5272810455462835 0.459191473624287 0.5152256798100565
0 0.5300377941927081 0.5056458966979784 0.5220852927784563 0.5102736169805092 0.5040960489745885 0.4793623041625618 0.5120485164474076 0.47473459649123406
0 0.46448388527562656 0.49301645300054886 0.46131933488368304 0.4816720970588332 0.4879385964911762 0.47424707675434086 0.49110316091935147 0.48559140945359547
0 0.48896614558611873 0.4412057823676948 0.49323283231217374 0.451989337111312 0.4662366950838077 0.4626700953432366 0.4619700337868835 0.45188656214603407
0 0.4922842697683336 0.4293110031902328 0.492275880060447 0.44190408841969203 0.4651243651316008 0.44188596491228715 0.4651327775095524 0.42929290236732703
0 0.49561402717040437 0.3756484205468193 0.49797695160350486 0.3869258088077296 0.4713165951471865 0.3925116101936339 0.468953691319939 0.381234239952053
0 0.646671594563486 0.5907531854135373 0.6551629592132713 0.5860314319898224 0.6721941168823378 0.6166560429838994 0.6637027630472403 0.6213777811682236
0 0.4956140316945721 0.34510883944820325 0.4968487218964128 0.3568483098356791 0.47236310366452017 0.35942344538987964 0.47112843036211416 0.3476839905393781
0 0.4734558192545819 0.3459491894574809 0.4703822355331795 0.33476112638441435 0.49780701754389156 0.32722724342103926 0.500880611331354 0.3384152901351356
0 0.5271930477823616 0.3184314470646747 0.5330159489486732 0.3110315683274891 0.562049166532006 0.33387681711256817 0.5562262800963254 0.3412766822569333
0 0.44621976801988694 0.10211655192337543 0.45256714713866586 0.10152560376139624 0.4566492412061507 0.1453712170778439 0.4503018621536512 0.14596216474129978
0 0.5543731128993841 0.6583653404890095 0.5485090931714467 0.6486885706137926 0.572586914473618 0.6340995219297945 0.5784509324543023 0.6437762649615103
0 0.5929800078304197 0.6488223688544817 0.5915129021267376 0.638159423537288 0.6162280701754526 0.6347592938596237 0.6176951975842258 0.6454222131620462
0 0.6734625523364457 0.6405386676111786 0.6681228948314129 0.6504968084111803 0.6382666861383086 0.6344895529722041 0.6436063464911967 0.6245314451754163
3 0.20607544410972878 0.4840594528488058 0.2109757497416922 0.48443621091614203 0.20924421893607814 0.5069557047926865 0.20434391337721536 0.5065789473684241
3 0.20760833298481884 0.5328947393872517 0.20760834456916655 0.5081586769490573 0.21271929976649062 0.5081586842103886 0.21271929822478342 0.5328947365791826
3 0.21311997805162264 0.5371997698524923 0.20819493099952524 0.5392683301137582 0.19874026281866009 0.5167595605493861 0.20366529276316214 0.514691004385947
3 0.769182458092132 0.5225990572146021 0.7746845863091494 0.5213289035248709 0.780888813477759 0.5482024319576351 0.7753866862200312 0.5494725827903189
3 0.7327329784809535 0.405238983322619 0.7270564284557395 0.40630260025473425 0.7225607479663267 0.3823101438836504 0.728237281798215 0.3812465285087812
3 0.7334520405419198 0.37916359779439407 0.7379379209909303 0.3798708217293565 0.734445345140557 0.4020230124657089 0.7299594649122128 0.4013157894736797
3 0.7373641923456944 0.40131579138954143 0.7373641990243414 0.3783694889723068 0.7412280715873294 0.3783694923244639 0.7412280701754526 0.4013157894736294
3 0.7469778152257049 0.37754323896184017 0.7522973689056016 0.3792310261451991 0.7461461174567603 0.398617609718034 0.7408265646930658 0.39692982456141745
3 0.7460247839908334 0.37948825057758123 0.7508786046419118 0.37781702388696053 0.757366314288447 0.39665872525102236 0.7525124945900643 0.3983299499735604
3 0.757061707832122 0.3776369141429002 0.7615419000002248 0.37818698714318405 0.7591730308685101 0.3974798969305201 0.7546928388157994 0.3969298245614044
3 0.760230466968892 0.3703604429891222 0.7652395753083283 0.36998935393483856 0.7672210868634011 0.3967354071407413 0.7622119785878567 0.397106495612343
3 0.764504922973515 0.37430594459720473 0.7697991918053049 0.37306368260784517 0.7753328359506213 0.39664590035687464 0.7700385677200074 0.3978881605777447
3 0.7725491727122744 0.39583333551501354 0.7725491789930174 0.3713497643382027 0.7763157903652882 0.37134976754391175 0.7763157894736423 0.3958333333333245
3 0.7897808421053014 0.3936403519850378 0.7897808498769336 0.37046360659175015 0.7938596513224638 0.37046361074559764 0.7938596490635064 0.39364035060603614
3 0.7916376501719924 0.3668549642725838 0.7960603659494154 0.36529664584102806 0.8038865876191039 0.38750755569855383 0.7994638728783912 0.3890658720172706
3 0.7993596845396951 0.36347443763290216 0.8035422594936108 0.3625385691850762 0.809123005631136 0.3874789333155776 0.8049404311231001 0.3884148003922841
3 0.8100488526143863 0.4461280850768449 0.8050146784904655 0.44699187698327547 0.8013280736635124 0.4255075823256922 0.8063622335525906 0.4246437916666759
3 0.8194673099073952 0.4754508763731765 0.8145529134161507 0.4768618494582525 0.8065776586823858 0.44908596594538 0.8114920362781959 0.44767499574953495
3 0.8137224682017177 0.44831171929824365 0.8188314117757045 0.4474972695277988 0.8233007546842828 0.47553110864083065 0.8181918114911468 0.4763455567806389
3 0.8156527416651898 0.5424519152671485 0.8110761726464943 0.5416666654350525 0.815041023844401 0.5185608931326596 0.8196175758747586 0.5193461414735575
3 0.7905205718445814 0.5182962878129677 0.7972090747657603 0.5432559806582493 0.7922505127627346 0.5445846155706127 0.7855620219297634 0.5196249331139857
3 0.7043037938595944 0.38879995065790807 0.7092148718666067 0.3872241562531392 0.7149176335067295 0.4049963855759524 0.7100065563075759 0.4065721782024106
3 0.6995400953637727 0.38654499267154196 0.704561400873331 0.3854777327144537 0.7086143813673971 0.4045455274972877 0.7035930762448288 0.40561278619959107
3 0.704899755075644 0.40608793209639216 0.6999364785282296 0.407808621374509 0.6912226623899187 0.3826750669906749 0.6961859243421031 0.38095438048247404
3 0.7954141246035533 0.2587719316290579 0.7954141295999761 0.2341276801551617 0.8015350876365801 0.23412768406793136 0.8015350883233623 0.258771929824498
3 0.6300052412279911 0.11627756907895175 0.6346201921749071 0.1157839448039473 0.6373386498511309 0.14119899970594899 0.6327236989430958 0.14169262373232885
3 0.636203324561393 0.13264831578946787 0.6412478275312878 0.1317215346888063 0.6456235931304946 0.15553883968571589 0.640579090291908 0.15646562029259536
3 0.6625801814910801 0.1106887242607658 0.6684268487171039 0.11202548055779718 0.6622420183089162 0.13907639563137486 0.656395351315382 0.13773964003790434
3 0.6766390970446992 0.14103752976889264 0.6720627425954717 0.14210428172075196 0.6656839805604022 0.11473959454001145 0.6702603300439023 0.1136728432017456
3 0.6915618644854931 0.1410777355955279 0.6849196058942653 0.14190569099083175 0.6816118928949209 0.11536972800050418 0.6882541447369022 0.1145417730263115
3 0.7948941507736436 0.11314772509287997 0.8015156729975388 0.1141716317435816 0.7976482545633417 0.13918180089084378 0.7910267324560891 0.13815789473684154
3 0.8531763953353675 0.09811193774468292 0.8467244686811455 0.0969033731853297 0.8537055275635339 0.05963506192964196 0.8601574483233208 0.060843625912049185
3 0.8084006820175773 0.2150040756578904 0.8145256135131831 0.21447203730077158 0.8165500402074031 0.23777728445396018 0.8104251087678449 0.23830932238055202
3 0.6871198365606688 0.38583037621698657 0.6921389989034878 0.3844685021929779 0.6973613881423262 0.40371462327447316 0.6923422264383134 0.40507649566585724
3 0.689407762523274 0.2494948880236509 0.6957670486078769 0.24998804490442858 0.6936269057783875 0.2775847376280367 0.6872676197589271 0.27709158129602246
3 0.6751988110370348 0.25726521508766875 0.6806351796850549 0.25914048360361736 0.6729293467968773 0.2814790617713715 0.6674929790290207 0.2796037950762455
3 0.6460764929474863 0.2209454131236093 0.6522940827773027 0.22267277563525448 0.645157986422987 0.24835851744912782 0.6389403972510763 0.2466311565879998
3 0.6127248244524708 0.252192982686307 0.6127248267544019 0.23909440241228183 0.6195175438233491 0.23909440481725738 0.6195175448559667 0.2521929817425712
3 0.8183111807115893 0.13728586874906903 0.8119642857132021 0.1393480898295402 0.8047698768843929 0.11720597230703944 0.8111167664474124 0.11514375219297289
3 0.6705293048246403 0.3917036085526218 0.6753420560273753 0.38992692657096945 0.6833738193196268 0.4116826508996912 0.6785610694109891 0.41345933035907784
3 0.6913972190253617 0.4077742981636782 0.6863251922172822 0.40877943655149424 0.6816375313892422 0.3851261533728158 0.6867095438597062 0.38412101644736496
3 0.7738783026316014 0.5200985219298273 0.7786083704520479 0.5186525220270928 0.7861163252910046 0.5432099998688691 0.7813862587784115 0.5446559967623935
3 0.7697251222829209 0.547806926963596 0.7638341467040846 0.5496078242307209 0.7555412100156218 0.5224828711536648 0.7614321600876792 0.520681978070179
3 0.58749485674673 0.5995397835729803 0.5813777764022916 0.5952814649226817 0.5949991473272576 0.5757164387597208 0.6011162090505877 0.5799747482937985
3 0.7557447097360637 0.5503147186070675 0.7495719537336072 0.5508774938329389 0.7471883449131838 0.5247352290613236 0.7533610745614396 0.5241724550438571
3 0.6944655127348369 0.4479895026365818 0.7000529862810936 0.44624796729909866 0.7080752482205526 0.471984640491357 0.7024877761302832 0.47372617253673727
3 0.7016114290346422 0.44572718476070294 0.7066768985162071 0.4443528825596608 0.7143424432601932 0.4726051254483794 0.7092769748767296 0.4739794248293172
3 0.7154537039187971 0.46732653800832546 0.7108245756579663 0.46710526315789586 0.7119582220259417 0.4433907901826043 0.7165873349991898 0.4436120646659332
3 0.7184332074037911 0.441306391393593 0.7244529252340044 0.4425858399148837 0.7189436567437042 0.4685049556583369 0.7129239396469984 0.4672255094875831
3 0.7189173659907055 0.4410063037871748 0.7251157900894896 0.439695458911177 0.7311709945886378 0.46832615203505545 0.7249725713148791 0.46963699425107786
3 0.7376031971111843 0.4639365930307233 0.7321044357851179 0.46521665167076015 0.7254398157894002 0.4365891271929949 0.7309385556640109 0.4353090711635557
3 0.7335842905702066 0.46271930097675945 0.733584303609291 0.4350873695052549 0.7379386013028579 0.43508737499995775 0.7379385964911762 0.46271929824562225
3 0.7429863582916596 0.4318175899102913 0.7489561430662661 0.4331957384802284 0.7425813683119031 0.4608079704802676 0.736611584429852 0.4594298245614035
3 0.6969449806055081 0.7236842085713093 0.6969449989035184 0.7122392609649043 0.7094298272215838 0.7122392827792116 0.7094298245614254 0.7236842147219498
3 0.0227276522672355 0.9473684195478788 0.02272766995611164 0.936900422149118 0.032894739249513805 0.9369004420682636 0.03289473684208133 0.947368424168953
3 0.07604523163433896 0.9487493934725677 0.08666724152158167 0.949678439583049 0.08551825539041147 0.9628114289776863 0.07489624573759102 0.961882384651457
3 0.07539125117375534 0.9728686237751101 0.07455603264497768 0.9847253673394852 0.05804862512150066 0.983562858977098 0.058883870614067746 0.971706144736872
3 0.049473833033061965 0.8657663853323285 0.05452022960514569 0.8665654656140861 0.04993177741562249 0.8955359192425025 0.04488538157897892 0.8947368421052653
3 0.14379539364028915 0.9110101425438757 0.14830934453379996 0.909675544165104 0.15518985710173183 0.9329411940559315 0.15067590812566323 0.9342757878851139
3 0.07365863306188203 0.8840857124160671 0.07817467797326572 0.8852458251603292 0.07233870800450859 0.9079583546467246 0.06782266447362417 0.9067982456140263
3 0.07094416351185373 0.9370196616492388 0.06639236491378142 0.9361798477077551 0.07107530918460725 0.9108049850985784 0.0756270754718571 0.9116447959780901
3 0.2632979059656009 0.9405669871694956 0.2681177894216944 0.9403698884541309 0.26885221215093225 0.9583246697467258 0.2640323287261026 0.9585217679497376
3 0.7205777641672739 0.49388361477513515 0.7152257472811243 0.49337895807957804 0.7176749804625615 0.4674061640150128 0.7230269769562483 0.4679108197400678
3 0.7262235242644692 0.46947194741639886 0.7312498554946387 0.47076940807113793 0.7253504356548319 0.49362201981317244 0.7203241052632166 0.49232456140350983
3 0.7325152206051371 0.4657399939138359 0.7373850264491466 0.4670074486687745 0.7310909902829508 0.4911886794190744 0.7262211853069402 0.48992122697367624
3 0.7821156307222736 0.45500387748944016 0.7754435995067297 0.45584437755016155 0.7720194822519488 0.42866468380556244 0.7786914890350545 0.4278241853070161
3 0.7547240289364936 0.521338581141743 0.7595090803039284 0.521760175265544 0.7569449580331593 0.550860189608567 0.7521599067982834 0.550438596491227
3 0.7178213749999713 0.5537280733796924 0.7178213912906131 0.5268159707123835 0.7225877250306212 0.5268159780701527 0.7225877192981898 0.5537280701753868
3 0.7259162988416392 0.5224756710522664 0.7309219792715567 0.5229167036554516 0.7281682022104405 0.5541691016433044 0.7231625219299076 0.553728070175443
3 0.7249155471491804 0.5241426118420867 0.7306333028014933 0.5219600595999685 0.7417755798688859 0.551147565927498 0.7360578271592431 0.553330112571588
3 0.7964094644231636 0.42567952310775986 0.8023950543768024 0.4273604791883537 0.7953798771507081 0.45233884790449536 0.7893942883772525 0.45065789473685036
3 0.7813024290433077 0.42762080712880224 0.7861606142871551 0.42575215271930483 0.7965689362714556 0.45281045238576334 0.7917107529601708 0.45467910315825233
3 0.7802182850876989 0.4539473707871412 0.7802182956500019 0.42718464580887494 0.7839912318559072 0.4271846502194387 0.7839912280701355 0.4539473684210101
3 0.7647344463356376 0.4345697406771545 0.7701236235501483 0.4325596223113707 0.7791650594091379 0.4567984855893838 0.7737758840238484 0.4588086004181688
3 0.7375926482490058 0.4643952708915029 0.7425512249382109 0.4657238238812715 0.7359490176235113 0.49036363824310225 0.7309904418859787 0.4890350877192871
3 0.7607504945592609 0.43000132518384987 0.7660288859627826 0.4289734333208536 0.7716331480077088 0.4577505296115582 0.7663547571871732 0.4587784194371971
3 0.7598144613746172 0.4344245680393238 0.7668144480810497 0.4362764976218538 0.7599085040420732 0.4623782419604068 0.7529085186403108 0.460526315789466
3 0.7541331638844895 0.4341937156591882 0.7591770347553393 0.43507625423651963 0.7545692772526991 0.46140885275874083 0.7495254067982842 0.4605263157894753
3 0.7558817981049515 0.45942289262842095 0.7511107016666756 0.4614537101960287 0.7401232025104036 0.43564183120798916 0.7448942828947338 0.43361101754384246
3 0.7532341891777605 0.4856390023946411 0.7466189101560303 0.48631635656869715 0.7440701251802011 0.4614256073351803 0.7506853804824232 0.46074825438596423
3 0.7618486517208112 0.46376588675723696 0.7677987942386153 0.4651777037334276 0.7631035869773086 0.48496444648537895 0.7571534451753905 0.483552631578941
3 0.7364112914923453 0.46241338235765755 0.7411163052489655 0.46064021403066663 0.7500081935241951 0.48423280322827195 0.7453031814495716 0.48600596832909754
3 0.5799736654503249 0.10033401884740774 0.5852157742925783 0.09855044191328531 0.5925861813088886 0.12021272000449958 0.5873440727939396 0.12199629625210597
3 0.5905232077847131 0.5891154441199542 0.6021488530701617 0.5860278859649047 0.6062746070772391 0.6015610064831911 0.594648963521081 0.6046485601316961
3 0.20606107366972992 0.5412158677651837 0.20036927565547558 0.5424297816415162 0.19540988322467 0.5191781461910181 0.20110166008771557 0.5179642346491325
3 0.16291519863602844 0.5400568218087908 0.1575360953714835 0.5410334450663143 0.15331711296539652 0.517797829734799 0.15869619627198972 0.516821208333327
3 0.14013053211044735 0.5968271991071034 0.14541904549344054 0.5957071082586622 0.15045213898326892 0.6194682290071856 0.1451636263806222 0.6205883173351822
3 0.15156844653176904 0.5971239536902241 0.15836138810232114 0.5995325276023369 0.15030674995944082 0.6222465993850235 0.14351381106394 0.6198380308655895
3 0.15037024890352768 0.60113798903508 0.15669205834694822 0.5998531092501439 0.16193582081689328 0.6256503078904658 0.15561401231082073 0.6269351845096665
3 0.1617785684431965 0.6284636710495315 0.15698237324897946 0.6275477857772296 0.16161220439323642 0.6033057566742239 0.16640837792431284 0.6042216398180302
3 0.16930287118384513 0.6022834543964224 0.17550042965876855 0.6044734676266458 0.16565019338429465 0.6323456146907938 0.1594526379180934 0.6301556075525352
3 0.17156120782169637 0.6300290245455404 0.16613148035571612 0.6278877048347328 0.17455299600658236 0.6065358746387267 0.1799827024943852 0.6086771897132737
3 0.1798116719578502 0.6043775850588257 0.18506596553629606 0.6059144371721898 0.1774396259254445 0.6319848662256573 0.17218533399056923 0.6304480180459355
3 0.1902836617259709 0.6372645125066032 0.1855237325080452 0.6365569357791361 0.18927370377650732 0.6113336735448142 0.1940336102098854 0.6120412485468022
3 0.1816085131579257 0.6082906293859619 0.18731038385885768 0.6074952903962234 0.1909515788159979 0.6335963719341656 0.18524970852388378 0.6343917089398646
3 0.19990325729168035 0.6078754451231755 0.20508075536554315 0.6098497058074046 0.19398455522298264 0.6389460659698286 0.18880706023583116 0.6369718111274535
3 0.21622545719856134 0.6434766733174556 0.20913400865742915 0.6443605689047415 0.205355707669014 0.6140509522051567 0.21244711513156744 0.6131670592105257
3 0.1939324963790341 0.4916310081798224 0.19987695226620872 0.49181723177321646 0.19913381661660878 0.5155371004470382 0.1931893607455777 0.5153508771929811
3 0.1977546680402611 0.5185027177395491 0.1921937890647314 0.5200251977414585 0.1844007434572177 0.49156318154824746 0.18996159848984462 0.4900407050149949
3 0.19120073888632305 0.5204080462510238 0.186122163443315 0.5222604017915214 0.176735078027491 0.49652599520633073 0.18181363377198068 0.4946736436403327
3 0.1712505140973235 0.5026724844618237 0.17718540817952544 0.5006062075452157 0.18627603982133678 0.5267148210323069 0.18034114792260425 0.5287810934619624
3 0.17842751721286731 0.5313460161418847 0.17340641336738827 0.5319631452363333 0.1701559938921946 0.5055191003742541 0.17517707675438032 0.5049019725877167
3 0.16078930400919944 0.5109675735220411 0.16499385774784514 0.5092172640246129 0.17578886059993692 0.5351466356896639 0.171584309088189 0.5368969412660913
3 0.13544207388440554 0.6219066227489322 0.13057561178254673 0.619928656054757 0.14167297963763303 0.5926285440359896 0.14653941819062766 0.5946065053289332
3 0.130110352552947 0.6184636852648029 0.1247998872424887 0.6163813820832262 0.1347972865197562 0.5908880799919466 0.14010772779363379 0.5929703778914436
3 0.12893092448655352 0.5890451054655453 0.13435410927604607 0.5908162751327352 0.1252201143190632 0.6187807770055074 0.11979693174066597 0.6170096121348009
3 0.15130955742381502 0.5446410539583181 0.15625508938012445 0.5441033664976697 0.15904111540373833 0.5697262251011663 0.15409558363774067 0.5702639113837128
3 0.2014848646080054 0.5464167506873476 0.19537351403744196 0.54830607190994 0.18664537110134916 0.5200757431596236 0.19275669407898022 0.518186426535072
3 0.18853483916655023 0.5231550723507157 0.19380232774631168 0.523774648772614 0.19046390170649374 0.5521546626892782 0.1851964133771844 0.5515350877193036
3 0.17932391665124214 0.5284914711123423 0.1848679017671202 0.5280516566174909 0.186876901476694 0.5533734294238987 0.181332916470069 0.5538132429977105
3 0.18092106210190195 0.5570175438596491 0.17608673304494005 0.5570175438596491 0.17608674353846254 0.5321574440789475 0.180921052631561 0.5321574440789475
3 0.16688875093029765 0.5390980065648137 0.17191420095400645 0.5375337709267655 0.17927038514142168 0.5611649661041331 0.1742449365531229 0.5627291984927429
3 0.1682860178862029 0.5428955417442813 0.17293474601694925 0.5439018524106343 0.16751282941368117 0.5689464729582838 0.16286410197369605 0.5679401644736845
3 0.16206786056932287 0.5461263224780067 0.1669415533716574 0.5469769046885753 0.16178706066193627 0.5765084747656344 0.15691336842110104 0.5756578947368469
3 0.1524122773689669 0.5554442536571318 0.1537711824857979 0.5655772914855413 0.13623291224394052 0.5679290395590246 0.13487402411749372 0.557796017085106
3 0.12408407048224035 0.590331723001849 0.1301441823740106 0.5935565066896367 0.11761575132504731 0.6170977112857 0.11155564489649805 0.6138729355090663
3 0.07785088996695322 0.5844298245614036 0.06798245372544898 0.5844298245614036 0.06798246787889184 0.5678446228070176 0.07785087532363377 0.5678446228070176
3 0.07741544409009293 0.5803650395996736 0.08382197670277947 0.5824210698688086 0.07691307990057794 0.6039467102788411 0.07050654919487442 0.601890684204734
3 0.08045628947365913 0.5739488925438653 0.08509936677057794 0.5732377267588114 0.08948551040350594 0.601871105379417 0.08484243352290832 0.6025822693158288
3 0.09658721470395903 0.5786120146912042 0.10169784121831071 0.5792044420294823 0.09898945524514602 0.6025661102949732 0.09387882894736777 0.6019736842105273
3 0.10014619953210513 0.6041666682921949 0.10014621439074745 0.5818727748007335 0.10526316243465317 0.5818727835263077 0.10526315789468299 0.6041666666667093
3 0.11363909940223493 0.6105804502454557 0.10742503647452395 0.6111515918654035 0.10514541776308306 0.5863517489035109 0.11135945261582947 0.5857806085831307
3 0.11297938092366167 0.6142146819001987 0.10643931901188353 0.6121790362735655 0.11462332084977334 0.5858887014542151 0.12116335206781059 0.5879243419456677
3 0.16063893859643485 0.5394736859608956 0.16063894631486164 0.5176404695249236 0.16337719588716482 0.5176404725875935 0.1633771929824661 0.5394736842105091
3 0.15813863907942505 0.546032611578465 0.151602604214645 0.5479310214338637 0.14413736703420454 0.5222311765177654 0.15067337499999667 0.5203327708333196
3 0.5988890843065064 0.6658737743215675 0.594009969622789 0.6564775254894 0.6070539416077736 0.6497051793656676 0.611933058089221 0.6591014143760722
3 0.1448338620521099 0.5525352581104866 0.13973268893005297 0.5512396554267776 0.14669445225638356 0.523831627132075 0.15179560280171245 0.5251272268057355
3 0.5091777302611717 0.3686307699654017 0.518184151963851 0.3614528969976777 0.5303527792973455 0.3767208221682236 0.5213463647180561 0.38389868718551956
3 0.5241228110259044 0.32894736842105265 0.5135949666236002 0.32894736842105265 0.5135949816656193 0.30764115570175443 0.5241228040582655 0.30764115570175443
3 0.5284924859874991 0.3138486018065688 0.5209638809516264 0.31631671140313067 0.5145601857328757 0.29678371796875425 0.5220887774122502 0.29431561074560925
3 0.48298736805122644 0.2944727203790147 0.4771304406596073 0.2837278132823845 0.4914748234649551 0.2759090493420927 0.497331751394654 0.28665394875838884
3 0.4915387348405602 0.2919448848161995 0.4979337284195253 0.3012848373347232 0.48311436154835974 0.3114312527109123 0.4767193766217588 0.30209130789825916
3 0.48170312974548324 0.31325546070611515 0.49671052631583734 0.30880264692981274 0.5006228523502614 0.3219880298634875 0.485615457052063 0.3264408406701167
3 0.4819227889785225 0.3899301365819669 0.4902214762987569 0.3970991931981003 0.47753410485108816 0.4117849917859661 0.469235425490524 0.4046159436756166
3 0.4807034763375668 0.4114807968922499 0.4842098197800624 0.42161233533768344 0.4699276562500927 0.42655485815895205 0.46642132432361905 0.4164233294928084
3 0.5201682776818188 0.45715611110415977 0.5139164000695473 0.46274096776822465 0.5034615172833128 0.4510381488269304 0.5097133870614243 0.4454532982456414
3 0.5941632207836847 0.5301825895804417 0.5845012012819097 0.5250883526332758 0.5952698420992419 0.50466565755217 0.6049318326790853 0.5097598851759328
3 0.5753138948874721 0.25612863026617116 0.5676700792703286 0.2582756571699121 0.5612816808859407 0.23553217408261679 0.5689254835526754 0.2333851491227935
3 0.564890153239503 0.22195824510923223 0.5704894094704969 0.21868014499056437 0.5815536905107592 0.23757851945328004 0.5759544361341113 0.24085661705132685
3 0.5901369250904054 0.21945316045592048 0.5838461882632373 0.2247432947868564 0.5696454431588336 0.2078567828662672 0.5759361743421323 0.202566652412249
3 0.6005918167472828 0.19551669792638038 0.5937370958480415 0.19791229509702413 0.5869009916409595 0.17835178542135924 0.5937557050438045 0.17595618969299
3 0.5700338998684629 0.16585927758998395 0.5760461782260791 0.16841722076187052 0.5659849940625463 0.19206514852165 0.5599727167341371 0.1895072071462633
3 0.5994905206118801 0.615916060112687 0.6086434720308489 0.6214581321730136 0.5981626979752264 0.6387654646661308 0.5890097546783863 0.633223403334541
3 0.5938394919478469 0.6809210526166504 0.5938395087719073 0.6702766743420777 0.6074561420623468 0.6702766947563304 0.6074561401605933 0.6809210580994667
3 0.5208333391243514 0.41447368421052627 0.5106698110924981 0.41447368421052627 0.5106698261994325 0.39510115899122816 0.5208333298213574 0.39510115899122816
3 0.522153030493314 0.47340739178939584 0.513927027769455 0.48069483422798415 0.5004223336600262 0.465451863175609 0.5086483224413314 0.45816443137212354
3 0.5179775808136355 0.5026471863162808 0.5116887216504438 0.510638919227256 0.4941659962138374 0.4968509591431174 0.5004548487546572 0.48885923979396245
3 0.28536433981207665 0.5155172504428823 0.2909896742200999 0.5160093619979134 0.2892774812363541 0.5355798300786094 0.2836521469298532 0.5350877192982506
3 0.13873293380072482 0.5281610241322481 0.14343983472235777 0.5280292308327554 0.14422042031037563 0.555904810715544 0.13951351940124823 0.5560366037117627
3 0.13349747028814818 0.5319162394222641 0.13958345050752996 0.5323011142684209 0.13799591216036333 0.5574024179008631 0.1319099320174928 0.5570175438596484
3 0.26533308506191133 0.6152009082391826 0.27036435412037463 0.6165116724458755 0.263818401991216 0.6416348143692319 0.2587871341571599 0.6403240534199653
3 0.2748066306241981 0.6176635650035154 0.2809138080632465 0.6180968085079194 0.2788401078547622 0.6473250020572148 0.27273293054486203 0.6468917597777157
3 0.28053634247351056 0.6504749234344237 0.27506300764684966 0.6487136055266253 0.28577793107012894 0.6154209301770402 0.2912512316181619 0.6171822421248607
3 0.2967453080392488 0.6524122829719992 0.2967453191747609 0.6289161601917136 0.30043859914758286 0.6289161664219761 0.3004385964911762 0.6524122807017545
3 0.2864002413087974 0.5547744822833701 0.279423319935745 0.5563918353003636 0.2726720096742383 0.5272706549556437 0.2796488980262666 0.5256533059210563
3 0.37509564351739755 0.22906688678548948 0.3801775387559019 0.22967233892306604 0.3774222701464396 0.25279843407571034 0.3723403750000216 0.2521929824561421
3 0.5014238228745853 0.5059205089603369 0.5086994659332049 0.507977799367735 0.5012478223254675 0.5343285118282146 0.49397218107583285 0.5322712258858655
3 0.4087913458077992 0.3335258817096102 0.39826992444625375 0.3373314896515439 0.3931147412297378 0.32307932872003636 0.403636148026294 0.3192737236842237
3 0.41840452482017554 0.31420234559896265 0.40632203162408587 0.3182691773905285 0.4011634755626119 0.3029436126627309 0.4132459517543339 0.2988767839912297
3 0.44665464516083375 0.2777184075549911 0.44132094121903265 0.2859608821178925 0.42368561578427943 0.27454932292031825 0.4290193185647695 0.2663068556393461
3 0.43891563470401707 0.40307517497540596 0.43064929247668715 0.4073842786019594 0.42029747887454505 0.3875268806548484 0.4285638026316292 0.3832177828947278
3 0.41566611972177725 0.4581994343027219 0.4228111134674464 0.452036324669502 0.43861211809905853 0.4703534936494753 0.4314671342008296 0.4765165927246818
3 0.42653509355784536 0.5570175438596491 0.41811177609577044 0.5570175438596491 0.4181117899763649 0.5401744067982457 0.4265350836443531 0.5401744067982457
3 0.4573978435139452 0.5938138611100114 0.46710526315791867 0.5916064385964903 0.4699344754097865 0.6040469062620698 0.46022705661994223 0.6062543262041988
0 0.2182017406611294 0.19048944077396127 0.22299716697546046 0.20007266404922694 0.18953467145911418 0.2168169987663988 0.1847392582125167 0.20723378667029738