3 0.9149259682018283 0.6398839243420954 0.9642875497625027 0.6272727500330528 0.9715847263404385 0.6558311550153961 0.9222231582308495 0.668442292586167
3 0.22376787906296158 0.8493901030327252 0.21877201892175435 0.8240053577648725 0.2659253947368825 0.8147272061403718 0.27092137030444974 0.8401117965689364
3 0.3768342875127928 0.3654230675486433 0.39490871271937067 0.3626344177631501 0.4048758070777012 0.42723239409584823 0.38680138432391686 0.4300210327904969
3 0.2642068092447971 0.30752393263011746 0.21815246397136434 0.3216037923430862 0.2087065821892793 0.2907075705360799 0.25476080031103265 0.2766277317232044
3 0.26227935412225634 0.30861486257473997 0.2761541488163175 0.3358492484038896 0.22057645515269542 0.3641626888225737 0.2067017628874055 0.33692839079898734
3 0.2663815310696691 0.3898291439061121 0.2708884289958178 0.42033000001079657 0.2149597969074648 0.4285936055636584 0.21045301888818813 0.3980928570282128
3 0.216773014254386 0.455043859649123 0.2167731322988402 0.42932349772070116 0.2609649537420182 0.42932367295379686 0.2609649122805422 0.4550439583047801
3 0.2631579774046031 0.48793859649122817 0.2200076107571931 0.48793859649122817 0.22000769418718846 0.4613710285087719 0.263157894736878 0.4613710285087719
3 0.22484740268669157 0.5303164370514155 0.26980553395458173 0.5429023937807707 0.2627854269045429 0.567976512553413 0.21782730701750097 0.55539058333332
3 0.22433065005668595 0.5992841935859083 0.22151381059461528 0.5734920582736809 0.26644736842104066 0.5685852182017178 0.26926429842808375 0.5943772488963407
3 0.21888647265552663 0.5988173106552426 0.27307919562190364 0.6153837387811727 0.26405788183956247 0.6448910980307596 0.20986518014262856 0.6283247184199239
3 0.22122926716849634 0.6794522757016312 0.21570527852702526 0.6491767014028181 0.27232871660260116 0.6388466255612363 0.2778528399356901 0.669122025788874
3 0.27773332394485806 0.6885533145698073 0.2692166552399158 0.7182509755298483 0.21357980919185593 0.7022976813488794 0.22209658552628753 0.6726002050438559
3 0.2651178768525142 0.7090911140067898 0.2728212531526424 0.7323283959251496 0.23203466818597462 0.7458472040162282 0.2243314221491346 0.7226100328947263
3 0.2153729725877156 0.772901924342115 0.22038509997150868 0.7423986870991175 0.2754045001512395 0.7514374721923657 0.2703925946076424 0.781940512893476
3 0.2705114841980958 0.7875354689690406 0.26618662915473124 0.8148376005259937 0.2203333479117191 0.8075753699289913 0.2246583267543656 0.7802733936403026
3 0.8184587763157651 0.5555120844298155 0.8689177839742115 0.53726026571735 0.8799431960359243 0.5677382922564578 0.8294842138008107 0.5859900602682274
3 0.4397432055156969 0.34760796188471677 0.4582377116795442 0.3496800819139004 0.4497629179395517 0.42531772475940516 0.4312684133772109 0.4232456140350912
3 0.8211764976166478 0.4859973566624938 0.8645688442982191 0.4702162335526209 0.8762180636274479 0.5022450368486991 0.8328257373535735 0.5180261194001722
3 0.8264925113267054 0.4430180297693955 0.874694645137879 0.44133488371963986 0.8757389424746407 0.47123972736801545 0.8275368088687856 0.472922869911546
3 0.8323344270527286 0.38568049908781304 0.841863724780751 0.35800695175434505 0.8823352814858936 0.37194258916082534 0.8728060642305309 0.3996160681879911
3 0.8096068026150078 0.21473948675108775 0.82697635097486 0.2247759063721915 0.7868598210978917 0.29420231971026056 0.7694902958901366 0.28416593124454964
3 0.7100197436832332 0.1878201858585316 0.728138124995894 0.19487703318587138 0.7007527780724558 0.26518756407561644 0.6826344068448407 0.2581307352248659
3 0.6646267763157994 0.18692069846490833 0.6842164269801287 0.1855213594758827 0.6896839572368663 0.2620614035087711 0.6700943069907908 0.263460738782791
3 0.6222781470091832 0.18048045043328145 0.6428915241256163 0.1821442106843482 0.6362427151497059 0.2645193427263836 0.6156293386521838 0.2628555871822266
3 0.5096776996119843 0.2447563137280321 0.5291694878837916 0.18100272984876353 0.5455376828693943 0.18600703088441337 0.5260459366047598 0.24976057893058407
3 0.4951994238546149 0.2389294855826063 0.476135886654788 0.24188183801374713 0.46461792324566886 0.16751027192982076 0.48368137059139826 0.16455792670900002
3 0.46949064210548386 0.2484204296115856 0.4505773426161568 0.25260977325943224 0.4324263146929752 0.17066573026314863 0.45133951074740253 0.16647639888645813
3 0.41754509469012646 0.2526516435370842 0.3973890585953086 0.25080147067695274 0.40497150274541127 0.1681990992206567 0.42512742818746574 0.17004926684508434
3 0.3817100303389225 0.17362602780619774 0.3999084294870272 0.17503484704553915 0.39382613443444825 0.2536017981143247 0.37562773574552466 0.2521929824561368
3 0.3483048634275292 0.17289261901481096 0.3674950252193412 0.17032717763157615 0.37809600724062875 0.24962427234362697 0.3589058467777022 0.25218970713392264
3 0.34030689479038756 0.1753013198399256 0.35906376819809793 0.23735727776641308 0.340530783526674 0.24295890798650313 0.321773956140305 0.18090299013154482
3 0.442728798177086 0.4214736046953185 0.42506037310613465 0.42939015520307794 0.39564803923099134 0.3637497873759215 0.4133163287691559 0.355833272441034
3 0.4719902209178599 0.3477559248271994 0.49263160618761503 0.3537025682412583 0.47061800238543583 0.4301105521331163 0.44997662890546053 0.42416393677664826
0 0.9522502061403202 0.2889125734649129 0.9750861660908186 0.2883077540342294 0.9777017817982596 0.3870614035087725 0.954865821955309 0.3876662198322637
0 0.617039635964943 0.5833333333333176 0.6170401438910176 0.5476244500865234 0.7247808781752383 0.5476256533822258 0.7247807017500918 0.5833342049315837
0 0.9490331263183407 0.3862627236404934 0.9257245634329365 0.384645379724333 0.9331215531860835 0.2780489880192768 0.956429860279286 0.2796663229181679
0 0.946745071499322 0.75163984792373 0.9617215886840995 0.7893503305519783 0.9072135034314215 0.8109935837133567 0.8922372980877071 0.7732833659492809
0 0.9586961500317557 0.719049000048766 0.8939997410926708 0.7112715635990308 0.8985946203339381 0.6730573462929137 0.9632905051795433 0.6808347508201301
0 0.9765690671449647 0.4128343087052078 1.0014130633801415 0.4187483903960156 0.9777237679066957 0.5182565544199657 0.9528797867653793 0.5123425156895807
0 0.961922117716199 0.5312947905921424 0.9703816635264957 0.5726664953822296 0.8989043511272712 0.5872802197256642 0.890445100877173 0.5459087752192633
0 0.9615637658798732 0.49722017482144576 0.9663354002551614 0.5343771674114626 0.8945143568480489 0.543599248163625 0.889742958333386 0.5064424703947623
0 0.966100780472857 0.46502811207343014 0.9579742004684704 0.505707080264497 0.8856463519991848 0.4912586238176401 0.8937730934923138 0.4505798743587366
0 0.957430003132572 0.41586932912867325 0.9599699700100928 0.45281374540824804 0.8909632443869668 0.45755754136284393 0.8884234583333637 0.42061329714915585
0 0.9654717782040052 0.3885573348783566 0.9584168065981657 0.4267738755365017 0.8841231175019857 0.4130593180653058 0.8911782233560643 0.3748429546361977
0 0.9098943809149205 0.37229339078921553 0.8825756157015121 0.3667997239348492 0.9017514692982331 0.27144657675437645 0.9290699816664301 0.27694021738208047
0 0.6339252585120221 0.9519147391761337 0.630734243939969 0.9098607707912699 0.7445109782995587 0.9012292803311811 0.7477026121769086 0.9432825678919182
0 0.6141163367003628 0.5543663899146752 0.6118426707636218 0.5916257093106035 0.5034891217104587 0.5850137807017105 0.5057631146113408 0.5477548181854396
0 0.5075574899569801 0.4940841806823139 0.6149340213465848 0.5048377623479138 0.6112008644838625 0.5421110070345911 0.5038243388157753 0.5313574572368426
0 0.6142961729576655 0.49711667428499545 0.7231567785087236 0.48513678070176053 0.7274169342999812 0.5238456079666512 0.6185563346624576 0.5358254652502252
0 0.6311770776843559 0.6658992005068779 0.621317077648655 0.6265566801025225 0.7111575289288794 0.6040434333519928 0.7210177621627736 0.6433856030461271
3 0.5423419291912523 0.3522434614566394 0.5626293606993613 0.3533708017514988 0.5582571777463272 0.4320483876355129 0.5379697467104734 0.43092105263157765
0 0.7245818786415157 0.6682929737580491 0.7292635362999818 0.7071319736502588 0.6341079985970737 0.7185997219962141 0.6294267745790876 0.6797611188728387
0 0.6157397651747942 0.619725055527484 0.6142646612377121 0.6570774739571938 0.506913658991266 0.6528378629385952 0.508389135799689 0.6154858365421153
0 0.5686754143405324 0.7963557882167746 0.5610974133492164 0.7597226820934251 0.6635718684210588 0.7385280581140262 0.6711501974643852 0.7751607141392265
0 0.509227874684143 0.7301309548080397 0.5032395647976955 0.6899327112155703 0.6107577565788915 0.6739178124999439 0.6167464493813668 0.7141155875959592
0 0.4556697936822047 0.7429421067206702 0.46551266624544496 0.7790219434354294 0.38164700193078716 0.8018964344010752 0.3718045610845593 0.7658169691497301
0 0.3949392154037241 0.6626407091964422 0.3964657763158357 0.626758376096458 0.5013209655340916 0.6312182197667703 0.4997947903596014 0.6671001866870282
0 0.40948579365431215 0.6109589589529838 0.4000423047085633 0.5731826925429173 0.4880737874100305 0.5511782159625552 0.49751747762695686 0.5889541802601168
0 0.5019950664550379 0.498552331060781 0.5056266867794648 0.5338735524997528 0.3990539146886931 0.5448294777076713 0.3954226212372305 0.5095085556720037
0 0.45891239876505097 0.458693226428063 0.44970092075686807 0.4933100512746919 0.37875107017543996 0.4744314758772107 0.38796266097745047 0.43981483517731856
0 0.6104174104351614 0.46065801850261584 0.6039316772881875 0.49762995358053536 0.49493255701747785 0.47850985416668806 0.501418515948103 0.4415382203841535
0 0.7250849520257816 0.4470910669424718 0.721886718150472 0.48439536668824457 0.6118202335525211 0.47495916776316066 0.6150187281277795 0.4376551670085207
3 0.7366996281305092 0.42182605885975144 0.7173320703442414 0.4228366027131489 0.7140643137615825 0.3602100037911625 0.7334317247807576 0.35919946381578755
3 0.6200411191435933 0.3576624858918824 0.6395878010245042 0.3549745424140588 0.6486864697914143 0.42113695942189205 0.6291397900375841 0.42382489217817526
3 0.5760405178069732 0.4379817944240365 0.5544708199125807 0.3587127269952019 0.5763756399076101 0.35275260358275623 0.5979454054838698 0.43202155952700283
3 0.27844014363552105 0.26191205593959244 0.2601808574561346 0.26088203618421 0.2638754187400991 0.19539000829774048 0.2821346213592051 0.19642002568423417