3 0.05074021466805334 0.6200705090980225 0.04779006593446411 0.6262138409902298 0.0305966593557514 0.6179581768405233 0.033546810438565444 0.6118148560006033
3 0.21467750906799665 0.6016469577946163 0.21037873965190101 0.6077489558419021 0.1982135986842195 0.5991797258771704 0.20251236563944985 0.593077736169545
3 0.2193526590166357 0.5309538353963545 0.21601928179484275 0.5389545727026701 0.2027584703946559 0.5334301392543406 0.20609185082616932 0.5254294112901551
3 0.248934345771886 0.5598452606322509 0.2460610501609608 0.5673405091342452 0.23358328070173684 0.562557620614023 0.23645657983468027 0.5550623806989362
3 0.1946793070176227 0.5460434133771652 0.1984174427113885 0.5383180497684036 0.21351990605592164 0.5456251386661287 0.20978178299560568 0.5533504915064277
3 0.2068717710517376 0.5537923324554596 0.202187165694113 0.560220486401011 0.18896466666660672 0.5505852982456061 0.19364926887942602 0.5441571531984211
3 0.20214806662215778 0.56206081173431 0.1957433833572395 0.567894319711773 0.1832744057016953 0.5542057576754587 0.18967907755097713 0.5483722589209955
3 0.2332148508528462 0.5819053298712143 0.23009761166667886 0.5893568840668376 0.21214176206137836 0.5818461019737253 0.215259005617213 0.5743945606961122
3 0.16666923793854949 0.5697465789473777 0.17112488832651707 0.5636935964743807 0.1882291203613704 0.5762829028580672 0.1837734823491246 0.5823358741225334
3 0.22593948373275907 0.5878046805506888 0.22226382824032953 0.5949679188613024 0.2090019473682787 0.588163591008733 0.21267760419880233 0.5810003622993439
3 0.2221595046156608 0.5922608713927783 0.21996368121290288 0.6000489327982357 0.20418456907896143 0.5956005186403159 0.20638039944753928 0.5878124688110967
3 0.19487448245615724 0.6071653739035051 0.196852592671803 0.599897705672396 0.21001265190386675 0.6034792027772907 0.20803455234454304 0.6107468618637245
3 0.26023429593601577 0.5523642193601128 0.25258880315982424 0.5584083351974298 0.24092868969296433 0.5436602357456028 0.24857416683630618 0.537616129456403
3 0.16158016228075667 0.5807611151315246 0.16317002566518113 0.5730501174708031 0.18226273561776907 0.5769862658621501 0.18067288739484866 0.5846972502757709
3 0.17703137381113265 0.5868665318356352 0.17209902880006211 0.5923461796538709 0.16126973245616227 0.5825995131579069 0.16620207204073267 0.5771198724726678
3 0.1707914860485289 0.5951412349086245 0.16469761202358768 0.6012403173024572 0.15275735855266248 0.58931152631575 0.15885122326801593 0.583212453239511
3 0.2061948327857408 0.6154322760380203 0.20031322054728662 0.6211061008868957 0.18780077192980116 0.6081368903508533 0.19368237373407737 0.6024630750756421
3 0.20178181725748345 0.6202596783901726 0.19700670068687032 0.625955340184329 0.1837704824561115 0.6148596699561644 0.18854559333567522 0.6091640174514082
3 0.1950581639015354 0.6222452416589671 0.19246253428559612 0.6287672783694742 0.18043881469327516 0.6239826567982406 0.1830344473733021 0.6174606281208062
3 0.16976409649123525 0.628711326754348 0.17084874729232524 0.6217125177105073 0.18824529633332077 0.6244082415526367 0.1871606586970529 0.6314070388451181
3 0.15276923495969186 0.6152953074760176 0.14991393776847417 0.6228511098823485 0.13211294298241683 0.6161249725877712 0.13496824586195544 0.6085691837241473
3 0.1864978192423905 0.6353013748853946 0.182608053023273 0.6410191131136991 0.17069403289463025 0.6329150142543726 0.17458379721540496 0.6271972840046838
3 0.21147675986833292 0.5273904572368862 0.21279499603156182 0.5211828925343504 0.22572701020578734 0.5239288956271108 0.22440878157681254 0.5301364537597909
3 0.2639777654549107 0.5433570510771758 0.25993575178983974 0.5483939102921245 0.247185440789508 0.5381628585525924 0.25122745086298437 0.5331260061501728
3 0.18244837824840943 0.34484203674997754 0.18951766599150233 0.3486664425176852 0.18190660232517075 0.3627347062000677 0.17483731688594162 0.35891030372807464
3 0.16488575970788588 0.33339909607494567 0.17258613677756784 0.3370185598922106 0.16399218497281254 0.3553014577904707 0.15629181030703876 0.35168199780702325
3 0.20843998817213105 0.18204013298397598 0.21355836150996765 0.1885937507468146 0.19714418367595954 0.20141306990454616 0.19202581469301094 0.1948594561403797
3 0.20607005206704798 0.21414036261666272 0.20145866228062914 0.2070320701754239 0.21660878721763765 0.19720379805612173 0.22122017637764202 0.204312086503697
3 0.22761998798432614 0.20617665631372767 0.22970016507088076 0.2148663362730521 0.21154814139060818 0.21921158695669773 0.2094679703947122 0.2105219122806713
3 0.14109840156982045 0.3207106401142246 0.14811483355492783 0.3255574426822298 0.13725976803812046 0.34127115864247076 0.13024333991234016 0.33642436074562276
3 0.27220500244800405 0.5306091107902785 0.2680022702728593 0.536917593217508 0.2548478870614872 0.528154841008744 0.2590506175675955 0.5218463666603851
3 0.27612422740924103 0.4661674820507931 0.2724133415584902 0.4750384256729503 0.2535772258762563 0.4671594265350661 0.25728811610292723 0.4582884958456872
3 0.2516996337718638 0.4725196644736975 0.2542970607112238 0.4655538566337703 0.2682186631652712 0.47074462303344283 0.2656212449959412 0.47771042343876124
3 0.26516330306390046 0.4815927693834308 0.2613529932094707 0.4880930023748964 0.2462430394735975 0.47923645833332856 0.2500533491238457 0.4727362337246603
3 0.2398894671052858 0.4851001184210551 0.24233028182004546 0.4790837766807328 0.2587569272420751 0.48574754323488384 0.2563161218299683 0.4917638770902799
3 0.23399925877208716 0.4933926162280325 0.23568979925323674 0.48567487301144324 0.2557936494040405 0.4900782060838291 0.2541031225914594 0.4977959374088846
3 0.250492895488037 0.5006941268091303 0.2461888808011281 0.5068962672443138 0.23231623127855983 0.4972699778433796 0.23662024381587798 0.4910678453897627
3 0.24364517250216977 0.5057058617082334 0.240042345926895 0.511014583536099 0.2273698421051904 0.5024148980263441 0.2309726672144734 0.49710618245308685
3 0.2872956096451844 0.513850287492546 0.2825239111496103 0.51944357917065 0.26904516723118377 0.5079456228228675 0.2738168607050966 0.5023523388912422
3 0.28152216096555094 0.523685131864362 0.27725045353849964 0.5318197623987382 0.2600034144735446 0.522763632675458 0.26427512333464165 0.5146290148076929
3 0.1817157651986463 0.6402806920651898 0.17867089891990418 0.6469155297570046 0.1648599787291687 0.6405781917087249 0.16790484753505552 0.6339433638809717
3 0.12760042763159163 0.6255690756578748 0.1285055572895999 0.6173835445766189 0.15031950066008903 0.6197953568402647 0.14941438960727282 0.62798087092519
3 0.17597376620119576 0.6460974732480744 0.172837778850635 0.6517965953780409 0.1586562193122063 0.6439940578360158 0.16179220720619014 0.6382949447777722
3 0.34580453501121156 0.38340300960872853 0.341838910909928 0.39032171644486013 0.3269500471490119 0.3817881787280669 0.33091567128212773 0.37486947885419836
3 0.2920276507204562 0.45336217596716355 0.2869038178257597 0.45853904909568305 0.273400236196494 0.4451746359279632 0.27852406250951844 0.43999776954470166
3 0.29358912528391556 0.44190022225622916 0.291576271344411 0.449203760814734 0.2770908212719405 0.4452118037280278 0.2791036797676725 0.4379082725956019
3 0.29705494794166043 0.4351147179504476 0.29477596344963786 0.4418672047749829 0.2810435197368406 0.4372327247806734 0.2833225074875827 0.4304802444667468
3 0.3030888465176531 0.43078776876932384 0.30096229819707787 0.4369730272929263 0.28615373026320867 0.4318819868421579 0.28828028169891695 0.4256967346918006
3 0.33920050367953536 0.4497273320179414 0.3368978371187268 0.4568265145338575 0.31960263815778944 0.451217039473658 0.3219053093648654 0.4441178658557722
3 0.3494309295062976 0.4412568590754822 0.34405412575540595 0.4484691279108447 0.32776371929821835 0.43632520723684554 0.3331405191548811 0.4291129482853801
3 0.3587704820674844 0.42857440447806994 0.3546306026327102 0.43514317188686885 0.3431351063330794 0.42789868554755306 0.3472749850532182 0.42132992397534286
3 0.34366905701756423 0.41863976425436145 0.34891638878787035 0.41185169367747143 0.364630313530256 0.42399825681171877 0.3593829911793591 0.4307863187468756
3 0.34164642362998165 0.3927259650866987 0.3365706506327797 0.39907290996498057 0.3211979210526579 0.38677960855262644 0.3262736901444896 0.3804326711523207
3 0.3767290050137717 0.40331005040042384 0.3742001265387671 0.40986205700260664 0.3611035712717694 0.40480742434210193 0.3636324520434755 0.39825542342282444
3 0.17053912543144634 0.6542837994936826 0.16535624421794637 0.6598346529832979 0.15312685307026186 0.6484174276315517 0.15830972650815056 0.6428665833809702
3 0.39292720437708795 0.3871554987243548 0.38790570846322225 0.39482094709254456 0.3723776030701629 0.38464922258767525 0.3773990974495973 0.3769837826427542
3 0.38350061403514246 0.37371271710525467 0.3870037123331258 0.36826821299270257 0.40290607406780055 0.3784996564844274 0.39940298247188366 0.3839441546961049
3 0.33949087500002406 0.36923230482452046 0.3427614393352769 0.3631391712676688 0.35547673610915353 0.36996397885092763 0.3522061775286147 0.3760571074627897
3 0.3671242610380432 0.3569185414831018 0.36366603083570226 0.36430726825346144 0.3502140131579381 0.3580114057017553 0.3536722447797729 0.35062268491938603
3 0.41998153139229544 0.3522768802885183 0.41525404262517895 0.3578945848905559 0.40247808848289424 0.34714358325185696 0.4072055741193026 0.3415258836831756
3 0.4165000646929684 0.3344272028509194 0.41759943159979684 0.3264163139215934 0.43614367243822016 0.32896112524925925 0.43504431393523646 0.33697200661060167
3 0.26158796293179876 0.1708770915492225 0.2687394601913411 0.17671880408819848 0.2585988238599839 0.18913297312301677 0.25144732894739263 0.1832912631578714
3 0.657838721256212 0.03109718901775179 0.6529419044510405 0.040682350902024184 0.6366029287281663 0.032335183114062714 0.641499745628721 0.022750022114060374
3 0.687453399527044 0.03034047307079344 0.6800644727466079 0.036035250834552605 0.670272919956119 0.02333079495612229 0.6776618460335158 0.017636017605374515
3 0.28480049435052024 0.45844765781937813 0.2802772342931803 0.46376075433899433 0.26812036622800406 0.453411758771954 0.2726436224616009 0.4480986681833643
3 0.3084678124999982 0.4627784495614068 0.3111773226717105 0.4557103001659089 0.32658495703992685 0.46161628715523984 0.32387545654910355 0.4686844283481267
3 0.319934645670628 0.46969237265797326 0.31628259822105065 0.47510882492595935 0.3063383728070903 0.46840436732452195 0.309990419225187 0.4629879196981242
3 0.3191420846544588 0.4744054318374133 0.31551847960065516 0.48278378034211394 0.29864004166677205 0.47548440899125044 0.30226365018199886 0.4671060716892648
3 0.16850377052605836 0.6603469610032148 0.1633945860953645 0.6665516706633143 0.14921692105258444 0.6548787916667028 0.1543260988662496 0.6486740934680914
3 0.1641855013250506 0.6630325178189845 0.16229203342879828 0.6698768264865593 0.14493677471750743 0.665076150455549 0.14683025024476137 0.6582318543002044
3 0.14014793530702718 0.6670461052631684 0.14540821278501426 0.6618707388423537 0.15774888490852845 0.6744121701358852 0.15248861666464109 0.6795875272543086
3 0.15313874739376843 0.6766875013805005 0.14941505345416317 0.6832486996469843 0.13502142200673006 0.6750809697768657 0.13874511617245844 0.6685197827123868
3 0.11671949013157246 0.6355300844298557 0.1218918250688148 0.6293318181598087 0.13556501419486722 0.6407404214964401 0.130392690703502 0.6469386770358471
3 0.1282192025449831 0.642645671589885 0.12578121201079284 0.6497985130405047 0.11041130701755719 0.6445604484648743 0.11284930318322495 0.6374076184264681
3 0.10621555043860553 0.6517729714912411 0.10916855793561808 0.6467900609892556 0.1217771009921762 0.6542612527658898 0.11882410185546632 0.6592441560005513
3 0.09726162280708195 0.6552774013157635 0.10314118416442852 0.6485756800433329 0.1192820011974618 0.6627344942955131 0.11340245500196033 0.6694362011282233
3 0.14730718713224178 0.6873108012930464 0.14212425643154347 0.6928182478977329 0.1272145482456608 0.678789052631561 0.1323974688071985 0.6732816178209766
3 0.13686541121535356 0.6940096312263345 0.13338344763747045 0.7007106180435887 0.12009744956128543 0.6938079572368492 0.12357941447555731 0.6871069810543297
3 0.10801679612200132 0.6709332184406652 0.10480297195283583 0.6783914220921627 0.0837423719351591 0.6693173936961999 0.08695620159130613 0.661859207581817
3 0.10729620614029045 0.7048412938596507 0.10996158798627675 0.6978474979633382 0.1269474086552691 0.7043199236625173 0.12428204290881695 0.7113137059122703
3 0.09109560758543012 0.69209118676186 0.08750212237259802 0.6985659045242426 0.07073765368966178 0.6892629209635837 0.07433113952004078 0.6827882163118891
3 0.08150534984213209 0.7082074640917693 0.07667235189330768 0.7136727184563152 0.0611915438972801 0.6999848914211233 0.06602453304492428 0.6945196492294888
3 0.06780578552604766 0.7187529270766703 0.06340454807263995 0.7227039961371523 0.05304700767544546 0.7111681535087804 0.05744823658540099 0.7072170911475995
3 0.27371867982571985 0.5046106030701224 0.2761296058421294 0.4965769008262554 0.29438719890697485 0.5020556031269716 0.2919762866451947 0.5100892936336291
3 0.30712626253443887 0.49411823565462915 0.30338733982694066 0.5019115601565034 0.2843171611841626 0.49276312390348403 0.28805608649997794 0.48496981186068827
3 0.308858857182031 0.49100149752136446 0.30539954425159976 0.4951190449175131 0.292508427277653 0.48428949399765525 0.2959677370118925 0.48017195177987465
3 0.29913186374210454 0.48248537621492055 0.302084326883687 0.4763656792314095 0.3161800499516403 0.4831657126790823 0.31322759507736464 0.4892854026160813