3 0.5621410285087904 0.9681332335526425 0.5725777089921849 0.9559983244092355 0.605127869209241 0.9839851171344103 0.5946912705431942 0.9961199487819478
0 0.43284546929828593 0.5851753179824452 0.43405652460512556 0.5731270676662678 0.49243565391066113 0.5789944463086727 0.49122466663004616 0.591042633983863
0 0.25144199620842755 0.31589796474606396 0.24453406031216218 0.3252149801720075 0.19606463963305032 0.28927915875828325 0.20297256532819574 0.279962169637369
0 0.20531193092108424 0.31427564802631347 0.2125359737178769 0.3037861342313104 0.26312530519362554 0.33862543223944386 0.25590129808460915 0.34911491406399253
0 0.2807634555789491 0.35781569853593714 0.27670298980660846 0.36971055718120355 0.218628518986975 0.34988676523819723 0.22268900376809597 0.337991946961096
0 0.2371953004385432 0.369206617324586 0.24426290640133175 0.35862195631869137 0.2920620098088875 0.3905370109969285 0.28499444337751356 0.4011216368521329
0 0.3158340478534001 0.40146740633342587 0.31520352384177386 0.4141444301939846 0.25647638360953806 0.41122351390735323 0.2571069512990789 0.3985465364040917
0 0.3294430811120037 0.42999662669486377 0.3261019556903193 0.44269054896343096 0.26758773942128755 0.4272899511403594 0.2709288967747625 0.4145960790218763
0 0.34925958846213234 0.4548210988348511 0.3472422631818972 0.46500476248611233 0.2877445530774594 0.45321925079384207 0.2897619099537678 0.4430356306230571
0 0.392106589555965 0.5040072309350516 0.38702843642374773 0.5157999395360195 0.3288207728672887 0.4907364696997653 0.33389894334618475 0.47894381880725745
0 0.31082032282529326 0.48291773343284766 0.31029953547340483 0.4718892779412165 0.37061403508766944 0.46904118749998536 0.37113486830833153 0.48006959465676174
0 0.41631889987309023 0.524792993651767 0.41280102086113857 0.5352850582743204 0.3556168268653437 0.5161132921824284 0.35913473088646697 0.505621278655853
0 0.4434164516031842 0.5446447211091378 0.44032050058729055 0.5561573710704657 0.3815569033671409 0.5403561241103881 0.3846528903509352 0.52884353289478
0 0.46103300697791383 0.6106365554380112 0.45927071257744956 0.6000243855292396 0.520720867324485 0.5898207291666469 0.522483209722509 0.6004328386998259
0 0.6841801558706493 0.4571169911642082 0.6699988488245481 0.46317665180945344 0.6506786302309138 0.41796452374224013 0.6648598543906701 0.41190488347703835
0 0.5500264436608404 0.6111786336963496 0.5517015042222511 0.6241714188798554 0.48973667527138787 0.6321589190931439 0.4880616996615572 0.6191662109624151
0 0.587142696914384 0.6492989088302809 0.5830901484546303 0.6605240013696215 0.5259598509577472 0.6399009571689849 0.5300124298245237 0.6286759320175482
0 0.4655028958333105 0.48355263157895034 0.4795182163514937 0.4826130288651289 0.48281429180735813 0.5317742348304136 0.4687989716347829 0.5327138339561056
0 0.4753145921052919 0.4797768234648879 0.4889968268444136 0.4723384612398678 0.5127356491231012 0.516000762645929 0.4990534339882515 0.5234390967275606
0 0.5147048151947047 0.5177741160667144 0.5004153476580768 0.5169241542498652 0.5033085997806666 0.4682879287280691 0.5175979630157599 0.4691378874340307
0 0.5203026896929259 0.4599926195175496 0.5371205155340704 0.45755301096627377 0.5445508925438389 0.5087719298245605 0.5277330687342783 0.5112115290601655
0 0.5490744920275574 0.453150939288325 0.5664104432729573 0.49986193066796114 0.5529899831599323 0.504842310389993 0.5356540899123274 0.45813136842110275
0 0.5528598749999674 0.4544658168859647 0.5674830533774866 0.44784816688934653 0.5875188367956525 0.49211874764810826 0.5728956724668706 0.49873637436862095
0 0.5711058801624631 0.4457828571032833 0.5853070125747308 0.4394454516382199 0.6051739086634598 0.48396119320058095 0.5909727894627395 0.49029857673718125
0 0.5949138256578408 0.4381126688596549 0.609917193251249 0.43376726229779544 0.6231158789144047 0.47933544863556576 0.6081125172531756 0.483680840731221
0 0.6431046757593322 0.4717579119101714 0.628676623967408 0.47676887946826163 0.6123815800439161 0.42985346491227505 0.626809540186855 0.4248425148841303
0 0.18718694298240734 0.27746076644742035 0.18964712884621804 0.26499124437929683 0.24955790080036877 0.27681104379326643 0.24709775145299773 0.28928053415694843
0 0.4988439181945523 0.30607830829304267 0.5003342087971987 0.31812304499120575 0.44057536286948107 0.32551666213634906 0.43908511074550916 0.31347196052626325
0 0.31648050109640735 0.22340948245616993 0.32699055978389424 0.21464658659678115 0.3669748785895308 0.2626022042203726 0.35646483830976194 0.27136507973222307
0 0.33826662828948884 0.2345607982455779 0.3444995418357166 0.2209006647757308 0.3965670064567348 0.24465782571696798 0.39033412632636555 0.25831793080892457
0 0.31242662320960335 0.15557244005796636 0.3263436195026088 0.16192430107913866 0.3049132548997022 0.20887799882675348 0.2909962642543178 0.2025261469298117
0 0.338259240518596 0.20503509742447518 0.32250722587718883 0.20394736842104885 0.3260231438332539 0.1530322919895679 0.3417751153924655 0.15412001951362198
0 0.3436535438424926 0.15320276089870666 0.36048200911682216 0.15030927538361089 0.3688675890053901 0.19907923672538794 0.3520391246942154 0.20197271835090289
0 0.39432424523693044 0.1473584324562752 0.38501502254916886 0.1953604227398159 0.3680231271929415 0.19206513157892915 0.3773323659787593 0.14406316288987883
0 0.3983560911553923 0.1388186444917706 0.4152403362223822 0.14135302660706375 0.407626326562081 0.19207773519430982 0.39074208223689766 0.18954335635965736
0 0.44984900258452853 0.1280735423370372 0.46593034646002707 0.13389671258618752 0.4484777864774969 0.18209359299404074 0.4323964462719232 0.1762704298245659
0 0.4723676876362788 0.1775603757962169 0.456001207260897 0.17261572389456764 0.4706215255562256 0.12422384705060881 0.48698796950498036 0.12916849298391217
0 0.48484404402427117 0.11847798664364152 0.5035759798316803 0.11966768781522909 0.5004899477355593 0.1682572124150767 0.48175801206286906 0.16706751251992188
0 0.5219298404200572 0.16337719298245615 0.5068567691428143 0.16337719298245615 0.5068567851759553 0.11316993201754386 0.5219298245614254 0.11316993201754386
0 0.5428107710722543 0.15743575010127478 0.5258578388157957 0.1551102576754398 0.5327132878187513 0.1051342148321856 0.5496661858633161 0.10745970485389549
0 0.5547517240291882 0.10252793270548469 0.5716552586522994 0.10417855804629508 0.5669891317901374 0.1519626765998421 0.5500855973876924 0.15031205279482193
0 0.5748426157531412 0.0971689013097824 0.5912407901621464 0.09737632412930729 0.5906529638765505 0.14384777352024472 0.5742547894736845 0.14364035087719298
0 0.6218830619417304 0.09387682044894571 0.6031870768791805 0.13802950857711943 0.586029963815804 0.1307645328947759 0.6047259533692113 0.08661185924010494
0 0.6276583652071395 0.08168073140706772 0.642696059242553 0.08577873108091626 0.6300525452518286 0.1321742119411275 0.6150148524916403 0.12807621551000772
0 0.5485210307017496 0.18279024451754083 0.5555234610268371 0.1719674395028207 0.6065372057485092 0.20497329713323312 0.5995347973135949 0.215796082797119
0 0.5229142550512051 0.19374312243464226 0.5285604886042847 0.18068727563359452 0.5832109220918937 0.2043215212306911 0.577564716312736 0.2173773444429034
0 0.5530344534939786 0.2179018326244361 0.5445631571993772 0.22780246508344926 0.5018237321694414 0.19123370378161045 0.5102950167510016 0.18133308905738577
0 0.4758400463971384 0.2064210225233901 0.479709629775698 0.19415520570742717 0.5324619827787274 0.21079711167992454 0.5285924247136791 0.2230629069465707
0 0.5045823314146674 0.23476540866877324 0.49308371656616146 0.24296674511651117 0.4598945307017175 0.19643478399125958 0.4713931138486487 0.1882334637829252
0 0.42818616118415775 0.2144191885964823 0.43377869170160466 0.20170937392442082 0.4893526037992615 0.2261624273872419 0.4837601035544594 0.23887221640979212
0 0.46413409469664657 0.23508167428553645 0.45631337715713016 0.24564062691372435 0.4113917934246274 0.21236897679864916 0.4192125023422477 0.2018100453755185
0 0.44437962974234324 0.23388702013569015 0.4393638702346152 0.24789763438973583 0.3807315597573506 0.226907706928278 0.38574733344228207 0.2128971232075001
0 0.36003871710533986 0.2309534418859591 0.3649490536651001 0.21792724194797725 0.42132467559792985 0.2391781086579703 0.41641437198722997 0.25220428075046225
0 0.6399866530331337 0.4209514694683928 0.656024048809627 0.4216997004229101 0.6537957632212965 0.46945740335944613 0.6377583676193126 0.4687091748325665
0 0.7019557586241945 0.449605652257973 0.6875597826200419 0.45611398578024553 0.6681270642075106 0.41313258490537 0.6825229619661286 0.406624272030645
3 0.5826866480263106 0.9595698706140511 0.589640374959572 0.9496058743306914 0.6148105520992431 0.9671668095016667 0.6078568752982392 0.9771307609529999
3 0.14317169991818446 0.5208342234797252 0.13260536859627337 0.5286448772179217 0.11678482346485453 0.5072443870614158 0.1273511244872907 0.49943374974094595
0 0.7711900778107292 0.6285166167086785 0.7854233066638017 0.629748986492898 0.781265145838006 0.6777674516002684 0.7670319177632337 0.6765350877193019
0 0.777002446271922 0.6288337675438659 0.790504876088221 0.6208101700043839 0.815615287915989 0.6630616642449804 0.8021128869744416 0.671085222898118
0 0.797593905701774 0.6232527379385957 0.8108837733626615 0.6155952333317749 0.835502713562505 0.6583169875522064 0.8222128727570635 0.6659744552160244
0 0.8253899517544596 0.6080762598684197 0.8408674150151683 0.6071401910819019 0.8437985484086994 0.6555993458575147 0.8283210855331617 0.6565354102719896
0 0.8732638475759131 0.6458072953885178 0.8597443514672705 0.6529596514336274 0.8371704703947671 0.6102952445175522 0.8506898629108264 0.603142922113997
0 0.8580074495614554 0.6029790098684213 0.8718318242334817 0.5961962812065177 0.8922021993206499 0.6377098284033591 0.8783778437920091 0.6444925273604665
0 0.8753430120614212 0.6008117192982422 0.8865929946499591 0.592013807005906 0.9147455250384837 0.6280086350700421 0.9034955756844738 0.6368065097078762
0 0.931120370780036 0.6227620755577131 0.9162604977307183 0.6308539924475313 0.8944148453947491 0.5907413991227888 0.909274616245284 0.5826495166921639
3 0.417239642543791 0.38231032565792283 0.43209122768007546 0.3709153435331813 0.4499139673175705 0.3941434644276644 0.43506239944781555 0.4055384268022945
3 0.4575634013211811 0.42754364526856126 0.44479068958764856 0.43790714830824995 0.4259321041666908 0.41466573464911677 0.438704784435231 0.40430225178253243
3 0.44075161509749705 0.4337770081601612 0.4283422644687107 0.4420412274755649 0.4125296304824815 0.41829864692982355 0.4249389473272913 0.41003444299409103
3 0.0326254437713942 0.6041899988610879 0.041072900350627606 0.5954797039234926 0.06563254752904868 0.6192955486839018 0.057185118993061224 0.6280058158714528
0 0.6972711337144801 0.44517544617955523 0.6972712006579513 0.3994451425438374 0.712719319726375 0.3994451804379851 0.7127192982455881 0.44517543859645564
3 0.15153082644633287 0.6550143097154915 0.14423722144431395 0.6658825916372891 0.11587835745615394 0.6468536447368477 0.12317195428738614 0.6359853999323182
3 0.21612548434745804 0.5867804169238624 0.20781361193610337 0.599360299004737 0.1831493168859879 0.5830655964911965 0.1914611827077124 0.5704857478357508
3 0.18705298222891997 0.695747511145662 0.2008331587065868 0.7177311121961302 0.18965306911320567 0.7247381225809937 0.1758729286008247 0.7027545530585186
3 0.24038836439569877 0.7220324927387588 0.22831996979471114 0.7322893715649489 0.20770069517550382 0.7080321787280477 0.21976903862980635 0.6977753357663897
3 0.26492872813753365 0.7648117829552112 0.25741284840000844 0.7745881586985298 0.2352330186403151 0.7575397390350679 0.24274888410457152 0.7477633951750879
3 0.2659851403509492 0.7355245646929319 0.27306436939420564 0.7210369994880214 0.30377094999766996 0.7360390293795731 0.29669178595463563 0.7505265391452468
3 0.37213209539470427 0.7091752423245419 0.3847881248863132 0.7009142649987964 0.39982178644208943 0.723942651960848 0.3871657766624139 0.7322036044649091
3 0.5247390487190842 0.809342019635014 0.5182625611345202 0.8207749203403261 0.4884526978394206 0.8038915944615517 0.49492918634928174 0.7924587422361347
3 0.32125157379311986 0.7866531769602567 0.3140186984654747 0.7947829088621808 0.28602771161058627 0.7698843974311571 0.293260560306976 0.7617547017543846
3 0.44909788973518516 0.8697029191359367 0.4416929204760436 0.8819635241636686 0.41667495285082623 0.8668569780701918 0.42407991918139487 0.8545964204851939
3 0.4622920109649158 0.8768049210526403 0.46896281965382514 0.8659920536292571 0.49841900731291844 0.8841602246789438 0.49174825598561256 0.8949730419347732
0 0.7655378525964807 0.6808943185340822 0.7513837527486658 0.6829180981354822 0.7447902587719 0.6368095646929839 0.7589442274938847 0.6347857946466098
0 0.7547463557559695 0.6849849680312455 0.7404264130918818 0.6937201480492476 0.7145087719297862 0.6512380263157995 0.7288286016633947 0.6425028912882649
0 0.7321334151160954 0.6904580180266099 0.7184381355206142 0.6973202609197889 0.6970434942145403 0.6546278952150142 0.710738661366122 0.6477656861464691
0 0.6859562609648719 0.703947378818041 0.6859563696142459 0.658769227928833 0.7006579344352986 0.6587692864750432 0.700657894736878 0.7039473684210306
0 0.719833602849576 0.3916523786722631 0.736777182556807 0.3928509746652781 0.7332901757172294 0.44214141523231765 0.7163465964321176 0.440942823008734
0 0.7361565383771449 0.38706140350877855 0.751163371581697 0.38469719168642 0.7589595514396024 0.43418096804995554 0.743952719947174 0.43654517244701724
0 0.7525642993421116 0.38048712390350714 0.7677688112617034 0.3768855736285409 0.7785970240029201 0.42259638604026256 0.7633925156213763 0.4261979259144178
0 0.7979220224572146 0.41901441458079486 0.7815328118825846 0.42200115482074274 0.7725901228070597 0.372931868421044 0.788979235320312 0.3699451374477529
0 0.7922739528509055 0.3689976447368406 0.8087427229377226 0.3653506396028383 0.8190721951211799 0.4119932921922583 0.802603428340035 0.4156402869116589
0 0.6120032478577286 0.6088634054786324 0.5991523193861212 0.6177590161659298 0.5718995570175593 0.5783928804824309 0.5847504048289238 0.5694973089829305
0 0.5991062280701271 0.5617500383771957 0.6126624192985446 0.5584718752699417 0.6244315867187424 0.6071359419321238 0.6108754005795163 0.610414090373359
0 0.6132342741227603 0.5626299177631549 0.6268513431920155 0.5547202087522616 0.6506832615891653 0.5957442570426592 0.6370662168017134 0.6036539329168888
0 0.662810972628904 0.5930832779170871 0.6462212520186768 0.5967898569152766 0.6352071480263248 0.5474980855263133 0.65179672731972 0.5437915229791552
0 0.6857553211618779 0.5848610110958363 0.6712101152264722 0.590141141817108 0.6543571872078928 0.543720700348139 0.6689022810326151 0.5384405920340463
0 0.6827491030701367 0.5800438758533338 0.6827492031316069 0.5317982266775798 0.6984649483216572 0.5317982741084959 0.6984649122806559 0.5800438596491589
0 0.7014197247807488 0.5264317171052599 0.7148530115845233 0.5253573308813853 0.7185165354092078 0.571159057536422 0.7050832490889434 0.5722334396321178
0 0.7431499948000919 0.5650608312354267 0.7295657616411972 0.5682312370685755 0.718457970394752 0.5206417949561348 0.7320420966634629 0.5174714022125269
0 0.7334005034368829 0.5188318106445926 0.747450910106636 0.5132017797911682 0.765082647058648 0.5572000650494855 0.7510322524833555 0.5628300739951827
0 0.7620122357456012 0.5504386054201373 0.7620123110109489 0.5049763899857421 0.7752193252339339 0.5049764293528206 0.7752192982455881 0.5504385964912324
0 0.8050757804837758 0.5424055829199188 0.7911596308606477 0.5488685951665293 0.7699838388157332 0.5032766787280932 0.7838998914227204 0.4968136929938485
0 0.8117480109648341 0.4897724035087868 0.8262316170015538 0.4844069715505712 0.8429671501930898 0.5295798556376442 0.8284835544526459 0.5349452674565041
0 0.8369402214912043 0.4820559868421064 0.8509366629391479 0.4792526085987302 0.860102230977418 0.5250101154486193 0.8461057924318993 0.5278134836170765
0 0.8908695614035196 0.4761431315789743 0.8960613500609043 0.46450448963719504 0.9424179491214772 0.4851818215715639 0.9372262112489125 0.49682042039888513
0 0.950850566921531 0.5205594930984007 0.9442564610275213 0.5305890713391842 0.9008312675874777 0.5020407086030808 0.9074253658226326 0.4920111712426829
0 0.9595112540724813 0.5544283699421929 0.9502832665666574 0.5635269069514556 0.9147487390382594 0.5274900062270308 0.9239766864283183 0.5183915078331792
0 0.6683247820200222 0.7149557907563198 0.6534410768864518 0.7192662075279074 0.6399404628211869 0.672655776891568 0.6548240238126937 0.6683453823791207
0 0.6842373602486305 0.7104289719766655 0.6699766885428744 0.7116647566239114 0.6658815098684272 0.6644131809210491 0.6801420404855207 0.6631774024276992
0 0.2755821687603657 0.16068523990462646 0.2915720924369225 0.16057241233286437 0.2919243818570294 0.21049837486802567 0.27593445817990414 0.21061120227986246