3 0.9324746014996208 0.029638174877648308 0.9229025021929829 0.01874890899120769 0.944398252771407 -0.00014671177827679265 0.9539703516055624 0.010742553382293801
3 0.07929666419374826 0.018412805511056576 0.09445835058113516 0.022869613613683983 0.08794514558201172 0.04502698304880552 0.07278345942984288 0.04057017543859334
3 0.07094872498009863 0.8065745068908462 0.07183953933849807 0.7957912556764942 0.10160150447916294 0.7982494136416768 0.10071073234962569 0.8090326254160215
3 0.09432217972221224 0.7473408351436365 0.07369177380803649 0.7556828881720127 0.06206617434213513 0.7269366918859475 0.08269645214761567 0.7185946680906045
3 0.024071164833344483 0.01501492629200922 0.03817954462465423 0.02112975114926342 0.028595798244737125 0.04324176608215992 0.014487418859630452 0.03712694188597317
3 0.0466460650333147 0.041873290657474665 0.03432350428965947 0.03751962715894271 0.04167253543982952 0.016719021175641245 0.05399509394874258 0.021072684238607087
3 0.06178145723674788 0.08562246491231677 0.07097198428061802 0.07628785476327249 0.09202457521075758 0.09701544034854998 0.082834051976306 0.10635004664619462
3 0.06449441592042149 0.015666700911774495 0.07722696988105326 0.023715529878249826 0.06469946773813717 0.04353295309589899 0.05196691447372359 0.03548412500000521
3 0.1076593799306238 0.05070541824450606 0.0913838086252099 0.04782293563101443 0.09637244242492216 0.019655277709559965 0.11264800877188463 0.022537759868422644
3 0.028679885235760594 0.8121525384015031 0.04101562835001005 0.8146731266731291 0.03662786871245771 0.836142372921092 0.02429212767970057 0.8336217915822792
3 0.0740716697755488 0.8115653534292292 0.10258469220468669 0.8176247431995006 0.10034640912363102 0.8281550329348141 0.07183338925449334 0.822095651315785
3 0.1047141059217438 0.8344974060829108 0.10782399924255515 0.8459695460722254 0.07556659346334982 0.854711967771774 0.072456757675468 0.8432398771930053
3 0.7014497993964142 0.0018554290175896793 0.709888447760477 0.011582654650825298 0.687525994053658 0.030982724889117023 0.6790873464913147 0.021255500000041477
3 0.7738944172010633 0.030816145290584667 0.7623615032894122 0.024997408991224934 0.7726036143340025 0.004697234569768251 0.7841365270796814 0.010515970514248987
3 0.10762393076765875 0.8477768924304484 0.11125173229061147 0.860327755139045 0.07720732659322493 0.870165914042905 0.07357959320177088 0.8576151096490927
3 0.6416107992646403 0.959406814725627 0.6531853788173976 0.9639002762626427 0.6436493666650449 0.9884567299338066 0.6320747965153259 0.9839632859628544
3 0.643793173303493 0.9378040376387269 0.6561435546677785 0.9399361187320044 0.6524092140616631 0.9615618988862873 0.6400588344297375 0.9594298245613965
3 0.04314727412281627 0.0923792083332987 0.052662971981362716 0.08173561764601878 0.0719766637413386 0.09900260682705116 0.06246097003383966 0.10964619349700855
3 0.7869561414473765 0.013220905701749124 0.7943556009547592 0.004735335905752471 0.8127633070795355 0.020786947121856386 0.8053638481269445 0.029272516382380577
3 0.7375934730322342 0.020690590405831762 0.7305010999780279 0.03165019338743847 0.7073070074837915 0.016640420730530233 0.7143993802577597 0.005680818771125938
3 0.10416665521529467 0.8752892055886896 0.10521382455908679 0.885968098460208 0.07831447599960484 0.8886051424909319 0.07726734868424501 0.8779262883771458
3 0.9881936662154658 0.7308047501643282 0.9936297518693209 0.7464615989427843 0.9467968016571149 0.7627191637636863 0.941360820175646 0.7470624035087267
3 0.7821889473684678 0.8517309440789358 0.7995808176693799 0.8465552889957305 0.8069750879072899 0.8713968561798743 0.7895832250402464 0.876572493659416
3 0.5773839330224746 0.8618763598604209 0.5819905402273662 0.8725276981666393 0.5536132353627181 0.8847977001612085 0.549006679826789 0.8741464057017575
3 0.038900267975805036 0.9764191326884478 0.04524630773175886 0.9890891797277239 0.0166281325714408 1.0034187884594157 0.010282164473778721 0.990748802631618
3 0.08164144737713741 0.9153125228489072 0.0805620074906983 0.9070086644402043 0.10929066470419002 0.9032750399979333 0.1103701327571116 0.9115788651755117
3 0.08152511449441135 0.9017497123702913 0.08003054848222746 0.892402502862326 0.10832726419187111 0.8878790706033739 0.10982185951718293 0.8972262437222812