0 0.6142484791666902 0.17704626315792987 0.6145251392164255 0.16813106440316547 0.6437880109649541 0.1690391458333742 0.6435113580012057 0.177954337700339
0 0.6379815319662612 0.826518249310338 0.6377063421052753 0.838078291666723 0.5627134080828 0.8362930290722419 0.5629887050438356 0.8247330964912425
0 0.6469033516274294 0.8865022665668624 0.6429192006578432 0.8736654802631694 0.7014894090489179 0.8554910963832828 0.7054736177353789 0.8683277782091163
0 0.5611176119083439 0.8229520689071689 0.5612510855263508 0.8122775800438243 0.6326268536948874 0.8131696122985099 0.6324934761862551 0.823844006210215
0 0.5612510855263158 0.7998220635964912 0.6255430065789473 0.7998220635964912 0.6255430065789473 0.813167259868421 0.5612510855263158 0.813167259868421
0 0.5690703739035087 0.7882562280701755 0.627280625 0.7882562280701755 0.627280625 0.7989323848684211 0.5690703739035087 0.7989323848684211
0 0.24806505598030526 0.5734916952042023 0.25543944658579676 0.5648013951817437 0.3166703139015681 0.6167549257505557 0.30929599052240064 0.625445162490262
0 0.3214598401641524 0.5338075278883677 0.31563815458605404 0.5411320789792923 0.25742768471150157 0.49486899198737394 0.26324934868421224 0.48754448355262153
0 0.3291950936743433 0.5184588183688448 0.32145960087723324 0.5275800712719154 0.26507079517477905 0.47976177073823606 0.2728062554824646 0.4706405690789677
0 0.3205910455881167 0.5498217488009054 0.31401131845814234 0.5579437969602813 0.255800837888728 0.5107910385348775 0.2623805383772151 0.5026690394737143
0 0.2771503037280702 0.4430604978070175 0.35099913157894735 0.4430604978070175 0.35099913157894735 0.455516014254386 0.2771503037280702 0.455516014254386
0 0.3292788844474899 0.4555157860813136 0.32945267469654027 0.46620328406858713 0.2747176234900053 0.467093150965857 0.27454387500006305 0.4564056940789755
0 0.286707211622807 0.4306049824561404 0.3631624671052631 0.4306049824561404 0.3631624671052631 0.44128113925438595 0.286707211622807 0.44128113925438595
0 0.35621204645656235 0.429715302631579 0.27888792324563383 0.429715302631579 0.27888798131584736 0.4181494660087719 0.3562119890350459 0.4181494660087719
0 0.3553431754837675 0.4074729491184273 0.35546113344480545 0.41725805046296005 0.2814943530702294 0.41814946600875363 0.2813764411497459 0.4083644101337532
0 0.286707211622807 0.3834519572368421 0.3579496085526316 0.3834519572368421 0.3579496085526316 0.39501779385964914 0.286707211622807 0.39501779385964914
0 0.3588184266019425 0.359430283866656 0.3585389577182241 0.37103156909624313 0.2846900768602154 0.3692524833451256 0.2849695921053126 0.35765124561408557
0 0.3570808139243127 0.34697479331158354 0.3565510400306948 0.3577105918517393 0.28323197258771415 0.35409252631582716 0.2837617863262949 0.3433567698686544
0 0.43006079234828576 0.27402108541665926 0.4309614316580337 0.2838049012475061 0.35360558166382816 0.29092549845874494 0.35270497765020536 0.2811417153268109
0 0.4265855778509149 0.30960854057022874 0.42601621497806264 0.29807053816017287 0.49869678508775905 0.294483985745652 0.4992661845473094 0.30602194950095685
0 0.4300608168858844 0.32028469736842985 0.4298091944602902 0.30959371707600214 0.50539560911443 0.3078146561839631 0.5056472692789384 0.3185055977487998
0 0.5021720140547359 0.32117410522269285 0.5025655103835334 0.3318035761314946 0.42919200657888723 0.3345195734649078 0.4287985505660572 0.32389014149267564
0 0.5073848751512742 0.3345192429205616 0.5076075286353898 0.3443006929064805 0.42919200657888723 0.3460854089912396 0.42896939372587894 0.3363039987450116
0 0.5091224986564384 0.34519544956157017 0.5092576515603469 0.35588092459755943 0.43888402668494564 0.35677084383975294 0.43874891447364917 0.3460854089912507
0 0.4326672456140351 0.3585409254385965 0.5039096436403508 0.3585409254385965 0.5039096436403508 0.3683274024122807 0.4326672456140351 0.3683274024122807
0 0.4326672456140841 0.3825622774122639 0.4325228945136814 0.3709979228219645 0.503909643640327 0.3701067620614275 0.5040540414893258 0.38167106924460564
0 0.38922675986839295 0.5053380895301196 0.3892268383154942 0.4528469697080375 0.40225893422336867 0.4528470079528711 0.4022589057017285 0.5053380778508428
0 0.6394620030873739 0.8717176094733847 0.6411815811403585 0.8807829177631038 0.5933789373217451 0.8898481668949771 0.5916594265351023 0.8807829177632088
0 0.49027928784971664 0.8576581499909938 0.4900086885965038 0.8674377225876945 0.42544608777939175 0.8656513756707451 0.42571676754391774 0.8558718859649208
0 0.508253692982521 0.21975088925443123 0.5090002179878184 0.20823326244033366 0.577636149037744 0.21268183465913476 0.5768896516583482 0.22419943535006656
0 0.4943527465354691 0.830959972781478 0.4942352303894495 0.8416452763564493 0.41343580717295936 0.8407563680154763 0.4135534320175793 0.8300711743420616
0 0.22502172621170757 0.26512430767674294 0.22477009788008218 0.2758152388930531 0.1491836134108553 0.27403609430798803 0.1494352741227658 0.2633451962719849
0 0.1612137097562254 0.2837926684282257 0.16159860964910422 0.2740213519736457 0.22975063169121768 0.27670576658728085 0.2293657613082587 0.28647705457295913
0 0.14422241557019788 0.5035587192982482 0.1448589966256577 0.49286873508574014 0.21957654552284112 0.49731759491653366 0.2189400287660419 0.5080075181331195
0 0.22067769571810913 0.6085404436645855 0.22013026100842126 0.6192331193038365 0.1503040833333671 0.615658362938598 0.15085158389422304 0.6049657569695225
0 0.2189400664568666 0.6316720100927838 0.21868848469034674 0.6423627691722097 0.14248479605282682 0.640569394736786 0.14273645484263398 0.6298787145804852
0 0.21285838985738792 0.6450173478912031 0.2127366798007415 0.6539366444236818 0.14757588788847897 0.6530473531342517 0.14769765460528106 0.6441281140350458
0 0.14422241557019788 0.6752669035087857 0.14456486438143656 0.6654620469386558 0.22102002078736405 0.6681317298006969 0.22067765126678296 0.6779365096122011
0 0.21285843766304424 0.7072947273478858 0.21188906773829785 0.7189246793761793 0.1364031271929207 0.712633451754441 0.1373725834355355 0.7010035949392246
0 0.2140762961813607 0.7179833460825886 0.21372719407895602 0.7277580065789802 0.1386603772601802 0.7250770710395197 0.13900955701751627 0.715302491228043
0 0.2172024490006379 0.7295366988859678 0.21692676243662845 0.7411173235801549 0.14220901506178052 0.7393385344954225 0.14248479605271314 0.7277580065789545
0 0.21459603617756784 0.74199218406593 0.21401096532270003 0.7544202612437686 0.1384243846391655 0.7508621336664395 0.13900955701751627 0.7384341633771778
0 0.21402676225852701 0.7651317217670465 0.21372719407895602 0.7766903914473573 0.1447915656318628 0.7749037724745667 0.14509122478068548 0.7633451962719294
0 0.3501303675515146 0.8371878254420233 0.34944902348479445 0.8487654821437143 0.2738624258602158 0.8443177582560311 0.27454387499994937 0.8327402138158275
0 0.3466551087417429 0.8007109840267475 0.3463128666974171 0.8105165990382476 0.26985749618859245 0.8078482281546321 0.2701998267543786 0.79804270504388
0 0.3457863079428307 0.7757999528703032 0.3452533233203212 0.7873820028251616 0.26792912137455005 0.783823936925977 0.26846220723689385 0.7722419934210615
0 0.3496740839469794 0.7509037258044909 0.3492615120613891 0.7624555164473658 0.2741312069679225 0.7597723311175681 0.27454387499994937 0.7482206403508397
0 0.3480136592703502 0.7242180204079267 0.34752389254390437 0.7366548037280802 0.279266876423776 0.733966937915449 0.279756733552631 0.7215302489035381
0 0.41094700219298375 0.7295373662280207 0.4113163099252688 0.7188439631767293 0.488640260871648 0.7215137169478829 0.4882710475734484 0.7322070285510208
0 0.4307776764130722 0.7428804003999547 0.43092962609648566 0.7322064057017103 0.49363579412056424 0.733098730300317 0.4934839207381856 0.7437726497371443
0 0.4995656179286243 0.7455510213302365 0.49911526255039007 0.7571337077615737 0.4304791835793367 0.7544651580798295 0.43092962609648566 0.7428825625000235
0 0.4378799741880357 0.768683274121932 0.437880104166652 0.7571174374999836 0.5021720676833183 0.7571179662571259 0.5021720241211369 0.7686837164377989
0 0.41876614538546164 0.7802491107444105 0.41876629057014725 0.7695729539473942 0.4952215948802632 0.7695736987097924 0.49522154604972 0.7802497591441205
0 0.49956560384759996 0.7838071183813695 0.4994490685629671 0.7936032572349729 0.4247313362253635 0.7927142001091034 0.42484795833343014 0.7829181491227966
0 0.43961772368425045 0.8042704627192856 0.44021554461016876 0.7944667586145364 0.5134665504385794 0.7989323848684599 0.5128688222253004 0.8087360011363267
0 0.4205039100877193 0.8185053377192982 0.49609035635964915 0.8185053377192982 0.49609035635964915 0.8291814945175439 0.4205039100877193 0.8291814945175439
0 0.4500434388875192 0.17526674382726432 0.4501705780935481 0.1859414087472017 0.37532580372806024 0.18683274013160056 0.3751986868030599 0.17615809721752934
0 0.7037358889175493 0.22686812239644744 0.7033845561653607 0.23670432109667447 0.6286668869237246 0.2340354612870689 0.6290182445176242 0.2241992883772238
0 0.5317115476116214 0.09252669078941636 0.5317115548245965 0.08362989364037549 0.5708079959598535 0.0836299177649489 0.5708079934209991 0.09252671021654349
3 0.6611642119657972 0.722419933796929 0.6484402765794357 0.713102286775186 0.6536531449879703 0.7059848531479749 0.6663770635964283 0.7153024912281032
3 0.6768028043100003 0.6975088571143434 0.6723860368717851 0.7049578022185619 0.6558786289256204 0.6951713499039585 0.6602953958333728 0.6877224199561011
3 0.6802780424133061 0.6877223890067257 0.6739381907766528 0.6959760807128401 0.6600372186704817 0.6852999397320528 0.6663770635964283 0.6770462631579148
3 0.6672458728070296 0.6761565833333076 0.6721380897142808 0.6687743083805211 0.6869078268396152 0.6785608184211916 0.6820156251880007 0.6859430798784103
3 0.6898349206715011 0.677935939547303 0.7038056413558706 0.6861205621453558 0.6985927821413043 0.6950173539043919 0.6846220679824455 0.6868327401315987
3 0.6880973142655193 0.7126334570620734 0.674383759764055 0.7025910757086974 0.6795966288946147 0.6954736424026041 0.6933101655702103 0.7055160142543899
3 0.6811468469957163 0.7224199058194003 0.6751582413414781 0.7300212901285237 0.6638637028697758 0.7211245038686541 0.6698523026315115 0.7135231315789797
3 0.6594265855263757 0.7313167258771535 0.6649787924825432 0.722100940352893 0.6802780186401378 0.731316725877227 0.6747258327425243 0.7405324930608956
3 0.7245873530830522 0.7571173828808807 0.718510431986374 0.7660174475555577 0.7002606425438671 0.7535587192982286 0.7063375581794844 0.744658677230289
3 0.7185518386794456 0.7321212511659727 0.7367506513157878 0.7419928826754427 0.7318139712365337 0.7510923480483438 0.7136151666711612 0.7412207280773416
3 0.7402259138928002 0.7206405335549694 0.7348034885278594 0.7288228154582655 0.720033702740011 0.7190363581128721 0.7254561250000506 0.7108540921052465
3 0.7619461294407301 0.6503558693610534 0.7781310104463728 0.6591353858705011 0.7737869609221661 0.6671424975225624 0.7576020855262868 0.6583629890350757
3 0.7774247240578234 0.623574464115712 0.7825236524178081 0.6146127999205698 0.7984361425441193 0.6236654802631517 0.7933372322170271 0.6326271288686466
3 0.7211120767543662 0.6156583629386291 0.7267069888032438 0.6070086009584217 0.743214341176099 0.6176847959310903 0.7376194472640236 0.626334541935542
3 0.7253283528232259 0.6532342799845555 0.7079200596199371 0.642610669521284 0.7124239791667151 0.6352313168859712 0.7298322496917535 0.6458549183359062
3 0.719374478954137 0.6592526285697663 0.7140937554194124 0.669049402074188 0.6975863472518995 0.6601526267638589 0.7028670723684627 0.6503558717105167
3 0.7150304339743343 0.6717081449880563 0.7092860121638296 0.6805889518155953 0.6927786040462252 0.6699128174993266 0.6985230230262687 0.661032028508783
3 0.8036490193949248 0.6040924941541966 0.7989325764770001 0.6123820641199291 0.7832939822619664 0.6034852854183356 0.7880104254386424 0.5951957291666176
3 0.7384363554377842 0.6130744010219877 0.7233228555692222 0.6038510725041978 0.7280625548245325 0.5960854089912452 0.7431760352429819 0.6053087297784999
3 0.7480451731461244 0.5729537339222216 0.7602493279607643 0.5808981629917982 0.7550364696571705 0.5889052765222248 0.7428323201754665 0.5809608541666669
3 0.9139878366228231 0.23398576535086305 0.9302869165796892 0.2296449132600109 0.932893343857927 0.23943139204298472 0.9165942645106497 0.24377224254833496
3 0.8556983111370755 0.9046825042441088 0.8705473497807361 0.8950177938596328 0.8761670130228367 0.9036498161635305 0.8613179852719668 0.9133145128377718
3 0.941789747806979 0.9261565648015977 0.9417897767930299 0.94395017877148 0.9339704696956233 0.9439501774860745 0.933970460526325 0.9261565833333677
3 0.9582971326753977 0.8976868334160685 0.9582971674270766 0.8781138597542438 0.9669852420159941 0.8781138815710118 0.9669852302631625 0.897686832236876
3 0.5134665658059703 0.6485765120614035 0.493483910484656 0.6485765120614035 0.49348392653507744 0.6405693947368422 0.5134665504385794 0.6405693947368422
3 0.7341442225877193 0.08807829166666667 0.743701129385965 0.08807829166666667 0.743701129385965 0.10676156578947368 0.7341442225877193 0.10676156578947368
3 0.67176336234877 0.7056343616000302 0.666377063596542 0.7135231315789432 0.6505650516598962 0.7027286112336637 0.6559513464911788 0.6948398574561692
3 0.6629127998463673 0.722970432666635 0.6576889660087772 0.7313167258771508 0.6411706078262114 0.720979727085311 0.6463944396930401 0.7126334517543499
0 0.7131281005204073 0.21268932079335448 0.7124239791667151 0.2215302489035581 0.6335269609454599 0.2152465993855723 0.6342311030701921 0.20640569407897175
3 0.6211989748688893 0.6886120739565046 0.6166413622189566 0.6952871917025236 0.6036092014193173 0.6863904093522676 0.608166811403521 0.6797153026315649
0 0.7357250372092494 0.19756080370055226 0.735013031798303 0.20729537390352967 0.6613209887441371 0.20190536632985473 0.662033014254348 0.19217081798244048
0 0.6411815811403585 0.0747330964911757 0.6411815895188511 0.06405693918743192 0.6880973100907113 0.064056967121253 0.6880973070175287 0.07473311910808156
0 0.7585260130051665 0.28199882861513687 0.7628149429824589 0.2900355877193223 0.7010743033066547 0.3229833527117559 0.6967854035087839 0.314946619517527
0 0.6272805018237477 0.36387875604713626 0.6323959687146044 0.37414663944409254 0.5681041213092612 0.40617531386112044 0.5629887050438356 0.39590747368418394
0 0.6672457537164291 0.32562256699067194 0.6725144300040711 0.33488329475461914 0.6099602078261341 0.37047065738770973 0.6046915723684378 0.36120996491230095
0 0.783666377192958 0.4323843421052484 0.7861722354690528 0.423709065252764 0.8539392622859623 0.4432823512964586 0.8514334517273028 0.45195758734984476
0 0.8251256173127786 0.209118689714692 0.824379723615607 0.21968084056035267 0.7481680702684343 0.21429877946050374 0.748913987938522 0.20373665460531906
0 0.8366391203317107 0.2302200969733546 0.8392701995613834 0.21886120942982198 0.9131435996026767 0.23597228450772517 0.9105125556955045 0.24733114138516285
0 0.37685731638805464 0.6424106878572355 0.3831450910088279 0.6672597861841937 0.30602690000898747 0.6867706067882186 0.2997393574562466 0.6619217083333668
3 0.48305817171535637 0.942170754455683 0.48305821052633746 0.9519572949561041 0.46394440765948275 0.9519573314976213 0.46394439583332314 0.9421708179824434
3 0.5386620285793242 0.145017787831993 0.5386620328947629 0.15391459100875546 0.5230234583333413 0.15391459422667042 0.5230234571854453 0.14501779421727645
3 0.6502851134238199 0.15268642432706359 0.6524761074560956 0.14412811403514164 0.6711744804570117 0.14891500854484715 0.6689834908318062 0.15747331504157966
3 0.6672458745503036 0.15747330112438507 0.6658181976357582 0.16409565720543015 0.6493108090858186 0.160536944375586 0.6507384879386109 0.15391459100881502
3 0.651607298245614 0.16814946600877195 0.6663770635964912 0.16814946600877195 0.6663770635964912 0.17615658333333334 0.651607298245614 0.17615658333333334
3 0.7454387493104377 0.07562277293832761 0.7442890384197653 0.08516607429218397 0.7295192711897016 0.083386716303731 0.7306689835526186 0.073843416666615
3 0.7463075585183105 0.06583629519665281 0.745456252297231 0.0745653383878722 0.7272112471061973 0.07278598119742466 0.7280625548245325 0.06405693969297378
3 0.7454387492800834 0.05338077848233923 0.7446159391170113 0.06302290275273739 0.7237645040369216 0.06124354575104936 0.7245873157894493 0.05160142324556898
3 0.7454387490020054 0.040035586180753605 0.7449248298155453 0.048065417614504016 0.7306689835526186 0.0471530252193311 0.7311829034463244 0.0391231945431527
3 0.556058828869709 0.16596928117654072 0.5638575153508327 0.16637010635964755 0.5629681042300945 0.18367484583150617 0.5551694177631816 0.18327402083333308
0 0.704604632657265 0.3487543159230317 0.709449053351932 0.3595951547307251 0.6616645403913708 0.38094756937175106 0.656820156798176 0.3701067620614221
0 0.7115551011909247 0.36120983780925947 0.7172036744443631 0.37165043746956017 0.6711567898813655 0.39656156485714394 0.6655082532894312 0.3861209967105252
0 0.716767952339751 0.3807827837875622 0.7223946364285894 0.3908242487663799 0.6763477586520139 0.41662506219211987 0.6707211118421128 0.4065836293860114
0 0.6802780186402515 0.419039145833359 0.7295610411142661 0.3927894917894485 0.7347738854571162 0.4025759878430019 0.6854908755791485 0.42882562366660776
0 0.689054750031687 0.30801064851473164 0.641348820808048 0.3313034005298468 0.6368375328947877 0.3220640570175233 0.6845434224795781 0.2987713164906389
3 0.60816681140318 0.6797153026315964 0.6140921656143519 0.670715603745843 0.6262554786528653 0.6787227471437223 0.6203301397895302 0.6877224324666075
0 0.23305872467483368 0.2517839454924748 0.2328410076753471 0.26156583662278865 0.15269276521394204 0.25978186057982083 0.15291051206145312 0.25000000000001993