3 0.32368278533931516 0.4626513838929885 0.32005653540306866 0.463781741175338 0.3181263870613975 0.457590110745626 0.32175263392684883 0.4564597539775068
3 0.04772745833327008 0.38385648793860816 0.048683927276783834 0.3808267436771172 0.055428356369816356 0.38295581686343705 0.05447188889604604 0.3859855598732712
3 0.42653508781677374 0.24342105263157895 0.42294103070173605 0.24342105263157895 0.422941030896709 0.24232223903508773 0.4265350877193441 0.24232223903508773
3 0.42837522478066603 0.23903508771927653 0.42837522569357134 0.23621350531864357 0.4342105266324552 0.23621350691529544 0.43421052631572365 0.2390350887195776
3 0.4261056786345989 0.27673486329742053 0.42860540359924926 0.2758741600565572 0.43010448973882376 0.28022782680489955 0.4276047648555732 0.28108852987773764
3 0.43407329918659343 0.283226042741745 0.43088851319589594 0.28289131689795155 0.4314195175936675 0.27783914541737204 0.4346043022105732 0.27817387118828807
3 0.42702787827408883 0.2821113752139717 0.42763157894739834 0.28210083771929867 0.4276836998615181 0.2850868095364898 0.4270799991883223 0.2850973470298033
3 0.41808590789469235 0.33881578951052166 0.41808590858045136 0.3341289677893467 0.41995614058737374 0.3341289682017783 0.4199561403509051 0.3388157894736577
3 0.41725215150245276 0.34886377835099663 0.41968142684686427 0.3500362366860007 0.4173618036386415 0.35484219922769833 0.41493252850875706 0.3536697412280736
3 0.4081838070175438 0.3603059879385965 0.4100877192982456 0.3603059879385965 0.4100877192982456 0.36622807017543857 0.4081838070175438 0.36622807017543857
3 0.41666666665310004 0.36546217290059835 0.41682630098159734 0.3695112505841277 0.41512587186707606 0.3695782867276857 0.41496623793864273 0.36552920942985695
3 0.4057388976399352 0.3908911611046467 0.40954407667129544 0.3916747132737796 0.4080884108094551 0.3987435558334046 0.40428323188041304 0.39796000400437914
3 0.367122415570293 0.3788884956140307 0.36946340757742746 0.3759614226950918 0.3740515164141698 0.3796307054332219 0.3717105254818307 0.3825577773585701
3 0.36732456184324747 0.3892543859649123 0.3622509188596723 0.3892543859649123 0.36225091973938106 0.3870568475877192 0.3673245614035068 0.3870568475877192
3 0.3563596495804404 0.4046052631578947 0.34916232565785776 0.4046052631578947 0.3491623266846773 0.4023123793859649 0.35635964857920044 0.4023123793859649
3 0.4030140087719474 0.4375000001340054 0.4030140097477215 0.4317343441088088 0.4046052635263777 0.43173434458204196 0.40460526315791867 0.43749999999996586
3 0.40483090922612064 0.5185563557439788 0.40854803399122375 0.5170533146929789 0.41068628030973287 0.5223409117384531 0.40696915592195637 0.5238439521100188
3 0.4035087726108486 0.5493290888157895 0.4018224330461635 0.5493290888157895 0.4018224341906489 0.5427631578947368 0.40350877191588097 0.5427631578947368
3 0.4011418991227629 0.5844298245730248 0.4011419007620134 0.5794538955612715 0.40350877252501505 0.5794538965933951 0.40350877192986445 0.5844298245614338
3 0.6368020601440776 0.57712438337829 0.6396967639259401 0.5787189137111332 0.6363070583440731 0.5848719383329616 0.6334123552632036 0.5832774089912264
3 0.4989035088850642 0.7257707971491228 0.4984718539436699 0.7257707971491228 0.4984718541700204 0.7222022489035087 0.4989035087719458 0.7222022489035087
3 0.5056768596491565 0.7401315789474067 0.505676861862753 0.7360706223514012 0.5087719306251302 0.7360706241384115 0.5087719298245474 0.7401315793217157
3 0.4953280997807018 0.7354423377192983 0.4967105263157895 0.7354423377192983 0.4967105263157895 0.7401315789473685 0.4953280997807018 0.7401315789473685
3 0.49051904512532474 0.7353222978267003 0.4939467483415001 0.7345323749719832 0.49566315316462806 0.7419791169449925 0.49223545017594006 0.7427690391206558
3 0.48684210612566403 0.7401315789473685 0.4844785274121932 0.7401315789473685 0.4844785292044662 0.7351135701754388 0.4868421052526628 0.7351135701754388
3 0.48114059510112384 0.7412280708457153 0.4811405969064708 0.735092047291119 0.48355263172038576 0.7350920482832611 0.48355263157895934 0.7412280701754097
3 0.47733030690324085 0.7423245621978299 0.4773303094802941 0.7348320059983113 0.48026315799950225 0.7348320076754663 0.480263157894683 0.7423245614034528
3 0.4166666658226177 0.25219298236123616 0.41666666685569 0.2489700164026916 0.42324561425880347 0.24897001840320518 0.4232456140350678 0.252192983549592
3 0.6009867697368918 0.016447368421040803 0.6009867697808886 0.014606933111091815 0.6074561403667076 0.014606933232248586 0.6074561403509051 0.01644736851382674
3 0.4185443869663459 0.0393285267037876 0.4217046807726774 0.03836232849606456 0.4236776895828598 0.04481575001488624 0.42051739579460445 0.04578194818075598
3 0.40626505515069766 0.04293617176788166 0.4086972214912521 0.04176665460524294 0.4112827987505625 0.04714370290301858 0.4088506324409309 0.04831322001778092
3 0.19125185520340438 0.20827042228018255 0.19029350193170558 0.21067345285088368 0.18576414364042648 0.20886712171055752 0.1867224970545749 0.20646409151164502
3 0.3995622139573243 0.021929824393413098 0.39683947127036845 0.025161217364561266 0.39114909945908494 0.020366561759892078 0.3938718421052272 0.017135168859684677
3 0.3893797598684614 0.023383559210478782 0.3913039097501496 0.02034862848231904 0.39770295648656884 0.024405631431399063 0.39577880669969545 0.027440562076093848
3 0.39315978660863493 0.026634470306558418 0.3914014473713223 0.028854951985625876 0.3877882061403852 0.025993724780666038 0.3895465453574616 0.02377324314225336
3 0.38806279495611307 0.03070175438600278 0.38806279507639374 0.028153036152351027 0.39473684214897276 0.02815303640777503 0.3947368421052033 0.030701754564791125
3 0.3865167686400355 0.032666255482429116 0.3877395872680154 0.030218668497799594 0.3926534464441147 0.032673640125880886 0.3914306278949198 0.03512122704346422
3 0.3695175438709839 0.03728070175438596 0.3650433037280436 0.03728070175438596 0.3650433037745415 0.03554302631578947 0.36951754383073876 0.03554302631578947
3 0.36958480530790894 0.04096167947086478 0.36914227386171206 0.04333853801370832 0.3630121866241325 0.04219721839718213 0.3634547181417247 0.039820359948882514
3 0.3744385241227519 0.04495614035830589 0.3744385243312536 0.03796981573055669 0.3771929825429652 0.03796981584415191 0.37719298245610844 0.04495614035091027
0 0.39809478837651113 0.04385964914227346 0.3980947886227568 0.03508771926231802 0.4013157895499262 0.03508771941393808 0.4013157894736423 0.04385964912277433
3 0.4052191305627275 0.03431552462768662 0.40799588344043514 0.03335941313033887 0.40998354380531055 0.03913200293689204 0.4072067909435191 0.04008811440159666
3 0.40460526315803236 0.05701754385964912 0.4045494221491026 0.05701754385964912 0.40454942214944367 0.0566193157894737 0.404605263157805 0.0566193157894737
3 0.4221926825189257 0.062381300407211536 0.42509378738225223 0.06326825574014454 0.42326073639969763 0.06926389722346106 0.42035963156047274 0.06837694194625939
3 0.4029390467756002 0.054560659327982694 0.4051702666905612 0.05491404894310911 0.40426013438445807 0.06066040714093412 0.4020289144737035 0.060307017543865686
3 0.40226096159028657 0.05489526725215198 0.4011653910486075 0.06181247486442431 0.3985832609648696 0.06140350877193395 0.39967883163558326 0.054486301320721464
3 0.3947368422549289 0.06359649122807018 0.39171344058547675 0.06359649122807018 0.3917134408338825 0.056510039473684215 0.394736842105317 0.056510039473684215
3 0.4097850559210201 0.07894736843550874 0.40978505604664406 0.07423288045738628 0.41118421057490195 0.07423288051973402 0.4111842105263577 0.07894736842103449
3 0.40955097902747184 0.08771929827859788 0.40955097917697003 0.08215434640679667 0.41118421055819 0.08215434649128361 0.4111842105263577 0.08771929824565323
3 0.4123140970489203 0.08853324347581541 0.41488139653654343 0.08934144135916212 0.4128038579544864 0.09594087715506364 0.4102365585016514 0.09513267935027307
3 0.41448054531986145 0.11622673651583883 0.41188536290144384 0.11673118699980965 0.41091921605209336 0.11176079254479816 0.4135143980263365 0.11125634210526342
3 0.41159762591553317 0.12171052632649972 0.4115976260965226 0.1178069473684012 0.41337719303658105 0.11780694748450683 0.4133771929824661 0.12171052631574276
3 0.40350877192982454 0.11152671162280701 0.4067982456140351 0.11152671162280701 0.4067982456140351 0.11842105263157894 0.40350877192982454 0.11842105263157894
3 0.42392291223916345 0.09086853137228627 0.4271112117252187 0.0920589535661962 0.4244860330497886 0.09908993218380413 0.4212977336305812 0.09789951011909676
3 0.4217447476403322 0.07002997715000736 0.42556619150309416 0.07084224884504871 0.4242033428005243 0.07725394751810424 0.4203818989561796 0.07644167588265927
3 0.4725877194497343 0.738720197368421 0.4719587091435642 0.738720197368421 0.4719587094465396 0.7355003771929824 0.47258771929818977 0.7355003771929824
3 0.4660087722068056 0.7423245614035089 0.4652440668859299 0.7423245614035089 0.46524406744015323 0.7375075767543859 0.46600877192975076 0.7375075767543859
3 0.46238889912285686 0.7423245614035419 0.46238890304789493 0.7363341304505286 0.46600877341290925 0.7363341331828848 0.46600877192986445 0.7423245616947113
3 0.799624898026309 0.9057017543860185 0.7996249006848757 0.9016671889394295 0.8026315799361328 0.9016671910357262 0.8026315789473983 0.9057017548130668
3 0.7671554768371607 0.9517010473475045 0.771052647592569 0.951979927053431 0.7708188929467497 0.9552455991548479 0.7669217222054385 0.9549667195815265
3 0.7681817620614311 0.9506578947368771 0.7681817630955265 0.9494022651746608 0.7719298249145368 0.9494022676491953 0.7719298245614254 0.9506578965303736
3 0.7750465636352146 0.9455137568298908 0.7757428133014628 0.9488378664327096 0.7672505146323374 0.9506161229806533 0.7665542697368437 0.947292017543873
3 0.7672253885158398 0.9448773290673466 0.7680345841881717 0.9418582040697798 0.7748185800491001 0.9436759780046964 0.774009387928686 0.9466950999523809
3 0.791666668644325 0.9857456140350875 0.7845342161095914 0.9857456140350875 0.7845342182017703 0.9838435087719298 0.7916666666666288 0.9838435087719298
3 0.6400550635964919 0.9799674287280754 0.643375660672632 0.9795288768700692 0.6441874026817231 0.985673364865384 0.6408668056852775 0.9861119163165184
3 0.6271929850304332 0.9868421052631579 0.6246756176376493 0.9868421052631579 0.6246756207792714 0.9792613059210526 0.6271929824561084 0.9792613059210526
3 0.8103070181682597 0.9790322390350876 0.8090518902821486 0.9790322390350876 0.8090518915309985 0.9740117324561404 0.8103070175438916 0.9740117324561404
3 0.783991229376511 0.9199561403508771 0.7808925981406674 0.9199561403508771 0.7808925999808025 0.9163262083333332 0.7839912280702492 0.9163262083333332
3 0.8059210553471985 0.9210526315789472 0.8023687209243917 0.9210526315789472 0.8023687243210134 0.9149018574561404 0.805921052631561 0.9149018574561404
3 0.7982456140350678 0.9155701745755208 0.7982456165563008 0.9232456145481632 0.7959077839998372 0.9232456135010195 0.7959077839909696 0.9155701760392854
3 0.8081140362583028 0.9057017543859648 0.8055928991227574 0.9057017543859648 0.805592900660713 0.9017997817982456 0.8081140350876694 0.9017997817982456
3 0.7505852988322204 0.949226462770005 0.7554824561402711 0.9490554956140361 0.7555765896278217 0.9517510996239322 0.7506794323231816 0.95192206671314
3 0.775219301447919 0.881578947368421 0.7712146209336197 0.881578947368421 0.7712146255867083 0.8742465997807016 0.7752192982457018 0.8742465997807016
0 0.7649594105857886 0.8618653175333348 0.7687714893233988 0.8629581626928928 0.7662628380656997 0.8717068789343382 0.7624507598684431 0.870614035087712
3 0.7160087731326712 0.5383771929824562 0.7103304269253385 0.5383771929824562 0.7103304282967429 0.5356073925438597 0.7160087719297508 0.5356073925438597
3 0.7049994952270708 0.5305138258066437 0.7032196254333485 0.52834867035923 0.7083333333332575 0.5241452949561111 0.7101132024666867 0.5263104492500859
3 0.7140865683188622 0.5188977462733085 0.7168577099528193 0.5213502151904442 0.7124723349534179 0.526305010416522 0.7097011945411396 0.5238525427904055
3 0.743421052631561 0.34210526275506065 0.7434210537596755 0.34868421083955786 0.7402125340081511 0.34868421047720266 0.7402125339899612 0.3421052635013934
3 0.7473844024123082 0.34539473684210875 0.7473844033299883 0.34101153442543664 0.7500000003184368 0.34101153508775817 0.75 0.34539473690519096
3 0.7530165981141863 0.3415219351435715 0.7557539047687669 0.3423068165925154 0.754014569705646 0.3483726004869123 0.751277263157931 0.3475877192982435
3 0.8019630537280591 0.3651315790757579 0.8019630546775716 0.3588291205377238 0.8037280705115109 0.3588291210227336 0.8037280701754526 0.3651315789474067
3 0.808114035704989 0.36403508771929827 0.8044638464912168 0.36403508771929827 0.8044638477141461 0.35905802412280696 0.8081140349256657 0.35905802412280696
3 0.8079444988995874 0.36584492326427037 0.8092480719666355 0.35971234684964504 0.8115863834545962 0.3602093712500918 0.8102828113175065 0.36634194685283283
3 0.752264395585712 0.9395379048272694 0.7570379388171204 0.9403793801758 0.7564935790589971 0.9434666048026634 0.7517200359255867 0.9426251298324065
3 0.7504603355419022 0.9562148032181491 0.7565789473683253 0.9544608081140467 0.7575821725789638 0.9579594702930959 0.7514635611345284 0.9597134644665352
3 0.45608430251650134 0.7401315789474125 0.4560843043090017 0.7353638547238533 0.45833333392067743 0.7353638560033223 0.45833333333337123 0.7401315790212841
3 0.46847115822652086 0.7212363776707663 0.4716632799118088 0.7203811881016867 0.47334557563124235 0.7266596062494333 0.4701534541821957 0.7275147952056734
3 0.4527280811403509 0.7352985986842104 0.4550438596491228 0.7352985986842104 0.4550438596491228 0.7412280701754386 0.4527280811403509 0.7412280701754386
3 0.45398348381741016 0.734410267100498 0.453904212114594 0.7380206087779919 0.4501684989035084 0.7379385964912458 0.45024777208470823 0.7343282563268314
3 0.4481645076754148 0.7390350877806489 0.4481645085626269 0.7353240027687704 0.4495614038138456 0.73532400328946 0.4495614035088238 0.7390350877192711
3 0.44407894738867526 0.7368567456140351 0.4439118102674229 0.7368567456140351 0.4439118103077817 0.7352395932017541 0.444078947368439 0.7352395932017541
3 0.49780701954102824 0.7269736842105262 0.4946683706878048 0.7269736842105262 0.49466837302952626 0.7207057752192984 0.49780701754389156 0.7207057752192984
3 0.4912872905701988 0.7280701756644757 0.49128729170752194 0.7220328756308778 0.49232456184927287 0.722032876096384 0.4923245614035068 0.728070175438632
3 0.4872718266379934 0.7280701754598258 0.48727182894731413 0.7228778388158028 0.49013157961599063 0.7228778404351386 0.49013157894739834 0.7280701754385615
3 0.4857456140350678 0.713815789291629 0.48574561446537246 0.7192982456922066 0.48523305823755436 0.719298245567306 0.48523305811409045 0.7138157894736483
3 0.4923245633613078 0.7192982456140349 0.48856941995609304 0.7192982456140349 0.4885694224923327 0.7138157894736842 0.4923245614035068 0.7138157894736842
3 0.4826099084365296 0.7258771931535994 0.48260991008771725 0.7206780877192904 0.4846491232901826 0.7206780887160683 0.48464912280701355 0.7258771929824674
3 0.4752036048472519 0.7212446869275151 0.4784247940467594 0.7203200867266262 0.4802459865923083 0.7266638797297158 0.4770247976691735 0.7275884792579708
3 0.46820175554103116 0.7269736842105262 0.4655568695175134 0.7269736842105262 0.4655568719707617 0.7207363015350877 0.4682017543564143 0.7207363015350877
3 0.751908135964868 0.9616228070175068 0.7519081382883996 0.9587112058720252 0.7554824569417633 0.9587112085554295 0.7554824561403848 0.9616228081789955
3 0.4592103585526316 0.721567461622807 0.4616228070175439 0.721567461622807 0.4616228070175439 0.7269736842105263 0.4592103585526316 0.7269736842105263
3 0.45614035087719296 0.7206536096491228 0.4594298245614035 0.7206536096491228 0.4594298245614035 0.7269736842105263 0.45614035087719296 0.7269736842105263
3 0.46271930023624464 0.7192982456140349 0.45895851206137195 0.7192982456140349 0.4589585145715773 0.7138157894736842 0.4627192982455881 0.7138157894736842
3 0.4023861940789473 0.8374016085526317 0.40350877192982454 0.8374016085526317 0.40350877192982454 0.8432017543859649 0.4023861940789473 0.8432017543859649
3 0.40021930016973783 0.8651315789473685 0.39738910654511983 0.8651315789473685 0.3973891089249264 0.8593436008771931 0.4002192982457018 0.8593436008771931
3 0.46296703508767223 0.9890350877193456 0.46296703751295354 0.9873473934404899 0.46929824643075335 0.9873474005779909 0.4692982456139134 0.9890350932482489
3 0.5390981348683681 0.9824561405853389 0.5390981366796268 0.9773558987201499 0.5405701761292221 0.977355899606027 0.5405701754385746 0.9824561403509108
3 0.5707291015500005 0.8710070423655624 0.5789473684210407 0.8695930657894689 0.5795883129292179 0.8733174802570324 0.5713700462382576 0.874731456123143
3 0.7671039017150179 0.9620790632711661 0.7708333333333712 0.9618836666666639 0.7709865914125658 0.9648079961577822 0.7672571598006925 0.9650033926783059
3 0.7730263166179157 0.9605263157894737 0.7671197806998862 0.9605263157894737 0.7671197819354347 0.9588979945175438 0.7730263150407382 0.9588979945175438
3 0.7712434821233956 0.9568030567032788 0.7705942394327394 0.959225399062963 0.7651653065001938 0.9577707252431453 0.765814550438563 0.9553483848684198
3 0.319451230434197 0.5288771448369882 0.32241685911435525 0.5266523087891494 0.3257910728952993 0.5311496345629839 0.3228254450912118 0.5333744696008497
3 0.3546558750000486 0.976973684210551 0.3546558788409584 0.9711272492394182 0.35745614176266827 0.9711272516701209 0.3574561403509051 0.9769736842126736
3 0.3508771929824561 0.9744242927631579 0.3530701754385965 0.9744242927631579 0.3530701754385965 0.9791666666666666 0.3508771929824561 0.9791666666666666
2 0.335031860389563 0.41874142928782576 0.33316633734591505 0.42189795175556344 0.32266112806132696 0.41568963835159684 0.3245266510263036 0.41253311833566764
2 0.3896901326754687 0.3212719303153867 0.3896901373360606 0.3092105245882537 0.3947368438468857 0.3092105270067678 0.394736842105317 0.3212719298245512
2 0.39434309890259556 0.33294116163081644 0.39337041680096263 0.33803697149751305 0.38214596728494143 0.3358945305455761 0.3831186516285925 0.33079872364399726
2 0.3781780717702077 0.34685275557770623 0.3820046794431846 0.35325718171750237 0.3784843692163804 0.3553604664019067 0.37465776315787025 0.34895604166667676
2 0.21570445942984406 0.4397424956140174 0.22054612341230495 0.4356059202332945 0.2277800234502365 0.44407235431349495 0.22293836234928222 0.4482089265934081
2 0.23581239518557595 0.43590323841292145 0.24017784343106996 0.43739554776561396 0.23583933465647533 0.4500862202834992 0.23147388706138372 0.44859391228069123
2 0.26659057632332406 0.4371110893231665 0.27023989144743155 0.4347628070175204 0.27529541616274855 0.44261881395963126 0.27164610219790575 0.44496709479522445
2 0.2744136748613073 0.43613856978543225 0.27800871276008365 0.4347607023506069 0.2811432118847961 0.4429385452290979 0.27754817441507385 0.44431641185555587
2 0.28379273135965377 0.43067495833336894 0.2872945505273492 0.42754374512564164 0.2952164857788375 0.43640280506600004 0.29171466894968034 0.4395340158153784
2 0.30117840763375625 0.43373068985856966 0.29866573486242487 0.4373879954187066 0.2905296830925863 0.4317986134853893 0.29304235526308275 0.4281413103070568
2 0.3055007269737189 0.42129092982454375 0.3092544113837903 0.41903353756566486 0.3156580873862822 0.42968124955851816 0.3119044043452277 0.43193863999940996
2 0.3194459572368942 0.4265350877193169 0.31944596183632257 0.42211593808360187 0.3300438612209291 0.4221159471199086 0.3300438596490949 0.4265350937272319
2 0.3378419781413413 0.41455837316344546 0.33471581348271684 0.41715280813444183 0.3256289638158023 0.40620416776315743 0.3287551250193701 0.40360973510535064
2 0.38922503728065294 0.13605393750002653 0.3911689599866577 0.12478299255292387 0.39668076339410163 0.12573361991635867 0.39473684210236115 0.13700456361366398
2 0.3325716239035046 0.404079082236832 0.3343419841062314 0.39994751009871654 0.34561377610452837 0.40477718019553677 0.34384341958036657 0.40890874921304715
2 0.3460800244070015 0.3902224038243786 0.34804537834270377 0.3869864460756488 0.3550355262201492 0.391231705036053 0.3530701740909308 0.3944676612101443
2 0.34781815131577787 0.3809099462719166 0.35030558844835014 0.3775320907826491 0.3613865301296073 0.38569167891975303 0.3588990959910916 0.38906953169651715
0 0.6981171447362158 0.969466163824066 0.701777929165587 0.9688865205159539 0.7033925576421325 0.9790808978885508 0.6997317734204671 0.9796605403087516
3 0.09539473681934396 0.160877302499241 0.09599453865371288 0.16437070165505113 0.09429360539377285 0.1646627422082295 0.0936938037281152 0.16116934320180354
3 0.10178901606695945 0.1607160240499276 0.10205139870470248 0.16446824990468054 0.09886737310228 0.16469089780440943 0.09860499077990426 0.1609386722463021
3 0.12457676644737603 0.16447368421056727 0.1245767666091524 0.16171179712939732 0.12609649128569345 0.16171179724209175 0.12609649122805422 0.16447368421904743
3 0.15679824568189815 0.16447368421052636 0.1556111962719342 0.16447368421052636 0.1556111964076763 0.1610262423245614 0.1567982456140271 0.1610262423245614
3 0.21339825517270583 0.1399641969460675 0.21510271854356233 0.1457774972047331 0.21196007960088536 0.1466989148535411 0.21025561671706328 0.14088561501163618
3 0.22538296752099996 0.13254220363389219 0.22217100527279854 0.13325276313896378 0.2206436315789233 0.12634856578947112 0.22385559296662905 0.12563800638286207
2 0.3955998551319908 0.29115640507048923 0.3990107971683301 0.2929102660454197 0.39536552384936385 0.2999994743809597 0.3919545822368491 0.2982456140351096
2 0.39144736842105265 0.1387143717105263 0.3969298245614035 0.1387143717105263 0.3969298245614035 0.1524122807017544 0.39144736842105265 0.1524122807017544
3 0.31140350892326296 0.14144736842105265 0.30845230921056555 0.14144736842105265 0.3084523095133136 0.13784575986842104 0.3114035087719458 0.13784575986842104
2 0.31246558153748083 0.1674435560912161 0.3101601506244833 0.1710159926973707 0.3009227719297769 0.16505480592104899 0.30322820268008854 0.16148237031988746
0 0.9879344360927007 0.2554428735260048 0.9883234401702339 0.2591439122659555 0.9802232078332054 0.25999528207409367 0.9798342050438578 0.25629424451751426
0 0.7822660767543539 0.9791666666666234 0.7822660847253928 0.9754179703703333 0.7916666693914749 0.9754179863769614 0.7916666666666288 0.9791666774278156
4 0.478732615131662 0.04998736513157802 0.4932710482287348 0.049733594429055235 0.4934747322995463 0.06140257178472809 0.4789362992023598 0.061656342462063064
2 0.3069705509894902 0.16316064134579442 0.30789435635961127 0.15844485087722104 0.3204043481659937 0.16089548969198036 0.3194805444850317 0.16561127868133296
2 0.3176473936402999 0.14846899232456395 0.32054805680468235 0.14703229321619085 0.3234825560346053 0.15295694067155255 0.3205818930126725 0.15439363956192909
2 0.3226525063855661 0.14412941434659066 0.32958115859139525 0.14868310184325667 0.32754393369918944 0.15178281540499058 0.32061528179826837 0.14722912828945875
2 0.31139153401295516 0.17522953678931438 0.3113722913967649 0.1766329189408542 0.30399531961029425 0.1765317689355789 0.304014562500015 0.17512838706139602
2 0.39110660635969907 0.16995614036326415 0.3911066075263534 0.16217338127346798 0.3947368425573359 0.16217338197466716 0.394736842105317 0.16995614035089704
2 0.3179824576907322 0.18640350877192982 0.30422278728065066 0.18640350877192982 0.30422278885612286 0.18201754385964916 0.3179824558856126 0.18201754385964916
2 0.31907894618734645 0.1890001540386223 0.319956103077061 0.1926781333106 0.30735492020085076 0.19568333742214916 0.30647776492389767 0.19200535954558876
2 0.3266322982880183 0.19874251180158053 0.327637948355914 0.2034785817710303 0.3101774257818306 0.20718607008221349 0.3091717787054904 0.20245000271778932
2 0.32442951281814203 0.2076985756916349 0.3256512646491956 0.21234982085618112 0.3120243074844211 0.2159291882236015 0.31080255811332336 0.21127794517545864
2 0.32675438667570234 0.22368421052631576 0.3135964904934099 0.22368421052631576 0.3135964923080792 0.22023777960526314 0.32675438541889434 0.22023777960526314
2 0.319497846284321 0.22910640168452037 0.31961540899123975 0.22593627521925502 0.32795919924319605 0.22624569550019263 0.32784163748669926 0.2294158210453666
2 0.3177199969599087 0.23343523430694604 0.31720642887660233 0.22978105324853335 0.330031000785425 0.22797868128986787 0.3305445702505949 0.23163286069147362
2 0.3475877221868586 0.23135964912280702 0.3354381273987883 0.23135964912280702 0.33543813052085625 0.22423071710526313 0.34758771929830345 0.22423071710526313
2 0.39329558771930806 0.2258771930559488 0.3932955881809903 0.21989818415401713 0.39473684227436934 0.2198981843730735 0.394736842105317 0.2258771929824456
2 0.39577750427520186 0.21340791450675115 0.39187211584919623 0.21271929817881222 0.3936914287280615 0.20240147258771435 0.3975968146270361 0.20309008868790532
2 0.39223762441065446 0.17851735530200613 0.3974600353828919 0.1793444954020278 0.39524523541206236 0.19332819137252036 0.390022824517132 0.19250105160413777
3 0.3076110840547699 0.13422461817393944 0.31074556974976986 0.13628983443284184 0.30737702086162244 0.14140242585733 0.3042425353789895 0.13933720986374168
3 0.31685263210613357 0.14071062513570032 0.3184809629259462 0.14345842124228914 0.31220351562126325 0.14717838228990046 0.3105751853069023 0.1444305866227657
3 0.3468137837909353 0.9769736846920481 0.3468137856539215 0.9707902283934505 0.34868421067335476 0.9707902296278595 0.3486842105263577 0.9769736842105237
3 0.24091995504386432 0.4616228070175736 0.24091995567903268 0.46024516544660105 0.24496647392788873 0.46024516685866984 0.24496647368425783 0.461622808038361
3 0.1838282288474602 0.3190027660624121 0.1866234083756808 0.3223732492488248 0.18416251229712088 0.3244140330972248 0.18136733333335542 0.32104355043861854
3 0.17703082638388423 0.32283947481117947 0.17869179714909933 0.3205634703946927 0.18276560845333734 0.32353634113073954 0.1811046383138546 0.3258123449821345
3 0.17610440241230663 0.3269185646929706 0.1777087600867162 0.32443727670123534 0.18330367709620532 0.3280547347283975 0.1816993203567563 0.3305360218950289
3 0.18473435925761805 0.33231545376871124 0.18349035969936267 0.33449967826408744 0.17825552563510882 0.331518339020724 0.17949952520416446 0.3293341151916441
3 0.17748260873690924 0.33549459757340233 0.1782394131307683 0.3331179083415175 0.1816778564282231 0.33421276760801505 0.18092105254811486 0.3365894564026342
3 0.18570431662237752 0.3397339371460172 0.18511148266190958 0.3416361950930163 0.17913733614420835 0.33977443163560556 0.17973017044346307 0.3378721743049702
3 0.285308697331061 0.4506578947205165 0.28530869846497353 0.4469132828947296 0.28837719333091627 0.446913283882465 0.2883771929824661 0.4506578949229561
3 0.2763157894783035 0.44909662719298243 0.2762098267454576 0.44909662719298243 0.2762098267547799 0.44813611293859634 0.2763157894736423 0.44813611293859634
3 0.2763157901905515 0.4517543859649123 0.27334596622233676 0.4517543859649123 0.27334596711386894 0.4478015855263157 0.276315789473756 0.4478015855263157
3 0.26742360745606675 0.45257997478072765 0.2696478166266161 0.4513698882579368 0.2719610503410195 0.4556214800254755 0.26973684145525567 0.4568315661431321
3 0.2427269948217372 0.4564175891881822 0.2443827277437549 0.45938927698085263 0.24000379640494884 0.4618289246892531 0.23834806469301384 0.4588572379386192
3 0.2932944359599787 0.4665730489487284 0.2961911729489657 0.469142039930619 0.2940382835743094 0.4715694267901359 0.29114154714909546 0.4690004364034805
3 0.1888358013427478 0.3342389948260829 0.18743782828846633 0.3353537609770558 0.18355258051371948 0.3304816276926945 0.18495055300058993 0.32936686189387954
3 0.30387251055446995 0.4699379125680389 0.3006903658844067 0.4715858476311917 0.2979767383176295 0.4663462098883991 0.3011588807790986 0.46469827551835846
3 0.3010331641517041 0.466101785612348 0.30294671600881884 0.4630037839911955 0.30663003840822967 0.4652787229562983 0.3047164876397801 0.4683767236255098
3 0.07719801143127825 0.6142621931641229 0.07538575471016884 0.6178137247028532 0.06975675000001047 0.6149417138158197 0.07156900703466818 0.6113901843749565
3 0.057017544217046634 0.6436403508771928 0.05144614583332441 0.6436403508771928 0.05144614654807356 0.6426579616228069 0.057017543859615216 0.6426579616228069
3 0.055921053389511144 0.7390350877192984 0.05123668268856818 0.7390350877192984 0.051236683464935595 0.7375792269736842 0.055921052631561 0.7375792269736842
3 0.05231326708803863 0.7609424399418576 0.0574420956522772 0.7618466290366056 0.05690010737771445 0.7649204022362902 0.051771278898286255 0.7640162134694366
3 0.05498323506787983 0.8499727213096773 0.06072908003545763 0.8515119746485 0.05960531612288378 0.8557059191372706 0.05385947149125059 0.8541666666666748
3 0.05811887736990684 0.8990601595513383 0.058092666940865456 0.8993992593411204 0.05440938809806539 0.8991146325129513 0.054435598684221986 0.8987755328946982
3 0.3428803882292186 0.9623193259199607 0.346400926188835 0.9637038831779187 0.34408682783077893 0.969586310356275 0.3405662905702229 0.968201754385962
3 0.3436890072044889 0.9716179826272814 0.34654437067649724 0.9707452633978407 0.34806843648277663 0.9757302656651566 0.3452130733044214 0.9766029842198977
3 0.33752937946076145 0.9726782740500131 0.34076189744052954 0.9719913803739431 0.3415628262731616 0.975759459297434 0.33833030841549316 0.9764463525808761
3 0.18965924190149508 0.32919979806239674 0.18728531972033124 0.3313282207872624 0.18330426315787918 0.3268881206140546 0.185678184527319 0.32475969852408715
3 0.19188596510650768 0.33662280701754393 0.18602817324563148 0.33662280701754393 0.18602817420196516 0.3336940087719298 0.19188596430853977 0.3336940087719298
3 0.2963572672343844 0.1743421053085713 0.29635726754383995 0.16961453399118379 0.2982456141107832 0.1696145341795708 0.2982456140350678 0.17434210526321084
3 0.10664130088571255 0.29605263151910827 0.10664130153509177 0.2945910723684339 0.11293859672662165 0.29459107427505155 0.11293859649117621 0.2960526330124472
3 0.29166666667367735 0.23135964912280702 0.2903368190790161 0.23135964912280702 0.29033681909311326 0.23113192105263153 0.29166666666662877 0.23113192105263153
3 0.29625400502538923 0.2493889581918855 0.295301084948278 0.24635173390307594 0.3004385964912899 0.24473988486846343 0.3013915169045731 0.2477771085404578
3 0.32160374671047975 0.24890350877194478 0.3216037472118387 0.24719165679058971 0.32675438613318875 0.2471916579934584 0.3267543859649322 0.24890350964152175
3 0.30482456165179883 0.26644736842105265 0.3007648080142644 0.26644736842105265 0.30076480827813157 0.2648897225877193 0.3048245614035068 0.2648897225877193
3 0.2879322762943275 0.24952759977954134 0.2918585460254235 0.24973983419012896 0.2916614025486979 0.25338685632224694 0.287735132820103 0.2531746219413603
3 0.26644736829314297 0.2526938182710251 0.266839688152686 0.2551707786922176 0.2628303681038915 0.25580579231864714 0.2624380486810196 0.2533288322870336
3 0.22835847693738742 0.27038298475871725 0.23464912280689987 0.2702731842105271 0.23467803059884318 0.2719293199882247 0.22838738472944442 0.272039120528904
3 0.21381578947364233 0.2707431172432595 0.21381578988791716 0.2741228071755784 0.20762294831865802 0.2741228070113537 0.207622948773178 0.27074311795040273
3 0.1853070170943738 0.2766748957175456 0.1863955211422308 0.27961096223579157 0.18156677193019277 0.28140110754217507 0.18047826864028593 0.27846504166663255
3 0.1896929829756573 0.2642543859649123 0.18436217061582738 0.2642543859649123 0.18436217117744036 0.26172437719298247 0.18969298245622213 0.26172437719298247
3 0.06359649070441264 0.30608275446784006 0.06434172801800742 0.30908756456378966 0.05824488650523563 0.3105996260954808 0.05749965021925618 0.30759481688591395
3 0.18852537768577804 0.33796249002876066 0.192876895834047 0.3421791734689424 0.19100529811055367 0.34411054928182394 0.18665378054356552 0.3398938664308227
3 0.14541651336469386 0.28728070172675085 0.14541651425440705 0.28439487828950427 0.15021929853185156 0.28439487957320414 0.1502192982455881 0.2872807024070067
3 0.16776315837080347 0.3125 0.1636925930030202 0.3125 0.16369259349983167 0.3099823037280702 0.167763157894683 0.3099823037280702
3 0.16820407254692782 0.3234412226344919 0.16515416447361986 0.3223684210526217 0.16705202230389204 0.31697310136126505 0.17010192882628417 0.318045902644735
3 0.16667694864759142 0.3239738378105286 0.17021024239670624 0.3253570385145568 0.16793857882964858 0.33115966167094085 0.1644052853125686 0.32977646139699074
3 0.17061216841671012 0.33132339600478106 0.1731631266209206 0.33294918877214447 0.169977446854773 0.3379475247324636 0.16742648903505142 0.3363217324561147
3 0.16932733333328542 0.33991228070170637 0.16932733445912618 0.3349008310083823 0.17214912320605436 0.33490083180121 0.17214912280701355 0.3399122807676301
3 0.17407159653453164 0.34899339662905127 0.1761686249825516 0.35119015164930467 0.17137616317768334 0.3557648750151693 0.1692791355250165 0.35356812077591687
3 0.18744060239293958 0.3518959698186854 0.18629232573857735 0.35441009977982385 0.18121187971041763 0.3520897981692869 0.18236015656532345 0.3495756689604706
3 0.18028845746812294 0.3490545127814644 0.18130439144738375 0.34582463157896043 0.18691823630251747 0.34759035735748905 0.1859023035070777 0.35082023755156955
3 0.1886468212719592 0.3471839111841814 0.19004916601534205 0.345055180653097 0.19574032875641478 0.3488042120017582 0.19433798488250886 0.35093294176405226
3 0.18985763157900237 0.3443291019736631 0.19159525158079305 0.3426581905002306 0.19525145527927634 0.34646022482550415 0.19351383573359726 0.3481311358352832
3 0.48793859649122806 0.2543859649122807 0.4934210526315789 0.2543859649122807 0.4934210526315789 0.2565789473684211 0.48793859649122806 0.2565789473684211
3 0.5646929824672497 0.25 0.5586728782893715 0.25 0.5586728787026232 0.24827026206140354 0.5646929820887863 0.24827026206140354
3 0.5567264802631371 0.25328947368424864 0.5567264809814105 0.25149693299893805 0.5635964914729357 0.2514969350934361 0.5635964912280542 0.25328947530520496
3 0.9237776063826004 0.8840175323387482 0.92513108991227 0.8805699309210326 0.93008154987956 0.8825129560099578 0.9287280692610693 0.8859605549607543
3 0.9769736824376878 0.9736842091646423 0.9769736860861258 0.9707382802490397 0.9846491231068057 0.9707382882460152 0.9846491228070136 0.973684213811067
3 0.978335367633349 0.9776378550981937 0.9868421052632357 0.9774894155701745 0.9868713723119527 0.9791661559672523 0.9783646346830892 0.9793145954581746
3 0.9765308621034592 0.9826668056237708 0.9801937856587983 0.981785935858973 0.9816566497553367 0.9878671730284552 0.9779937264884211 0.9887480419663601
3 0.9689021864035112 0.986842105263105 0.968902189560481 0.9817797645111681 0.9714912292619147 0.9817797665319776 0.9714912280701355 0.9868421053193256
3 0.9538623825199011 0.9568901875433342 0.958785767750669 0.9576697567275468 0.9582953693460468 0.9607660109119373 0.9533719841988386 0.9599864420846587
3 0.9583333347192138 0.9528508771929824 0.9524027832451338 0.9528508771929824 0.9524027846388208 0.9512352817982456 0.9583333333333712 0.9512352817982456
3 0.8793859634030241 0.9535290657784301 0.8799062896341638 0.9576911905539215 0.8717770312854327 0.958707175730452 0.8712567105262679 0.9545450559210497
3 0.9265350877193441 0.9035087711485031 0.9265350891934077 0.9089912282453543 0.9251589170993384 0.9089912279852153 0.9251589166666463 0.9035087719297888
3 0.923512000046685 0.8950567105262512 0.9261669923245108 0.8932990866228313 0.9292553650579976 0.8979631116599486 0.9266003738587187 0.8997207342204749
3 0.9294263480156815 0.8909331538238854 0.9286093702285143 0.8941005459315496 0.9237683368123726 0.8928521797318207 0.9245853159892476 0.8896847897758479
3 0.925549542042404 0.8847913932187719 0.9302019753007471 0.8875128450924286 0.9285874784422958 0.8902722303029893 0.9239350460526339 0.8875507796052589
3 0.9249339929427833 0.8767269822884013 0.9294855165987883 0.8783233438302207 0.9284271998553777 0.8813400911216488 0.9238756765352036 0.879743730263169
3 0.9779962543858574 0.9598888695175107 0.9795785349357402 0.9562368993240234 0.9858127045091578 0.9589372064441657 0.9842304282331042 0.9625891730115751
3 0.9232456160923448 0.8574561403508771 0.9200065614513733 0.8574561403508771 0.9200065637739954 0.8522645241228071 0.9232456140351815 0.8522645241228071
3 0.9259109627192856 0.8585526319009352 0.9259109691024605 0.850877190265418 0.929824563877105 0.8508771938488026 0.9298245614035068 0.8585526315789515
3 0.9232456155755244 0.7883771929824561 0.9202096024044977 0.7883771929824561 0.9202096043856045 0.783533326754386 0.9232456140350678 0.783533326754386
3 0.9280879967104738 0.7828947370139409 0.9280879983921295 0.777570008672633 0.9298245619861518 0.7775700095997361 0.9298245614035068 0.7828947368421167
3 0.9309210542070332 0.7741228070175438 0.9269193486842369 0.7741228070175438 0.9269193509577462 0.7700326611842105 0.930921052631561 0.7700326611842105
3 0.9272853015351075 0.8004385965423246 0.9272853025311178 0.7968818601725499 0.9287280705472085 0.7968818607456146 0.9287280701754526 0.8004385964912226
3 0.9280780010964913 0.7463732423245615 0.930921052631579 0.7463732423245615 0.930921052631579 0.7543859649122807 0.9280780010964913 0.7543859649122807
3 0.927916406006716 0.7379248945924174 0.9314446548451087 0.7373041756261725 0.9325058502827233 0.7433351457439117 0.9289776015552889 0.7439558642813844
3 0.930437704427618 0.7097545686030952 0.932073572522313 0.7168391834353113 0.9282095772922503 0.7177312554196743 0.9265737127193461 0.7106466436404036
3 0.9279103333051353 0.7039473687921503 0.9279103355263487 0.6965613574561119 0.9298245621166643 0.6965613585928835 0.9298245614035068 0.7039473684210518
3 0.9348084253842899 0.6787280704270415 0.9348084262570637 0.6734324723171502 0.9364035087745606 0.6734324729359574 0.9364035087719458 0.6787280701754872
3 0.9774390483560182 0.9649122806465812 0.9774390515350433 0.9630230449561735 0.9846491236227166 0.9630230537930282 0.9846491224438978 0.9649122874840438
3 0.9525781617492157 0.9516161433291017 0.9516614079271903 0.9486183895519171 0.9579821502193226 0.9466859495613691 0.9588989056485389 0.9496837004744946
3 0.9399393486422696 0.6726186290595667 0.9428275817967915 0.6734467006168219 0.9410757296424208 0.6795561411907477 0.9381874967106114 0.6787280701754471
3 0.9418859657708936 0.9868421052631579 0.9396327730262328 0.9868421052631579 0.9396327754235472 0.9819777127192985 0.9418859648810667 0.9819777127192985
3 0.8771929826215228 0.9594298245614034 0.8723137774122733 0.9594298245614034 0.8723137785420931 0.9579124692982457 0.8771929815881094 0.9579124692982457
3 0.8444494364623552 0.9791666666567976 0.844449439692994 0.9744999473684076 0.8475877203496793 0.9744999499196807 0.8475877192981898 0.9791666670290704
3 0.8910581107455755 0.9791666667511877 0.8910581120280767 0.9753793369663777 0.8925438600939515 0.9753793377193354 0.8925438596490949 0.9791666666666696
3 0.9067982477089345 0.980263157894737 0.903548890396678 0.980263157894737 0.9035488930027213 0.9754076513157897 0.9067982456140271 0.9754076513157897
3 0.9007747280701324 0.9813596491228475 0.9007747311769663 0.9764742736352447 0.903508773044905 0.9764742757601554 0.9035087719298645 0.981359649256505
3 0.8976784880833293 0.9813596493552567 0.8976784890351155 0.9775558497807159 0.899122807149638 0.9775558503676389 0.8991228070175339 0.9813596491228443
3 0.8278508784518408 0.9780701754385965 0.8248403825270998 0.9780701754385965 0.8248403842475227 0.9747440350877192 0.8278508771929864 0.9747440350877192
3 0.8676836063596056 0.9089912282619789 0.8676836110498698 0.9020148404296097 0.870614036958159 0.9020148430563102 0.8706140350876694 0.9089912280701236
3 0.875388899122807 0.9018089539473684 0.8782894736842105 0.9018089539473684 0.8782894736842105 0.9078947368421053 0.875388899122807 0.9078947368421053
3 0.8776827472412378 0.9243421057513084 0.8776827490148662 0.9180832402206561 0.8793859651899538 0.9180832412280704 0.8793859649123306 0.924342105263111
3 0.9371974822506672 0.9821502178772284 0.9406435056126838 0.9830091536609766 0.9392003015929049 0.988797531505784 0.9357542785088526 0.9879385964912354
3 0.9436527719298056 0.9868421052631382 0.943652774907946 0.9820283163025012 0.9462719309120757 0.9820283183073574 0.9462719298245474 0.9868421053777876
3 0.9494316173527295 0.9423577410288808 0.9515647596712142 0.9454511920150861 0.9469262573197739 0.9486488769611298 0.9447931178153794 0.945555428484208
3 0.9510427620614337 0.9879385967315589 0.9510427643617732 0.9825166807870981 0.9528508780221046 0.982516682017605 0.9528508771929864 0.987938596491206
3 0.9482288070175855 0.9857456141504279 0.9482288082148216 0.9818840821040473 0.949561403934922 0.9818840827598787 0.9495614035088238 0.9857456140351433
3 0.9583142039473684 0.9824561403508771 0.9594298245614035 0.9824561403508771 0.9594298245614035 0.9890350877192983 0.9583142039473684 0.9890350877192983
3 0.9615727664473683 0.9820032127192984 0.9627192982456141 0.9820032127192984 0.9627192982456141 0.9857456140350878 0.9615727664473683 0.9857456140350878
3 0.930080900026951 0.9720654285211386 0.9312772321229659 0.9691808849256736 0.9375998355560569 0.9718023596545403 0.9364035069080501 0.9746869003274635
3 0.9512046458332861 0.9780701754385742 0.9512046500152564 0.9749755503158849 0.9572368435104863 0.9749755571700104 0.9572368421052033 0.9780701795162995
3 0.9519443145507012 0.9700596249036667 0.9512950664310438 0.9676372856632428 0.957236842105317 0.9660451929825009 0.9578860916061558 0.9684675300254617
3 0.9561403521513512 0.9649122807017544 0.9511844791012436 0.9649122807017544 0.9511844803897702 0.9631515942982456 0.9561403508771491 0.9631515942982456
3 0.9385964928749218 0.9660087719298246 0.9314782772052013 0.9660087719298246 0.9314782788635512 0.964430120614035 0.9385964912280542 0.964430120614035
3 0.9316309265350877 0.9364623048245614 0.9342105263157895 0.9364623048245614 0.9342105263157895 0.9429824561403509 0.9316309265350877 0.9429824561403509
3 0.937499999844249 0.9366101348345185 0.9379435471009856 0.942951440564192 0.935197643285619 0.9431434512573919 0.934754098684266 0.9368021480263288
3 0.941225526310177 0.6798245615334705 0.9412255280269619 0.6736955792565353 0.9429824567467904 0.6736955802374702 0.9429824561403848 0.6798245614034862
3 0.9483536960348147 0.678728070123352 0.9444075447672731 0.6788331612973242 0.9442322133169228 0.6722502878731528 0.9481783592447073 0.6721451967702761
3 0.8792903687145781 0.937548757172206 0.877971732405058 0.9403736818198544 0.8726760776673927 0.9379024014836637 0.8739947145476208 0.9350774791927615
3 0.9890350880339156 0.31359649122807015 0.9822499089912071 0.31359649122807015 0.9822499103124755 0.31074619298245615 0.9890350875144804 0.31074619298245615
3 0.9802631574162888 0.41228070157778235 0.9802631584459505 0.40899122736202065 0.9857456140127852 0.4089912288250552 0.9857456141110106 0.4122807019122102
3 0.9758771927483849 0.5827769346273615 0.9770611797331412 0.5862151285966009 0.9748249992895808 0.5869851055257679 0.9736410131579305 0.5835469122806964
3 0.9678175054824578 0.5888157897638296 0.9678175084643499 0.5808246330401233 0.9703947379892952 0.5808246345843384 0.9703947368420813 0.588815789473683
3 0.9762947444750125 0.5372326414544834 0.9794714431158127 0.5381434632274691 0.9772567674713173 0.5458669615203455 0.9740800690789229 0.5449561403508626
3 0.9736842105263577 0.5383771922868708 0.9736842118853701 0.5449561405604404 0.971989310746153 0.544956140335972 0.9719893103069808 0.5383771929824294
3 0.9473684209954172 0.3044100410972455 0.9478463399703969 0.3091624667416121 0.9452509753634786 0.30942345686309286 0.9447730570175281 0.3046710317981911
3 0.9546634451754699 0.31798245614036735 0.9546634467629929 0.31432224753010735 0.9605263163432483 0.3143222498157466 0.9605263157894797 0.31798245739185177
3 0.9456450433802956 0.31983080445041207 0.9528508771929864 0.31945317214912183 0.9530032414035077 0.32236043618344884 0.9457974075949096 0.32273806843098285
3 0.932580953529623 0.3399122807387711 0.9325809539474221 0.33628687938598223 0.9342105264291831 0.33628687965327575 0.9342105263158373 0.3399122807017987
3 0.9791850193806795 0.31270641947315997 0.9791665240259135 0.31581343575870047 0.9716182195379588 0.3157685020039078 0.9716367160087884 0.3126614868421393
3 0.9737182719298246 0.3092105263157895 0.9802631578947368 0.3092105263157895 0.9802631578947368 0.3125 0.9737182719298246 0.3125
3 0.9857456125504314 0.30538527419711065 0.9867182210643932 0.30820984767893517 0.9769945924233525 0.31155796388726653 0.9760219855151036 0.3087333917681207
3 0.8728070188043375 0.46381578947368424 0.8660220331754545 0.46381578947368424 0.8660220345092284 0.46110323574561396 0.8728070175438916 0.46110323574561396
3 0.9740273015351022 0.3056650296053007 0.9747185746039122 0.30325434612835217 0.9795352975864944 0.3046355213551406 0.9788440251741122 0.30704620427045154
3 0.9769736842257544 0.3015350877192982 0.9732344835526874 0.3015350877192982 0.9732344835832691 0.3014045120614035 0.9769736842105203 0.3014045120614035
3 0.9876961884044704 0.2981855712335781 0.9876961885964874 0.2993421053028262 0.9802631578151022 0.29934210526319677 0.9802631580141679 0.29818557158559833
3 0.9478663677928125 0.3047233182791105 0.9503098524902498 0.30316369045972724 0.9534704077781271 0.3081152237532349 0.9510269234165207 0.30967485114494325
3 0.9566214407894904 0.30518082785087847 0.9597488440327879 0.30400846012873883 0.9619149076349913 0.3097864770814673 0.9587875045681358 0.3109588444648827
3 0.959927976973745 0.3051312752192767 0.9623575122901684 0.3035052801599502 0.9654458021667551 0.30811962126944553 0.9630162671911648 0.30974561590735555
3 0.9559148058345954 0.30335028190930075 0.95782306006015 0.3073013596483814 0.9546232282388019 0.3088467393660633 0.9527149747807471 0.3048956622806997
0 0.19014899342107583 0.31547754385963916 0.1942526886707583 0.3136041069545807 0.1985154585880764 0.32294126184143124 0.19441176391126191 0.324814697811448
3 0.29365038097864726 0.3452781511822999 0.2948485173315021 0.3481303058284031 0.2877647949819675 0.3511059322772002 0.2865666599994938 0.34825377879276664
3 0.3214028767531545 0.34512694131883076 0.3199124107377429 0.34817504693792245 0.3112768725005708 0.3439525821541043 0.31276733881577456 0.34090447807017205
3 0.05263157983893052 0.39692982456140363 0.047610950657826834 0.39692982456140363 0.04761095160631612 0.3938873651315789 0.05263157894728465 0.3938873651315789
3 0.8813658947368594 0.4638157894736986 0.8813658973750762 0.4610742648849047 0.890350878096001 0.4610742715244199 0.8903508771929864 0.4638157943782502
3 0.8609306120678184 0.4733150135670509 0.8590595294335799 0.4697432662065507 0.8659090027343836 0.4661553668039846 0.8677800856045224 0.46972711218870744
3 0.9551757294287881 0.6672580442534493 0.958281175682373 0.668388178582186 0.9557027901098536 0.675472238720613 0.9525973442981694 0.6743421052631505
3 0.9293741332870695 0.6332868008373456 0.9325171207660787 0.6322657087785597 0.9344104970499529 0.6380929283805136 0.9312675098492491 0.639114019833538
3 0.9589831466601026 0.6686640708092948 0.9615262755590948 0.6672725665604182 0.964316655634093 0.6723716005704252 0.9617735273169501 0.6737631039934806
3 0.9682017543859649 0.673610558114035 0.9714912280701754 0.673610558114035 0.9714912280701754 0.6787280701754386 0.9682017543859649 0.6787280701754386
3 0.9747807029605156 0.6765350877192983 0.9716409561403907 0.6765350877192983 0.9716409575086118 0.6725452554824563 0.9747807017544119 0.6725452554824563
3 0.983552630485292 0.6743421041570614 0.9835526322647183 0.6798245616347794 0.9804176787305323 0.6798245613159318 0.9804176787238248 0.6743421056110886
3 0.986381314363598 0.674518594014433 0.9895878703179051 0.6737192212892961 0.9910528405076775 0.6795948972406071 0.9878462847336777 0.6803942694666777
3 0.9574909269969112 0.6419994168017495 0.9600136829488974 0.6458205918812446 0.9573058960226035 0.6476080565376824 0.9547831414473649 0.6437868826753986
3 0.9637250020659849 0.6420163851970953 0.9655450791517524 0.6461726439774803 0.9620593263529145 0.6476989030616358 0.9602392510964819 0.6435426458333515
3 0.9700394261698193 0.6488661159479354 0.9670231756462044 0.6499107258029191 0.9651068305134913 0.6443780906121431 0.9681230778509189 0.6433334813596403
3 0.9673052927631716 0.6427340877192987 0.9697566206446027 0.6418730628341999 0.9717508783062385 0.6475499735463517 0.9692995506756006 0.6484109979223531
3 0.9697241195175366 0.6436604309210817 0.9717894339178201 0.6420840901999412 0.9753530739993721 0.6467525644299404 0.9732877603959196 0.6483289042410442
3 0.9796665131580085 0.6428135032894758 0.981302407416706 0.6395147841162635 0.9869472398729613 0.6423138066080355 0.9853113479970261 0.64561252374669
3 0.9342105269537342 0.6381578947368421 0.9324641271438168 0.6381578947368421 0.9324641283607207 0.6326754385964911 0.9342105263158373 0.6326754385964911
3 0.9856096870219062 0.5446254209338501 0.9824850079542102 0.5457012386249748 0.980710555921064 0.5405478563596592 0.9838352324086372 0.5394720391529774
3 0.9293953251004723 0.6225633200961125 0.9325720287145032 0.6216525238845985 0.9341607280701965 0.6271929824561263 0.9309840246617114 0.6281037781680333
3 0.9885890747283383 0.6230246039690966 0.9904689705869032 0.6234241403059594 0.9890350877193441 0.6301700317982442 0.987155191942179 0.6297704957243306
3 0.9836925909024785 0.6168522046232073 0.9864730992002251 0.6162878696523968 0.9877586279321804 0.6226209992118221 0.984978119736752 0.6231853338384424
3 0.9865985537280701 0.6168363344298247 0.9890350877192983 0.6168363344298247 0.9890350877192983 0.6228070175438597 0.9865985537280701 0.6228070175438597
3 0.9539473684210527 0.5828835679824562 0.956140350877193 0.5828835679824562 0.956140350877193 0.5866228070175439 0.9539473684210527 0.5866228070175439
3 0.9577796776316063 0.5877192982456519 0.9577796797028668 0.5825313491066837 0.9605263165907445 0.5825313504389688 0.9605263157894797 0.5877192983083502
3 0.9820402495286089 0.5877192982600457 0.9820402510964641 0.582886351973722 0.9846491232507333 0.5828863530833592 0.9846491228070136 0.5877192982456231
3 0.9392740339911825 0.566885965060542 0.9392740363433632 0.5603070162174758 0.9418859657893108 0.5603070175437601 0.9418859649123306 0.5668859649122588
3 0.9407894739895255 0.5515350877192984 0.9394064495613748 0.5515350877192984 0.9394064504233484 0.5464888717105264 0.9407894736842763 0.5464888717105264
3 0.9507729889510301 0.5374001980749281 0.9547309385965264 0.5367991173245626 0.9556233907512706 0.5426751464566832 0.9516654411717127 0.5432762269132572
3 0.9783382982456033 0.5460526316035486 0.9783383007622888 0.5396403153787604 0.9813596500375752 0.5396403169559274 0.9813596491228509 0.5460526315789681
3 0.8782894750567038 0.944078947368421 0.8723053693697693 0.944078947368421 0.8723053707478812 0.9424798125 0.8782894736841627 0.9424798125
3 0.8497807000442208 0.9401896437432952 0.8504491934817224 0.942721067427731 0.844086342552373 0.9444008982998727 0.8434178518970157 0.9418694770064884
3 0.735009759868376 0.28289473689554107 0.7350097604982011 0.27776848566065176 0.7368421054918599 0.2777684860082055 0.736842105263122 0.2828947368420491
3 0.9548916174919668 0.2770801397401101 0.9521582494662653 0.27804160582835286 0.9499884989035081 0.2718733256579075 0.9527218655640581 0.2709118598325219
3 0.8709503066100979 0.37542885930412945 0.8728070175438916 0.3752990307017555 0.8732440165985054 0.3815483906697661 0.8713873056696002 0.3816782192252536
3 0.8744838327492062 0.3628894381416317 0.8769073401053902 0.3634489258088456 0.8749328469538113 0.3720013980759298 0.8725093396893726 0.3714419106834619
3 0.8238887316452974 0.3346261029083014 0.8233517989127677 0.33715570833468544 0.8193448416699312 0.3363052222425563 0.819881774784676 0.33377561734576383
3 0.9564690542969174 0.15749590297720667 0.9591056743421404 0.15684312609649556 0.960652705641678 0.16309166553373072 0.9580160856331759 0.1637444423117075
3 0.9769736845429406 0.1677631578947368 0.9739567759419288 0.1677631578947368 0.9739567763514287 0.16288255921052633 0.9769736842105203 0.16288255921052633
3 0.944837455043853 0.2587719298245586 0.9448374560072352 0.2559868212017235 0.9506578950646372 0.255986822882595 0.9506578947367643 0.25877193086977296
3 0.9660087729587303 0.2576754385964912 0.9588064713752829 0.2576754385964912 0.9588064724256355 0.25398302412280704 0.9660087719298645 0.25398302412280704
3 0.8995824097567038 0.27691135805848227 0.901315789473756 0.27675971052631443 0.9017532558974608 0.2817599731632568 0.9000198761848424 0.2819116206630388
3 0.960120561403528 0.2710528574561398 0.9632578590528738 0.2689116565315979 0.9674398783499782 0.2750390328713571 0.9643025812422366 0.2771802331349435
3 0.9576523290643308 0.2730757503285506 0.9593089802668828 0.27141539363661216 0.962963189301945 0.2750613641915328 0.9613065384571655 0.27672172052570343
3 0.958510854004885 0.2740072412422344 0.9555962607696529 0.27590463831121864 0.952988144736878 0.27189839912279556 0.955902737112865 0.27000100243093994
3 0.9458579260865463 0.2730660097781401 0.947670891050393 0.27157918802280384 0.9512912654272441 0.2759936122567274 0.9494783007869501 0.2774804336569497
3 0.8679085262872377 0.3627389608049157 0.868421052631561 0.36272106359649003 0.8685816155847306 0.36731895461287606 0.8680690892406346 0.3673368518167239
3 0.9440789479807563 0.27521929824561403 0.9404111375894217 0.27521929824561403 0.940411138363288 0.27067856798245615 0.944078947368439 0.27067856798245615
3 0.9364035091916776 0.2807017543859649 0.9334283361149573 0.2807017543859649 0.9334283366756608 0.27682248355263167 0.9364035087719458 0.27682248355263167
3 0.9371157792122631 0.28662018661677596 0.9398679542703121 0.29280616057884973 0.9361997165278808 0.29443813733803703 0.9334475427631332 0.28825216447363394
3 0.9187394844069559 0.3070175439716436 0.9187394846843517 0.3019919066265968 0.9199561403509051 0.3019919067982843 0.9199561403571579 0.30701754385961516
3 0.9184663442916872 0.3190789476946194 0.9184663455660029 0.31030701719218307 0.9210526317658605 0.3103070179534147 0.9210526315789593 0.31907894736838927
3 0.919956140122622 0.33466188310919837 0.9219099685933543 0.3403360154804161 0.9191811103728469 0.3412756359145073 0.9172272828947143 0.3356015043859365
3 0.9349840767146134 0.31091477192843425 0.9376262210923869 0.31100703472717917 0.9374559930607802 0.3158817364614665 0.9348138486841435 0.31578947368420907
3 0.9346708278508231 0.30921052637665103 0.9346708284980423 0.3041605171960623 0.9364035090103471 0.3041605175438003 0.9364035087719458 0.3092105263157555
3 0.9428837566256334 0.28150728560035543 0.9454933369817127 0.28282508307172005 0.9428886470227553 0.28798291665873993 0.940279066885978 0.2866651195175267
3 0.9462719302341611 0.28728070175438597 0.9440108386802422 0.28728070175438597 0.9440108395596098 0.2807017543859649 0.9462719298245474 0.2807017543859649
3 0.950613065899347 0.2813215990276331 0.9537685771666702 0.28373027328116807 0.9498008527738193 0.28892810668330826 0.9466453421052847 0.2865194331140448
3 0.8680399396929488 0.3771929824888697 0.8680399398232339 0.3734322444676907 0.8684210526799916 0.37343224451752544 0.868421052631561 0.37719298245614713
3 0.8593509534165378 0.339912281004361 0.8593509539473416 0.33372203179823423 0.8618421052395888 0.3337220322876238 0.8618421055002727 0.33991228070174295
3 0.9594603591327768 0.2813315123825017 0.9618503718625107 0.28381197776535017 0.9581210058422585 0.2874052596042845 0.9557309936756155 0.2849247947768453
3 0.8301000946200929 0.2730228510489016 0.8270155303704314 0.27321289675606736 0.8266091325534717 0.26661692982265417 0.8296936951340967 0.2664268841670189
3 0.7236842106468657 0.2532894736842105 0.7197633684210132 0.2532894736842105 0.7197633686622567 0.2520907521929824 0.723684210526244 0.2520907521929824
3 0.7455696566842107 0.2556427722008685 0.7459731597190284 0.25261113575904826 0.7525110570477409 0.2534812956516115 0.7521075548717135 0.2565129313170182
3 0.772444760964845 0.25328947368415644 0.7724447610939933 0.25297642763002404 0.7796052632019155 0.25297642965984524 0.7796052631584871 0.2532894756275474
3 0.7949561410275692 0.2686403508771929 0.790870294943943 0.2686403508771929 0.7908702958937965 0.26358035635964916 0.794956140297927 0.26358035635964916
3 0.8079182125316038 0.2850877194209692 0.8079182127479498 0.2801983825260266 0.8092105263158373 0.28019838267544495 0.8092105263715439 0.28508771929831356
3 0.8102570133306699 0.26648153583815865 0.8128521951754237 0.26597709429824534 0.8137888838547269 0.2707959367954038 0.8111937020388496 0.2713003782340173
3 0.8134962069013909 0.2664719120870186 0.8167687402165029 0.26601199779508594 0.817435480763038 0.27075610565526254 0.814162947466798 0.2712160198571125
3 0.8182714350755305 0.2659687290824139 0.8213768392088241 0.26709897863147375 0.8192989094229688 0.27280804483348764 0.8161935054329206 0.2716777955660912
3 0.8124152771536046 0.2536243410751532 0.811656888043558 0.25058266401583984 0.8199938623141634 0.24850402350560868 0.8207522520863222 0.25154569957084716
3 0.8695175441423544 0.25109649122807015 0.864484069016612 0.25109649122807015 0.8644840693018523 0.24961824890350878 0.8695175438597289 0.24961824890350878
3 0.8234649122807017 0.2661323234649123 0.8267543859649122 0.2661323234649123 0.8267543859649122 0.2708333333333333 0.8234649122807017 0.2708333333333333
3 0.8207334128113644 0.2791975470896249 0.8238763695175066 0.2781763629386132 0.8259729846168966 0.28462907984873853 0.8228300280475196 0.2856502637023694
3 0.8546533974513295 0.33509472910127464 0.8577963573402485 0.3340735555987113 0.8596892376556298 0.33989924706051006 0.85654627791439 0.3409204202416498
3 0.8273838931935416 0.2850877194057945 0.8273838936943321 0.2793216477463588 0.8289473685342728 0.27932164802631915 0.8289473684210407 0.2850877192982006
3 0.8309471008772107 0.28508771935209387 0.8309471018734484 0.2790947398835881 0.8333333337151316 0.2790947404439197 0.8333333333333712 0.2850877192982578
3 0.8413700361842302 0.27960526315786427 0.8413700372184394 0.27701601964942646 0.8475877196501642 0.27701602164947037 0.8475877192983035 0.27960526447549316
3 0.8434468698925457 0.2866659812226318 0.8427950936323896 0.2835996911390726 0.8475877192981898 0.282580986842066 0.8482394960282136 0.2856472762735438
3 0.8387496787280702 0.33350554385964915 0.8410087719298246 0.33350554385964915 0.8410087719298246 0.3399122807017544 0.8387496787280702 0.3399122807017544
3 0.8915950137865138 0.27701610083179257 0.8912985818383277 0.2809978067406654 0.887321888157885 0.2807017543860065 0.8876183207245276 0.2767200491522693
3 0.8616356578947943 0.3322368422586628 0.8616356587097016 0.32488593396469495 0.8629385968268934 0.3248859342904395 0.8629385964911762 0.33223684210526744
3 0.8418068475877193 0.3338332850877193 0.8442982456140351 0.3338332850877193 0.8442982456140351 0.33881578947368424 0.8418068475877193 0.33881578947368424
3 0.8486842110579573 0.3399122807017544 0.8460098596491434 0.3399122807017544 0.8460098606234396 0.3344298245614035 0.8486842105263577 0.3344298245614035
3 0.8499306300076341 0.3340622890931537 0.8535596924656375 0.33496708441639417 0.8521135419500752 0.340767278981457 0.8484844795923436 0.3398624839361945
3 0.8541666668899097 0.3388157894736843 0.8528446918859345 0.3388157894736843 0.8528446923326101 0.3338821118421054 0.8541666666666288 0.3338821118421054
3 0.9556236714884108 0.2807830204254855 0.9584313067121002 0.2827767653798002 0.9545957443914403 0.28817795490826337 0.951788109649101 0.2861842105262868
3 0.9631327120266633 0.28093916857480034 0.9668169885042062 0.28245437230577947 0.9641227776951382 0.28900528819432214 0.9604385014803256 0.28749008492941713
3 0.8486842096483542 0.9348401528448463 0.8494053205234877 0.9389878717071317 0.8443906129532479 0.9398594779092321 0.8436695054824668 0.9357117620613908
3 0.8020775362704171 0.7910909086299277 0.8050546183931147 0.7921555259748857 0.8032894775653858 0.7970905949572682 0.8003123957797698 0.7960259782872665
3 0.8793859656209406 0.669956140350877 0.8756714758771977 0.669956140350877 0.875671476727689 0.6677631578947366 0.8793859648120588 0.6677631578947366
3 0.8826754394085583 0.682017543859649 0.8766082423245507 0.682017543859649 0.8766082441110257 0.6793768256578946 0.8826754378711712 0.6793768256578946
3 0.868091881899204 0.6874663020807212 0.8672658888613114 0.6910435772231583 0.8589998282263878 0.6891352138479039 0.8598258234649165 0.6855579418859643
3 0.899146615131599 0.66337719298248 0.8991466163312225 0.6617871364934856 0.9045299564758125 0.6617871399978024 0.9045299561402089 0.6633771956221105
3 0.8996595869316479 0.6676212551740829 0.9006965997807583 0.6640052620614112 0.9066078124978958 0.6657002800352648 0.9055708022890485 0.6693162708892215
3 0.8833495172784751 0.7384910078243538 0.8881578947367643 0.7384070910087724 0.8881688531512282 0.7390348964707563 0.883360475692939 0.7391188132804146
3 0.8831945305754516 0.7530008170435176 0.8841633872133343 0.7500194973394728 0.889729333985315 0.7518279833372125 0.8887604796985897 0.7548093010412895
3 0.8832955953947703 0.7554824561403708 0.8832955969423892 0.7536437499339702 0.8881578952569953 0.7536437532664418 0.888157894736878 0.7554824584451816
3 0.8870614048105381 0.7708333333333333 0.8818701952641277 0.7708333333333333 0.8818701966096114 0.7686590296052631 0.8870614035088238 0.7686590296052631
3 0.8813499998041152 0.7733198168838127 0.8859649122806559 0.7726713530701791 0.8863139366563928 0.7751547965075487 0.8816990242197562 0.7758032601293995
3 0.8824470076754096 0.7752192982456382 0.8824470077411206 0.774972811380071 0.8841117949733643 0.7749728117395733 0.8841117949560839 0.7752192985566876
3 0.8043489320175468 0.7960526316545898 0.8043489331679439 0.7920708545818134 0.8059210530248038 0.7920708552632235 0.805921052631561 0.7960526315789092
3 0.875565566885939 0.6633771929824844 0.8755655685764623 0.661031299950202 0.880482456667437 0.6610313029373467 0.8804824561403848 0.6633771948061586
0 0.8981209953288953 0.7575780022827953 0.8966336583927159 0.7669670588637435 0.8927168612996184 0.7663466992254608 0.8942042017120002 0.7569576469664837
3 0.897357733552667 0.7686403508771503 0.8973577359612364 0.7667657539657668 0.9046052639776008 0.7667657610587657 0.9046052631579187 0.7686403563813718
3 0.9035087738495804 0.7752192982456143 0.8974261294653161 0.7752192982456143 0.8974261314250498 0.7725150405701756 0.9035087719297508 0.7725150405701756
3 0.9035087729807856 0.7785087719298246 0.8986310307018357 0.7785087719298246 0.8986310317631023 0.7766811271929824 0.9035087719298645 0.7766811271929824
3 0.9025218529890253 0.7797835181509035 0.9024121264451423 0.7828991168366425 0.8987010495425238 0.7827684416063191 0.8988107774123364 0.779652844298242
3 0.9035087737042886 0.7861842105263158 0.898341508444787 0.7861842105263158 0.8983415103306243 0.7832216271929825 0.9035087719297508 0.7832216271929825
3 0.9057017546537054 0.7894736842105263 0.8996695800437919 0.7894736842105263 0.8996695817601221 0.7872807017543859 0.9057017531920337 0.7872807017543859
3 0.892976549348532 0.83893273937656 0.8969036051224748 0.838380947234122 0.8978893278508622 0.8453947368421016 0.8939622721815113 0.8459465284832333
3 0.8272253535111531 0.9243421056544237 0.82722535531002 0.9185624046962562 0.8289473688230373 0.918562405701739 0.8289473684210407 0.924342105263205
3 0.8349968491093023 0.9160632154344962 0.8385451990423007 0.9172158461081823 0.8365677705104417 0.9233017524475267 0.8330194210526543 0.9221491228070324
3 0.8451368859649123 0.9167058421052631 0.8475877192982456 0.9167058421052631 0.8475877192982456 0.9243421052631579 0.8451368859649123 0.9243421052631579
3 0.881578948461538 0.6666666666666666 0.875534802040761 0.6666666666666666 0.8755348031583026 0.664863650219298 0.881578947368439 0.664863650219298
3 0.8793859660137286 0.6578947368421053 0.8743633091726224 0.6578947368421053 0.8743633102835702 0.6556949901315787 0.8793859649122169 0.6556949901315787
3 0.968201754660754 0.28728070175438586 0.9652720285087071 0.28728070175438586 0.9652720291021524 0.28370411732456136 0.9682017543425445 0.28370411732456136
3 0.8558557426093785 0.5642803721408363 0.8586169629303413 0.5674148371743822 0.8540656583594455 0.5714237876691122 0.8513044397635667 0.568289324279528
3 0.9507828047087514 0.29505411812390375 0.9484653190398831 0.29727595623242387 0.9429064716288167 0.29147795811293103 0.9452239564154752 0.2892561208033016
3 0.9494136224063823 0.2907272021467905 0.9528411383010962 0.28988127775901285 0.9544775177222391 0.29651138591329296 0.95105000192018 0.29735731004260274
3 0.9586454108731459 0.29350803541574016 0.9561993560516839 0.29602274678124835 0.952152168859584 0.2920861578947108 0.9545982230895333 0.2895714471624409
3 0.9208785734709863 0.35287692771027096 0.9214552359048866 0.35740486815256384 0.9178592634276583 0.3578628200362483 0.9172826019736249 0.3533348804824213
3 0.8640350875950844 0.2880665054676772 0.8646743435330109 0.2937882306838476 0.8607476276491752 0.29422692816128854 0.8601083728069625 0.288505203947329
3 0.9132768146929825 0.44580019517543856 0.9166666666666666 0.44580019517543856 0.9166666666666666 0.4506578947368421 0.9132768146929825 0.4506578947368421
3 0.9062091578947502 0.4846491228070468 0.9062091600245594 0.4819923067182514 0.9133771937100619 0.48199231130208736 0.9133771929824661 0.4846491259887212
3 0.8547076636117481 0.4657578515997916 0.8558701817942165 0.4621802297689818 0.8643806082843639 0.46494543871844524 0.8632180927712625 0.46852305827952906
3 0.9144736848244293 0.5021929824561403 0.9096701249999342 0.5021929824561403 0.9096701256204369 0.5005105449561403 0.9144736842105203 0.5005105449561403
3 0.9035118388158025 0.5298798223684272 0.90667354141749 0.5288501481935951 0.908808075292086 0.5354038527300943 0.9056463729556299 0.5364335263290754
3 0.9282622697950274 0.5508798736453543 0.9260498651923399 0.5591359252847958 0.9222361173245872 0.5581140350876768 0.9244485236570199 0.5498579862001521
3 0.8561904312927027 0.5593093028206833 0.8580868744143118 0.5625375680011274 0.8517047641910267 0.566286371551927 0.849808323429329 0.563058108419478
3 0.8826754401770813 0.6513157894736843 0.8761567470006639 0.6513157894736843 0.8761567486401418 0.648822667763158 0.8826754385964932 0.648822667763158
3 0.8612516243808841 0.6030701753780254 0.8612516260965322 0.6005206436403274 0.8662280707279706 0.6005206464937881 0.8662280701754526 0.6030701770683203
3 0.8662280715528823 0.6096491228070177 0.8603425530420736 0.6096491228070177 0.8603425544874881 0.6070625021929824 0.8662280701754526 0.6070625021929824
3 0.8832043074604599 0.6156532795624133 0.8817249893713779 0.6191745203348179 0.8752045855263759 0.6164355296052558 0.876683904407173 0.6129142911696764
3 0.8669434098299007 0.646024713934763 0.866097098779619 0.6496900360635097 0.8599046597252027 0.6482604017893232 0.8607509723634621 0.6445950819578407
3 0.8651315805656168 0.6578947368421053 0.8592185962087342 0.6578947368421053 0.8592185981253806 0.6549060690789474 0.8651315789472847 0.6549060690789474
3 0.8603171130899909 0.6644062988095032 0.8593640938255476 0.6613691059494424 0.8651315789473983 0.6595596085526743 0.8660845992234272 0.6625967995612208
3 0.864035088583023 0.6655701754385966 0.8593177927631359 0.6655701754385966 0.8593177944906074 0.6628572236842103 0.8640350877192304 0.6628572236842103
3 0.8837719293445616 0.6151315789473647 0.8837719317115216 0.611842104449357 0.8892543866467122 0.6118421081758013 0.8892543859649322 0.6151315809873815
3 0.889254385509048 0.6175529171017746 0.8895966576350247 0.6205192494618041 0.8838018865654931 0.6211878022186017 0.8834596162280377 0.618221471491206
3 0.8892543879646837 0.6228070175438595 0.8826754381851742 0.6228070175438595 0.8826754395436183 0.6201132905701754 0.8892543859649322 0.6201132905701754
3 0.8749128125000425 0.6458333333332777 0.8749128132517399 0.6447191751324708 0.8799225988872195 0.6447191779671113 0.8799225986840611 0.6458333356188236