3 0.9138911435044292 0.7907827356648106 0.9277351569375014 0.7912630622071531 0.9268887083333084 0.8156547182017537 0.9130446949748148 0.8151743930935546
0 0.38830221158116274 0.43087016033602304 0.387580520977167 0.4448160019263456 0.31600324890348475 0.44111192434212226 0.31672500216473054 0.42716614908874584
0 0.5962631631832664 0.7315282995647182 0.5971822604383306 0.7461522931426706 0.5272136469297948 0.7505486469298623 0.5262946719617503 0.735924769008682
0 0.3639317832148663 0.765178571292028 0.3635048069426148 0.7790901024298281 0.2920180773045331 0.7768960524842742 0.29244516666665277 0.7629846381578514
0 0.36880587443693 0.7439642649818867 0.3682300742073039 0.7578732141625049 0.2973192521930059 0.7549378201753993 0.29789516014614037 0.7410289836427917
0 0.2932575142542646 0.7351865394737109 0.29380341564160517 0.7220073653733233 0.36474411074561885 0.7249451348684635 0.3641983174558163 0.7381242049218832
0 0.29569455701766856 0.7154352598683736 0.29621019984710983 0.7029863821498932 0.36718115350868175 0.7059253837718814 0.36666561011759313 0.7183741657776654
0 0.36880587832797573 0.6847104732256392 0.3680863501843987 0.6986144239801907 0.2973192521930059 0.6949524506579424 0.2980388780791827 0.6810486033906192
0 0.29894394846485284 0.6759326995613895 0.29933522429598725 0.6634829256376177 0.3696181962718583 0.6656912949561198 0.36922701256708024 0.6781409794381362
0 0.30219333881586863 0.6561814188597054 0.3024814782758085 0.6422715146582537 0.3731556184541205 0.6437351245368345 0.37286757831009254 0.6576449313524899
0 0.3753046522482464 0.6254566732245282 0.3747652842376965 0.6386354519384271 0.30300568640348047 0.6356986096491627 0.303545141364566 0.6225199218097947
0 0.30543711428708775 0.6152154527925213 0.30625507675438257 0.6020482807017479 0.376974557397034 0.6064407870391191 0.37615668663158885 0.6196078723068152
0 0.37734248696608574 0.5866986726597823 0.3769293256578976 0.5998536940789887 0.30665418236071673 0.5976465257446233 0.3070674243421081 0.5844915877193092
0 0.3078797730263432 0.5764447697368538 0.30828455499499796 0.5632647341228487 0.37977105343759376 0.5654598122491579 0.37936635584617306 0.578639765891129
0 0.3801787348251082 0.546451629906062 0.37963455803730994 0.5595966970840791 0.3089602167422072 0.5566709583846717 0.30950446820168054 0.5435259692982406
0 0.30625507675449626 0.5369422094298224 0.3073300580722389 0.5236644274755505 0.37962888643801307 0.5295171312964068 0.378553988917929 0.5427948350264193
0 0.38261577249454604 0.4879293663420039 0.38218466890430136 0.5018151025965469 0.31151033594824185 0.4996208488724106 0.3119415109649708 0.4857351864035574
0 0.5304630383772064 0.7154352598684666 0.5307428477145777 0.7022386592397801 0.6011372872807215 0.7037307971491779 0.6008575804305565 0.7169272973594094
0 0.5998510968880737 0.5720639894892031 0.5995125910087609 0.5852231162280266 0.5423096829071028 0.5837515988603116 0.5426482532895989 0.5705925383772453
0 0.5450852960526618 0.561814191886006 0.5457351099157677 0.5493694105518063 0.601949634868447 0.5523043157894852 0.6012998833042502 0.5647490376882414
0 0.6157595496882777 0.2984635792441358 0.6154797692980765 0.3108933091267506 0.550491913345013 0.3094304238654165 0.5507717302631363 0.2970007313596672
0 0.8059832713714741 0.3164568413610886 0.790414297149141 0.31089978070174257 0.8130257666616671 0.2475519606278019 0.8285946589833202 0.2531090052403019
0 0.6076360762961031 0.3942938622052219 0.6070915233304959 0.40820344137418074 0.5507717302631363 0.40599853728073787 0.5513163290229386 0.39208900586943096
0 0.6100731182024219 0.35698591040829036 0.6095571588117537 0.3701650729778599 0.5532087730263129 0.3679590339911831 0.5537247717345508 0.35477991240879553
0 0.5499593826754385 0.37454279495614035 0.6068237203947369 0.37454279495614035 0.6068237203947369 0.38771031469298245 0.5499593826754385 0.38771031469298245
0 0.5515840778508772 0.3343087050438597 0.6076360679824561 0.3343087050438597 0.6076360679824561 0.3474762247807018 0.5515840778508772 0.3474762247807018
0 0.5506215866410002 0.32845476177342475 0.5507717302631363 0.315288953947401 0.6150972968245014 0.3160224232968593 0.6149471952451222 0.32918818953151724
0 0.5465598578223307 0.28822067311735416 0.5467099923245087 0.2750548651315958 0.6110355552738156 0.2757883052865018 0.6108854575659279 0.2889540768709348
0 0.6027620048012068 0.5347473374476068 0.6017792792588352 0.547297257364902 0.5442729484649362 0.5427944407894473 0.5452557282089856 0.5302445802684075
0 0.6165719273137711 0.2706656928216066 0.5531688187531927 0.2669600942195699 0.5539812017635768 0.2530610459974612 0.6173842401316278 0.2567666425438598
0 0.6141322240373484 0.25022835718207176 0.5507717302631363 0.2465252379385942 0.551586876154488 0.2325788742641655 0.6149473050062397 0.23628199160556904
0 0.6060113823857591 0.4557422575239466 0.6054680744102825 0.46962008828479584 0.5494160222507389 0.4674256916400743 0.5499593826754108 0.4535479155701779
0 0.6045609584961085 0.47476431292221316 0.6043866776315099 0.4879297730263234 0.5489727014942218 0.4871961303393971 0.5491470350876853 0.47403072368424237
0 0.5458976447367831 0.5054864671052468 0.5466365415140899 0.4915402205937436 0.6027619824561725 0.4945135328947145 0.6020231482943927 0.5084597196772704
0 0.6027619897168961 0.5120699447184067 0.6024041440321071 0.525980747009232 0.5450852960526618 0.524506218201788 0.5454432030066982 0.5105954788283086
0 0.3866775182633546 0.4689096220901462 0.3859640377454525 0.4828553584347687 0.31356620614030817 0.4791514265351099 0.31427975561371113 0.46520576312162487
0 0.3151909013157592 0.42062911513156287 0.3154607219589707 0.40745048812571355 0.3869472516017822 0.40891390412286704 0.3866774916776876 0.42209247158152363
3 0.8001625061850746 0.7710314588706628 0.770161652401157 0.7688108320248213 0.7709740396771849 0.7578378979301217 0.8009748168859687 0.7600585219298276
0 0.3192526403508964 0.3994147774122626 0.31952245500326626 0.3862361504217832 0.3910089880597525 0.38769954831280434 0.3907392310212572 0.40087811880066937
0 0.16815597039476415 0.5479151425438373 0.16885182544558575 0.5340097668123378 0.2420796096490676 0.5376737379385567 0.24138384279797265 0.551579029377839
0 0.2426411636577086 0.5194077840836836 0.2420796096491813 0.5332845646929767 0.16921903523484616 0.5303360999362993 0.16978066666661107 0.5164594002193141
0 0.17221770942978765 0.5135332850876874 0.17264492735273507 0.4996219664751466 0.24451665350886742 0.5018288223684597 0.24408951521115796 0.5157400636073083
0 0.2445167301972333 0.4952450667577381 0.17300679314280387 0.49127483660666244 0.17381921878836692 0.47664425880358713 0.24532900109647926 0.4806144846491206
0 0.17303005701762686 0.472567666666698 0.17345246232014233 0.45865636243734953 0.24614134868420479 0.46086320394733055 0.24571901738090673 0.4747744362637146
0 0.17465475219296422 0.43087051973684976 0.1750327598314243 0.41842096634325543 0.24776604385965584 0.42062911513158385 0.24738809666871475 0.4330786097814609
0 0.17952883881578946 0.3606437456140351 0.2510154342105263 0.3606437456140351 0.2510154342105263 0.3752743234649123 0.17952883881578946 0.3752743234649123
0 0.17790414254386633 0.35259692763152245 0.1787509349416041 0.3386503348157425 0.25182778179828347 0.3430870515351256 0.2509810464813427 0.357033590256751
0 0.2542648762121189 0.33577176315789475 0.1811535286101389 0.33577176315789475 0.1811535797291981 0.32187271381578947 0.2542648256578559 0.3218727138157896
0 0.2550771839390791 0.30212116996993177 0.25451428983274127 0.3160305781207401 0.18221528993012726 0.31310467897159083 0.18277822916672903 0.2991953179824544
0 0.1852196394289649 0.2786417049977552 0.2583684426317632 0.2831543807197855 0.257514216008758 0.2970007313596502 0.18436541305652554 0.2924880583814525
0 0.1844029243420664 0.2743233355263673 0.18467001186991183 0.26112809882739535 0.25832656359648354 0.26261887390349703 0.2580595166002695 0.2758140708323692
0 0.25832657210742127 0.24359891376787965 0.2577572878152523 0.2575079479216475 0.18602761951751745 0.25457205592107635 0.18659694003792993 0.24066305962053106
0 0.2615759609550423 0.22384764734613186 0.2611537444032592 0.2377587329503847 0.18885476034358817 0.23556430594031433 0.1892770109649291 0.22165325548248271
0 0.18846466337720358 0.2143379660087319 0.18944830568420912 0.20045085646735175 0.26174720328208423 0.20557174894173885 0.26076359520959613 0.21945882628233812
0 0.16734362280692494 0.5713240668859231 0.16776606668440763 0.5574126763841646 0.24045491447361655 0.5596196052631149 0.24003256026549025 0.5735309086076038
0 0.1664997219407951 0.5896103737262334 0.16734362280703863 0.5757132401316333 0.23968678915355213 0.5801056249361848 0.23884298297548412 0.5940026687834935
0 0.16571892763157894 0.5976591074561404 0.23883021929824563 0.5976591074561404 0.23883021929824563 0.6122896853070176 0.16571892763157894 0.6122896853070176
0 0.16003249342111303 0.825896122806967 0.1604240585268144 0.8127153520004292 0.23476848135953787 0.8149231896930247 0.23437704223817946 0.8281038380041853
0 0.39073925212073846 0.35040204237411465 0.39002788729669646 0.36430630938332503 0.3184402927631709 0.36064374561403817 0.3191517085729174 0.3467395324751079
0 0.3948063398333943 0.33211417362917206 0.3939886271929254 0.3452816381578724 0.3233089686891617 0.3408923619134133 0.32412672587724956 0.3277249451753913
0 0.39642567530529504 0.31016799374509263 0.39615291054394675 0.3233469405253835 0.32547861350246876 0.32188409602489604 0.32575142214909647 0.3087051940789612
0 0.32575142214909647 0.301389904605207 0.32588630584712064 0.2882154498953489 0.3973728562839369 0.28894723566334996 0.39723801535524217 0.30212164804363234
0 0.39913513560316005 0.26920804804382265 0.39886271271927853 0.2823701535087553 0.32791600373468555 0.2809016419943838 0.32818846491227305 0.2677395756578702
0 0.3290008124999986 0.2611558157894847 0.3295465088973515 0.24797725510647975 0.4002207124713095 0.25090358911542426 0.39967505384731794 0.2640821134150288
0 0.15434606030703435 0.8054133135964352 0.15504003025728252 0.7915482583968061 0.2281511624688619 0.7952066261966296 0.22745732198245605 0.8090715576436543
0 0.16409423245613652 0.6298463793859428 0.16468697350342154 0.615206351053594 0.23720552412282814 0.618141916666652 0.23661288791436164 0.632781843988629
0 0.1559707554824854 0.7849305043859843 0.1568177972860667 0.7709835373571811 0.22989439473678885 0.7754206293859898 0.22904748098153505 0.7893674750599278
0 0.1559707554824854 0.7659107532894271 0.15652774767113442 0.752000788612208 0.22989439473678885 0.7549378201754366 0.22933752530866514 0.7688476665374188
0 0.1584077982455483 0.7468910021929668 0.15901319966496885 0.7329471307544874 0.22745735197372596 0.7359180690789325 0.2268520628119859 0.7498618326291165
0 0.15840779824566198 0.7264081929824454 0.15924535628971626 0.7124618814209772 0.23235649712069062 0.7168517068875704 0.2315190574894359 0.7307979061775709
0 0.23395615785761947 0.6781266842968755 0.23342875209743852 0.6913062091051023 0.16031734025148126 0.6883805944346869 0.1608448421053481 0.6752011699561594
0 0.16084484210523442 0.6671543530701376 0.16214439770021727 0.6525665375069476 0.23606787374797022 0.6591509162506838 0.2347684359754112 0.6737386224289817
0 0.8398295429884683 0.31768119083659135 0.8269699429824868 0.3087051940789553 0.8628513076938589 0.2573005830071666 0.8757108575199481 0.26627655509055853
0 0.7343108553551474 0.24964926732557663 0.7473598695175951 0.2574981710526601 0.7149173985151265 0.311433373856887 0.7018684002192686 0.30358449122808023
0 0.7018684168233449 0.259692731862098 0.6708670504233396 0.30788866417379057 0.6594941695557281 0.30057337384308747 0.6904955317982058 0.2523774692982827
0 0.8659626315788955 0.4191660570175253 0.853422149253106 0.41092852749566605 0.8875408865706049 0.35899004972863646 0.9000813007503439 0.3672275489027674
3 0.9520714788774285 0.11850766352509133 0.952071486842101 0.1287490855263665 0.922826972719804 0.1287490972889095 0.9228269703947944 0.11850768092104809
3 0.8935824509135273 0.6364301391892019 0.9066144924649961 0.6368686221771717 0.905767668859653 0.6620336502192997 0.8927356273633222 0.6615951683230152
3 0.8765231505861948 0.6378931962065234 0.8911790153986203 0.6384181299086502 0.8903330629749462 0.662033650236308 0.8756771982283453 0.6615087177622204
3 0.8602975996436726 0.6368725379631905 0.8740861085526603 0.6378931962719288 0.8724400119497204 0.6601281911488746 0.8586515032894795 0.6591075350877212
3 0.8391551869656269 0.6591075360964238 0.8253111442193131 0.6586271736868259 0.8261235276901289 0.6352182483482528 0.8399675065790007 0.635698609649124
3 0.8082859462718943 0.6569129484649553 0.8082859878574027 0.6356985791796628 0.8212835243099335 0.635698609649162 0.8212835098684081 0.6569129517979759
3 0.7749796907894506 0.6554498903508275 0.7761823267019281 0.6327501363150182 0.789992205329554 0.633481700130336 0.7887896017359708 0.6561814233463917
3 0.7408610888157895 0.6291148497807018 0.7538586513157894 0.6291148497807018 0.7538586513157894 0.6554498903508772 0.7408610888157895 0.6554498903508772
3 0.9188604269230609 0.5457274139965642 0.9179528837719317 0.558156547149157 0.8878007952012013 0.5559550709180288 0.8887083673245115 0.5435259692982837
3 0.8887083673245115 0.5844915877193226 0.8895784817690355 0.5741864769392468 0.915573578174758 0.5763811367130595 0.9147034892509964 0.5866862237305263
3 0.8911454100878018 0.6049743969297809 0.8916586183684103 0.5947180258864065 0.9209031027775154 0.59618117621819 0.9203899232406911 0.6064375197891262
3 0.886319334267796 0.5251803872057706 0.8870836721491742 0.5149963421052364 0.917092496143141 0.51724837089596 0.9163281842197648 0.5274323916513005
3 0.9317627949561711 0.36722750548242655 0.9332814343605378 0.34024639003736984 0.9462789768905395 0.3409779382599147 0.9447603574144523 0.36795903473231717
3 0.9406986346533586 0.4081931252662571 0.9286113669403449 0.4071048522445992 0.9310484337825073 0.38003828357953046 0.9431356622807243 0.3811265548245626
3 0.9398862454073651 0.42721285755677907 0.9398862708333127 0.44989027083329186 0.9277010561412453 0.4498902698383025 0.9277010491705369 0.42721287499997596
3 0.8887083673245614 0.11850768092105263 0.9187652313596492 0.11850768092105263 0.9187652313596492 0.12948061403508773 0.8887083673245614 0.12948061403508773
3 0.7877238309935137 0.12723146952654368 0.7879772543859644 0.11850768092107387 0.815038146601978 0.11929378322880792 0.8147847277684832 0.12801756740367345
3 0.7839155163171654 0.08339428062530355 0.7832736635584752 0.09218508895614788 0.7532167953444286 0.08999051205575141 0.7538586513157952 0.08119970723680056
3 0.8099105837645766 0.7673738068039098 0.8099106414473454 0.7564008782894285 0.8407798725343127 0.7564010047542665 0.8407798541664988 0.7673738939586048
3 0.6953696184210685 0.08266276535092977 0.6979728353281871 0.07206314269549494 0.7262388300438261 0.07900512061405539 0.7236356175368428 0.08960473947014262
3 0.7855291747004003 0.08997722548405578 0.7863525592105134 0.07900512061403564 0.8156081073536825 0.08120054963660814 0.814784727323854 0.09217265029526511
3 0.5320877338429 0.08266276610289758 0.5217322720938 0.0558305696002432 0.5331051377681888 0.051441398950347765 0.5434606008772107 0.07827359210522168
0 0.62794478921478 0.6708114231078953 0.6272313033300634 0.6847571855420644 0.5548334682017639 0.6810534013158211 0.5555470524268458 0.6671077429496246
0 0.8034118752524364 0.8302845788375129 0.8031604361661948 0.8427155961114647 0.7308613655357021 0.8412531408194374 0.7311129166666888 0.8288222379385967
3 0.9114541087641328 0.7644475368282784 0.9109814293087766 0.7754700258979969 0.8768627784535283 0.7740070831358474 0.8773354999999583 0.7629846381578977
3 0.5467099923245087 0.07461594736843212 0.5552923127502254 0.06798605749873717 0.5694557269737288 0.08632041008769688 0.560873408210341 0.09295029807494579
3 0.7506092534046047 0.12874908552626682 0.7506092609648931 0.11923920942986109 0.7782290848317643 0.11923922707381356 0.7782290822368623 0.1287490981843044
3 0.5025089148406323 0.0058803346310553695 0.513403736842065 0.009509876096481403 0.5031775191853285 0.04020598623025881 0.49228269736840957 0.03657644517545215
3 0.5167542626915065 0.01861823924880664 0.5280259956140299 0.024140453947391324 0.5149272970638776 0.050877005498113886 0.5036555646929628 0.045354791666671106
3 0.5678310317982778 0.10168251644740618 0.5727277342102752 0.09208664333289529 0.5970981559528354 0.10452264722255826 0.59220145836548 0.11411851620740551
3 0.6425670216508479 0.11192389709394335 0.641274912654012 0.12220709755738728 0.6060113728070746 0.1177761524123093 0.6073034872435983 0.1074929583234554
3 0.7051177935205715 0.11192390420322816 0.7036540493289749 0.12028340458900395 0.6726238803959177 0.11485004920286225 0.6740876281337478 0.10649055336497533
3 0.7089610898595993 0.1257768649497744 0.7091795285087983 0.11704462280703953 0.7402671743610654 0.11782227598880683 0.7400487408730214 0.12655451309774823
3 0.7444954447022383 0.4659646628163702 0.7449228267544186 0.4564740307018031 0.7778440908588209 0.45795641837130197 0.7774167317376168 0.46744702847368624
3 0.6238830219298246 0.48134601315789477 0.6385052807017544 0.48134601315789477 0.6385052807017544 0.5106071688596492 0.6238830219298246 0.5106071688596492
0 0.4411048130358495 0.7673731433726151 0.4406834016627954 0.7812595190205048 0.36838432278443634 0.7790654821977371 0.3688058486842465 0.7651792247806776
0 0.4102355811403413 0.26408193092106524 0.41077509353522146 0.25090301283762334 0.4825345252193074 0.2538405263158295 0.481995051610852 0.2670194070160995
0 0.46709994176194414 0.37307941710696696 0.46610113839926726 0.38702361911467725 0.394614466101757 0.38190317855464534 0.3956133223684901 0.36795903399118124
0 0.4021121041666902 0.3635698607455747 0.40278630923523906 0.3503949571144011 0.4744110482455426 0.35405998574557046 0.4737368972660079 0.36723483771323245
0 0.40346058396812623 0.34160112135391696 0.40454914692986677 0.3284564736842114 0.4754995396568802 0.3343318652808393 0.47441102837319704 0.347476464755217
0 0.47684809645045334 0.3138256298902334 0.47659339675351475 0.3262732983328417 0.4051067524469545 0.3248104639798266 0.4053614945175923 0.31236283881574073
0 0.4784727989303974 0.2948058984352357 0.47775543960915456 0.3086678665318827 0.4070811356559716 0.3050104232963429 0.40779853728076887 0.2911485000000534
0 0.4809098384079107 0.272128517755444 0.4803718069762226 0.2852740541754525 0.4088851641395195 0.28234813049704605 0.4094232335526158 0.26920263377192666
0 0.7317918749594128 0.7044609761610923 0.7319252642544143 0.6912948059210101 0.8043574900144677 0.6920282973506763 0.8042242031613114 0.7051943661487455
0 0.3920974741652117 0.4228183085086713 0.3923639320174743 0.40965618092107187 0.46492926583925964 0.41112500117625034 0.4646628698585573 0.42428706806804994
0 0.7028930159535776 0.33852295853127234 0.7148659627192728 0.34601316776315166 0.6813474185139512 0.39958967056177336 0.6693744923245504 0.392099487938597
0 0.7187433583690108 0.411520855795011 0.7051177905701707 0.4052670076754506 0.730485032508227 0.35000076402906694 0.7441105177558711 0.3562545900800861
0 0.7416734364035165 0.41185076864034226 0.7277175570926602 0.4048254311819891 0.7553375069841195 0.34996081147278474 0.7692933033664531 0.35698612387794376
0 0.7631690233248491 0.41184707050699565 0.7497969133772813 0.40380395065791336 0.7819164067409474 0.35040610318637216 0.7952884418594977 0.3584491939300792
0 0.8210041436572055 0.35308651576018024 0.8334687247806869 0.35991221600874895 0.8036912084429559 0.4142872698170719 0.7912266447368665 0.40746159429824347
0 0.8282384431041692 0.4124753989191526 0.8155970756578199 0.4052670076754182 0.8468226147621181 0.3505092975505471 0.8594639087253881 0.357717662372365
0 0.46506667358005416 0.39138002017920626 0.4646628760965541 0.40453547916663757 0.39277242676485 0.402328774602776 0.39317627960531354 0.3891733728070686
0 0.4638505474752037 0.4316016733153821 0.46318614827293914 0.4447356448443559 0.39088712548561944 0.4410783118630892 0.3915515844298625 0.4279444035087479
0 0.4420442619984897 0.7461601413975014 0.4419171403508244 0.7585954649122381 0.370303321259712 0.7578631655910346 0.37043054385969754 0.7454279440789487
0 0.45166532307757734 0.6086315235395472 0.4513957063621774 0.6218102340139502 0.3793663684210742 0.6203365032894343 0.37963607211759154 0.6071578816466673
0 0.37043054385958385 0.7351865394736407 0.3713775473433998 0.721970469398071 0.44286399401335075 0.7270918023740066 0.4419171027602715 0.7403077669843314
0 0.37205524013154445 0.7183613749999513 0.3724376460345411 0.7059115681476485 0.4443541831141147 0.7081199703947687 0.4439718773766117 0.7205696799400176
0 0.3736799353069955 0.6986100953947516 0.37436420177732543 0.6853933061379933 0.4459788793859616 0.6891002192982992 0.4452947178674549 0.7023169083763487
0 0.44760359216320467 0.6678853015742213 0.44720435661383817 0.6810408001459288 0.3749053004413554 0.6788466959645999 0.37530463048244656 0.6656912949561447
0 0.4484116766398074 0.6628355231829242 0.3761169780701721 0.658376005482454 0.3769774659253926 0.6444298168193814 0.44927196388027824 0.6488893283136067
0 0.45004063392536864 0.6283827742513384 0.4496406348380333 0.6415633554527599 0.37734158503167237 0.6393692238098495 0.37774167324562313 0.6261887346490976
0 0.3809910646930348 0.5991221655701524 0.3816280345923815 0.5866766846889973 0.45329000767537764 0.5903438190789546 0.452653122494894 0.602789219067988
0 0.4622258518521676 0.45208447405358837 0.46158913141528046 0.4645298349263815 0.39010245788063 0.46087251164686527 0.39073923684213696 0.44842721271933544
0 0.45572707113751676 0.570592064859998 0.4552103477435594 0.5830739973142612 0.38342810745621136 0.5801024144736286 0.38394490597829645 0.5676205606187066
0 0.3866774978069998 0.5596196052631713 0.3873144241351838 0.5471746373482137 0.45880092121944926 0.5508327571568868 0.45816407378652 0.5632776497300712
0 0.3866774978069998 0.5405998541666807 0.3870598368738456 0.5281501978052567 0.45897644188596587 0.5303584495613674 0.4585941780178473 0.5428080328675743
0 0.38586515021938794 0.5201170449561903 0.3866409492227376 0.5076278887111255 0.45816409429812666 0.5120702269736614 0.457388369611067 0.5245593128690228
0 0.45910663121583184 0.49232784899964566 0.45816409429824034 0.5054864671053166 0.3865472427163468 0.5003567912005027 0.3874898453947253 0.4871982445175006
0 0.4613185041868064 0.4718728638134354 0.4606011370614169 0.4857351864035629 0.3892094541604365 0.48204074405140146 0.38992688925441144 0.46817849342100415
0 0.2632006633855326 0.18507664581797256 0.2620900471280265 0.1989518477819827 0.1889787156183047 0.19309975163598828 0.19008935855265463 0.17922457894737528