3 0.9229079409087717 0.32045507741010937 0.9252808991228676 0.3176123804824455 0.9315864391310242 0.32287580262073257 0.9292134821390619 0.32571849840396466
3 0.24831460635959957 0.30434782565789703 0.24871373643725292 0.3013051152394708 0.25505617982457807 0.3021370668859313 0.2546570507410024 0.3051797764051297
3 0.2478292929276904 0.21446870622740555 0.24662921381582237 0.21812822368417972 0.2419166349018269 0.21658283148717217 0.24311671432360527 0.2129233146257606
3 0.2404494385964912 0.2785556370614035 0.24494382017543861 0.2785556370614035 0.24494382017543861 0.282240235745614 0.2404494385964912 0.282240235745614
3 0.21235954972166837 0.406779661002028 0.21552587601377127 0.40758424601939564 0.213659053182937 0.4149304766432632 0.21049272703100996 0.41412589200756705
3 0.21573033615925397 0.40014738369339736 0.21803619565741883 0.4005380072785306 0.21685393346524506 0.4075165811998416 0.21454807400959908 0.40712595778477156
3 0.25168539672051793 0.9322033903508772 0.2455056184211344 0.9322033903508772 0.24550562179456392 0.9285187916666667 0.25168539364040043 0.9285187916666667
3 0.2753938361505561 0.9531117059120917 0.2728664581538851 0.9547971686842445 0.2682591428919068 0.9478903247813143 0.2707865164474015 0.9462048640350968
3 0.23719810837690147 0.876816887975635 0.24005363728338125 0.8797187863772227 0.23539325877197825 0.884303610745651 0.23253773242583975 0.8814017148875375
3 0.3129213486841991 0.43257184978074975 0.3131891720574913 0.4303260353504078 0.31936894601483345 0.43106295834410174 0.31910112365096666 0.43330877185517813
3 0.33033707894736847 0.43109800986842106 0.3348314605263158 0.43109800986842106 0.3348314605263158 0.43404568859649123 0.33033707894736847 0.43404568859649123
3 0.2573033706140351 0.309506264254386 0.2623595504385965 0.309506264254386 0.2623595504385965 0.3124539429824561 0.2573033706140351 0.3124539429824561
3 0.2691011239035106 0.31540162171052266 0.2691011254415798 0.3117170208149023 0.27528089912277665 0.31171702302636034 0.275280898672122 0.3154016228345768
3 0.24943820175438597 0.28813559320175436 0.2550561798245614 0.28813559320175436 0.2550561798245614 0.2918201918859649 0.24943820175438597 0.2918201918859649
3 0.8994382030281258 0.30655858416717235 0.8965492469823175 0.3096418891722571 0.8926166630329817 0.3059572910714806 0.895505618420998 0.3028739868421039
3 0.20072320036626934 0.3569110772074964 0.1988764046052438 0.35814296271932455 0.19478241913077454 0.35200565037158627 0.19662921381575416 0.35077376535087484
3 0.4632029403614979 0.21498006284430093 0.465168539473666 0.2122328662280741 0.47162851855671306 0.21685486882933647 0.4696629202434224 0.21960206472742813
3 0.3567415792452948 0.9454679420764442 0.3545528471989883 0.9462261928200719 0.3517438573180698 0.9381200776610271 0.35393258442979914 0.9373618278508824
3 0.358676392001712 0.9503802186098174 0.35674157346488755 0.9513633015350845 0.3542449592413277 0.9464510262216046 0.3561797752192888 0.9454679440789354
3 0.36233542658430906 0.9585281360017762 0.35984771123958126 0.9595814740754833 0.3565010543633207 0.9516797183373011 0.3589887642543772 0.9506263815789282
3 0.6960674161246061 0.20854826864035092 0.6910112352499027 0.20854826864035092 0.6910112358696097 0.20486366995614042 0.6960674155701554 0.20486366995614042
3 0.691573033991228 0.2085482686403509 0.6966292138157895 0.2085482686403509 0.6966292138157895 0.2122328662280702 0.691573033991228 0.2122328662280702
3 0.6966292143870305 0.21518054495614036 0.6915730333528245 0.21518054495614036 0.6915730339912898 0.21149594736842103 0.6966292138157542 0.21149594736842103
3 0.7033707859681044 0.13706705914873585 0.7056429492949974 0.13771663196069073 0.703957556932437 0.14361198939350328 0.7016853936403322 0.14296241666665332
3 0.7449438202911551 0.14075165736530265 0.7434831266122046 0.14743305914041324 0.7401123399531571 0.14669613920977406 0.7415730339912443 0.14001473793856892
3 0.7634831458882445 0.25423728840111626 0.7610547450628928 0.2531794146142187 0.7634831458333338 0.24760501096492843 0.7659115456752943 0.2486628845059859
3 0.24269662938593228 0.21296978618422643 0.24309575325082733 0.20992707705952554 0.2487137295059938 0.2106639983608014 0.24831460625614454 0.21370670692932162
3 0.2741573037280702 0.17759764144736845 0.27696629166666664 0.17759764144736845 0.27696629166666664 0.18496683881578946 0.2741573037280702 0.18496683881578946
3 0.27134831469298243 0.17759764144736845 0.2741573037280702 0.17759764144736845 0.2741573037280702 0.18496683881578946 0.27134831469298243 0.18496683881578946
3 0.2646201687230132 0.15971782443492852 0.26741573026322385 0.15991157017544122 0.2668405056149368 0.1682114321037794 0.26404494407893253 0.16801768640350576
3 0.2477528095278103 0.1260132642812637 0.2443440588804151 0.12572452212656668 0.24494382017542193 0.11864406798245919 0.24835256992514587 0.11893281009893023
3 0.274719100877193 0.15991157017543858 0.27696629166666664 0.15991157017543858 0.27696629166666664 0.16728076644736842 0.274719100877193 0.16728076644736842
3 0.7674157303849825 0.25865880596748875 0.7644725703295308 0.25753695509934427 0.7668539331141346 0.25128960964914027 0.7697970917952262 0.2524114602260302
3 0.7685393250120569 0.2719233605267815 0.7715069992179906 0.27292886366479535 0.7691011239201089 0.28002947697932157 0.7661334498653787 0.2790239741581787
3 0.8573033706142041 0.49373618311405343 0.8588800318152607 0.4907314538068895 0.8644980071389909 0.493679136015393 0.8629213476103814 0.49668386388852637
3 0.8820224713242624 0.2225497414333163 0.8833565491569288 0.22966894818691735 0.8794239648756275 0.23040586805365637 0.8780898881578878 0.22328666228071267
3 0.9148643196509738 0.24386744592067655 0.9123595504385094 0.2468680910088074 0.9053604002558586 0.24102569890213513 0.9078651688596437 0.23802505482453618
3 0.8909058966818293 0.3101247472859199 0.8932584265351124 0.3080324243420846 0.8972963487084371 0.31257238007885824 0.8949438194273398 0.3146647024197255
3 0.9017251881417678 0.30428729188621867 0.8996340518800707 0.30614713796529713 0.8950998754639841 0.3010492336518192 0.8971910109648888 0.29918938815792456
3 0.9088327084009507 0.29143418096489015 0.9063756257320392 0.2936195035906629 0.901475502685912 0.2881101563441418 0.9039325844298673 0.28592483442979544
3 0.9166598314720886 0.3187713215569523 0.9146067412281127 0.320560059210538 0.9097446639126474 0.3149795988564643 0.9117977532895338 0.3131908618420903
3 0.9150531745772241 0.3226194892694845 0.9129213486842218 0.3242446567982242 0.9091041300249572 0.31923754751148425 0.9112359550438214 0.3176123804824715
3 0.9206711550135651 0.33662096592770063 0.9185393256578891 0.338246131578938 0.9147221046705454 0.3332390192963824 0.9168539331139982 0.33161385416667594
3 0.9170737883869151 0.34157832309422725 0.9148509996452958 0.3428492025014418 0.9112603584080716 0.33656933178301957 0.913483145833311 0.33529845285086946
3 0.9180339450244901 0.3031812942822519 0.9207865164473787 0.30066322807019114 0.9252244802768246 0.3055143593512388 0.9224719095918772 0.30803242479575466
3 0.9221457542280405 0.29208512916437945 0.9207865164473787 0.2932940307017691 0.9166182911638998 0.28860757444773244 0.9179775285086862 0.28739867324565044
3 0.9207865172741094 0.26750184134898314 0.9187679697785143 0.26934843240287687 0.9153971832263323 0.2656638341004492 0.9174157302630874 0.263817243421089
3 0.9516853936403322 0.3345615328947386 0.9483139111891887 0.332562490690412 0.9528089890350202 0.32498157675436534 0.9561804691599036 0.3269806180729963
3 0.9848314608193505 0.23655121623217754 0.979857228456126 0.232759124492063 0.9815426224591874 0.23054836587178718 0.9865168541666662 0.23434045723686855
3 0.23876404495615589 0.6868091381578735 0.23671085548039628 0.6850205133302932 0.2415730339912443 0.6794399407894688 0.24362622159867442 0.6812285642397186
3 0.35902243953842117 0.9064553668618847 0.3561797752192888 0.9086219605262882 0.3533371133516994 0.9048931953331426 0.3561797752192888 0.9027266030702028
3 0.3614966974512299 0.9039195351096811 0.35842696600877844 0.9056742817982206 0.3547954423055444 0.8993229104949421 0.3578651688596892 0.8975681655701527
3 0.003932584429890085 0.7442888728070072 0.0076749244778966386 0.7417929159630832 0.011607504875769337 0.7476882770363164 0.00786516645030133 0.7501842318700994
3 0.565730334443515 0.4436256432601341 0.5690242920534274 0.4458576654874323 0.5640449440788871 0.4532056008771891 0.5607509875716232 0.45097358000308935
3 0.7792134837136473 0.26823876213155823 0.7763128923694467 0.2669751927930414 0.778651685307068 0.2616064846491363 0.781552275456761 0.2628700536890794
3 0.7876404495614224 0.27929255701753747 0.784335675149805 0.27708810929880057 0.7887640449561104 0.2704495208333436 0.79206881775292 0.2726539678149654
3 0.6803370765417185 0.735445835705958 0.6832802927635839 0.7365675428000263 0.6802658172200609 0.7444758240105604 0.6773226015629916 0.7433541179865378
3 0.8084269660087102 0.3235077379385762 0.8043320826627678 0.32101039551345206 0.8095505614035119 0.31245394298243245 0.8136454416945753 0.31495128419445634
3 0.8179775285087771 0.30803242434207606 0.8149643474364439 0.3060224945481378 0.8188969324553454 0.3001271379117403 0.8219101120816958 0.3021370670457876
3 0.8893258432017319 0.22918201864035026 0.8920363743751523 0.22866542739856074 0.8932584265349988 0.2350773760965015 0.8905478953950023 0.23559396721907475
3 0.8601123603755241 0.2196020635349615 0.8573233824503177 0.21983830527503387 0.8567415734650012 0.21296978618420603 0.8595305501313533 0.2127335444977035
3 0.7724719100974653 0.2638172434257027 0.769610322005974 0.26245379659809404 0.7724193122892302 0.2565584405869195 0.7752808991227766 0.2579218870614141
3 0.8539325844299128 0.21223286622806614 0.8562257447339334 0.21203862336444498 0.8567875417567166 0.21867090082938584 0.8544943814581529 0.21886514365058732
3 0.7853932580068204 0.2682387615614835 0.7879803950037285 0.2699292910612348 0.7842696633771311 0.2756079583333142 0.7816825267583454 0.2739174293084401
3 0.7998489214118081 0.2905841586935654 0.7968469992090377 0.2886770859091436 0.8000000000000682 0.28371407565791557 0.8030019210418686 0.2856211479514619
3 0.8056179787089377 0.28960943246477394 0.8018417208860456 0.29344782350188064 0.7995945288764688 0.2912370637469132 0.8033707861842458 0.28739867324558493
3 0.8101123600862365 0.2932940298686491 0.8075655460332882 0.29814787653882485 0.8047565564796741 0.29667403786517665 0.8073033706140222 0.29182019188593317
3 0.835393258106933 0.3220338976038259 0.838328476609945 0.3238985803759413 0.8348314605262885 0.32940309539473006 0.8318962424945084 0.32753841322558375
3 0.801685393640355 0.31392778179822894 0.7991982645357893 0.31203175016846013 0.8033707861842458 0.3065585855263365 0.8058579142106055 0.3084546165395037
3 0.8073033693042362 0.31024318233740744 0.8102591863936368 0.311995769935815 0.8062645622660511 0.31873267840028063 0.8033087456664134 0.31698009145928974
3 0.7807374796392423 0.3173704300599007 0.7832646672102328 0.31568468576242065 0.7873586465427707 0.32182199495732583 0.784831459460861 0.32350773864931054
3 0.8168539331139755 0.3338246129385828 0.8140114960536948 0.33165772516415837 0.8191011239034651 0.3249815767543553 0.8219435593698563 0.3271484636172038
3 0.820786516447356 0.3345615328947483 0.8180680323451952 0.33214374046691536 0.8224719100877564 0.32719233552632854 0.8251903931410425 0.3296101271470609
3 0.8275280899122208 0.3419307291666389 0.824458524221086 0.3401757055235038 0.8280898881579333 0.3338246129386104 0.8311594520183689 0.335579635921073
3 0.8308988760965121 0.343404569078939 0.8282526974107896 0.34189161686092656 0.8320224714912001 0.3352984528508939 0.834668648531192 0.33681140447498625
3 0.846067416131973 0.35593220289370614 0.8437773540848639 0.3557576242225837 0.8443391535757883 0.34838842797699476 0.8466292138157314 0.3485630065789444
3 0.855056181054465 0.3588798815789473 0.8516853934838764 0.3588798815789473 0.8516853952056636 0.3507737653508772 0.8550561798244871 0.3507737653508772
3 0.857865168859649 0.3507737653508772 0.8606741567982457 0.3507737653508772 0.8606741567982457 0.3574060427631579 0.857865168859649 0.3574060427631579
3 0.8387640449793707 0.3323507741354806 0.8356689497646812 0.3306654185142101 0.8387640449561786 0.3249815767543963 0.8418591385478749 0.3266669318292363
3 0.8769662916666903 0.3507737640052244 0.8769662938033207 0.3588798816882888 0.873595506142351 0.3588798815567328 0.8735955054825126 0.35077376535082144
3 0.901158358908333 0.3723268293512059 0.8943820219298004 0.37361827521929303 0.8937043904869597 0.3700628218051917 0.9004807247656572 0.36877137620143136
3 0.8859550559210526 0.029476787280701754 0.892134831140351 0.029476787280701754 0.892134831140351 0.032424466008771934 0.8859550559210526 0.032424466008771934
3 0.7947181915207011 0.1841453585361391 0.7960674155701781 0.18054532017546857 0.8002421680774887 0.18210991999860857 0.7988929445564281 0.18570995791125772
3 0.8250181152334335 0.19810213071271385 0.8264044945175328 0.19528371381578408 0.8311616592129667 0.1976237353676681 0.8297752804566016 0.20044215181412872
3 0.8410112357455546 0.2056005899122825 0.8438662139404869 0.20516529180488513 0.8449898090531178 0.2125344882196095 0.8421348308814913 0.2129697862236728
3 0.8471910109649122 0.2085482686403509 0.8500000000000001 0.2085482686403509 0.8500000000000001 0.21518054495614033 0.8471910109649122 0.21518054495614033