3 0.6594690949156075 0.0642734132229456 0.6588614630574057 0.06759540478318093 0.6505209666113387 0.0660698300954757 0.6511285986841813 0.06274783881580615
3 0.6697431896417356 0.08614568420101054 0.6709143773415462 0.09009396622897124 0.6607210477733361 0.09311762794500143 0.6595498607455283 0.08916934649121935
3 0.6278446673326243 0.06578947366120488 0.6278446677631564 0.06295578289472466 0.6381578948806919 0.06295578408127765 0.638157894736878 0.06578947456120705
3 0.6251374109893959 0.0843291864634137 0.6237629989767584 0.08810534495407199 0.6157841591564193 0.08520128482819223 0.6171585713560717 0.08142512675152226
3 0.6174529072387713 0.06818876568392315 0.616890864522361 0.06413691956014447 0.6239035087719458 0.06316417763162115 0.6244655517272122 0.06721602346477248
3 0.6249999998775593 0.056771243830924106 0.6257267867702012 0.06084741870304686 0.6177982854586617 0.06226107808193839 0.617071498903556 0.05818490350874657
3 0.6171456563098445 0.05511725117789373 0.6182825674895867 0.05115237687792101 0.6260436700805485 0.05337783865293067 0.6249067592101483 0.05734271268836539
3 0.550030868421004 0.5010964912280691 0.5500308737700834 0.49173005170967693 0.5548245633574425 0.4917300551980671 0.5548245614035068 0.5010964913224423
3 0.37390350317355114 0.9813596491227596 0.3739035087719458 0.9788285515351166 0.38377193169378643 0.978828568110193 0.38377192982454744 0.9813596619689884
3 0.21364562904932427 0.9843894164149773 0.21324897587714986 0.9802877423245137 0.22258771877670824 0.9793848981154387 0.22298437706842833 0.9834865664529517
3 0.11709852412275268 0.9824561403509011 0.1170985333403678 0.9788056055908968 0.12828947679861358 0.9788056280274537 0.12828947368416266 0.9824561566840005
3 0.06379325562431859 0.9273213426914099 0.06137880893925285 0.9304652294937305 0.05403539912276756 0.9248270964911927 0.05644984398577435 0.9216832137993504
3 0.041252395347669335 0.9854244492574746 0.04018016893587628 0.9819183713687699 0.049328296930298166 0.9791215148975326 0.05040052615834156 0.9826275877705911
3 0.3360891228070386 0.8157894737362668 0.3360891292627457 0.807446878428735 0.33991228321406197 0.8074468823187437 0.33991228070181023 0.8157894736842243
3 0.3100530614035506 0.7960526315789653 0.3100530698723105 0.7868578457314678 0.31469298578156213 0.7868578509770847 0.31469298245610844 0.7960526316840651
3 0.6275162467105263 0.05701754385964912 0.6359649122807017 0.05701754385964912 0.6359649122807017 0.06140350877192982 0.6275162467105263 0.06140350877192982
3 0.6217105259486289 0.10197676004420543 0.6231149234868099 0.10549895897904249 0.6160754518601834 0.10830577964817223 0.6146710548244982 0.10478358114031387
3 0.6940789473470659 0.09264642531429702 0.6941589318976185 0.0972286797536748 0.6858495607449413 0.09737372099436337 0.6857695767544101 0.09279146710526918
3 0.928512057925559 0.09420812109594322 0.9299641936889884 0.08949072362353588 0.9378145698292428 0.09190726407410442 0.9363624347105315 0.09662466099663351
3 0.918646520833363 0.09868421052626308 0.9186465217867408 0.09488251204436138 0.9298245617300154 0.09488251429294363 0.9298245614035068 0.09868421214633011
3 0.8881474581723978 0.11799216442753521 0.8958024773769466 0.12018719462415578 0.8942865982578496 0.12547369648852713 0.8866315791439092 0.12327866651567723
3 0.8947368417559574 0.11484062969827152 0.8955721333434212 0.11933779795198936 0.8862069190023476 0.12107725848973382 0.8853716282894766 0.11658009100879275
3 0.8985476217104633 0.11842105263153403 0.8985476225901721 0.11448110411504765 0.9067982459166615 0.11448110566692163 0.9067982456140271 0.11842105360588351
3 0.906798245314917 0.09946336307199995 0.9074210210366118 0.1037518274956528 0.8967949273329623 0.10529495493014288 0.896172152412305 0.10100649122804867
3 0.8879684484177233 0.08483541775712665 0.8984681359885371 0.08617814358645978 0.8978225798047106 0.09122617507928277 0.8873228922510634 0.08988344934176476
3 0.8637573460715657 0.0866365525516273 0.8628177697368073 0.08264992324562194 0.870614034952041 0.08081248845935514 0.8715536115654459 0.08479911735752275
3 0.8636101633696853 0.07570298903482348 0.8707588850393222 0.07595631732020244 0.8706065558386626 0.08025491767930691 0.8634578341695942 0.08000158940689923
3 0.9198028154476106 0.07565789469715543 0.9198028157894669 0.07073720833337932 0.9254385965232359 0.07073720874260062 0.9254385964911762 0.07565789479474196
3 0.9296011432261366 0.06578947339003738 0.9296011436402978 0.07017543859645445 0.9193212773662935 0.07017543875986294 0.9193212774181347 0.06578947401828061
3 0.9187207816501086 0.06389159415519191 0.9195956348684149 0.05981412609647111 0.9282786529073519 0.06167713437166531 0.9274038000869496 0.06575460208279138
3 0.9639213464912473 0.5219298247228458 0.9639213491431065 0.5153508757022289 0.967105264155748 0.5153508771930316 0.9671052631579187 0.5219298245614548
3 0.7974580142544028 0.48903508771934595 0.7974580171666048 0.4827430556771113 0.8015350887328623 0.4827430579029791 0.8015350877193441 0.48903508804656165
3 0.9060453421052443 0.5219298247091445 0.9060453459309201 0.5142543846768498 0.9100877206766427 0.514254386973465 0.9100877192981898 0.5219298245614465
3 0.9005146114370746 0.5219298246626125 0.9005146151315557 0.5138804144737252 0.904605264254883 0.5138804169698183 0.9046052631579187 0.5219298245614482
3 0.8885126373938874 0.5369702126936895 0.8907122172153095 0.5433576775890637 0.8864209048603016 0.5448352947452697 0.8842213278508098 0.5384478322368351
3 0.8797240515350495 0.543859649285584 0.8797240554088148 0.5361842095422766 0.8837719311438832 0.5361842119312489 0.8837719298245474 0.5438596491227603
3 0.813617164129937 0.5288714431401152 0.8119758653432427 0.5331713993335537 0.8040454682018208 0.5301446118421274 0.8056867682144002 0.5258446585931139
3 0.8978658492051181 0.8557250155000777 0.8996346028959579 0.8602879431508433 0.8859648310597095 0.8655856250174062 0.8841960877193742 0.861022706140346
3 0.6332397532894447 0.9780701754385985 0.6332397612522982 0.9742789474242822 0.6425438623660966 0.9742789635586502 0.6425438596490949 0.9780701863268533
3 0.6350780259326712 0.515071228742419 0.6398435829820528 0.5164376177208398 0.6375697644888305 0.5243673669001481 0.6328042078056342 0.5230009788138791
3 0.7053102664473272 0.5427631578947002 0.7053102700843965 0.5356378559430847 0.7094298257877654 0.5356378585526376 0.7094298245614254 0.5427631580936646
3 0.6853070154455736 0.4232496437702656 0.6862615610303919 0.4276799312683614 0.6749080636765257 0.43012600345161006 0.6739535219298887 0.4256957192982879
3 0.6844679483826894 0.07643501971013258 0.6958580794482714 0.08013588865338378 0.6944433660698905 0.08448993055551618 0.6830532350962812 0.08078906181919641