3 0.14538998395585168 0.01031836805479243 0.14410849829050676 0.007373684211893936 0.1507744649122742 0.004472747806978758 0.1520559505854635 0.0074174316256289795
3 0.2642543859649123 0.8100294309210526 0.2675438596491228 0.8100294309210526 0.2675438596491228 0.8168859649122807 0.2642543859649123 0.8168859649122807
3 0.32121666671241655 0.15187450673852868 0.3199780124936069 0.14897063579435674 0.3267543859649322 0.1460801743420671 0.3279930403406297 0.1489840447980775
3 0.3289473688990938 0.15570175438596492 0.3237559955840652 0.15570175438596492 0.3237559960705312 0.15175730482456143 0.32894736842104066 0.15175730482456143
3 0.33217656313593125 0.160123433742133 0.33580444325366443 0.16381283851860007 0.3316579303268554 0.16789017008696008 0.32803005074981684 0.16420076584739057
3 0.3368524192643463 0.16375457569326674 0.3392019493664975 0.1673586235487666 0.33284562326593914 0.17150236672493516 0.330496093955162 0.16789831956716483
3 0.33800124652680097 0.16944126059064163 0.3394719679083664 0.17199195982798543 0.3334241330205714 0.17547908109044272 0.33195341217867735 0.17292838232032615
3 0.3388157889286276 0.17288067340187177 0.3406603351627382 0.1760625665846849 0.33487257803153625 0.17941770184799408 0.33302803245601353 0.1762358092358854
3 0.339912281063107 0.180921052631579 0.3360241280518039 0.180921052631579 0.3360241284460699 0.17736683881578943 0.33991228070181023 0.17736683881578943
3 0.3432017548253725 0.1842105263157895 0.338098128178558 0.1842105263157895 0.33809812893218805 0.1797426337719298 0.34320175431184907 0.1797426337719298
3 0.34631637624602263 0.18378586526054416 0.3487513684433452 0.18627374872443955 0.3431373282564891 0.19176837742291492 0.3407023366228259 0.1892804945175731
3 0.3524070319595012 0.19792238717303146 0.35538914280698464 0.20106285789071413 0.35006570661369096 0.2061177934727008 0.3470835964911885 0.20297732346494712
3 0.35050231046079716 0.19334553879834868 0.35396863609548745 0.19582860717796016 0.34933606490267266 0.20229552849124485 0.3458697397693413 0.1998124607066756
3 0.3315736260964286 0.21185724122807978 0.3351312124194692 0.21000821290084837 0.3385858220033242 0.21665489410181712 0.33502823598644227 0.21850392197715796
3 0.3659240833333115 0.19482696491227905 0.36914909088807235 0.19307863585399082 0.37311685034285347 0.20039756929517225 0.36989184309527445 0.20214589791528698
3 0.3771929828167231 0.22039473684210528 0.3722682357456506 0.22039473684210528 0.37226823683181465 0.2159476600877193 0.37719298244735455 0.2159476600877193
3 0.3692330586636672 0.19375683634245824 0.37160674334541 0.19134245498787902 0.3781910729602487 0.19781572451718077 0.3758173889485761 0.2002301052062454
3 0.3820650642626333 0.19443810393818997 0.37890653058832413 0.19776499309965426 0.3720419452166652 0.1912478597201697 0.37520047807015544 0.18792097149124287
3 0.38304580168971825 0.19163375269120791 0.3802748688991642 0.19352072008379825 0.3763689309506617 0.18778507556662064 0.3791398629385867 0.18589810855260475
3 0.3857326509254335 0.18899490206271707 0.3834235072718002 0.19086010934958106 0.3784418482377987 0.18469283515455057 0.3807509912280693 0.18282762828946106
3 0.3906245014183014 0.1880711693741189 0.387836256468745 0.19040929454323463 0.3825630266852613 0.18412096453426316 0.38535127083332554 0.18178283991229294
3 0.38562484115459483 0.18122064939274699 0.38846577302626883 0.17921583223684262 0.39299506970314724 0.1856340200008163 0.39015413820004596 0.18763883671621936
3 0.3899106458333108 0.1785187609648943 0.3920712045452319 0.17716963441118735 0.3951820035813398 0.18215137462537678 0.3930214450379026 0.18350050096138595
3 0.3903508775503042 0.1600877192982456 0.3853408901986768 0.1600877192982456 0.38534089058759946 0.15701271600877192 0.39035087719298645 0.15701271600877192
3 0.38267543793460845 0.13875212437826384 0.38520970485490125 0.14113281957150825 0.3799096458361646 0.1467747344265754 0.3773753793044534 0.14439403963372432
3 0.37938596440994843 0.12755073568581618 0.38070639818511154 0.1305899456721084 0.373296102021186 0.13380945074106324 0.37197566882105093 0.1307702412429912
3 0.37609649077955964 0.12450462644947273 0.3774274906130586 0.12671098004021644 0.37103302079549394 0.13056847360716836 0.3697020213290898 0.12836212033623265
3 0.364035087235834 0.1021549894733448 0.3658507097270558 0.10462667561243813 0.3597473677724565 0.10910998189033765 0.3579317456141098 0.10663829605265822
3 0.3546644030769812 0.10073754203851903 0.35345009029435914 0.09778908691142961 0.35964912280701355 0.09523604057019387 0.3608634356944549 0.09818449540077569
3 0.3383426212803897 0.09358428125787949 0.34067451856356 0.09651397877236997 0.33473631921697233 0.10124048373158294 0.33240442229146083 0.0983107865471418
3 0.3326715405186178 0.06356247355737901 0.3370269543070208 0.06280000042623668 0.3384865656439615 0.07113760946846606 0.3341311518722705 0.07190008253343244
3 0.32068263154985743 0.1494789276028677 0.3178168450957628 0.1468220238371547 0.32254277631579953 0.14172457894740204 0.3254085622806997 0.14438148230192033
3 0.3124999996414317 0.11882509978825875 0.31381370511940077 0.12281524261404786 0.3067937882486831 0.12512645267605615 0.3054800834154321 0.12113631039837915
3 0.30440836979107644 0.10109429416896773 0.30790795270172566 0.10444157786173154 0.3012150198952668 0.11143901014104193 0.29771543749996 0.10809172697365534
3 0.49841911394821636 0.2339534382807765 0.49633522566864485 0.22975261591669172 0.5042322730263322 0.22583521600877884 0.5063161615400986 0.23003603707876205
3 0.8334902453273116 0.07788572186019208 0.831154134928056 0.08123566099540235 0.8237838710626875 0.0760959497415481 0.8261199813596249 0.07274601096491465
3 0.559210524181367 0.2733934710195723 0.5623964144434694 0.2757341387532929 0.5557244970942747 0.28481508983484044 0.552538607790666 0.28247442322350175
3 0.5551129005928033 0.2670583282373965 0.5580874019268549 0.26997945856968325 0.5542295675619471 0.2739076899765052 0.5512550668860285 0.27098656030699864
3 0.5513492486786618 0.25622788221854315 0.5538131560966804 0.2591245290343118 0.5478295040492185 0.26421415797574754 0.5453655975877609 0.2613175120614275
3 0.5372807016533443 0.23066693665360405 0.5377055984694152 0.2342272065368578 0.5327380085165032 0.2348200479999749 0.5323131123941494 0.2312597787487437
3 0.5343524513887132 0.21770488195997217 0.5361089234855854 0.2208381395437165 0.527328832623084 0.22576009305840433 0.5255723617605099 0.22262683653985046
3 0.5307017553084279 0.2160087719298246 0.5227259321802649 0.2160087719298246 0.52272593313171 0.21240831798245613 0.5307017543858592 0.21240831798245613
3 0.5104538668055056 0.22959521426436147 0.5070951924661813 0.22672850613829248 0.5119284896533145 0.22106583827852702 0.5152871629554738 0.22393254567047197
3 0.5263157889913828 0.24846647522901194 0.5273209362781017 0.2521022252354103 0.5212566353011425 0.2537787414560256 0.520251489035104 0.2501429923245238
3 0.5164473689351325 0.2576754385964912 0.5125883902045416 0.2576754385964912 0.5125883910556013 0.2531492302631579 0.5164473684210407 0.2531492302631579
3 0.515350877387732 0.25109649122807015 0.5116061533879019 0.25109649122807015 0.5116061535910603 0.24970440789473686 0.5153508771929864 0.24970440789473686
3 0.5054824554226798 0.2346439215022111 0.5083616749894873 0.23723931318934074 0.5040355448152241 0.2420384581767113 0.5011563258292426 0.2394430670987908
3 0.5023673939053879 0.23684468952181176 0.5005360136782429 0.23421027000465153 0.5056867499959026 0.2306296710170209 0.5075181300646818 0.23326408994762546
3 0.5258747550606131 0.2680032625257441 0.5275811558307169 0.27098206334965014 0.5218984873081354 0.27423729595926327 0.520192087468331 0.2712584959404744
3 0.5004445138285973 0.19440172546370635 0.503012315966771 0.1921010810878101 0.5082791002433851 0.19797939189997998 0.5057112986220318 0.2002800357328308
3 0.5247326724634149 0.28040325823485546 0.5215256581780068 0.27817154232618935 0.5264759310884983 0.27105808183820557 0.5296829437097585 0.2732897969330312
3 0.5296052623851892 0.27687923834451905 0.5313175390326705 0.2808389892747688 0.5252813904623963 0.28344907837352107 0.5235691151241326 0.27948932855467323
3 0.5323908246335805 0.2796338491352685 0.5298699858843747 0.2764821390182975 0.536184210526244 0.2714319374999753 0.5387050487154283 0.2745836465418865
3 0.5405701746632303 0.28026017237556905 0.5419940933603584 0.2838715777669916 0.5358288999350407 0.28630235282377603 0.5344049824561807 0.28269094846492177
3 0.5363303555259336 0.2865403889126731 0.5381933453868442 0.28889217417825025 0.5318122005667192 0.29394693011958584 0.529949211623375 0.29159514570020073
3 0.520629149487263 0.30014526326037066 0.5229125407673791 0.30337927786152347 0.5160178767108619 0.30824714930138325 0.5137344868421678 0.3050131359649584
3 0.5091352331503458 0.296577691522988 0.507597825332482 0.29286945409586074 0.5148603442981994 0.2898585460526447 0.5163977525728569 0.29356678217634896
3 0.5131578956519434 0.2894736842105263 0.5059005018877087 0.2894736842105263 0.5059005033934909 0.28556275 0.5131578946694617 0.28556275
3 0.5042225614572544 0.2702078317184353 0.5066834739099022 0.274018978019795 0.5006753390807717 0.2778984276345543 0.49821442791892423 0.2740872824699326
3 0.4957560526365796 0.2648313724091162 0.49290007539866565 0.261473794289205 0.49905122448490147 0.2562416966119867 0.5019072010368291 0.2595992736582172
3 0.48262437471146313 0.2427714924975861 0.4804815382772176 0.2385305003603491 0.4857456140350678 0.23587077960525016 0.4878884506126724 0.24011177082548446
3 0.4956140354499894 0.20394736842105265 0.4926628176185659 0.20394736842105265 0.49266281809650536 0.19931807675438598 0.49561403508766944 0.19931807675438598
3 0.4989035086472313 0.19830734592949098 0.5005374012101811 0.2056663091544606 0.49766520429466254 0.20630400751247444 0.4960313125000084 0.19894504495614637
3 0.3464912283046715 0.11403508771929824 0.3406572180914509 0.11403508771929824 0.340657218338265 0.11164290570175442 0.34649122807013555 0.11164290570175442
3 0.34224225274817854 0.12018978459935982 0.3414406895326465 0.11625632164066896 0.3486842105263577 0.11478023903513102 0.3494857741244459 0.11871370147201535
3 0.3502875801003711 0.1269175472289052 0.34708607102709266 0.1247971758513216 0.35181529714907356 0.11765663925436855 0.3550168054707683 0.11977701029289901
3 0.16966455624844912 0.11931564042131523 0.17250922091636767 0.12128538964181224 0.16782616569651054 0.12804851415293175 0.16498150127972622 0.12607876523757108
3 0.2916666667276786 0.015350877192982455 0.2861695756444078 0.015350877192982459 0.2861695757152347 0.009567423245614038 0.29166666666662877 0.009567423245614035
3 0.27125756041527893 0.021286546227449646 0.2763157894736423 0.01964565899122811 0.27805385915485203 0.025003463639255256 0.2729956301124048 0.026644350842410614
3 0.25524800877190046 0.051073307017537234 0.25400188059006723 0.04728840216490482 0.2620614030337265 0.04463491632035485 0.26330753133629514 0.048419820938198514
3 0.2532894735759328 0.03873855009836214 0.2544394996923529 0.042352223796293276 0.24740163675312488 0.044591972484958685 0.2462516108357704 0.04097829895635827
3 0.22916666627816085 0.06662712569729573 0.23173323800597245 0.06926422794671863 0.22583416030693115 0.07500552306799321 0.22326758881581554 0.07236842105266689
3 0.223764899827529 0.06421379014239059 0.22660468657238653 0.06731469140448798 0.22037387650959772 0.07302082134683197 0.21753409004679725 0.06991992035745742
3 0.21807956990846833 0.08550738023317907 0.2204202298379414 0.08769257339619306 0.21630789330856715 0.092097473686696 0.21396723355258018 0.08991228070172762
3 0.2349429534714318 0.07380561437476009 0.23700382352706129 0.07708254035365751 0.2291458034611651 0.08202446664084374 0.2270849338175367 0.07874754102298112
3 0.22587719256080163 0.08015372317241146 0.2285267979816581 0.08336986312136938 0.2218294010799582 0.08888747711079001 0.21917979604302218 0.08567133752120079
3 0.2011920718435931 0.09695047006015599 0.20439768385472235 0.09899398395330518 0.19983607586618746 0.10614964813705248 0.1966304640651515 0.10410613451249234
3 0.19606597102836076 0.10175695747666222 0.19811438037982043 0.10554790737330644 0.1907885299742702 0.10950635770310418 0.18874012121284522 0.10571540831333481
3 0.17835844512842414 0.11151998555392474 0.18530701754389156 0.11042279495614439 0.18601575336651877 0.11491124321529732 0.17906718097094654 0.11600843372703788
3 0.17692811999654623 0.11335391500205518 0.18094502733993068 0.11704968942372612 0.1752644948106763 0.12322378745186112 0.1712475880058264 0.1195280135889341
3 0.16529575256026874 0.12440503194384148 0.1674922583499665 0.1272692965841896 0.16062166698975489 0.13253808912139492 0.15842516173108834 0.1296738249661115
3 0.3039032777438706 0.027406006683753887 0.302860851270907 0.024406814043166726 0.3114035087719458 0.021437651315786798 0.3124459352940221 0.024436843857003787
3 0.4692982456140271 0.7708333329761718 0.46929824743460813 0.7817982457081628 0.4658410306085443 0.7817982433793024 0.46584103326893 0.7708333351283214
3 0.31073111513160256 0.8381567741227982 0.31362801078807934 0.837626684971148 0.31503819433680746 0.8453315682192362 0.3121412988236898 0.845861656838459
3 0.3059079124012669 0.8379117819286825 0.3097741448086708 0.8370901664183972 0.3110400879033932 0.8430459692372246 0.3071738556952823 0.8438675841072011
3 0.3506180236752243 0.8236300937575334 0.3496529969804669 0.8272308894941204 0.342586434907048 0.8253374123290438 0.3435514636814787 0.8217366199003501
3 0.30311595405805747 0.8361489318492331 0.3048245614035068 0.836059406798246 0.3052551579551164 0.8442756838837154 0.3035465506171704 0.8443652088404355
3 0.29695150328950604 0.8432017550980531 0.296951510901863 0.8327831678333462 0.3004385994660197 0.8327831717569886 0.3004385964911762 0.8432017543860052
3 0.2888107173153003 0.8346399716105287 0.292440238833251 0.8361689580275184 0.28883269591187855 0.8447307389863462 0.2852031754385962 0.8432017543859563
3 0.28399122807013555 0.8344298233231844 0.2839912308292014 0.8421052632494617 0.2817649205304633 0.8421052624921435 0.2817649199527068 0.8344298247460045
3 0.277390572368421 0.8336938125 0.27960526315789475 0.8336938125 0.27960526315789475 0.8399122807017544 0.277390572368421 0.8399122807017544
3 0.2620614054632142 0.8366228070175438 0.25712589107786243 0.8366228070175438 0.2571258930645399 0.8334845526315788 0.2620614035087101 0.8334845526315788
3 0.25430518301277516 0.8371383435838895 0.2544885543363762 0.8431986510002607 0.2501397627690949 0.843330204295961 0.24995639491703514 0.837269900252575
3 0.24305695394741633 0.8442982458341254 0.24305696022076972 0.8359632113302379 0.2467105286922333 0.835963215005555 0.24671052631583734 0.8442982456139805
3 0.2568996193383555 0.8128593756992273 0.25986842105260166 0.812807565789474 0.25999698804719173 0.8201731949174025 0.2570281863340824 0.8202250047796872
3 0.29841548970898657 0.030020908646799196 0.30007292872596736 0.033259732586493944 0.29288438299965946 0.036938404765397545 0.2912269441396802 0.03369958095951664
3 0.31688596480637443 0.015314503172578776 0.31975532177068544 0.018482752818824902 0.3133166192012595 0.024314027349516328 0.31044726232209996 0.02114577778649375
3 0.3509220525327237 0.13734139395668707 0.3488785375819816 0.13486401401443143 0.3545614297721613 0.130176395769833 0.35660494450894475 0.13265377534098344
3 0.3533590451266946 0.15626088407716504 0.35624843189089006 0.15873009746887987 0.35033239804033656 0.16565277742773055 0.34744301178943715 0.1631835645874371
3 0.3533883200012724 0.14071700739558549 0.3509967198981485 0.13758714400312566 0.35782429709456665 0.13237006602644 0.36021589695735656 0.1354999288619419
3 0.35785398295206505 0.13631458502417673 0.360776261164915 0.13875791516478686 0.35586405855156045 0.14463298514309594 0.3529417807073969 0.14218965540322745
3 0.3592309130418698 0.1412838785306132 0.3613366917664962 0.1431820949584661 0.3572356414189244 0.14773154950562478 0.35512986293861104 0.14583333333335657
3 0.36074561354132584 0.14445420136154907 0.3631733690023111 0.14638581466802433 0.35879215047543767 0.15189232846275136 0.3563643952888924 0.14996071546347084
3 0.36403508748855984 0.14965995657290102 0.3652559950523937 0.1531726361741832 0.3597062101902111 0.1551015692887136 0.3584853031907187 0.1515888901666748
3 0.3662280694787796 0.1523521616600411 0.3680984749179288 0.15401863435583296 0.36274911118425734 0.16002257548144358 0.3608787060472878 0.15835610310450896
3 0.36591829001588394 0.16367673423768844 0.3627103761974695 0.1606958499602997 0.3678473640351285 0.15516766337719037 0.3710552772047322 0.15814854710666953
3 0.36913399514060075 0.1717847667719408 0.3665080354606971 0.16878765413267618 0.37275327402971925 0.16331585336170698 0.37537923326260625 0.16631296536476903
3 0.37532364938215323 0.16820551339776443 0.3767062705990156 0.17201095323194152 0.37012932493735207 0.17440051668358436 0.36874670454051284 0.17059507754519967
3 0.3645407531944329 0.17368728934350744 0.36700566426293335 0.17622501025647433 0.360514516797366 0.182529858447806 0.35804960635971383 0.1799921381579314
3 0.3629385960233549 0.17252276632308342 0.36435662037615657 0.1762231193018148 0.35756802517528286 0.1788245734289165 0.35615000167149446 0.17512422117021706
3 0.362554946751402 0.1697800234515356 0.35779891847187173 0.17461352588849594 0.35475929789424754 0.17162265211992397 0.3595153256578669 0.16678915021927962
3 0.3582826489597437 0.16593336641610304 0.35949562093765053 0.1687205873586707 0.3526190548680006 0.1717131764781267 0.35140608352344316 0.16892595607287214
3 0.3527187443067987 0.15269159858761286 0.35483391792399743 0.15660609122481647 0.34677228558234674 0.1609621142004856 0.34465711296331847 0.15704762242151452
3 0.32490941879950697 0.009248769668789868 0.328251371493252 0.013028390267838858 0.3218948137763391 0.018648878636878106 0.31855286115251147 0.014869258105537022
3 0.345517699777929 0.15699109203259443 0.34299706901560967 0.15400474174042383 0.350670338815803 0.14752816008768416 0.3531909691421333 0.15051450968176996
3 0.3475877188367349 0.14601193328562148 0.3493479656317504 0.14953964064396544 0.34346858060678187 0.15247330112980784 0.341708334429768 0.1489455942982098
3 0.34530638030264527 0.14100277965733246 0.3476315300549686 0.14331975729971413 0.34227539446487754 0.14869474949611353 0.339950245098521 0.14637777224078619
3 0.34163681869301854 0.14415336085544966 0.3393241389269406 0.1420043496693172 0.34434969736844323 0.1365960778509145 0.346662376731274 0.13874508869677205
3 0.33337623901400093 0.1328185107413605 0.3313962588913455 0.13031898635187275 0.3366228070175339 0.12617883552632098 0.33860278697329704 0.1286783595846826
3 0.33662280743340034 0.1260964912280702 0.3291522815384269 0.1260964912280702 0.32915228196122825 0.12314539254385967 0.3366228070175339 0.12314539254385967
3 0.33544387790811925 0.11763982520953332 0.3371336333733552 0.11962638628104358 0.3323478922832237 0.12369708715820177 0.33065813706139124 0.12171052631574876
3 0.3334962626934157 0.11451528755689835 0.3352680447038665 0.11764459034868752 0.32870934340871827 0.12135804947219965 0.32693756189064516 0.11822874710416026
3 0.3297226607535322 0.10664527897139821 0.3317218180608279 0.10964817651749464 0.32428332308586505 0.11460028164878604 0.3222841662903875 0.11159738455576139
3 0.3656480946216334 0.27214156747626417 0.36164870352649814 0.27309132479993115 0.35875068959103373 0.26088816034373585 0.3627500767544234 0.25993840350877534
3 0.27213070028540187 0.2850544068264683 0.2747875954585197 0.28302208565233544 0.2808620187447559 0.29096310468363107 0.2782051243538035 0.29299542496574643
3 0.2698409117627989 0.2870508603596012 0.2731990350291653 0.2860585150441473 0.27548147990819416 0.29378217290961073 0.2721233567905301 0.2947745178714179
3 0.3330373212417044 0.004747452825633735 0.33591373610749997 0.007152452623210005 0.3310033444763576 0.013025352531173807 0.32812692963341306 0.010620352758758474
3 0.8109413681422666 0.06396404423757314 0.8147485639335628 0.0627283127752814 0.8175679403567528 0.07141458801117262 0.8137607446191168 0.07265031935672928
3 0.7874354108038233 0.10939002816979186 0.7864745614035655 0.10714451425442367 0.7916666665169032 0.10492283407981243 0.7926275159835541 0.1071683477873906
3 0.7806227456139823 0.11171360197368818 0.7834304515807844 0.11002774807136557 0.7878954245238674 0.11746390983959977 0.7850877187497645 0.1191497634872132
3 0.08837512858781338 0.12384145766810378 0.09123691684067126 0.12316857890644554 0.09340061821103518 0.13237086792751884 0.0905388300004688 0.13304374656510706
3 0.035925011599829304 0.10396708709991176 0.03804994123663619 0.10681844169141827 0.03214050651206435 0.11122234417484897 0.030015577254630443 0.10837098992743585
3 0.02204125376920274 0.11861008565265888 0.01930315372555924 0.11591779433068923 0.02508480024948767 0.1100377984466725 0.027822899890338704 0.11273008938088157
3 0.01971547996981826 0.10244569174599738 0.02311553817173717 0.10406796008023608 0.01999273455101047 0.1106129176164604 0.016592676470509105 0.10899064947335771
3 0.017839085681316647 0.0996686285452888 0.01305956108421924 0.10148302357592692 0.012016333240580934 0.09873493442403722 0.016795857456145313 0.09692053947368001
3 0.019401312209993193 0.09923593175791995 0.02181290130886282 0.1019939707024718 0.017427814711368228 0.10582821413215548 0.01501622587716156 0.10307017543862405
3 0.03282809293318678 0.1229170659400279 0.0338870585147788 0.12664685191352149 0.02718282115472448 0.12855031753871554 0.026123856153617453 0.12482053206115369
3 0.03010570883998298 0.14334402482288813 0.02784301898668673 0.14687111029721753 0.022222588729732706 0.14326552355670016 0.024485278508791453 0.1397384385964748
3 0.019392772687865545 0.14078727423316154 0.0221190678066705 0.14402475574419282 0.016273385724844047 0.14894739404429 0.013547091186524085 0.1457099130786815
3 0.015669067587054997 0.13448154644059923 0.017979636931727327 0.1386215868390849 0.012189777021148984 0.1418529060876774 0.009879208346660562 0.13771286626711549
3 0.04006215914500899 0.13599032248494167 0.04284163383977102 0.13887958570616596 0.03573223344960752 0.14571879536755453 0.03295275937455244 0.1428295327572111
3 0.04249717169864198 0.11806434264475679 0.04481368849303635 0.12092832728275454 0.03935037503777039 0.12534727525091813 0.037033858645713735 0.12248329098603841
3 0.05719049550202726 0.12018687950284548 0.054088022482005726 0.1177962935640861 0.058702062250063136 0.11180827481278424 0.06180453472018144 0.114198860430829
3 0.08517513696165224 0.11159144157003105 0.08685263021834544 0.11690591730115328 0.08335232399701908 0.11801077034688717 0.08167483114038987 0.11269629495610022
3 0.09776253162294779 0.14217375773071234 0.09455844114847878 0.14310653260924225 0.09223998733523331 0.1351426672588205 0.0954440767543474 0.1342098925438699
3 0.043341494068044994 0.0766945981654047 0.04573815563719563 0.08120826372796373 0.03932555419112305 0.08461321311455591 0.03692889309036218 0.08009954795371672
3 0.08772668764845548 0.14122753770565286 0.09069475109652103 0.13979351206139734 0.09414269570345368 0.1469298243062858 0.0911746324154592 0.14836384970129082
3 0.0985976050546924 0.15241833883641195 0.0963071828646207 0.15021929800617886 0.10025203947373029 0.14611054057020983 0.1025424613527548 0.1483095811175861
3 0.09653146895209375 0.16693095967210989 0.0945324920147641 0.16361733013346644 0.10166609978068664 0.15931395175438343 0.10366507667708902 0.16262758060599206
3 0.07236842073587013 0.1688712904552006 0.07323473969199767 0.17218446844480434 0.06706486765688169 0.17379773116603645 0.0661985493420616 0.17048455372810242
3 0.03284643449421765 0.19457313371202942 0.035071696821660225 0.19773924380867133 0.028943270573677182 0.20204648187397373 0.026718009030673784 0.1988803724923534
3 0.046531526392186606 0.21326066981962605 0.04607720956857975 0.20956058887411066 0.05372807017545256 0.2086211853070429 0.0541823877825891 0.2123212653351727
3 0.12884597310278423 0.1577258740551599 0.12521832423954038 0.15522186018547085 0.12978884978065253 0.1486004353069946 0.13341649766891805 0.1511044487059227
3 0.8137192099912909 0.03676994292324038 0.8121318000628435 0.03267011630924836 0.8205233168860104 0.02942100986843915 0.8221107268918786 0.033520836299075624
3 0.7703078194351747 0.04040120102508439 0.7659208461278695 0.04553099430508105 0.7626641342397988 0.04274587208815292 0.7670511074561546 0.03761607894736312
3 0.8275203642679116 0.022223128836571102 0.831131322526744 0.02634992563101591 0.8233565732011812 0.03315285034245884 0.8197456151315237 0.02902605372803788
3 0.906015053500596 0.26488989886479675 0.9085924384257851 0.26294899022378954 0.915303614832851 0.27186074819965683 0.9127262306755028 0.27380165595562184
3 0.9198120902806295 0.2809966771304393 0.9167852117521988 0.28354407885867505 0.9095220936411579 0.2749140847181252 0.9125489703947096 0.2723666842105485
3 0.6736209239605842 0.39169957512128756 0.6773930767543561 0.38808061403512345 0.6840304696918338 0.3949986459603951 0.680258318941128 0.398617604967325
3 0.04734399402195777 0.08373321343528743 0.050805128874799266 0.08639063954453646 0.045443665478615 0.09337360055700135 0.041982530903396764 0.09071617476365398
3 0.04057017497632387 0.07306853355852252 0.042799056515264056 0.07515498813142495 0.036848386814767764 0.0815118545783667 0.03461950548251025 0.07942540021932647
3 0.9586567092195537 0.36767748899729846 0.9608993815932081 0.36573286636138325 0.9656525706592447 0.37121434350446925 0.963409899029898 0.37315896534617704
3 0.03751473661657201 0.06734070709858075 0.040711234597097246 0.06930007802788912 0.037206576897801824 0.07501753237056544 0.03401007902573383 0.07305816158381079
3 0.02215485620979507 0.03567423647829496 0.023828221110193226 0.03973731499265952 0.016291513293595017 0.0428412803880513 0.014618148626823313 0.03877820207196168
3 0.024122806838477118 0.038880335182072234 0.02569743022536386 0.04190731976178558 0.018614587780348302 0.0455917793997882 0.01703996457422363 0.04256479497497766
3 0.024122807134062896 0.049342105263157895 0.02013143411920737 0.049342105263157895 0.02013143432338893 0.04380600548245614 0.024122807017533887 0.04380600548245614
3 0.03250304366918044 0.05763232334817856 0.03514810258923262 0.05925367750170858 0.031618152298165114 0.06501239205306748 0.028973093455874732 0.06339103800178728
3 0.016447368240847027 0.06968566406819218 0.017949267744484132 0.07306416570920944 0.012290651699231603 0.07557967664235639 0.010788752468101848 0.07220117523252699
3 0.017385134671030755 0.08145163164349357 0.014244691036424229 0.0795869563963916 0.018396892543819376 0.07259392653507357 0.021537335710377192 0.07445860160321714
3 0.01971440415172765 0.08897537675623597 0.01676318029308277 0.08571673833347061 0.023560892543855516 0.07956032456136365 0.026512116108051487 0.08281896260239556
3 0.02400076502954107 0.08510409615249696 0.026517363697280416 0.08775670523602784 0.021602739032800855 0.09241932496644126 0.01908614061210301 0.08976671612529712
3 0.02909073359796821 0.09357006445940871 0.03058775415479431 0.09706861644786419 0.024334745931469115 0.09974425300861892 0.022837725788008356 0.09624570137089096
3 0.03147052356439417 0.09591096516455154 0.033852274235982804 0.09951167740715168 0.0262945236164569 0.10451086056946486 0.0239127735077318 0.1009101488249962
3 0.033125460089991066 0.09934070354191998 0.035677585829830605 0.10171222159783208 0.030753126575746137 0.10701169541826606 0.02820100109647683 0.10464017763154979
3 0.9448325233165633 0.3426194389233376 0.9475880833333576 0.3394475328947312 0.9533677724568861 0.34446839756892916 0.9506122137811417 0.34764030232554666
3 0.97180619466792 0.3980263162166835 0.9718061962719275 0.39011730153507695 0.9747807019463153 0.3901173025190162 0.9747807017544119 0.3980263157894181
3 0.7590266799959409 0.17808198818392845 0.7618580675774638 0.18068700402414398 0.7560584529074958 0.1869905314293214 0.7532270659237383 0.1843855162094791
3 0.6817040089159718 0.9627105680038396 0.6877015636462147 0.9630247970991841 0.6874712476968625 0.9674194920499627 0.6814736929824221 0.9671052631578927
3 0.9407894719373644 0.8264283747033637 0.9423939305062277 0.8297220767650566 0.9371514584441911 0.8322752997179368 0.9355470027211368 0.8289816000822746
3 0.9691466667618442 0.8170974451345745 0.9677840121321424 0.821553591541471 0.9607483782319832 0.819402584982588 0.9621110351532707 0.814946442665459
3 0.980263160716504 0.8300438596491229 0.9731182091359187 0.8300438596491229 0.9731182121795428 0.8267927280701752 0.9802631578947967 0.8267927280701752
3 0.9864205387938227 0.8215120178762877 0.9841236688092749 0.8247369554054425 0.9779219610169321 0.8203208697625559 0.9802188300438957 0.8170959353070206
3 0.9422431123558681 0.9912280710091583 0.9422431169613219 0.9828742274137583 0.9451754395184935 0.98287423026318 0.9451754385964932 0.9912280701753878
3 0.6640855328159887 0.9905319912252832 0.6711848295427671 0.9907832376508721 0.6710446342489149 0.9947434509792821 0.6639453375299809 0.9944922047042594
3 0.663341082168472 0.986661790618429 0.6710526315789593 0.9853024418859584 0.6718618140831722 0.9898915500765244 0.6641502649208633 0.9912508978554045
3 0.6823466959604048 0.9951677080995415 0.6816752638294474 0.9915329095905602 0.6885964912280542 0.9902547796052493 0.6892679263190757 0.9938895742452873
3 0.6875000021437927 0.9835526315789473 0.6814203782531649 0.9835526315789473 0.6814203804822228 0.981150014254386 0.6875 0.981150014254386
3 0.681846241228186 0.9780701754385543 0.681846242871643 0.9764773220697688 0.686403509334923 0.9764773257721678 0.6864035087719458 0.9780701780604686
3 0.6885485166743592 0.9722555816372072 0.6875 0.9767959210526191 0.681315252503282 0.9753680628222473 0.6823637721340674 0.9708277276787579
3 0.6674816099236978 0.9599021324753229 0.6703605141191247 0.9602024362097429 0.6691796466899405 0.9715197822864076 0.6663007425728438 0.9712194790545841
3 0.6817178101722448 0.9678353677836979 0.6885964912280542 0.9667462050438541 0.6893254547860579 0.9713487077303733 0.6824467739053262 0.9724378697206051
3 0.6508383475877508 0.9890350877192686 0.6508383518597611 0.9859333356767221 0.6567982471054847 0.9859333424766538 0.6567982456140271 0.989035091739186
3 0.8421052637875164 0.8695175438596491 0.8360829952339373 0.8695175438596491 0.8360829958661498 0.8687260625000002 0.8421052631579187 0.8687260625000002
3 0.6495720182945206 0.9923245613612139 0.6495720208333751 0.9900835339912547 0.6546052639935169 0.9900835387398025 0.6546052631579187 0.9923245644067256
3 0.6539671036588288 0.9700587990526572 0.6509059806412552 0.9692982446182472 0.6531724561403962 0.9601786151315888 0.6562335710763136 0.9609391685148482
3 0.6471040687115419 0.9714912284954536 0.647104077019776 0.9620416417241493 0.651153774122804 0.9620416469297998 0.6511537714500264 0.9714912280661111
3 0.6497843297516965 0.9721291584731746 0.6466922679265963 0.9736120782874943 0.6426781293006343 0.9652445137261453 0.6457701839487981 0.9637615959435926
3 0.6397141099862438 0.967461666169862 0.6421501003758294 0.9667335931371978 0.6441798964217469 0.9735229503520404 0.6417439063573056 0.9742510226219919
3 0.6366830855263288 0.9747807019623075 0.6366830893775841 0.9680638419503039 0.6392543872603937 0.9680638442982 0.6392543859649322 0.9747807017544001
3 0.6342142620640061 0.9685466521970395 0.6376868097034958 0.9761917983083322 0.6346852296469478 0.9775547673765432 0.6312126864035008 0.9699096250000353
3 0.6350301394912776 0.977006029220731 0.6318576727557002 0.9796891811265002 0.6262335601884388 0.9730413447077223 0.6294060219297535 0.9703581962719608
3 0.6278308817018114 0.9741283779790758 0.6307070701268458 0.9815545771739221 0.6268536919449161 0.9830465626488692 0.6239775089208024 0.9756203680325235
3 0.6200368066010924 0.9784472420875011 0.6228268692522079 0.9769975359111674 0.6275508169887871 0.986086443678599 0.6247607558443633 0.9875361476326342
3 0.6164987312427002 0.9838947425020785 0.618927225845141 0.981532970988156 0.6243543641128326 0.9871117841506765 0.6219258722379664 0.9894735529047215
3 0.6119407430740011 0.9843868862403858 0.6156206331628482 0.9820417197830117 0.6202820245846397 0.9893539213724944 0.6166021368887868 0.9916990847729843
3 0.758771929164368 0.2065827862228527 0.7614092320653754 0.21080866110631016 0.7557914622275348 0.21431457549815586 0.7531541603508458 0.2100887015120773
3 0.9281513405055648 0.8706140357117793 0.9281513421857426 0.8619257970230652 0.9298245614035068 0.8619257982456602 0.9298245616422491 0.8706140350146064
3 0.8388157894736842 0.8596491228070176 0.8464912280701754 0.8596491228070176 0.8464912280701754 0.8618421052631579 0.8388157894736842 0.8618421052631579
3 0.968201753291396 0.4069191963001736 0.9703272461240431 0.40899365666980386 0.9657577099269474 0.4136753638151322 0.9636322179336503 0.4116009042939337
3 0.7473302349344522 0.8563596498972251 0.747330236877815 0.8473862346885979 0.7489035088833589 0.8473862357455617 0.7489035087719458 0.8563596491228381
3 0.9331140333972598 0.38815789462816463 0.9331140350876694 0.38422568092100085 0.9385964916497187 0.3842256834011777 0.9385964912280542 0.3881578958369954
3 0.9090954475987019 0.40627158962644677 0.9106581195175067 0.40348414035089303 0.9175789887187875 0.40736385323259894 0.9160163183883014 0.4101513011373425
3 0.9200158926065569 0.40420153706958867 0.918746935062245 0.40825476087245205 0.9132997138226528 0.40654946360104477 0.9145686721491302 0.4024962412280646
3 0.9177631586319421 0.3991228070175439 0.9150862096661285 0.3991228070175439 0.9150862105852866 0.39400186622807015 0.9177631578947967 0.39400186622807015
3 0.9301054151310382 0.4385964917955707 0.930105418075641 0.42932870419329355 0.9342105267452325 0.42932870614023955 0.9342105263158373 0.4385964912281187
3 0.9370594816477933 0.44736842038866703 0.9337257106105881 0.4482605456224711 0.9317884339227476 0.44102159188686946 0.935122201754325 0.4401294671052747
3 0.9477883749015064 0.45361269912278923 0.9513163680361458 0.4526247423382319 0.9531154041496848 0.45904869381595426 0.949587411199218 0.46003665014253287
3 0.9522010230263049 0.45311810964911936 0.9556079283230474 0.45192968088236285 0.958224364035118 0.45942982456138526 0.9548174590596545 0.4606182526721217
3 0.7363659817226562 0.824898636192803 0.7394911799798365 0.8239029908292819 0.7419610584156544 0.8316539954839002 0.7388358606202701 0.8326496398256964
3 0.745292494517571 0.8311403513721445 0.7452924985127538 0.8229023125788522 0.7478070189295067 0.8229023146930743 0.7478070175438916 0.8311403508772047
3 0.7488128782894137 0.8289473684600652 0.7488128832533221 0.8218407878133712 0.752192984399926 0.8218407907930274 0.7521929824561084 0.8289473684210086
3 0.753739062304362 0.820644944535549 0.7574141292448076 0.8216294713678478 0.7551895029330353 0.8299318941898589 0.7515144364034541 0.8289473684210438
3 0.763020982203102 0.8201451421017387 0.7659457819576119 0.8211520215862115 0.7626200744335847 0.8308105875484503 0.7596952753031019 0.8298037093572798
3 0.7543859642114512 0.8552631580118872 0.7543859694056891 0.8468642579879484 0.7576754402083452 0.8468642614549186 0.7576754385964932 0.8552631578947203
3 0.8662280712607071 0.8629385964912281 0.8591414067982441 0.8629385964912281 0.8591414101796317 0.8605110230263159 0.8662280701258851 0.8605110230263159
3 0.7615121524122515 0.8442982456140157 0.7615121563592311 0.8402022233385548 0.7664473697747098 0.8402022277706255 0.7664473684210407 0.8442982474532233
3 0.7755438690742267 0.8462946740449641 0.7780949758772522 0.8436810109648999 0.7839509266675577 0.8493955538057505 0.7813998226553167 0.8520092141225324
3 0.7784652313596325 0.8252441655701261 0.7795134352460309 0.8206620515174866 0.7871769322354112 0.822414789046138 0.7861287335597353 0.8269968985778521
3 0.8233594224171839 0.8394876142879139 0.821423538875365 0.8436910408835335 0.813884468391052 0.8402196721288151 0.815820353070194 0.8360162499999654
3 0.817630539290235 0.8266816662200257 0.8187446213745488 0.8299165081830225 0.8132234878236204 0.8318175893447874 0.8121094085493041 0.8285827497676209
3 0.8358134225172762 0.8359519504907353 0.8354883237149124 0.8391947535639465 0.8279477240827191 0.8384389468689659 0.8282728256579048 0.8351961469298607
3 0.8304899700266333 0.8264562749654525 0.8366228070175339 0.8263492467105267 0.8366681442279287 0.8289465772112111 0.8305353072380512 0.8290536054310861
3 0.8406010570175795 0.8124999999999905 0.8406010584019441 0.8109584098939498 0.8453947373127448 0.8109584133123283 0.8453947368420813 0.8125000025045876
3 0.8391062518065837 0.8005440505216112 0.8399086844508474 0.7959941444224188 0.8472404383599041 0.7972869388867047 0.8464380103762323 0.8018368408629125
3 0.8855505225728848 0.8235590313325891 0.8846863815833785 0.8262180398786954 0.8801251443533147 0.8247360058486615 0.8809892861842172 0.8220769989035185
3 0.8609718719443435 0.7959344158050381 0.8662280701754526 0.7953820767543899 0.8666317739110809 0.7992230803216782 0.8613755757205581 0.7997754191131393
3 0.894316572871162 0.823464912086176 0.8943165756579674 0.8208782982456531 0.9002192991202946 0.820878303470249 0.9002192982455881 0.8234649153985757
3 0.8591965056166373 0.851483736529488 0.8673120334397026 0.854120042696768 0.8658720665604278 0.8585518067600864 0.8577565394735984 0.8559155021929706
3 0.259650814291831 0.8118849010984858 0.2626205377007409 0.8108402379828866 0.2650366515811129 0.8177072778185289 0.2620669286377506 0.8187519399903954
3 0.27083333599773596 0.8179824561403509 0.2673349967104741 0.8179824561403509 0.267335003035555 0.8075482785087718 0.2708333332843722 0.8075482785087718
3 0.15194128942528096 0.006893987871073069 0.15429368769832763 0.010173335429435208 0.14756037867414307 0.01500338881011288 0.1452079804528239 0.011724041298285288
3 0.27337495867561756 0.8096308737840795 0.2755760787715644 0.8099794271131642 0.27460065183117877 0.8161380267442021 0.2723995317983281 0.8157894736842158
3 0.08623122663743743 0.06628568687054008 0.08785089317461825 0.07039365282864954 0.0808932999220815 0.07313685049754617 0.07927363377189067 0.06902888486845073
3 0.08331613827022011 0.06309551729011138 0.08474860154865382 0.06631782533236352 0.07848278505980488 0.06910326326043113 0.07705032204228246 0.06588095544008861
3 0.08114035112475904 0.06359649122807018 0.0754083956753675 0.06359649122807018 0.07540839604178018 0.057917142543859663 0.08114035087726279 0.057917142543859663
3 0.08008562580869238 0.053207047907245245 0.08263774655915768 0.056207461557501455 0.07625581404568038 0.06163586149598851 0.07370369352895523 0.058635448065849166
3 0.07370753049303858 0.05738362437158538 0.07018068752267936 0.05353718353903738 0.07578139912288862 0.04840183552635522 0.07930824190373187 0.05224827612053173
3 0.07456140372062237 0.05153508771929825 0.06839272900595006 0.05153508771929825 0.06839272928141327 0.04632637719298246 0.07456140350882379 0.04632637719298246
3 0.07408672514986847 0.04224315833883485 0.07608861013727619 0.04516857334792727 0.06938685687259749 0.04975463375146914 0.0673849720715225 0.04682921890825579
3 0.07233011813889334 0.037736467871591586 0.07541026508113191 0.041340557600444326 0.0682958701673897 0.047420697217443915 0.0652157234559354 0.04381660770654311
3 0.06907894719995511 0.03562738559548406 0.07090402615824587 0.03962881802011368 0.06355412368679936 0.042981153722072146 0.06172904495610965 0.03897972149124915
3 0.0616919734077328 0.03841371449617991 0.06061468969357975 0.03493860197373016 0.06883563797725856 0.03239011159366371 0.06991292178088315 0.03586522395902522
3 0.06557604373483628 0.027896461494567086 0.06764920907062333 0.030026602355231777 0.06251356767427296 0.03502487763015628 0.06044040241226867 0.03289473684214188
3 0.06249999994599875 0.025692756456484552 0.06367851702259486 0.028364105723149836 0.05862564967799244 0.030593274642139835 0.057447132675406465 0.027921925438605995
3 0.058045908995495665 0.028136717679544527 0.05587847160097681 0.02484764450468719 0.06249999976171239 0.02048418275236303 0.06466743713463075 0.02377325582554908
3 0.062433052731648786 0.019111047054218917 0.056374639246996594 0.024852861145772776 0.05333535963120539 0.021645998222690352 0.059393773026272356 0.015904184210513754
3 0.05832814029417932 0.011830727984568709 0.06027114117455312 0.014764277445995384 0.05408233192326861 0.018863359783430376 0.05213933110030666 0.015929810372442305
3 0.05653708849013128 0.010347522832585684 0.05738160260511904 0.01386030631978053 0.04989916427143726 0.01565917158938953 0.04905465021931832 0.01214638815786552
3 0.10904326385252716 0.0727279601157065 0.11209943447522619 0.07585054375969848 0.10629797522426543 0.08152860341985278 0.10324180490317758 0.07840602007472454
3 0.10692110338686689 0.06881021735035285 0.10990312122601154 0.07131532350232517 0.10514019283789366 0.07698498907190492 0.10215817518826498 0.07447988312531312
3 0.10472044164077943 0.06626964343093175 0.10733031026461504 0.06849925129973573 0.10279854163843538 0.07380390728769058 0.10018867316819069 0.07157429958445129
3 0.10377965766406305 0.06234290646260926 0.10616156931939713 0.06580954808130088 0.10010013287239872 0.06997432405724983 0.0977182215101493 0.06650768269473868
3 0.09682430264547293 0.06607269802884462 0.09499299755566426 0.06269750053180245 0.10197368368721982 0.05890994421096768 0.10380498879385414 0.06228514144771608
3 0.09923615761238125 0.05454689885377666 0.10154473088789473 0.056746541471493675 0.09611804268843116 0.06244196393034221 0.09380946956287062 0.060242321466097225
3 0.09295024352991277 0.057979273700246456 0.09138544271206683 0.05518207886276431 0.09892764473681837 0.05096283991225874 0.1004924455633045 0.053760034549553595
3 0.096128371563168 0.048532902095865756 0.09748000380227495 0.05143580695940691 0.09133443211260328 0.05429726674131202 0.08998280005494053 0.05139436203185597
3 0.09539473697543599 0.047149122807017545 0.08812931575096172 0.04714912280701753 0.08812931588840911 0.044507192982456145 0.09539473684208133 0.044507192982456145
3 0.09013968404281059 0.03648484184210241 0.0924848204334694 0.0401634132904172 0.08629466251807116 0.04410971601919579 0.08394952631590513 0.04043114473685979
3 0.08742682110346323 0.031059936268979377 0.09074676152579286 0.0337117147791615 0.08572029839967854 0.040004680577600704 0.08240035808114499 0.03735290218298257
3 0.08477620272844888 0.028215753207214807 0.08828217662983207 0.030571608962239077 0.08406418278036654 0.03684880629412879 0.08055820895003762 0.034492950627233634
3 0.08084809250146918 0.032736404733327396 0.07777035824767609 0.03027808571926156 0.08303513048247169 0.023686766447398987 0.08611286459029088 0.0261450853705819
3 0.08821286739532752 0.0693499019449475 0.08964619473817947 0.0729602518178443 0.08220944643426265 0.07591267363362822 0.08077611946816887 0.07230232407945265
3 0.08881578918442301 0.07335941180645826 0.09080436318390639 0.07661924295558424 0.08420521240361722 0.08064487306096471 0.08221663874257956 0.07738504220743712
3 0.09097595918581192 0.07829133195719301 0.09298710998905335 0.08059669755096718 0.0884643951394537 0.08454220752731745 0.08645324451754277 0.0822368421052483
3 0.13978170942982615 0.5109649122807298 0.13978171011024187 0.5094590098369526 0.1436403511061144 0.5094590112745168 0.1436403508772628 0.5109649132666128
3 0.15789473624056427 0.48236866504767906 0.1592095790260828 0.4859070938641506 0.15517078334312373 0.4874077588305703 0.15385594188592222 0.4838693311403389
3 0.15899122870246174 0.4791666666666667 0.15387096381573429 0.4791666666666667 0.153870964456587 0.47746057127192987 0.15899122807013555 0.47746057127192987
3 0.1578947370392143 0.47478070175438597 0.15457541337718794 0.47478070175438597 0.1545754137714539 0.4735473662280701 0.15789473684208133 0.4735473662280701
3 0.15278623841459193 0.4689718702962803 0.15789473684208133 0.4686146732456175 0.15816683812033716 0.47250590166821455 0.15305833970319327 0.47286309861894893
3 0.1360312154965868 0.46861220024698963 0.1436403508772628 0.4683464989035079 0.1437882784885005 0.47258255385540493 0.13617914311203094 0.4728482551181663
3 0.12675777631579876 0.4769736842105177 0.12675777815672973 0.4745848089780049 0.13377193045096192 0.47458481329293384 0.13377192982454744 0.4769736873107208
3 0.12856588377189837 0.48144503399120225 0.12950522379912854 0.478818970684833 0.13656761835090947 0.48134500255952567 0.1356282800261397 0.4839710644217331
3 0.12998061420671547 0.4901605595554065 0.12882856537385123 0.48661517196639353 0.13596491228065588 0.48429643311407455 0.13711696215136726 0.48784181872764343
3 0.13676982294737172 0.4903969234760511 0.1356177735150368 0.4939423132124233 0.12809947468497285 0.49149947206759553 0.1292515252192743 0.4879540844298186
3 0.13579473269089704 0.49188396264589956 0.13715536672748385 0.49540667372293734 0.12929689345696715 0.49844174940934494 0.12793626206143927 0.49491904057020136
3 0.13815789355760444 0.497181858444165 0.13890119232860343 0.5013969655175641 0.1304365917035284 0.5028895089184143 0.12969329605266466 0.49867440460521856
3 0.130649931943708 0.5069112332765865 0.13001041196514507 0.5032846035917791 0.138157894736878 0.5018479868420956 0.13879741650828237 0.5054746142176252
3 0.1359649134732308 0.5087719298245614 0.13006119298245267 0.5087719298245614 0.13006119419981133 0.506131658991228 0.13596491228076957 0.506131658991228
3 0.14727340826311774 0.5229034332785344 0.14583333325776948 0.5273351658025993 0.13974627139123186 0.525357360743768 0.14118634758767712 0.5209256304824283
3 0.09144151617317675 0.08185526625607219 0.09437115002924656 0.08389895174615923 0.09023319462187374 0.08983071903672368 0.08730356092542024 0.08778703373990208
3 0.1390767576754386 0.5272951995614035 0.14583333333333334 0.5272951995614035 0.14583333333333334 0.5296052631578947 0.1390767576754386 0.5296052631578947
3 0.14106218603649268 0.5339912280701591 0.14106218749998334 0.5314750734649011 0.14583333382267938 0.5314750758639015 0.14583333333337123 0.5339912294947905
3 0.14069352192075257 0.5535769152620076 0.1397915918828403 0.5499598016846158 0.14794674292272703 0.5479264945643805 0.14884867464570561 0.5515436055933332
3 0.13478023003153794 0.5443248607005942 0.14088245079904027 0.5455109039217124 0.1401711361627349 0.5491703015241448 0.13406891549982447 0.5479842586711973
3 0.1400641328961001 0.5364479535327741 0.13877960631384667 0.5409272453399028 0.1334602797211346 0.5394019545692901 0.13474480751301599 0.5349226647931369
3 0.1402628882491399 0.5330806180410358 0.139110826186311 0.5366260051847535 0.13203192307844347 0.5343259359054721 0.13318398626859107 0.5307805509095008
3 0.13999613430496538 0.5285087710891525 0.1399961359649069 0.5317982456140247 0.1319779600835318 0.5317982461169564 0.1319779605533995 0.5285087737222588
3 0.13217159320174687 0.5252192982456289 0.13217159460464245 0.523583603907712 0.13925438644218957 0.5235836084161578 0.13925438596493223 0.5252193018287686
3 0.13706140423880697 0.5219298245614036 0.13101843134415958 0.5219298245614036 0.1310184321066572 0.5203742017543859 0.1370614035087101 0.5203742017543859
3 0.13706140282965862 0.5155916583178372 0.13779700753070756 0.5198840255784869 0.13112369906582444 0.5210275673931709 0.13038809695308373 0.5167352024264767
3 0.1309161030701489 0.5131578947368687 0.13091610659705566 0.5090665959410721 0.13815789595639671 0.5090666014701233 0.138157894736878 0.5131578979578166
3 0.1114498987699335 0.4934210525598246 0.11144990131583654 0.4894881315789097 0.11732456221977827 0.4894881349951085 0.11732456140350678 0.4934210542462213
3 0.09200846512203498 0.09295846549656692 0.08955151470456713 0.09097600952958294 0.09429824501592066 0.0850931793419766 0.09675519510687991 0.08707563510157788
3 0.08223684203392168 0.021728650061992632 0.0838294772821655 0.025242180148080256 0.07769281277433038 0.028023845785974257 0.07610017763158794 0.024510315789461758
3 0.07907469401152412 0.017009005422836374 0.0814805914437784 0.019136215320133088 0.07712977568019141 0.024057034415239358 0.07472387828954652 0.021929824561426545
3 0.07894736838511562 0.014759789366284387 0.07996103340553873 0.017786149727737868 0.07382734308055205 0.019840599868416676 0.07281367812390727 0.01681423955842639
3 0.11816804173395212 0.005102532078445109 0.12017638060581248 0.008008000155146702 0.1134945549567874 0.012626660352179953 0.11148621612085208 0.009721192306956975
3 0.13157894717028285 0.05463904551557239 0.13282986586762036 0.05803027823627849 0.1254459984645564 0.060753950688213015 0.12419508004381896 0.05736271820180679
3 0.1325374754837867 0.05645128475958007 0.13619135526562332 0.05949926845239806 0.13013006152982598 0.0667654530939391 0.12647618199491717 0.06371746967102974
3 0.13914880673212338 0.04650834843149797 0.14232696133774425 0.04932180019575822 0.13646286675100328 0.055946041633087265 0.13328471232750871 0.05313259006246226
3 0.13739210509584154 0.04332773332650205 0.13986060972956693 0.046664608411447574 0.1331476676227794 0.051630606851738314 0.1306791632111981 0.04829373196806808
3 0.13441307007576597 0.040098107321438724 0.136583450211333 0.04234816783356353 0.13205493974180627 0.04671630959038518 0.129884559700713 0.04446624917175054
3 0.13295177287261595 0.03540612379627822 0.1360488975547014 0.03756665215735122 0.13169960256129798 0.04380137813767795 0.1286024779615218 0.041640849875928455
3 0.13085692533923066 0.031250347507683345 0.13376257507536593 0.033589400228046705 0.12923842516102013 0.03920944877871159 0.12633277550605726 0.03687039614887584
3 0.13081280929839068 0.028489090315729607 0.1324731225065534 0.03192275575792485 0.1266382110225095 0.03474416551449102 0.12497789794031178 0.031310500179788835
3 0.12759811819887545 0.025689679623964175 0.12876836578311668 0.029397164728594632 0.12272921427961592 0.03130338957694284 0.12155896681588274 0.027595904575373843
3 0.12499999994952304 0.022783106253338084 0.12620029526692633 0.02530841365999484 0.12113654744689484 0.02771524594900635 0.11993625219201931 0.025189938596498086
3 0.1246751830286712 0.016843475773726666 0.12722956852678635 0.019940208072369216 0.1212554177856191 0.024868074038838846 0.11870103236867635 0.021771341816181754
3 0.12171052634460011 0.01864035087719298 0.11822048133262797 0.01864035087719298 0.11822048136798458 0.01511727302631579 0.12171052631583734 0.01511727302631579
3 0.12145660851683715 0.008183397947825943 0.12342139481881986 0.012491136410867522 0.11603220985762164 0.015861389394062536 0.11406742363078592 0.011553650994607277
3 0.15640063690943862 0.04128490667934714 0.15892283921266426 0.043257785313165355 0.15476869008352878 0.04856860257715546 0.152246487860225 0.046595724034063785
3 0.12287554334250217 0.05384865161253922 0.12053203767038667 0.050167706430150956 0.1281970186403214 0.04528773355266514 0.13054052427753504 0.048968678479762814
3 0.15295898666533958 0.03553236282109366 0.15623926739385752 0.03771308520918276 0.15176944982022178 0.04443665959147666 0.1484891691775374 0.042255937310529276
3 0.15408092192308231 0.03035773550459104 0.15675438221796867 0.03320808070560048 0.14975856616160854 0.039769752257526624 0.14708510601747093 0.036919407203240086
3 0.15021929814304258 0.02908855249596754 0.1524231816796373 0.03200253748371084 0.14684898483551478 0.0362183712249804 0.14464510140976472 0.03330438633847377
3 0.15021929817180535 0.025128299120066585 0.15133236901965574 0.02847740879678492 0.14398647394341424 0.030918803643815048 0.14287340322596265 0.02756969407779597
3 0.14692982443682467 0.02059015009995101 0.149244070874488 0.022807617310924014 0.1435336745322502 0.02876723721342579 0.14121942816109367 0.02654977007129582
3 0.14084524063696335 0.02567598596008474 0.13824114559974987 0.022720570154926727 0.1447304252998265 0.017002695017990697 0.14733452027610383 0.01995811073866546
3 0.14192096593842507 0.012957312441778014 0.1443773539282347 0.014990559360220415 0.1392915644750019 0.02113475701365054 0.13683517652305 0.019101510137172522
3 0.14168697912418793 0.008497059140084836 0.1440541734158387 0.012421099328028712 0.1372204062814717 0.016543598766197598 0.1348532120573509 0.012619558637580032
3 0.16228070162549102 0.026781108290948034 0.16416294741452475 0.03060239287745673 0.15695784182935313 0.03415140229028628 0.15507559620664324 0.03033011784597899
3 0.159423166513875 0.022227595220497134 0.1619854112880148 0.02514954278346262 0.155394212196029 0.0309293389941455 0.152831967529778 0.02800739153391933
3 0.15795048016821056 0.018076701673312608 0.16161446442765737 0.021204045875394543 0.15621992238129678 0.0275242691883181 0.1525559382062056 0.024396925077311588
3 0.1564671303905243 0.015997085435570914 0.15873696222956823 0.018236684546163055 0.15318293099289804 0.02386568986341944 0.1509130992072869 0.0216260908064045
3 0.15241228075149138 0.017543859649122806 0.14741456904926054 0.017543859649122806 0.1474145691125841 0.012842436403508772 0.15241228070169655 0.012842436403508772
3 0.12828947346326913 0.04897956342626699 0.13074265419493258 0.0508698487693622 0.1261112364145447 0.05688042010250633 0.12365805578394884 0.054990134875331276
3 0.12679495493409831 0.04307077260248534 0.12794889608323956 0.0475269441335338 0.11996575050090996 0.04959420579217273 0.11881180965349358 0.045138034521096625
3 0.0767543860023352 0.013157894736842105 0.07063819297275131 0.013157894736842105 0.07063819303220953 0.00842944298245614 0.07675438596368167 0.008429442982456141
3 0.09320175432333144 0.024342226874866663 0.09483475280399034 0.026916997260848306 0.08991061789242849 0.03004003409958751 0.08827761948225543 0.027465263775749215
3 0.07329981921827766 0.0014591267929681476 0.07437185378830691 0.004797003487239733 0.06830624899600934 0.00674510958333544 0.06723421444166888 0.00340723290251522
3 0.11559206352148976 0.06835569440615785 0.11824772391105398 0.07112444558040526 0.11357364118100577 0.0756076062034131 0.11091798099187145 0.07283885522590525
3 0.11403508755552139 0.06474876517627488 0.11634989795140882 0.06721672854362068 0.11150672956352992 0.07175934055704625 0.10919191934226546 0.06929137736045718
3 0.1149977092819654 0.060595537917990806 0.116236131304845 0.0644411637098409 0.1093872456652889 0.06664673419838309 0.10814882395629866 0.06280110867294143
3 0.1094925070390218 0.06431496286454702 0.10654764757043722 0.06169893716784601 0.1122168538661299 0.0553171203471006 0.11516171306743672 0.05793314583871121
3 0.11135808070037001 0.05359797395608315 0.11309367075034515 0.05670046656995512 0.10554469569331104 0.06092349415671299 0.10380910591470638 0.05782100177602096
3 0.10635964926859742 0.05482456140350878 0.10288140236923482 0.05482456140350878 0.10288140256818679 0.048680214912280716 0.1063596491228509 0.048680214912280716
3 0.10681769652444473 0.044288386423940895 0.10865409355017164 0.04744795732476677 0.10320613475562368 0.05061440248128819 0.10136973789644799 0.047454831724987497
3 0.10593489293523817 0.042547493848551284 0.10679069640434591 0.04578529654973669 0.10059662045307505 0.04742248952697891 0.09974081714995009 0.04418468696908457
3 0.0982691388950343 0.04523008807758908 0.09621264661507212 0.041951844820956916 0.10307017538480068 0.037650014168590755 0.10512666764168443 0.040928257251902744
3 0.09491413594798814 0.041064882166094545 0.09307115173851344 0.03579452683442152 0.10190721496815058 0.03270465572749924 0.10375019931018414 0.03797501078158989
3 0.09937540609030293 0.02899255221520072 0.10139415156504583 0.03135760126596152 0.09459224614056438 0.03716353196912115 0.09257350077837145 0.03479848302459767
3 0.09493659197676152 0.02335141438826123 0.09965757546740406 0.026489913678482226 0.09491039654528777 0.03363069831089341 0.09018941314968743 0.030492199138591608
3 0.09292180779755199 0.017748276384301317 0.09586064958944007 0.021530147407476392 0.08988005860476278 0.026177584513622773 0.08694121691769396 0.02239571358669243
3 0.12336126819286619 0.03781126979652836 0.12534072943697083 0.04086318161636506 0.11874672602664305 0.04514003087097421 0.11676726495556977 0.04208811920357166
3 0.0910087718801833 0.016094529484584973 0.09245819103898612 0.019613850016537246 0.0856073336051395 0.022435349900674566 0.08415791453569454 0.01891602944524679
3 0.0902212038952257 0.012560847478405471 0.09174039485935737 0.01574332051636574 0.08427193479508333 0.019308477467818237 0.08275274390712184 0.016126004494592595
3 0.08662280704402292 0.010964912280701756 0.08147004823274528 0.010964912280701756 0.08147004826207649 0.0072841326754385935 0.08662280701753389 0.007284132675438597
3 0.08442982453129844 0.002934029576395218 0.08705319705381953 0.005452754198122606 0.08134456329025852 0.01139856999312226 0.07872119078945161 0.008879845394771973
3 0.10635964912955842 0.008771929824561406 0.09978070174554432 0.008771929824561403 0.09978070177896825 0.004997156798245617 0.10635964910522944 0.004997156798245616
3 0.10956289420516896 0.009247367823809326 0.1100476907608936 0.012783898303638424 0.1036729197180648 0.013657767978482139 0.10318812320645065 0.010121237539294848
3 0.10979512384051304 0.010560370559981661 0.11235879483103872 0.012758934208253279 0.10731019836691758 0.01864593203153403 0.10474652741231694 0.01644736842106545
3 0.11293859652732863 0.019736842105263157 0.10679438925444629 0.019736842105263157 0.10679438935403596 0.014982155701754384 0.11293859646605142 0.01498215570175438
3 0.10965130082718133 0.025663647642554393 0.10753338800850543 0.022228191319103644 0.1144358497807616 0.01797291666669621 0.11655376259386685 0.02140837290077238
3 0.1092126607031787 0.026298031250901306 0.11513157894739834 0.0239709057017611 0.1169623304185734 0.028627322291539338 0.11104341220288916 0.030954447791134123
3 0.11414071226784017 0.03446635884477365 0.1117000320182342 0.03146317554507406 0.11808091929310649 0.026277444412949606 0.12052159948223107 0.029280627601108288
3 0.1181037344942979 0.029963935200160264 0.12134545605738367 0.03220157380507511 0.11653787861632736 0.03916642577718022 0.11329615713555086 0.03692878727229646
3 0.1241741042973672 0.03919504186685472 0.1175500720207765 0.042208640926763144 0.1157246094707034 0.03819618998888567 0.12234864144738822 0.0351825910087645
3 0.1546765500603442 0.49234468263458503 0.15329457925793122 0.4887943816158551 0.16068039364029119 0.4859196282894304 0.16206236528580575 0.48946992721356763
3 0.15484580043857932 0.49342105263162855 0.15484580184352126 0.49109118278408653 0.16008771978738423 0.4910911853743518 0.16008771929830345 0.4934210543061224
3 0.1622807038282872 0.49890350877192974 0.1549790730781524 0.49890350877192974 0.15497907625604057 0.4941574002192982 0.1622807017544119 0.4941574002192982
3 0.21471121131150994 0.5042345632313854 0.21542635694970613 0.5087494369060374 0.20684693112855257 0.5101082870470025 0.20613178888606853 0.5055934163991617
3 0.28618421191379184 0.4276315789473684 0.2797950915476122 0.4276315789473684 0.27979509375916223 0.4232456140350877 0.2861842104949801 0.4232456140350877
3 0.2799903432018027 0.4221491228069996 0.2799903442115692 0.4195443014882148 0.28399122841199187 0.4195443028644071 0.28399122807013555 0.4221491235151182
3 0.287280702318526 0.4166666666666667 0.28039938984079527 0.4166666666666667 0.2803993904184381 0.4153573135964912 0.2872807017544119 0.4153573135964912
3 0.250755256781531 0.5539579164929351 0.2535352306348386 0.5544982373047395 0.2521126085337073 0.5618169966913492 0.2493326347777156 0.5612766762219377
3 0.2350222312140886 0.5474134453154647 0.2342263998235694 0.5437070409202559 0.24232456140350678 0.5419683760965333 0.2431203946231335 0.5456747779458739
3 0.2340345712719298 0.5335099155701755 0.24193970942982454 0.5335099155701755 0.24193970942982454 0.5361842105263158 0.2340345712719298 0.5361842105263158
3 0.23445406183941486 0.5270774359387927 0.23598835626773962 0.5227982876376612 0.24376547469307752 0.5255865487485762 0.24223118360635 0.5298656942147668
3 0.24013157997057988 0.5219298245614036 0.23437358712794776 0.5219298245614036 0.23437358822593524 0.5196089725877193 0.24013157894739834 0.5196089725877193
3 0.23487051413121662 0.5156255208093926 0.2394481644885218 0.5165152521115904 0.23889352727360347 0.5193686171049283 0.23431587697427858 0.518478886006562
3 0.241121864622869 0.5047452610846579 0.23988501183839617 0.501177210164555 0.24800852132500495 0.4983614374116011 0.24924537524657353 0.5019294859899597
3 0.24081169736837182 0.49999999999995104 0.2408117002102017 0.495614034677737 0.2467105271963419 0.4956140381774687 0.24671052631583734 0.5000000015383511
3 0.24890351061526417 0.4945175438596492 0.24083175458849837 0.4945175438596492 0.2408317573073191 0.4907557390350878 0.24890350877194578 0.4907557390350878
3 0.2160087732320335 0.5427631578947368 0.20970498553674588 0.5427631578947368 0.20970498692861383 0.5401724320175438 0.21600877192975076 0.5401724320175438
3 0.21252999406817707 0.49859178178927255 0.21430275704051382 0.5015109880613317 0.20829980613189036 0.5051561520738255 0.2065270449561467 0.5022369473683732
3 0.3070175448641521 0.41447368421052644 0.3009454583823299 0.41447368421052644 0.30094545947201823 0.41173338925438596 0.3070175438597289 0.41173338925438596
3 0.21441022210819938 0.4961250499274 0.21314434077407896 0.49970690425809094 0.20677695285087339 0.49745674013157637 0.20804283504912746 0.4938748876291243
3 0.21241526566075208 0.47144274206726544 0.21392490744938186 0.474814604948868 0.20564555576015664 0.47852115697160114 0.2041359165797303 0.4751492963035535
3 0.2105263165526594 0.4714912280701754 0.20460048076120074 0.4714912280701754 0.2046004815372271 0.46967955811403506 0.21052631578947967 0.46967955811403506
3 0.20424192264397334 0.4682017543359433 0.20424192543862318 0.46462746052634907 0.21162280793782884 0.4646274653522656 0.2116228070175339 0.46820175728732144
3 0.19956140573947323 0.5493421052631577 0.19262943969306434 0.5493421052631577 0.19262944203205734 0.5453888399122806 0.1995614035088238 0.5453888399122806
3 0.1984649133160019 0.543859649122807 0.19248581465672032 0.543859649122807 0.19248581578949597 0.5416666666666666 0.19846491228076957 0.5416666666666666
3 0.1983377798779884 0.5356743569324208 0.19919087471646435 0.5390956197682139 0.19084851748061737 0.5411756058186452 0.18999542543872394 0.5377543453947898
3 0.1919078991228389 0.5317982456139849 0.19190790086997822 0.5292207265620857 0.19736842166253155 0.529220729604482 0.19736842105260166 0.5317982475191337
3 0.19219615570170845 0.526315789473694 0.19219615694396452 0.5238062367273539 0.19627193024871303 0.5238062385006226 0.19627192982454744 0.5263157904288873
3 0.19186314155865603 0.5222058466693371 0.1912157541544275 0.5185346225907947 0.19735232497282595 0.517452581730247 0.19799971378597547 0.5211238039981717
3 0.19517543871222642 0.5153508771929823 0.192346214912277 0.5153508771929823 0.19234621514385708 0.5145682390350877 0.19517543859649322 0.5145682390350877
3 0.19035575548245612 0.5099891315789474 0.1962719298245614 0.5099891315789474 0.1962719298245614 0.5131578947368421 0.19035575548245612 0.5131578947368421
3 0.19090292780936124 0.5101352358213082 0.19019156472643317 0.5064758688277722 0.19517543859649322 0.505507104166713 0.1958868027573999 0.509166469721452
3 0.2797848399122813 0.4298245614035538 0.27978484181460317 0.42685979997858103 0.2861842111904025 0.42685980344487084 0.286184210526244 0.42982456363134264
3 0.28728070175438597 0.4216386567982456 0.2905701754385965 0.4216386567982456 0.2905701754385965 0.42872807017543857 0.28728070175438597 0.42872807017543857
3 0.18908622806964104 0.4970839813596489 0.19517712723757086 0.49708690091679464 0.19517530048369736 0.5008976607843704 0.18908440131576754 0.5008947412280702
3 0.25150842915309113 0.57405059297056 0.2604778733276589 0.5771387062401816 0.25896106352456627 0.581543840853526 0.24999161996106523 0.5784557288498902
3 0.2746720888158052 0.8179824568752893 0.2746720921719543 0.8074266827973392 0.27631579068190604 0.807426684209863 0.2763157894736423 0.8179824561404037
3 0.2605878024917274 0.8007894299223268 0.2639587136186492 0.7996289614273281 0.26693822450874904 0.8082820976294215 0.26356731401176603 0.8094425648225672
3 0.2699258694838136 0.7906173362065441 0.27379963554108144 0.7913414921711783 0.2719633107719801 0.8011627515787664 0.2680895449560694 0.8004385964912232
3 0.2927284719188492 0.7867652594932559 0.29659470032856916 0.7875868950739404 0.29485367551990294 0.7957777751023496 0.2909874473683658 0.7949561403508753
3 0.298951604166632 0.787221878289489 0.30200337502049024 0.7863045549960146 0.30483412555292944 0.7957201657961941 0.30178235516507357 0.7966374880023539
3 0.31798245614035087 0.785773841008772 0.32127192982456143 0.785773841008772 0.32127192982456143 0.7960526315789473 0.31798245614035087 0.7960526315789473
3 0.3270509626083822 0.8426939278575664 0.32894736842104066 0.8426608333333337 0.3290907411879971 0.8508746909607517 0.3271943353762481 0.8509077854499175
3 0.30043859602005796 0.6787280703622497 0.30043860374632914 0.6669517794079768 0.3048245638336766 0.6669517845236145 0.3048245614035068 0.6787280701754353
3 0.2947722583136283 0.6609107702439024 0.2987128318206942 0.6602349420876547 0.3007025893283526 0.6718351242581341 0.29676201602535457 0.6725109516067626
3 0.29228072916669134 0.6721491230060815 0.2922807343712748 0.6633711645950068 0.2960526334157976 0.6633711677631607 0.29605263157895934 0.672149122806987
3 0.2982456153467865 0.6567982456140352 0.28967808771926684 0.6567982456140352 0.28967808943980344 0.6546052631578947 0.29824561331497534 0.6546052631578947
3 0.294956141926491 0.6502192982456143 0.2888319902697276 0.6502192982456143 0.28883199200186027 0.6474880811403508 0.2949561403509051 0.6474880811403508
3 0.2601022284111423 0.5811521400904432 0.25943390878740047 0.5843458384738256 0.24957376079714777 0.5822826916928578 0.25024208249226376 0.5790889961593999
3 0.25986842232418894 0.569078947368421 0.25271709624996674 0.569078947368421 0.25271709758771976 0.5668859649122807 0.2598684209485782 0.5668859649122807
3 0.2850877197998898 0.43530701754385964 0.28004008552636606 0.43530701754385964 0.2800400860833179 0.43372249451754386 0.28508771929818977 0.43372249451754386
3 0.3048245624227093 0.5252192982456141 0.2964419898818278 0.5252192982456141 0.2964419909034177 0.5236963103070176 0.3048245614035068 0.5236963103070176
3 0.2952678077076598 0.5224353530501399 0.29579250657889133 0.5177498432017689 0.3031304412436384 0.5185715011011791 0.3026057453721478 0.5232570082047896
3 0.30238377967111774 0.5125751467555764 0.30129377932621537 0.5161400997897101 0.29469416846984586 0.5141223985181704 0.2957841698954553 0.5105574474051436
3 0.2987459340968144 0.5068907061932991 0.29813346346622893 0.5105358984288492 0.2932570350209289 0.5097166166257058 0.29386950675461776 0.5060714257854958
3 0.30153508671526197 0.5015497086928213 0.3024105992087698 0.5050609143764128 0.29551358248431825 0.5067805357668956 0.2946380722119102 0.5032693319982172
3 0.2982456150289181 0.5 0.293496915570131 0.5 0.2934969166482233 0.4971279057017543 0.2982456140350678 0.4971279057017543
3 0.30043859538363904 0.4924368385845791 0.30149801412744637 0.49580423675242513 0.29526593214689 0.4977647660266206 0.29420651535087927 0.49439736951750607
3 0.2929285175438281 0.4923245614034663 0.2929285202920937 0.48925632781423695 0.30043859751685886 0.48925633295809373 0.3004385964911762 0.49232456482615916
3 0.2993421063919186 0.48903508771929827 0.29341057726628605 0.48903508771929827 0.29341057897136125 0.4857456140350877 0.299342105201049 0.4857456140350877
3 0.29810092751677075 0.48109719018910674 0.29713602078766144 0.48469801674224855 0.2922902282253972 0.4833995895180479 0.29325513578862683 0.47979876429217644
3 0.29824561481268574 0.47807017543859653 0.2936821652795061 0.47807017543859653 0.2936821661086242 0.4756483541666666 0.2982456140350678 0.4756483541666666
3 0.2919714933418618 0.47368421038733033 0.2919714956140069 0.4707654342104946 0.2993421059878756 0.4707654387742858 0.299342105263122 0.473684213403694
3 0.2918091921275163 0.4709926286794101 0.2913499014388208 0.4673145547200396 0.299342105263122 0.46631661293865134 0.2998013977537539 0.46999468478282397
3 0.19012013486837986 0.5043859649123239 0.19012013747953915 0.500761099378488 0.1962719307283578 0.5007611032537954 0.19627192982454744 0.5043859670802574
3 0.18969298230945242 0.4945175438595927 0.18969298462502593 0.4916866322382252 0.19736842173585956 0.49168663772502363 0.19736842105260166 0.4945175477117676
3 0.16337719449973065 0.5021929824561403 0.1559511271930205 0.5021929824561403 0.1559511287443911 0.4994850394736842 0.1633771929824661 0.4994850394736842
3 0.17283113907649295 0.5217109067181542 0.1721197737233524 0.5253702741843252 0.1645322612473592 0.5238954145522156 0.1652436282894314 0.5202360493420747
3 0.18367900219300282 0.5493421052631984 0.18367900504074441 0.5455880755059623 0.18969298342096863 0.5455880796414402 0.18969298245610844 0.5493421075151659
3 0.1677631591995805 0.4703947368421053 0.16085222710091784 0.4703947368421053 0.16085222848437297 0.4676735635964912 0.16776315789479668 0.4676735635964912
3 0.16995614099232625 0.4736842105263157 0.16350135723428139 0.4736842105263157 0.16350135883601524 0.47073925328947364 0.1699561398569358 0.47073925328947364
3 0.16885965064750508 0.48026315789473684 0.16187036728115345 0.48026315789473684 0.16187036896451446 0.4771172412280701 0.1688596491228509 0.4771172412280701
3 0.1677631589379871 0.48355263157894735 0.16165372883722284 0.48355263157894735 0.16165372991395088 0.4811932500000001 0.16776315789479668 0.4811932500000001
3 0.16384757785090187 0.48903508771927373 0.1638475800471042 0.4857456129151774 0.16995614105564982 0.4857456163481918 0.16995614035090512 0.4890350896609163
3 0.1639795053411035 0.4945175436509972 0.16397950767543534 0.4908121589912676 0.16995614102324907 0.4908121622377983 0.16995614035090512 0.49451754523566255
3 0.165027058100236 0.49918024354181295 0.16437967535478037 0.4955090175846072 0.17102096756968876 0.4943379817012664 0.17166835177170015 0.49800920578454705
3 0.17213115556432967 0.4983394430062931 0.17353963834420938 0.5016385498824758 0.1654964264530463 0.5050721594969829 0.16408794627193402 0.5017730548245409
3 0.1644736841383292 0.5065789473684227 0.1644736861774163 0.5037314657625211 0.17105263217626998 0.5037314699634806 0.17105263157895934 0.5065789501261603
3 0.1732456141185139 0.5098684210526313 0.16365803125324874 0.5098684210526313 0.1636580338292788 0.5069476425438597 0.17324561235329838 0.5069476425438597
3 0.17193018752573153 0.5127755486907368 0.17258259853122127 0.5158446392628492 0.16485017179911665 0.5174882213105508 0.16419776297607314 0.514419132641918
3 0.17214912302392804 0.5175438596491228 0.16573380043860197 0.5175438596491228 0.16573380087243095 0.5169008366228072 0.17214912280701355 0.5169008366228072
3 0.16564733855398117 0.5300828328498247 0.16519298884747968 0.526382757243748 0.17214912280701355 0.5255286524122598 0.17260347429589729 0.5292287259330113
3 0.1845462214912459 0.5383771929824996 0.18454622218428085 0.5372057904344363 0.18989056596956289 0.5372057931186892 0.18989056578936925 0.5383771951532742
3 0.17214912358804213 0.5317982456140352 0.16608353097115014 0.5317982456140352 0.16608353179822188 0.5301595164473684 0.17214912280701355 0.5301595164473684
3 0.1675667394588345 0.5401927872887643 0.16596294294333802 0.5368473441335297 0.1743171609637102 0.5328427042644904 0.17592095802433505 0.5361881448876497
3 0.16768539221925494 0.5376054319120959 0.17595552021919048 0.5402923194249237 0.17480802959460107 0.5438239327261063 0.16653790197369744 0.5411370460352614
3 0.1670814243420864 0.546052631578905 0.16708142631068768 0.5427631577306862 0.17214912339352395 0.5427631604473366 0.17214912280701355 0.5460526329133072
3 0.17434210590170096 0.5493421052631577 0.16713155118463874 0.5493421052631577 0.16713155183219897 0.5482755175438596 0.174342105263122 0.5482755175438596
3 0.1655701767639357 0.5460526315789473 0.1594586815411958 0.5460526315789473 0.15945868292476462 0.5433836129385965 0.16557017543857455 0.5433836129385965
3 0.15899122807017543 0.5376743684210527 0.16557017543859648 0.5376743684210527 0.16557017543859648 0.5405701754385965 0.15899122807017543 0.5405701754385965
3 0.15899122807017543 0.5350877192982456 0.16557017543859648 0.5350877192982456 0.16557017543859648 0.5383771929824561 0.15899122807017543 0.5383771929824561
3 0.16666666828746202 0.5328947368421053 0.1590181181373964 0.5328947368421053 0.15901811983280822 0.5302178760964912 0.16666666666662877 0.5302178760964912
3 0.16337719427485808 0.525219298245614 0.15746227850877403 0.525219298245614 0.15746227981901484 0.5224635504385965 0.1633771929824661 0.5224635504385965
3 0.16118421026123997 0.5134921831488247 0.16162119045645795 0.5170508001661678 0.15646533277231356 0.5176838603274168 0.1560283541747367 0.5141252447620099
3 0.1622807027165436 0.5109649122807017 0.15633364234895453 0.5109649122807017 0.15633364332188648 0.5088716765350877 0.1622807017542982 0.5088716765350877
3 0.15614219956137276 0.5076754385965216 0.15614220194868267 0.5048442026825118 0.16337719378998372 0.5048442076049775 0.1633771929824661 0.5076754419391885
3 0.184256811403543 0.5438596491227542 0.18425681373719272 0.5410111576306661 0.19078947448053896 0.5410111619418355 0.19078947368427635 0.543859651896714
3 0.18956099787453695 0.5339173556118257 0.18853337693064987 0.5375007885392309 0.18359712377741744 0.536085341514371 0.18462474561408726 0.5325019100877241
3 0.19027644733751004 0.49259928343759196 0.18886406584033466 0.48918347590574635 0.19508077143859737 0.48661315538810446 0.1964931535399046 0.4900289612059127
3 0.14916964141468725 0.44450545807264885 0.15302091913963523 0.4453945408139817 0.15109422820739837 0.4537399594135185 0.1472429506578692 0.4528508771929875
3 0.19517543939412008 0.48464912280701755 0.18924718697542176 0.48464912280701755 0.18924718782875516 0.48275984868421046 0.19517543859649322 0.48275984868421046
3 0.18771747258767846 0.48135964912283075 0.18771747413472895 0.4794777422423269 0.1951754391166105 0.47947774690352296 0.1951754385966069 0.48135965275683845
3 0.19517543902543366 0.47478070175438597 0.18718125219299964 0.47478070175438597 0.1871812526235317 0.47403696710526316 0.19517543859649322 0.47403696710526316
3 0.1875 0.47054782675438594 0.19407894736842105 0.47054782675438594 0.19407894736842105 0.47368421052631576 0.1875 0.47368421052631576
3 0.18702228289475897 0.4703947368420867 0.18702228511278918 0.46600877144758623 0.19188596560934457 0.466008773809565 0.19188596491221688 0.4703947376832321
3 0.2131901842104753 0.44517543859653314 0.21319018666804368 0.4390675759887263 0.2171052640049993 0.4390675778509442 0.21710526315791867 0.44517543884836747
3 0.2079322916666797 0.44736842119779013 0.20793229370906374 0.44036800151890315 0.21052631660415955 0.440368002600805 0.21052631578947967 0.447368421052634
3 0.20886733143720448 0.4472852972941797 0.20490262451573926 0.4479024555315257 0.203777841882129 0.4406771250378543 0.20774254495620426 0.44005996710525586
3 0.1875 0.4429824549325292 0.1875000019866775 0.45065789487065233 0.18478309705869833 0.4506578946588491 0.18478309649117364 0.4429824561403622
3 0.17872807017545256 0.44295176830820754 0.1787280709921788 0.4484649123909341 0.17682398694455514 0.44846491214197703 0.17682398684007694 0.44295176877121634
3 0.1671573234649486 0.4495614036489045 0.16715732455725174 0.44359196436121323 0.16885964952382437 0.44359196491222014 0.1688596491228509 0.4495614035087839
3 0.15444217872811805 0.45285087750724806 0.1544421825643667 0.44305081349122766 0.15789473836980505 0.4430508154840565 0.15789473684208133 0.4528508771929572
3 0.1518010754180068 0.44379791537760926 0.15350877192975076 0.4437084243421081 0.15398659477602905 0.45282583712606345 0.1522788982686052 0.45291532810577434
3 0.14410379933951845 0.4550438597914635 0.1441037998546335 0.4456776830457895 0.1447368422134332 0.445677683311134 0.144736842105317 0.4550438596491111
3 0.1837840202751977 0.5317982455619922 0.18378402192979593 0.5289054780701703 0.18859649175806226 0.5289054804403236 0.18859649122805422 0.5317982468076428
3 0.18311403661778058 0.4703947368421053 0.1779150164472867 0.4703947368421053 0.17791501815247557 0.4660322335526316 0.18311403508766944 0.4660322335526316
3 0.17915773687957426 0.4768840468667284 0.17827936065850736 0.4732875282844453 0.1862982412922065 0.4713292127380211 0.18717661894856974 0.47492572917974735
3 0.18620784464349072 0.47486024110183134 0.18730055193168482 0.47752868210048155 0.17978785871343916 0.4806048584978246 0.1786951532836838 0.4779364190745779
3 0.18092105240248202 0.48355263148319105 0.18092105514881496 0.4798907253081887 0.18859649191119843 0.4798907309501906 0.18859649122805422 0.48355263505690715
3 0.18530701849431352 0.48793859649122817 0.1806568645090465 0.48793859649122817 0.18065686549175552 0.48513509210526323 0.18530701754389156 0.48513509210526323
3 0.18750000119166543 0.49232456140350883 0.1816012833953664 0.49232456140350883 0.18160128508770867 0.48903508771929827 0.18749999998544808 0.48903508771929827
3 0.18812518475829165 0.4935692940989223 0.18730768864088532 0.4962430120976977 0.1814762397712002 0.4944601624840524 0.18229373657709402 0.4917864457115898
3 0.18926721930995427 0.49614164612194 0.18931734320176474 0.4978070175438031 0.18127657131299202 0.49804900527611895 0.18122644846482672 0.49638363486845755
3 0.18996086399135947 0.508545065542613 0.18919015559458785 0.5112326437994924 0.18083132780566302 0.5088357946480466 0.1816020372807543 0.5061482182017651
3 0.18640350954160567 0.513157894736842 0.18163768677266035 0.513157894736842 0.1816376875866581 0.5110277949561405 0.1864035087718321 0.5110277949561405
3 0.18640350938721895 0.5175438596491229 0.1812682850877536 0.5175438596491229 0.18126828571018905 0.5160130822368422 0.18640350877194578 0.5160130822368422
3 0.18888531641005102 0.5197252725962812 0.18856038746309878 0.5234389531237282 0.1815040362758964 0.5228216049738219 0.1818289671052753 0.5191079265351188
3 0.18444056077964888 0.529372022667502 0.18322679556308685 0.5258472853509294 0.19144876364498487 0.5230162361132173 0.1926625300653768 0.5265409709783627