3 0.8076761469460507 0.4593883986672784 0.810389429595034 0.45251444319422135 0.8236646009132755 0.45775407375858906 0.8209513263509507 0.46462802237825007
3 0.8285254763485455 0.8197743500022812 0.8249954040023795 0.8133777896131871 0.8378072039473636 0.8063087609649443 0.8413372769509806 0.8127053097511372
3 0.6637786432788744 0.7618146815023213 0.6702658779747708 0.7669101072351915 0.660070956280947 0.7798874023925519 0.6535837303725884 0.7747919865351273
3 0.6691125524802146 0.7702893346977313 0.6748401118288712 0.7758811695124607 0.6632969531016215 0.7877023063088149 0.6575694046051694 0.7821104824561202
3 0.7063042189871567 0.8150841330626725 0.7122659360164789 0.8218163784100342 0.699499842066075 0.8331189946472706 0.6935381401343648 0.8263867637159905
3 0.7106313754965186 0.821412895144706 0.7160991959524381 0.826745049687576 0.705078583141244 0.8380436807958359 0.6996107732156815 0.8327115368905087
3 0.7460247384739205 0.8612014453387737 0.750310222615326 0.8670288671088917 0.737362433723888 0.8765484628898511 0.7330769632956162 0.8707210535228099
3 0.7461187451135629 0.8669102030463604 0.753214182292254 0.8699799373277286 0.7464539462383755 0.8856020145864543 0.7393585131578675 0.8825322872806964
3 0.7653493141724539 0.8852946939996253 0.7711211793869097 0.8913048677202202 0.760424322904214 0.9015750740598717 0.7546524700184136 0.8955649124676849
3 0.6676039488233982 0.4634447992072941 0.6743037369633385 0.46037159560607765 0.6807012539853758 0.4743176813663606 0.6740014679182877 0.4773908815958255
3 0.6685748255025601 0.4554229776963198 0.6735686743420501 0.4512993157895085 0.6854630707471188 0.46570277624645295 0.6804692268468671 0.4698264327422061
3 0.6651273862925109 0.4346495122678293 0.6712735366568268 0.42958716136694125 0.6840595808223497 0.4451096633503334 0.6779134366825019 0.4501720074209259
3 0.6711663951999753 0.4142289986503311 0.6778232127193178 0.4117518914473639 0.6842195064925818 0.4289399558932206 0.6775626904811816 0.4314170601752822
3 0.6790864678515618 0.4001539513587363 0.6869559974333015 0.41494972566772403 0.6805978244424296 0.4183313125877019 0.6727283026315263 0.4035355449561184
3 0.6879575573226475 0.39483548358727816 0.6839941807878631 0.4008005572021541 0.668946185331265 0.3908026739370113 0.6729095605700195 0.3848376067829828
3 0.6749054188595665 0.37098388267544874 0.6803920205607028 0.36829270419192495 0.68875794967812 0.38534788826975364 0.6832713498832845 0.388039063807822
3 0.6841294383284549 0.35697906525553724 0.6912382850979384 0.37119027491805295 0.6840825235409511 0.37476963641652694 0.6769736842105658 0.36055843311401103
3 0.6785858746228541 0.3484473951642928 0.6853164879386213 0.34349531140352496 0.6935179525447666 0.3546418991552889 0.6867873423778974 0.35959397924437486
3 0.708864483242678 0.37191018387270663 0.7233941944899698 0.37099659508538146 0.7239197941036082 0.3793553713880834 0.7093900828939468 0.3802689597374801
3 0.7096782442412177 0.3717105262481013 0.7096782521930436 0.36439739144740274 0.7225877219568702 0.3643974035567084 0.7225877192981898 0.37171053306300167
3 0.7214710108204372 0.3561113429242581 0.7203541203382429 0.3643341144329187 0.7080313307108099 0.36266038321354366 0.709148225877243 0.3544376173245435
3 0.7243045970888033 0.34755832948239945 0.7228719845877549 0.3566032129344207 0.7081004931241068 0.35426364668906907 0.7095331114370538 0.34521877047989097
3 0.7225851142189867 0.3362809845111883 0.7226032545700036 0.34429821047202624 0.7089203682080552 0.3443291621548598 0.7089022335526352 0.33631194188593244
3 0.7225634418135769 0.3294405439412476 0.7226245754825413 0.3355259455625956 0.7089060570306174 0.3356637504536783 0.7088449276316169 0.32957835307017647
3 0.7058189610638692 0.3187051899748705 0.7192489569334839 0.3167483210568268 0.720474990648313 0.32516233032477154 0.7070449949499107 0.3271191984275617
3 0.6532192175978935 0.7747129242349318 0.6465467558340379 0.7695242177272356 0.6555243508771582 0.7579814912280419 0.6621967976919905 0.7631701888697034
3 0.7888424401124894 0.8183980593308702 0.7955438302703897 0.8234846334414138 0.7840764335707036 0.8385893771016095 0.7773750540457058 0.8335028151687259
3 0.7933202813186426 0.8255173096969103 0.800049204032689 0.8296054932698609 0.791992828044954 0.8428630262012834 0.7852639114452131 0.8387748506887612
3 0.6819462470136841 0.7426225432960366 0.6769931700627012 0.7373351233245272 0.6877257149122897 0.7272829013157508 0.6926787844680575 0.7325703125636647
3 0.8428757684204129 0.8172457174132098 0.8494231293398116 0.8202151006630203 0.843431483214772 0.8334236797199783 0.8368841256015003 0.830454301887082
3 0.7478770545544648 0.7887309927030571 0.7437873038537646 0.7828036760514948 0.7555218728069804 0.774708526315762 0.7596116209040247 0.7806358329037149
3 0.748177889952899 0.767172190185137 0.7540315887413271 0.7712210513860468 0.7452062043964816 0.7839781355351044 0.7393525117366835 0.7799292817551522
3 0.7033290395850145 0.7101430096195216 0.7085105080112726 0.7160199395439725 0.6972076247393488 0.7259836917519048 0.6920261664764666 0.7201067715164853
3 0.7014201650650875 0.735094468493987 0.6944755642654172 0.7284647718483802 0.705594863603892 0.7168192010340322 0.7125394512690946 0.7234488858884627
3 0.7457747379799002 0.7603774346406743 0.751308052955892 0.7657950506908021 0.7388732144897858 0.7784931468486743 0.7333399107038758 0.7730755420864523
3 0.7286862639874698 0.742890389211375 0.7340811225595871 0.7486094003351997 0.722945749753535 0.7591118068858547 0.7175509014331283 0.7533928057776154
3 0.7232843762072889 0.7361356478523996 0.7290075487562717 0.741502716463338 0.718396494432227 0.7528158921087968 0.7126733310643658 0.7474488329389772
3 0.7163844643099537 0.7295220709884193 0.7231105659706145 0.733749329090075 0.7145542793895174 0.7473611975213192 0.7078281836594442 0.7431339470639802
3 0.7119892644416268 0.7244791567260748 0.7182630343447727 0.7298176532872017 0.7075354201435857 0.7424226087838677 0.7012616594079191 0.7370841220969119
3 0.6918363761546971 0.74863754776244 0.6845726431982939 0.7457914107501982 0.6897322911951278 0.7326255201145971 0.6969960034323321 0.735471652586174
3 0.7429558107826324 0.8209496427225038 0.7375880909343095 0.8137234634294246 0.75169928179821 0.8032435635965102 0.7570669956216989 0.8104697271580955
3 0.6953331522647659 0.7390224489263699 0.7019633925923472 0.7416203533600085 0.6961961138971446 0.7563368076512671 0.6895658760964807 0.7537389078947527
3 0.6977757095565948 0.7612340931163257 0.6932747222232365 0.7556848563944945 0.7050825405701744 0.7461091962719191 0.7095835226203917 0.7516584233017316
3 0.705136812921296 0.7515956384074081 0.7121215567566423 0.7550622670635148 0.7053482013814119 0.7687071745254508 0.6983634615583014 0.7652405519880615
3 0.7095411626031591 0.7576840169164749 0.7177017358915236 0.7614669620127692 0.7116794694550208 0.7744558780540529 0.7035189000895343 0.7706729392801878
3 0.718540232046621 0.7635261219793176 0.7249972923806354 0.7680948318446311 0.7158339036100188 0.7810432955658292 0.7093768504139462 0.7764745942296534
3 0.7255619871497174 0.7711929929761605 0.73063985882618 0.7771386030643056 0.7170916288990838 0.788707361738269 0.7120137705558136 0.782761764232182
3 0.729443909620727 0.7779860860740829 0.7356168246188872 0.7841908924982481 0.7234045373704703 0.7963381045169128 0.7172316352209691 0.7901333109126449
3 0.7336594437257418 0.7845377928834227 0.7390901381112371 0.7886890590470386 0.7308234840985506 0.7995014401025979 0.7253927956862753 0.7953501807566316
3 0.7365529181903412 0.7881322183523046 0.7439945616723662 0.7918898959489111 0.7367398734062363 0.8062541811628094 0.7292982347976249 0.8024965109108584
3 0.7378803631070241 0.8127492055028341 0.7333870501430511 0.807121647034738 0.7455124503636625 0.7974420627999739 0.7500057578154156 0.8030696105596357
3 0.7390350925439861 0.3092105263157895 0.724293779349523 0.3092105263157895 0.7242937844431481 0.3019868125 0.7390350877193441 0.3019868125
3 0.7394329419033738 0.3224509608061109 0.7377763576054122 0.32965267360615064 0.7253096756994637 0.3267850942029296 0.7269662631579195 0.31958338596486935
3 0.7740028587593315 0.3199813872747843 0.7749157857093678 0.32664576273250967 0.7622317534210197 0.32838323747551856 0.7613188311403292 0.3217188662280823
3 0.5022462920395583 0.7546083165459749 0.5098857219293222 0.7579603565127041 0.5012002301120901 0.7777513992309666 0.493560805254333 0.7743993677241359
3 0.44694650438600547 0.6391126864035127 0.45342394893395976 0.6349730484451487 0.46353958308475285 0.6507993610744823 0.4570621445271854 0.654938991388544
3 0.458068718799268 0.6525650595987053 0.4529913505417653 0.6584881640689001 0.43888054352748895 0.6463937306014194 0.4439579046052131 0.6404706370614036
3 0.42888977756661006 0.6603364830629798 0.4349948684210858 0.6545804232456075 0.44622497934551575 0.6664899073041138 0.4401198977716376 0.6722459575966359
3 0.44801133904991275 0.690133936047153 0.45156320731700816 0.6955204507025419 0.4405139309824335 0.7028052581889176 0.43696207127186426 0.6974187510964752
3 0.4340618322368073 0.6971900767543772 0.4312403745333313 0.6904627314576891 0.44567107017542185 0.6844113519737004 0.4484925316658064 0.6911386862154785
3 0.4407840407243384 0.6773387071598961 0.44425800829253603 0.6833534021218484 0.43065721855521133 0.6912078125632035 0.4271832623639966 0.6851931274542028
3 0.5244104823344742 0.785321560959571 0.5302916746749133 0.7894559477052983 0.5220488893298807 0.8011791127421855 0.5161677029623206 0.7970447331571279
3 0.5189308593685382 0.7936996351943568 0.5115484378123938 0.7895060977617758 0.5182431074561009 0.7777228607456115 0.5256255099764076 0.7819163913692823
3 0.5079852010866261 0.7887536254227782 0.5035667378763264 0.7822349954473247 0.5162680241228372 0.773627404605233 0.5206864845854398 0.7801460226643006
3 0.5052962096173133 0.7817047199512774 0.5000517453748898 0.7776957685723647 0.5086604177631671 0.7664360723684333 0.5139048703480285 0.770445017047356
3 0.561327669199386 0.8841158824710446 0.5570333920150006 0.8898967639596508 0.5446648403680001 0.8807110635666836 0.5489591129386326 0.8749301940789568
3 0.47571180270153945 0.6262142945109228 0.4720584345802763 0.631712396357296 0.4605679875057831 0.624078150518117 0.4642213541667388 0.618580055921019
3 0.4509195906820196 0.6364455041434997 0.45534997478068817 0.6300241392543733 0.46883016283459256 0.6393235662781239 0.46439979018668964 0.6457449209486945
3 0.4638812826433423 0.6198263248465299 0.46809591228065983 0.6132990361842136 0.4814160359977677 0.6218987488582737 0.4772014174765218 0.6284260277275032
3 0.7620614035087719 0.3125 0.7774122807017544 0.3125 0.7774122807017544 0.31798245614035087 0.7620614035087719 0.31798245614035087
3 0.49935668904652175 0.6658316122151522 0.5046107752016269 0.6705169390295019 0.4947958643659831 0.6815217697612782 0.4895417849512569 0.6768364500401742
3 0.8231603653906632 0.41166674523458807 0.8221070706662204 0.418316695347475 0.8074633461350231 0.4159973671385464 0.8085166458618005 0.4093474232365126
3 0.8103070103536538 0.39912280668425043 0.8103070175438916 0.39305369298249104 0.8245614054812904 0.393053707184144 0.8245614035087101 0.3991228156599788
3 0.8251371131242422 0.3725274880509476 0.8270044475777922 0.3807478474023969 0.8107135676536927 0.38444830646724415 0.8088462423245346 0.37622795504380896
3 0.8119324900305855 0.3037280698185525 0.8119324978069926 0.29651454276312306 0.8278508797188806 0.29651455684504163 0.8278508771929864 0.3037280786485409
0 0.5857976294170157 0.4447901100386654 0.5958707116227515 0.44283055372808033 0.6006104235412977 0.4671934777791326 0.5905373422973526 0.4691530307059361
3 0.565655324830459 0.5793089635776009 0.5704067521733123 0.5854600112474139 0.5565876162280574 0.5961335800438978 0.5518361993745202 0.5899825419842349
3 0.4670613060584401 0.7088979618718596 0.470727575005526 0.7153114781721592 0.456276310570388 0.7235711957935843 0.4526100550905312 0.7171576911415258
3 0.5321755629518066 0.700995934057283 0.5390480551875498 0.7043413132173331 0.5323307282462793 0.718138762840679 0.5254582395930356 0.7147933892313169
3 0.5148227487798067 0.6967574961464658 0.5090157991129445 0.6936181551007247 0.516064223684225 0.6805823442982568 0.5218711587012876 0.6837216804617358
3 0.5042590662363864 0.6706386904848286 0.5108853447185311 0.6759419603025987 0.5010226272036107 0.6882633935540028 0.49439635651162916 0.6829601324023903
3 0.5472163272892203 0.6844133403016471 0.5403906054498293 0.6795299061232749 0.5514058070175452 0.6641357905701711 0.558231510317114 0.6690192152494587
3 0.4886580891018184 0.6164840946690845 0.4851988474877089 0.6221063617832641 0.47144749927520024 0.6136464658143799 0.47490674013158696 0.6080242072368265
3 0.5840784361425904 0.666753099822673 0.590482325910898 0.6730233475554702 0.5788920271453435 0.6848590207164422 0.5724881479860642 0.6785887836841974
3 0.5646869726077739 0.6712854330520774 0.5598366718279522 0.66370225390757 0.5745745328947578 0.6542769901315835 0.5794248317769188 0.6618601558710328
3 0.5618675278482215 0.6396066272994271 0.5698773305268787 0.6440661052699771 0.5618197950566355 0.658536627583281 0.553809997590065 0.6540771569190916
3 0.49496066325048105 0.6588626287505974 0.5011356375089235 0.6641842558369082 0.4908480712920209 0.6761198530117267 0.4846731050014341 0.6707982344528067
3 0.5343853376509742 0.6321322041535219 0.5302177003966335 0.6241250595409435 0.5448297894736243 0.6165205197368157 0.5489974283177617 0.6245276517977484
3 0.49342930599993906 0.5861820045830369 0.5005322313596707 0.5817176524122643 0.508748716029686 0.5947889594913436 0.5016457954782254 0.5992533054583196
3 0.5117136061682004 0.587322010055531 0.506073838475686 0.5906232340754901 0.49877918994809534 0.5781624368747738 0.504418946271926 0.5748612171052464
3 0.5089148078095604 0.5673116340265496 0.5141750120614006 0.5621243333333409 0.5245105383406781 0.5726040845729621 0.5192503406726701 0.5777913786362222
3 0.49817519812359023 0.6070461651045684 0.4930739779281339 0.6112358830259416 0.4838476140350849 0.6000035017690745 0.48894882565787157 0.595813789473686
3 0.4917323460665557 0.6141823375683383 0.48457240197342344 0.61728036203198 0.47851739159807494 0.6032879937559842 0.48567731798243585 0.6001899736841999
3 0.839282369039438 0.8096475556766836 0.8459896551380552 0.8135431403915546 0.8373578331489853 0.8284020817639245 0.8306505531967332 0.8245065054045562
3 0.8229850610421181 0.812754850222859 0.8190035621296374 0.8066725706504799 0.8325029747807093 0.7978375175438908 0.8364844715715662 0.803919785074425
3 0.8065527459721125 0.44185953045297544 0.8095665587738949 0.4331073303372439 0.8235634280396198 0.43792685753961064 0.8205496254657874 0.446679048968609
3 0.8178587895221199 0.8066034809070164 0.8144119364055769 0.8001840334933675 0.8287765021930227 0.7924726348684495 0.8322233564643966 0.7988920695365276
3 0.7746344897730069 0.4524752181961881 0.7764013585526754 0.4433860986841978 0.7910720286296282 0.4462378086754888 0.7893051704470508 0.455326918882969
3 0.7731711788866278 0.46316880713608116 0.7730263157894797 0.4714681129385702 0.7601061557247704 0.47124259861377854 0.7602510263158138 0.46294330043863774
3 0.7598684098666126 0.46162280701759795 0.7598684215981848 0.4528508767221378 0.774122810048766 0.45285089416208174 0.7741228070175339 0.4616228157435231
3 0.7905387108301056 0.4567809346412037 0.7883217910297162 0.46287150462301635 0.7754942486445771 0.4582026716250092 0.7777111710526015 0.45211210745618396
3 0.7741228070175439 0.4724129692982456 0.7883771929824561 0.4724129692982456 0.7883771929824561 0.4780701754385965 0.7741228070175439 0.4780701754385965
3 0.7876676611019775 0.4826541119453838 0.785120560721225 0.4906179740518415 0.7717163995915826 0.48633119041586353 0.7742635043859991 0.4783673366228319
3 0.7708333389197151 0.4791666666666667 0.7591903151036377 0.4791666666666667 0.759190322368454 0.4714912280701754 0.7708333332652728 0.4714912280701754
3 0.7210465811117501 0.43530512198337146 0.7202105585164418 0.4426868856066767 0.7056607145667613 0.4410391291901892 0.7064967434210985 0.43365737280698025
3 0.7087877510964518 0.4506578947368662 0.7087877603660218 0.443575353890158 0.7214912312118713 0.4435753681246614 0.7214912280702492 0.45065790284335566
3 0.7044758680018504 0.45816728384638544 0.7066328333332876 0.45011793969303693 0.7213261598369627 0.45405502762752076 0.7191692044182219 0.4621043632646628
3 0.707091296295971 0.46044918137151375 0.7193216963138411 0.4604781017273332 0.7192982178573857 0.4704064743524414 0.7070678178396292 0.47037755401697595
3 0.7380969576124699 0.38044879687224986 0.7243013217972702 0.3833810249538741 0.7224104888629199 0.3744853307182932 0.7362061107456839 0.37155310416666215
3 0.7368009071828965 0.3797772689208147 0.7382667203812616 0.38963035795595846 0.723390234400199 0.3918433752746578 0.7219244309210353 0.3819902949561295
3 0.6624836572977983 0.3819700550625109 0.6758698865189672 0.3966115833393076 0.6704735120400755 0.4015450602360743 0.6570872894736794 0.38690353837720104
3 0.7266854670181147 0.32718947368248413 0.7392171389557234 0.3274378504873958 0.7390304766913687 0.33685544521127864 0.7264988047568295 0.33660706852482264
3 0.7380657971759774 0.340833386661962 0.734688341944775 0.3484917470404232 0.7240029089912241 0.3437794703947628 0.7273803655931488 0.3361211146942801
3 0.7243921853070105 0.3524081162280709 0.7262853617990004 0.34520989331060997 0.7401528002263831 0.3488569759437125 0.7382596301447393 0.3560551933525987
3 0.7252984007408259 0.3637775234750547 0.7238928857030942 0.35657798894305814 0.7362721249253354 0.35416136916842833 0.73767764368381 0.36136089873552796
3 0.7335526344475056 0.368421052631579 0.723074199561438 0.368421052631579 0.7230742025769814 0.3633856677631579 0.7335526315789593 0.3633856677631579
3 0.7377986975307067 0.39324129584866985 0.7362508248531867 0.39957391899269146 0.7217766260964709 0.3960361754386515 0.7233245025629458 0.38970355798787687
3 0.7357456189412233 0.4046052631578948 0.721826769682707 0.4046052631578948 0.7218267748145308 0.3987139967105264 0.7357456140350678 0.3987139967105264
3 0.7363716910930407 0.40986768800732093 0.735671390643688 0.4162462228823049 0.7221329922454061 0.4147599090863769 0.7228332974541445 0.40838137967348453
3 0.7211755963662654 0.4250756330990783 0.7202728184315674 0.41772343323289607 0.7357456140350678 0.41582362500003645 0.7366483982450518 0.42317581751096595
3 0.7899185568555822 0.4352908745705037 0.7911170104657685 0.4427479177875942 0.7766931679944946 0.445065888971099 0.7754947225877231 0.43760885307022707
3 0.7893663416689378 0.4270157906769627 0.7896155579612696 0.43505498647293694 0.7770445647151973 0.4354446595347513 0.7767953552631752 0.4274054703947354
3 0.7894123341619661 0.4172397593089803 0.7899490887295997 0.42402764190025843 0.7780686645864989 0.42496703419181053 0.7775319155701936 0.4181791567982369
3 0.759868414573134 0.3804824559458046 0.7598684210526017 0.37469267105267495 0.773026317468748 0.37469268304962206 0.7730263153708847 0.3804824635605176
3 0.8074485780235818 0.4331140347558156 0.8074485866228542 0.42719264473685153 0.8223684238620308 0.4271926622440841 0.8223684210526017 0.4331140464712396
3 0.8080640756578532 0.42440313706139154 0.8102916575144263 0.4163922737497941 0.823384886252029 0.42003291189237696 0.8211573125679479 0.4280437681992265
3 0.8222114501714941 0.4489142928156067 0.8199608916959278 0.4569018040716747 0.8073678790732401 0.4533538143636421 0.8096184418859593 0.44536631030704255
3 0.7926694430379939 0.3495763025335189 0.791383120745877 0.3568711774733589 0.7762730096557107 0.35420686785353556 0.7775593366228577 0.34691199890354507
3 0.7769764418434306 0.3412228662471405 0.7748085545383674 0.34829107162283357 0.7602764176883738 0.34383407801945814 0.7624443081140271 0.33676587828947063
3 0.7624780230263468 0.35526315789468754 0.7624780304497563 0.34649122482819594 0.7730263182712633 0.34649123291269635 0.7730263157894797 0.35526316104337025
3 0.7730263157894797 0.3640350832781166 0.7730263225640783 0.3728070175438337 0.7599013818900175 0.372807019049351 0.7599013815710123 0.36403509122993555
3 0.7708333366642819 0.361842105263158 0.760246255071479 0.361842105263158 0.7602462587559558 0.3557872225877193 0.7708333333332575 0.3557872225877193
3 0.7918061823012295 0.37731442467570503 0.7889719847530614 0.3851010039130436 0.7763834046028251 0.3805191449400241 0.77921760486322 0.37273257173487995
3 0.7764593095301962 0.3704904341978826 0.7788699462719251 0.363568383771925 0.7919790349520781 0.3681334946676338 0.7895684045776079 0.3750555396895258
3 0.7748200105249907 0.38209159682278654 0.7758063880188502 0.39155649119298197 0.7606135579362672 0.3931397173910872 0.7596271897284623 0.3836748315524808
3 0.7883771912360089 0.40948023558158203 0.7892937519070529 0.4158961936998844 0.7767620100206614 0.4176863323839817 0.77584545504385 0.41127037938601535
3 0.7729587785888725 0.41578556494107854 0.7742602575428918 0.4240496595512431 0.7591447110783065 0.42643000752061616 0.7578432412281018 0.41816592105260125
3 0.7074606184503409 0.40504351400010397 0.721578911450024 0.40840730672904657 0.7196387836265785 0.4165498666262728 0.7055204912280715 0.4131860756579007
3 0.7182017592009515 0.4232456140350877 0.7072263327783048 0.4232456140350877 0.7072263378637444 0.41619121710526313 0.7182017543859729 0.41619121710526313
3 0.7708333427782463 0.5328947368421052 0.7570843119789288 0.5328947368421052 0.7570843225074668 0.5238779210526314 0.7708333333333712 0.5238779210526314
3 0.7616188916433657 0.4014546844710574 0.7595538808030824 0.3934478744535106 0.7749268364841555 0.38948327010268635 0.7769918522766375 0.39749007246271795
3 0.7613185402871068 0.40570175418684656 0.7613185471491306 0.40071159429827535 0.776315791739421 0.40071161028393837 0.7763157894736423 0.4057017655766451
3 0.7601539163309781 0.410756130388372 0.7730263157894797 0.40682084868421475 0.7753426666964742 0.4143972984343146 0.7624702680997189 0.4183325781769089
3 0.7597449897623392 0.43687022704480427 0.7581548346090585 0.42869000463435103 0.772852244517594 0.4258331304824654 0.7744424057081005 0.43401334484768844
3 0.7757104048580459 0.43874201395827933 0.773070703856547 0.44640783891896435 0.7593500190005216 0.4416834397447593 0.7619897236374982 0.43401762227736745
3 0.759561226480514 0.45175438589850847 0.7595612346491407 0.44467605921051234 0.7708333360542383 0.44467607069295245 0.7708333333333712 0.45175439193260375
3 0.7242940078735955 0.42817655387525033 0.7369606059827447 0.4238153396645282 0.7398826056846701 0.43230144685252536 0.7272160088057262 0.4366626585012232
3 0.739078789054247 0.43773702604429376 0.7367322539231509 0.44554076478501736 0.7238739850268985 0.44167458355121003 0.7262205241624997 0.43387085182068175
3 0.7401091123801962 0.4432437437809507 0.741424348577425 0.4508577265931086 0.7276638375224138 0.45323455723058986 0.7263486095280314 0.44562058169970065
3 0.7330015669788281 0.6991397704016329 0.7261247996081011 0.6970692436455714 0.7303479925375314 0.6830449955347034 0.7372247400700189 0.6851155190968864
3 0.63173265802061 0.6495966478947315 0.6261583913885715 0.6441386168119876 0.6376166306245068 0.6324378342111533 0.6431908881050958 0.6378958565829131
3 0.628230179975958 0.6714268650938094 0.620977474551637 0.6686490966332451 0.6263294243420887 0.6546771633771916 0.6335821100374233 0.6574549276278613
3 0.6288384609150626 0.6767130682805179 0.625269599144417 0.668745931988159 0.6381318267543747 0.6629851140350711 0.641700691741562 0.6709522388387471
3 0.6401407092679392 0.6851104396768153 0.6335171059158711 0.682600163286017 0.6385278258255767 0.6693807879704204 0.6451514117809438 0.6718910606988643
3 0.7651737032014125 0.7430880256778479 0.7615074739022702 0.7368898042771661 0.7740659791667213 0.7294627138157833 0.777732208139355 0.7356609250656072
3 0.7551948938149735 0.730811437794255 0.751379923413765 0.7245141309724558 0.7659250317982469 0.7157039638157614 0.7697400014415052 0.7220012588423695
3 0.7543738973528207 0.7086646127214045 0.7622825090376182 0.7132827785496649 0.7542311957610082 0.7270684903717554 0.7463225900304451 0.7224503326077116
3 0.7480788809997421 0.7015665948804859 0.7554830093733926 0.7050817739368748 0.747807637207643 0.7212461549478375 0.7404035131461342 0.7177309827062379
3 0.7438657086024705 0.696925897922531 0.7502934288399956 0.6994910552537701 0.7444873727224603 0.7140375528162508 0.7380596548578069 0.7114723998042117
3 0.7373971845108827 0.6907759233426352 0.7450467894959729 0.6959598731996441 0.737095308887433 0.7076915861287292 0.7294457102864271 0.7025076440958337
3 0.7288271122665719 0.6772895978087587 0.7348630369853026 0.6818626688360119 0.7253890668022223 0.694365416668027 0.7193531486174152 0.689792353136031
3 0.6903514357792346 0.5927933994879484 0.695633923245623 0.5869529956140285 0.706837455016057 0.5970851994237942 0.7015549758573343 0.6029255953000872
3 0.7192206282637699 0.666138313629564 0.7230272740574719 0.6729694306912405 0.7101512329523985 0.6801436120397824 0.7063445991341268 0.673312505304465
3 0.7113094903243109 0.6585615407601246 0.7169462951243304 0.6619047302665185 0.7090659768061869 0.6751895885909559 0.7034291759217695 0.6718464043305978
3 0.6670077202145421 0.6961001089857524 0.6557662675592155 0.6859365004823026 0.6609149989035359 0.6802425855263174 0.6721564412816861 0.6904061858364479
3 0.6542489222592849 0.686645169052059 0.6669729385777146 0.6969450590674263 0.6621160946874625 0.7029440931878844 0.6493920860018534 0.6926442116001379
3 0.7734366498295913 0.7512987523544808 0.7666523934666429 0.7468453852701158 0.7748184336056738 0.7344073643710999 0.7816026731101147 0.7388607239526872
3 0.7818238443650216 0.7403309344109636 0.7879255234153106 0.7452490678806076 0.7783513236377075 0.7571252582325781 0.7722496523178961 0.7522071333247103
3 0.7918792238784818 0.7539395083326779 0.7979048066913492 0.7591037021185661 0.7885543212925086 0.7700119146915843 0.7825287465122983 0.764847729523053
3 0.804639266056256 0.7658290684877925 0.7950713352477123 0.7788977961368158 0.788787963832192 0.7742984119609033 0.7983558903508765 0.7612296962719541
3 0.8133016902811505 0.779357710111907 0.8187215169780302 0.7833186968842766 0.8098501797476274 0.7954550689985955 0.8044303591435664 0.7914940893674361
3 0.8238695043655753 0.7875731609198097 0.8262044595578573 0.7925547990067578 0.813076292102437 0.7987069372152243 0.8107413471627751 0.793725307850538
3 0.6646047854202379 0.581024532695294 0.6684945526315005 0.572760701754433 0.6836553904297489 0.5798961414477607 0.6797656375955512 0.5881599601525003
3 0.7525219984199794 0.7999386463448048 0.7469853423120867 0.7961194413602215 0.758772794956144 0.7790345910088026 0.7643094312712719 0.7828537864510744
3 0.7392595763041072 0.45518522375110165 0.7370160325954203 0.46287444960805607 0.7236353602456802 0.4589705110161784 0.7258789083224428 0.4512812926492536
3 0.8238722207746605 0.5088053940759548 0.8234360382452905 0.5169891064720948 0.8082601833170884 0.5161803024588186 0.8086963749999541 0.5079965997807309
3 0.7357456200777506 0.4682017543859649 0.7241789484648962 0.4682017543859649 0.7241789546603741 0.4607260449561404 0.7357456140350678 0.4607260449561404
3 0.7218995323207764 0.4775865028593192 0.7246304144737223 0.4687651491227621 0.7360206036926229 0.47229104207403566 0.73328973048433 0.48111238817548374
3 0.720455343840058 0.4249579007126938 0.7224252185150135 0.431709177141172 0.7081109130000414 0.4358855329773071 0.7061410460526076 0.4291342631579007
3 0.7604180512776111 0.4857456138365187 0.7604180570175458 0.48068476206138616 0.7708333351938563 0.4806847717700722 0.7708333333333712 0.48574561966619934
3 0.7370656478206001 0.4826528425032186 0.7347469767690882 0.4892504957455206 0.719882373565838 0.48402686048563454 0.7222010482456653 0.477429214912239
3 0.7375231377338878 0.4903791057312985 0.7348381072263237 0.4981764575818777 0.7222140994610982 0.49382967515144677 0.7248991337719417 0.4860323311403487
3 0.8239652263572452 0.4744435593698667 0.8221592846666681 0.48226546099934237 0.8089774022738538 0.4792221929564722 0.8107833492829286 0.47140029899572716
3 0.8075126348113599 0.47849091118378795 0.8202527941640483 0.4785852139759371 0.8201750787003448 0.4890837056342312 0.8074349193484522 0.48898940291510784
3 0.8084378738283249 0.49561403486658284 0.808437881578925 0.4906456820175449 0.8223684236046438 0.4906456990252498 0.8223684210526017 0.49561404667611186
3 0.8076046116965472 0.5076754377458644 0.8076046239035577 0.4989035079386217 0.8212719328449793 0.49890352470805194 0.8212719298245474 0.5076754453254663
3 0.8179824538068488 0.5270895333532308 0.8195082888959178 0.533959593287303 0.8095353340328302 0.536174381002014 0.8080095054824596 0.5293043267543616
3 0.7729724288608395 0.5431433180572036 0.7723910836364212 0.5348302770323264 0.7872666356706759 0.5337900911580059 0.7878479902772142 0.5421031220231944
3 0.8213027211087365 0.5365866080285981 0.8198892087609693 0.5438579086397811 0.8082859483679385 0.5416024733590912 0.8096994660087375 0.5343311798245368
3 0.7730056038839166 0.4980246348536031 0.784408224333788 0.49862217425882194 0.7839720909605603 0.5069441054161961 0.7725694705402475 0.5063465663922988
3 0.7880155141103842 0.491765731445668 0.7866948396755333 0.4981231302423874 0.7729825654913611 0.4952747689882855 0.774303244805651 0.4889173768825688
3 0.7611611239035483 0.49561403508777263 0.7611611337325712 0.48835850675744963 0.7730263191651829 0.48835852106885425 0.7730263157894797 0.4956140429432676
3 0.7579370723810825 0.5032830685828811 0.760881373903544 0.4955061239034912 0.7738483416695772 0.500414959538488 0.7709040498770037 0.5081918959678006
3 0.7719298319301515 0.513157894736842 0.758433178118139 0.513157894736842 0.7584331858809037 0.5059370734649123 0.7719298245613118 0.5059370734649123
3 0.7576721312159407 0.5206102117026471 0.7604592350146504 0.5128417024708012 0.7743022907958448 0.5178077595186534 0.7715151976506149 0.5255762597121364
3 0.7887343115529575 0.5078732334031029 0.7871906888138938 0.5158139205057071 0.7732108980790144 0.5130965379376262 0.7747545274122558 0.5051558596491607
3 0.7746505961204093 0.5152015582491271 0.7879323780866798 0.5123786635231112 0.789857490124632 0.5214356223331237 0.7765757087912561 0.5242585149968102
3 0.7739825740951574 0.5317982441620531 0.7739825822368402 0.5241228067138473 0.7861842111365149 0.5241228188031626 0.7861842105263577 0.531798248706937