3 0.8578117026502241 0.33113611602019966 0.8538332504484742 0.3326385514353468 0.850466870288642 0.32372465728753574 0.8544453190789909 0.3222222225877187
3 0.32100708114035115 0.41018518530700215 0.318846940437993 0.40798266564451513 0.3241542094298211 0.4027777774122782 0.32631434916561375 0.40498029606110963
3 0.3225806447368421 0.2935185186403509 0.32572777302631584 0.2935185186403509 0.32572777302631584 0.3009259254385965 0.3225806447368421 0.3009259254385965
3 0.32258970575333024 0.30188383810149594 0.3194335164473614 0.302777777412295 0.3178508934108777 0.29719023512654763 0.32100708114035115 0.29629629605262614
3 0.31351412870947115 0.30019878223039115 0.31549960808138167 0.29907407358609917 0.31905864938551076 0.30535677352524115 0.31707317028406123 0.30648148179501317
3 0.31477643722598714 0.30846433885621183 0.31241162788217025 0.30961255609938587 0.30920088829600445 0.303000068823128 0.3115656962719413 0.3018518519737046
3 0.31156569796883105 0.31018518328847905 0.3096762276679783 0.3124328608977013 0.30416875165985857 0.30780323276885135 0.30605822149129835 0.30555555592102907
3 0.29819040131578944 0.31203703728070176 0.30369787609649124 0.31203703728070176 0.30369787609649124 0.31574074122807017 0.29819040131578944 0.31574074122807017
3 0.2399685272159786 0.370370368691711 0.24217368457800603 0.3736493352108584 0.23603461842105844 0.37777777741226504 0.2338294626157449 0.3744988122737525
3 0.262785214043447 0.3879629614969421 0.2567701600305554 0.39179613995357637 0.25440981396388906 0.3880924362337971 0.2604248618421252 0.384259258771942
3 0.2793076299893755 0.37870370259674113 0.28067833210991466 0.37986836963380033 0.27537372235087787 0.3861111114760134 0.27400302074568117 0.3849464449946757
3 0.27616050165772776 0.37499999861348793 0.2789019043324288 0.37732933270132235 0.2734702763474388 0.38372155636380273 0.27072887471922513 0.3813922234047051
3 0.26986624671053505 0.3796296293859288 0.26803864535474986 0.37807673733510255 0.273013375000005 0.37222222258771476 0.274840975381494 0.3737751139554438
3 0.26727993036331554 0.37144825847350244 0.26482975974226974 0.3678049589667339 0.27065302960522786 0.3638888892543866 0.2731031999139759 0.36753218732802945
3 0.26829268204642176 0.36018518439986175 0.2701202805590128 0.36173807693378796 0.26618637105491416 0.36636770670503116 0.26435877302628796 0.3648148146929674
3 0.2753737195158692 0.34537036837606105 0.2770964273371419 0.3473220646340422 0.2707678770190114 0.35290789075009804 0.2690451701157599 0.35095619536810146
3 0.2777340662169081 0.353703702197196 0.2795197490116834 0.3554738611602836 0.27386629437751253 0.361176672264433 0.272080612353534 0.3594065140752026
3 0.27930763005826975 0.3574074060857385 0.2813274224872657 0.3598100835493739 0.2758199493121083 0.36443971379442097 0.2738001578946978 0.3620370372807003
3 0.2777340679824647 0.36759259210526757 0.275948385230663 0.3658224341899729 0.28160184265948374 0.36011962487516846 0.28338752460797423 0.36188978200356037
3 0.2769472850876582 0.36759259210529077 0.2831022112413848 0.3636702606916064 0.2854625566019422 0.3673739658428408 0.27930763120275515 0.3712962962923646
3 0.2868365004732141 0.3826353487884212 0.28481510635970153 0.3796296293859305 0.2906615333688478 0.37569798678039923 0.29268292721565103 0.37870370495923117
3 0.2967287987708005 0.38602326345524324 0.2989771831140615 0.3888888892543961 0.2917841808958883 0.3945322909084435 0.289535798245538 0.39166666666663064
3 0.2997639629809328 0.3944444414533543 0.30164231321475654 0.3969980441385804 0.29534805832679467 0.4016276760371864 0.29346970942981443 0.3990740745614228
3 0.3092053497807683 0.4231481480263272 0.3070452056516615 0.4209456315122016 0.31235247807012456 0.41574074122806454 0.31451262120197043 0.4179432566962294
3 0.31077891447364436 0.4259259254385658 0.3090025240740033 0.42328454232187657 0.31471282456141125 0.4194444440789642 0.31648921470605273 0.42208582602548184
3 0.3304484631254354 0.4453703669391761 0.3323970807847445 0.44785389467030057 0.3253160436283906 0.453409451640262 0.32336742763152415 0.4509259254385666
3 0.33202202641848544 0.44999999548718517 0.33341818412679913 0.4519771181495835 0.32555036566998297 0.45753267726760477 0.3241542094298211 0.45555555592101743
3 0.3375295068617561 0.46018518372931866 0.3305352239988224 0.46464230937218803 0.3281748782675322 0.46093860562857886 0.33516915789471113 0.45648148135965116
3 0.3359559377174719 0.4620370349307674 0.3381060733239565 0.4645946962976894 0.33169133788430827 0.469986979156749 0.32954120389763375 0.46742931931067006
3 0.33752950190410047 0.4240740717496696 0.3399413182689841 0.4268064238317071 0.33359559429823094 0.43240740789470683 0.3311837795138217 0.4296750573208711
3 0.33202202752045196 0.418518516573717 0.3342045462986789 0.4206820272654159 0.32869707361521705 0.4262375841648698 0.3265145559209941 0.4240740745613971
3 0.27616050328947495 0.327777777412273 0.27316134007264736 0.32650358615141856 0.2766140473553378 0.31837694289460566 0.27961320828762837 0.3196511336023465
3 0.26578265541832025 0.3077310987368538 0.2627852083332982 0.309259258771934 0.2597877627758862 0.3033800115394253 0.2627852083332982 0.3018518519736803
3 0.23367427051096 0.33333333164554707 0.23569405674527388 0.3357360141225889 0.23018658353578303 0.34036564430974264 0.22816679824552466 0.3379629627192556
3 0.6736114401434179 0.013859233331935214 0.6746852187008017 0.01842131229563442 0.6664044057017691 0.02037037061401693 0.6653306272597774 0.01580829174900885
3 0.4857638684327412 0.911731417778594 0.48859166008764987 0.9074074078947658 0.4961401335018536 0.9123426682972544 0.49331234798819423 0.9166666727609762
3 0.2242328870614756 0.3333333333333637 0.22191260038255223 0.33017886788582856 0.22820685818669517 0.3255492407876531 0.23052714441382705 0.32870370499901663
3 0.4312473251953861 0.8434614976994352 0.4350904802631703 0.8407407412280877 0.4397204122515177 0.8472792481241819 0.43587725953523204 0.8500000017884353
3 0.4146341458332472 0.8212962960526586 0.4173757357074237 0.8189671841216875 0.4228832040237194 0.8254486714994899 0.4201416164547709 0.8277777809458224
3 0.3452112553419511 0.7274712107010094 0.3477576710525909 0.7259259254385896 0.3518776477370693 0.7327139765030967 0.3493312330609797 0.7342592604010773
3 0.33223545365558493 0.7036174816459364 0.329455699003006 0.7051919313770584 0.32530836883699976 0.6978707443697142 0.328088119517588 0.6962962960526127
3 0.2907835742774978 0.6568057782228528 0.29504327302629463 0.65370370394738 0.3008765299565539 0.6617127455327608 0.29661683383801574 0.6648148167209644
3 0.30055075488280636 0.6546296257789698 0.2976781369842456 0.6560939989688956 0.29295744184059913 0.6468347422937067 0.29583005482459157 0.6453703706140149
3 0.2621320541657042 0.6018993008003145 0.26593233662288185 0.599074074561377 0.27209295977013426 0.6073599643446386 0.2682926796310312 0.6101851878963552
3 0.2301279726843859 0.5476000881088574 0.23446105482457824 0.5444444440789342 0.2395809144551322 0.5514739893648174 0.23524783427444618 0.5546296310962399
3 0.17943276662822427 0.4370995110750953 0.17664594539587597 0.43917142032470774 0.1710920166295864 0.43170153735766936 0.17387883552623862 0.42962962938599414
3 0.14004721210164917 0.3814814784661684 0.13632769383787036 0.3836937803055357 0.13082021778222952 0.37443452305436403 0.13453973245623274 0.3722222225876952
3 0.24075530897971475 0.30462962825813994 0.2434966937566969 0.30695898169644364 0.23839496491234513 0.31296296271931434 0.23565358093537725 0.3106336101439473
3 0.24075531030700859 0.3203703706140821 0.2385501726835173 0.3170913895284981 0.24468922149117134 0.31296296271927965 0.24689435885977673 0.31624194263486105
3 0.24862313275855286 0.3203703696117355 0.24314035973930004 0.32502907170022505 0.2407800132552893 0.3222512933616262 0.24626278508765154 0.3175925921052948
3 0.3288748995663582 0.4101851832259957 0.3310250173409486 0.41274285920040865 0.32551754417181655 0.41737248950817296 0.32336742763152415 0.4148148146929932
3 0.3225806424256916 0.39907407194311384 0.32464790670940147 0.40141609529825806 0.31835365117649417 0.40697165153429765 0.31628638815789145 0.4046296293859887
3 0.9425649090284196 0.15925925889849216 0.9403711216189095 0.15180284705047378 0.9435182495346908 0.15087692206290357 0.945712037280714 0.1583333333333607
3 0.3194335141574811 0.39537036801986675 0.3215007775270351 0.39771239206611436 0.3152065230808603 0.40326794828905543 0.31313926096493105 0.40092592543856276
3 0.8371361127169621 0.28796296196618315 0.8390165373363061 0.29435416195658276 0.8358694081787235 0.29528008831392466 0.8339889846490678 0.288888889254357
3 0.5405192795141147 0.5898148126550282 0.5338046875954205 0.5940935278526325 0.5314443418835708 0.5903898242545047 0.5381589298244762 0.5861111107456405
3 0.7281623637543362 0.591011212452898 0.7301337566574375 0.5898148126490049 0.7344654886938997 0.5969517504663197 0.7324940964757616 0.5981481493665695
3 0.7391861857425965 0.6043591568135999 0.7368040873558357 0.6058048040098238 0.7324723495954686 0.5986678686777569 0.7348544451754151 0.5972222225877222
3 0.6399942860795136 0.6024026036074631 0.6420141622807023 0.6000000000000163 0.6479679445833426 0.6050048085696906 0.6459480702133078 0.6074074104581857
3 0.425649093919219 0.30740740588880855 0.42708546003109404 0.3093601723775027 0.4207912041299551 0.3139898030475598 0.4193548388158206 0.31203703728074705
3 0.4256490953947605 0.32129629605262855 0.42382785865652295 0.3182012904522976 0.4295830054824137 0.31481481469298794 0.4314042421948443 0.31790981929083595
3 0.4287962236842304 0.3277777774122694 0.4277972227017699 0.324806805463574 0.4333046962802882 0.3229549553151398 0.434303697694304 0.32592592640788753
3 0.463414633772004 0.3972222225877482 0.4617957368043335 0.39447111704322785 0.46813532675435 0.3907407412280924 0.46975422369177977 0.3934918455576916
3 0.43823760855264027 0.3481481480263107 0.43603246257123374 0.34486917339985174 0.44217151864040716 0.3407407412281078 0.44437666434384937 0.3440197145807791
3 0.41778127412283084 0.34907407456137085 0.41562114900409597 0.34687154011000015 0.4209284024123008 0.3416666666666764 0.42308852670976194 0.3438692002568041
3 0.2483179209981472 0.38112229349688137 0.2533438234648884 0.37685185197371873 0.25537428648021887 0.37924140897302555 0.2503483847330017 0.3835118497205955
3 0.4453186469298771 0.3018518519737315 0.44357512139220034 0.2991851922826817 0.45082612171052006 0.29444444407895665 0.45256964706550207 0.2971111027213218
3 0.6676121737815492 0.5619038011968642 0.6652340594386033 0.5631666461083231 0.6608791661395799 0.5549665478610377 0.6632572774122991 0.5537037039473549
3 0.608323953655372 0.536410673705851 0.6050354057017557 0.5379629627193064 0.6009600791946923 0.5293300652220436 0.6042486228070629 0.527777777412284
3 0.5401445487773344 0.465879287997146 0.5389457116227732 0.46944444407897523 0.5330261817839528 0.4674540437536975 0.534225019736823 0.4638888892543924
3 0.5350117995548089 0.4555555542384315 0.537753225240067 0.45788486026580855 0.5326514550438333 0.4638888892544085 0.5299100305498996 0.4615595845118292
3 0.5019669555874771 0.4314814818215598 0.496484126442283 0.42682284621546224 0.4980576916444761 0.4249709945182067 0.5035405197368163 0.42962962938599414
3 0.5059627132175137 0.4259865767941915 0.5046511968441791 0.42732381762412225 0.4998686574245994 0.4226335363034827 0.5011801732456433 0.4212962960525939
3 0.8135326513157679 0.051851851973686996 0.8166572192657213 0.05158635008311504 0.8174440010004673 0.06084560888136952 0.8143194330532424 0.061111110750775875
3 0.8162891309068527 0.0746999635571905 0.8189676040447011 0.07384647845509344 0.8217185989883546 0.08247984838888169 0.8190401258925704 0.08333333339832329
3 0.8327609621645706 0.11999945989758025 0.8355625493420575 0.11666666666665867 0.8415211511986627 0.12167551911682281 0.8387195645311749 0.12500831186881295
3 0.9095200633258855 0.15925925877192978 0.9016522414116253 0.15925925877192978 0.9016522423245306 0.15462962938596495 0.9095200624999507 0.15462962938596495
3 0.9032258052125144 0.14444444305658197 0.9032258059210108 0.14814814802632204 0.8969315506276416 0.1481481485292379 0.8969315504385804 0.14444444407894924
3 0.9464988205210147 0.13981481469298243 0.9402045635964669 0.13981481469298243 0.940204563988118 0.13703703728070182 0.9464988201754068 0.13703703728070182
3 0.9008654605263158 0.05925925877192982 0.9087332807017544 0.05925925877192982 0.9087332807017544 0.06388888925438596 0.9008654605263158 0.06388888925438596
3 0.8544453190788772 0.16203703728068145 0.8518371155339537 0.16065188849045678 0.8560188826753574 0.1527777774122596 0.8586270853113547 0.1541629259072204
3 0.9323367423245372 0.16203703728070712 0.9342798131128802 0.1554327879615097 0.937426940768546 0.15635871398914455 0.9354838705954762 0.1629629627825294
3 0.9505190180079808 0.1587395210252058 0.948072383771887 0.1592592587719307 0.9464125322269865 0.1514456630872547 0.9488591655701839 0.15092592543860012
3 0.73485444572907 0.4814814820652449 0.7296081500528544 0.4747950860396625 0.7319684966931845 0.4729432348183263 0.7372147916667018 0.4796296293859358
3 0.7274680507596258 0.6116776784863582 0.7324941003009826 0.6074074065210937 0.7340676633772318 0.609259258771931 0.7290416147308179 0.6135295297723656
3 0.7348544437136297 0.611111109193066 0.7361484672327379 0.612485405004715 0.7317073175020141 0.6166666673209207 0.7304132947856488 0.6152923722930854
3 0.4146341458333609 0.30370370394734236 0.4122223703114969 0.3009713173512005 0.41856805701752364 0.2953703706140645 0.42097983178280174 0.29810275615510934
3 0.31313926096493105 0.40000000000002706 0.31144200912831366 0.3982694462244569 0.31628638815789145 0.3935185186403144 0.31798363931818585 0.3952490717064639
3 0.3013375296052345 0.37129629605265385 0.2991698823495881 0.3679810034432578 0.30684500438599116 0.36296296271926304 0.30901265134400546 0.3662782536272674
3 0.3013375269227936 0.3537037010168874 0.30389956797910145 0.3565026274141544 0.29681853076772313 0.3629841102384434 0.29425649122811137 0.3601851853070128
3 0.4933123501754153 0.3666666642218519 0.4953564276365796 0.36944559043405684 0.4882468411769878 0.37467492381123124 0.4862027652453662 0.3718959989830722
3 0.47836349083627283 0.34074073840425234 0.48092552735226946 0.34353966768767763 0.4738444900982586 0.35002115045835774 0.47128245504381994 0.3472222225877169
3 0.47364279882117444 0.33333333113438374 0.47524490603416325 0.33551141405357676 0.46813532734131513 0.3407407420260189 0.46653322121892415 0.33856266009361724
3 0.4712824563036975 0.32962962867229095 0.46393617644605456 0.3337910371473907 0.46236261236924747 0.3310132597810291 0.4697088903509439 0.3268518519736672
3 0.46734854336000353 0.32222222100550235 0.46913422016405093 0.3239923857318733 0.4636267462951764 0.3295479414516065 0.4618410701755238 0.32777777741231867
3 0.4571203771929504 0.31851851864031944 0.45505313733656294 0.3161764752518577 0.4618410701754101 0.3101851853069999 0.46390830930295124 0.31252722767914853
3 0.4586939403081942 0.3064814797955422 0.46173619983335357 0.30949731982711626 0.4555468135964702 0.3157407412280579 0.45250455532186606 0.3127249024519555
3 0.43115657017540343 0.33425925877189916 0.42875831647711493 0.3312025747921443 0.4366640438596505 0.32499999999997314 0.4390622968143134 0.3280566824376488
3 0.44689220932457374 0.32592592421320493 0.4491294789972926 0.3282071229415913 0.4429583016411698 0.3342592599980714 0.44072103296764453 0.3319780622610048
3 0.451612902314082 0.3342592575537613 0.4533101425282666 0.3359898208825909 0.44846577521934705 0.3407407412280869 0.44676853561315966 0.3390101785026853
3 0.43115656890745413 0.25833333160952826 0.43303488347044095 0.2608869573827075 0.4267406272798553 0.2655165876966492 0.4248623135965772 0.2629629627193179
3 0.7560975588478414 0.6064814783196703 0.7577916523218846 0.6084965664246508 0.7522841786627623 0.613126197504114 0.7505900866228785 0.6111111107456109
3 0.39732493909832556 0.29537036869813366 0.39904763702554646 0.2973220731952958 0.39271909554781814 0.30290789117514094 0.3909963984070828 0.30095618742850194
3 0.402045632442082 0.30740740676480804 0.4047870170780925 0.3097367597929482 0.3990255165947474 0.31651719136958056 0.3962841328710738 0.3141878393256219
3 0.46026750548242035 0.3898148146930089 0.45849112630367017 0.38717342515991443 0.4642014166666968 0.3833333333333664 0.46597779561216157 0.385974721795693
3 0.4107002336312462 0.3222222210157308 0.413487030863962 0.3242941615348923 0.4079795584744943 0.33170156895324704 0.4051927620613469 0.3296296293859606
3 0.5318646782234282 0.4787037009867583 0.5297143153181878 0.47998266533041994 0.5242068392626607 0.4707234074259338 0.5263571995614029 0.4694444440789234
3 0.5247836353134971 0.4824074086510256 0.5197244987360818 0.4738102593187576 0.522871626638107 0.4719584088731849 0.5279307631578831 0.4805555559210468
3 0.5239968567623237 0.48518518295420154 0.5218985675934391 0.4865223153222661 0.5169158146929931 0.47870370394735323 0.5190141017197902 0.47736657248861797
3 0.4940991348684065 0.4814814813596121 0.4922399421357113 0.477927169793989 0.4996066085526536 0.47407407456143164 0.5014658015450095 0.47762838397596874
3 0.5774980294138459 0.5203703661777173 0.5803460485529968 0.5240001060022147 0.5732650108188864 0.5295556626521204 0.5704169945175863 0.525925925438641
3 0.5367714044128888 0.6095657641669799 0.534225019736823 0.6111111107456426 0.5301050732463182 0.6043231228565555 0.532651455043947 0.6027777774122608
3 0.7498033048245816 0.6499999999999923 0.7479819372628072 0.6469050694790947 0.7537372149123485 0.6435185186403912 0.7555585824228501 0.6466134471244614
3 0.7458693936403051 0.6435185186403573 0.7433234163183897 0.6409227845638016 0.7482297401315918 0.6361111107456141 0.7507757157959531 0.638706843083459
3 0.7332808815789349 0.6203703706140596 0.7386417906164979 0.6173338644157476 0.7402153532405009 0.6201116429203726 0.7348544448636858 0.6231481482028661