2 0.9509262597514407 0.9051041903111554 0.961158528506985 0.9133066851934708 0.9241121148328375 0.9595082772994584 0.9138799082265905 0.9513058514553563
2 0.6936079281997536 0.3012883143656407 0.698013804042489 0.31458855949616454 0.6425790800124105 0.33295137100303746 0.6381732484045415 0.3196511635424118
2 0.3290563841394487 0.2075831419558203 0.3251496613828522 0.19370513251911975 0.3767971293859773 0.17916627741222857 0.3807038654083499 0.1930442646895477
2 0.3745467008537844 0.1871068756672394 0.38181187766122093 0.19692148459268985 0.3398162130278024 0.22800796674653961 0.33255105418959374 0.2181933741060539
2 0.3815789691700502 0.2269736842105263 0.3298164342105565 0.22697368421052633 0.3298164563636874 0.21437558662280704 0.381578947368439 0.21437558662280704
2 0.5992895346574869 0.15506973676075056 0.6065608167911023 0.16526910686276958 0.5552264808219434 0.2018657286656818 0.5479552182017642 0.19166637609650763
2 0.8115214806550739 0.06138206625688763 0.7612332788685308 0.08591867089341652 0.7549975533660245 0.07313844482141191 0.8052857424351032 0.04860184390527969
2 0.8605835420883068 0.1448946630128104 0.8681976099290978 0.15706564873810022 0.8180164039222291 0.18845830391553559 0.8104023571974039 0.17628733662419238
2 0.6426222565148692 0.32231085819167793 0.6368643158838267 0.31098591259000175 0.68929475219295 0.2843294309210905 0.6950526975430193 0.2956543456710667
2 0.6965328449565504 0.3252750988435648 0.6959841757576442 0.33702960471461907 0.6391349714978105 0.3343760496985792 0.6396836726044057 0.32262157808274816
2 0.9674447102366912 0.9245945255564247 0.9740355491804848 0.9375282069297722 0.9181861806546294 0.9659803254121305 0.9115954782312201 0.953046760805162
2 0.27196909847509687 0.5752412359634299 0.26885060676306693 0.5646887439814169 0.3300438596490949 0.5466064517543886 0.33316238448503555 0.5571588855339091
2 0.32042693886751294 0.5457712298962737 0.3290820657224458 0.5536993740193992 0.28540926965513336 0.601372002215831 0.2767541859652738 0.5934439029300883
2 0.32080006156195395 0.557489580032222 0.3306877824886669 0.5637144642432051 0.29742766074673455 0.6165399428112144 0.28753996688021743 0.6103150933810759
2 0.2034736272102009 0.7770994541507149 0.20873306014902937 0.7917325050538405 0.1496243401643369 0.8129731276990411 0.14436503856290983 0.7983401882562983
2 0.8304781043192406 0.8006928319795765 0.8284687006745344 0.814949664255714 0.7766966563170854 0.8076540450592743 0.7787061355890046 0.7933973049931329
2 0.9518774549532054 0.8879854008472178 0.9573200655329401 0.8999542347124365 0.9024513046223319 0.924898326698582 0.8970088112670282 0.912929592437018
2 0.9474466535403963 0.894293230367772 0.9568992249178336 0.9035814964703097 0.9136126972994134 0.9476222485991094 0.904160205682274 0.9383340629641387
2 0.3232478282241118 0.18874108652670246 0.32253153129715884 0.17567330659361957 0.3766422783261305 0.17270727750333864 0.3773585936764903 0.1857750380066062