2 0.9488655488245286 0.9042488919780387 0.9596506742623205 0.9117216137398303 0.9259157335372947 0.96039719756075 0.9151306599911777 0.9529245387000811
2 0.6936079281997536 0.3012883143656407 0.698013804042489 0.31458855949616454 0.6425790800124105 0.33295137100303746 0.6381732484045415 0.3196511635424118
2 0.37938598156790704 0.20065789473684212 0.3257347282667524 0.20065789473684212 0.32573475554659126 0.1868303245614035 0.3793859649122169 0.1868303245614035
2 0.33595393643759053 0.22372059327155472 0.3304573291509314 0.21273101776834252 0.3769660975099214 0.18946921471056846 0.38246270805700533 0.20045877246053262
2 0.3794317412506416 0.20634841461450562 0.3846434642117629 0.21944887066209645 0.3343232549402728 0.23946728196583647 0.32911156037278033 0.226366849969727
2 0.6063596366212778 0.1695600720453991 0.6077787908197934 0.18204392402380082 0.5458202417120219 0.18908718400862637 0.544401110745639 0.1766033530701862
2 0.8123953112234403 0.06649098910242522 0.7582698859649781 0.08100264035086711 0.7545813886173391 0.06724530037325813 0.8087067991323238 0.05273365117591188
2 0.8113461235432169 0.17806621746589602 0.8093407914458339 0.16385052068966036 0.8662280701754526 0.15582578399120076 0.8682334194257919 0.17004145931561088
2 0.6386243465807411 0.3156182562359635 0.6362111175915288 0.30314488577566606 0.6940470142544655 0.29195561184215213 0.6964602687106662 0.30442894792456615
2 0.6962718997999673 0.31928246791782716 0.6984111198476057 0.3310212680061352 0.6416421714143326 0.3413661155389197 0.6395029900280633 0.32962734959703116
2 0.9651868279087239 0.9220508264899039 0.9733174856957021 0.9341033685137545 0.9215534472033369 0.9690137351558503 0.913422911577868 0.9569613015885768
2 0.321020767886921 0.5332453907467031 0.3287285086692009 0.5410983357755381 0.28188585881093786 0.5870704023647801 0.2741781624121131 0.5792175013711593
2 0.3298755622273575 0.5536867505856748 0.33511458995383236 0.564190151782906 0.27685106738101695 0.5932485726174633 0.2716121097605537 0.5827452312879504
2 0.32970431662511146 0.5628915103173948 0.33701963213582076 0.5719874568397956 0.28850158937120796 0.6110033829347724 0.28118632852863357 0.6019074870552569
2 0.2034736272102009 0.7770994541507149 0.20873306014902937 0.7917325050538405 0.1496243401643369 0.8129731276990411 0.14436503856290983 0.7983401882562983
2 0.7791866381269301 0.8137927665105998 0.7772245470732742 0.7994778746355992 0.8287646758348046 0.792414724790546 0.8307268430227168 0.8067295255211818
2 0.9378330955743195 0.8774874127876002 0.9488754955823424 0.8845347879113947 0.9163772210671368 0.9354430127589082 0.9053348672129005 0.9283956964546288
2 0.9576559915159351 0.9048364790071337 0.9620863123230947 0.9173474154609387 0.9036283633610083 0.9380426650231739 0.8991981709353922 0.9255318375116451
2 0.3748731813102495 0.16954871793195678 0.37847620333775467 0.1819827485645285 0.32597949741568755 0.19719457193706666 0.32237649757666986 0.1847605602728238