3 0.2678756488197678 0.4946619223108312 0.26319945512489085 0.49370882471028243 0.2637175909663938 0.4911668817518113 0.26839378289469096 0.49211997916665906
3 0.2678756479392632 0.4758515504164053 0.2726195134680438 0.47706016929882455 0.27210137861902695 0.4790937228646324 0.26735751315789 0.47788510416667707
3 0.2740932649788874 0.4748347716618741 0.27345973555782166 0.47698687730131223 0.2682783867561511 0.4754617133510485 0.2689119166666387 0.47330960855258974
3 0.275129534999337 0.47280121782559265 0.27412667143676117 0.4753562716815378 0.26891191666652503 0.4733096085526406 0.26991478063678187 0.47075455572762603
3 0.2754125534632976 0.4693350638738328 0.2746113991228185 0.4717844429824669 0.26966516645552474 0.47016671372302105 0.27046632127189696 0.4677173355263592
3 0.27735336376736086 0.4647074873914449 0.2766839374999108 0.46720894736847085 0.2708331640661754 0.46564329881594896 0.2715025910088116 0.46314183991232033
3 0.4186528497807558 0.5638027456140056 0.42067772072641674 0.5612233870295015 0.42585906510669247 0.5652904980093734 0.42383419574935033 0.5678698551326122
3 0.4284974089912339 0.5739705131579099 0.4301484255398691 0.5720777041833732 0.4352331600877051 0.5765124550438504 0.4335821447167518 0.5784052628994671
3 0.4626943015330198 0.5444839809127376 0.46198670663557095 0.5476087371828986 0.455250953192035 0.5460835746534916 0.45595854934208546 0.542958820175391
3 0.46787564862461295 0.546009147962728 0.4674201379702936 0.548562262930837 0.4616580307017557 0.547534315789423 0.46211354232013946 0.5449812020654516
3 0.4777202083627117 0.5480426996890951 0.47716446046933925 0.5506856789811055 0.46991057219133836 0.5491605171291634 0.47046632127194243 0.5465175394737118
3 0.4829015548244797 0.5516014232456569 0.48327099719824673 0.5489660117657572 0.4905248808294118 0.5499827946084211 0.49015544025530744 0.5526182044686301
3 0.4989637308967758 0.5526181967831645 0.49862631702933413 0.5546813080133522 0.492408699294856 0.5536645333807337 0.4927461140350715 0.5516014232456065
3 0.5088082924535229 0.5571936965918016 0.5010024042195482 0.5558679012129146 0.5015205401047069 0.5528175700994767 0.5093264243421345 0.5541433651315786
3 0.5202072546983345 0.5561769153575313 0.5199291122639806 0.5592948707135045 0.5134715021929424 0.5587188607456514 0.5137496461700266 0.5556009071058111
3 0.49689119288620986 0.5678698531628391 0.4942758641017235 0.5676275614164378 0.49479400048153366 0.5620352884145484 0.4974093267543367 0.5622775800438575
3 0.48549222813142023 0.5653279101126955 0.4833595786399201 0.5644585799923775 0.48549222807014303 0.5592272500000041 0.4876248757332178 0.56009657969972
3 0.4520382193985597 0.6474663120611288 0.45025906688590567 0.6456532796052408 0.4541793983859179 0.6418066950338673 0.45595854996486196 0.6436197265118642
3 0.5430051817826325 0.6390442241172047 0.5426457173587096 0.6416084128531498 0.5353918290118145 0.6405916397564644 0.5357512949561851 0.6380274528508554
3 0.5025906732456633 0.7163192675438492 0.5030524877864764 0.7132604279325382 0.5098445592104781 0.7142857138158141 0.5093827472272778 0.7173445511380675
3 0.571502591008772 0.7239450942982456 0.577202072368421 0.7239450942982456 0.577202072368421 0.7264870361842106 0.571502591008772 0.7264870361842106
3 0.6461139893166319 0.6532791050140208 0.6484832080785736 0.6540034017954595 0.6469288041207619 0.6590872854317211 0.6445595855262809 0.6583629890350925
3 0.5797927459482253 0.5678698489835958 0.5795828221909005 0.5704369959245761 0.5733652043683151 0.5699286093691556 0.5735751293859721 0.5673614638157467
3 0.5849740932017085 0.5729537368421018 0.5854736847704771 0.5704081526235442 0.5906735756578883 0.5714285712719122 0.5901739854291463 0.5739741543146636
3 0.26217616557016754 0.49618708662281596 0.26261569025564313 0.49372355199886747 0.2683151711281653 0.49474033253689775 0.26787564766073046 0.497203866084279
3 0.2642487050438831 0.49110320285091447 0.26470421141493716 0.48855008476129447 0.27046632127189696 0.48957803728066457 0.2700108161636763 0.4921311542542728
3 0.23886010404066838 0.47686832782947386 0.24565877383884072 0.4780230820736283 0.24514063903120586 0.48107341187823305 0.23834196929817608 0.47991865789472765
3 0.26528497368428816 0.48551092982454125 0.26591850755062296 0.48335882480504894 0.2715025910088116 0.4850025416667043 0.2708690582264808 0.48715464576030304
3 0.24559585526310457 0.47890188157896796 0.24651747331222396 0.4763190284808685 0.25233160635957574 0.4783934923246103 0.2514099896806101 0.4809763442603617
3 0.2476683936400832 0.4733096085526605 0.24859001049435392 0.4707267554510696 0.25440414473678175 0.47280122039477457 0.2534825292368623 0.4753840723475815
3 0.25544041499654213 0.4692424981656392 0.2549849146005272 0.4717956169189341 0.2492854318982154 0.4707788424756877 0.24974093311402612 0.4682257247806712
3 0.2507772017543175 0.46568378289475765 0.2509797842747048 0.463619267364301 0.25616113087971826 0.46412765789087407 0.25595854918435634 0.4661921726600678
3 0.24404145065784633 0.4641586173245929 0.24462963253370162 0.4617609503378204 0.2508472469286289 0.4632861193464582 0.25025906630855843 0.46568378524875537
3 0.2430051809210454 0.46873411293857553 0.24350475614699008 0.46618852617677814 0.2487046633772252 0.4672089473684457 0.24820508924710794 0.4697545331687769
3 0.241968912280754 0.47229283223682905 0.24297035838162628 0.4692311097994628 0.24766839364031057 0.4707676666666893 0.2466669488177331 0.4738293880169251
3 0.2507772017544312 0.4626334517543454 0.2515484552958469 0.4600134973606807 0.2569948190789546 0.4616166754385563 0.256223566763083 0.4642366287852706
3 0.2512953366227748 0.4600915098683962 0.2515243919376644 0.45752377937380717 0.25751295285090237 0.45805795614036965 0.25728389869891544 0.4606256855555172
3 0.2528497412280702 0.4539908486842105 0.25751295285087716 0.4539908486842105 0.25751295285087716 0.4565327905701755 0.2528497412280702 0.4565327905701755
3 0.25284974122803305 0.45246568421048733 0.25348326828384415 0.4503135805381454 0.2586646133742079 0.45183874738669905 0.25803108725585844 0.45399085025854014
3 0.2595854927270693 0.4494153512246966 0.25913867536314683 0.45146445571150706 0.25440414473689543 0.4504321304824452 0.2548509625854649 0.4483830266758413
3 0.24818652850876788 0.4489069649122637 0.2485900292488168 0.44685091438741514 0.25388600986832444 0.4478901885965074 0.25348250999195443 0.4499462383635338
3 0.2716538792165011 0.4494558341951914 0.27098445614035427 0.45195729495612935 0.2651336848232404 0.45039164831925316 0.2658031085526318 0.4478901885965067
3 0.2704663216904919 0.4529740704490797 0.26999598677628 0.4551310220815363 0.2647668399123404 0.4539908486842272 0.2652371753946454 0.45183389784925715
3 0.2642487050438831 0.45704117982453085 0.26461630319283813 0.45498076758469436 0.27046632127189696 0.4560244024123052 0.2700987240860968 0.4580848138008013
3 0.2689119173405743 0.4611082863559094 0.2636815026853583 0.45977569928734124 0.2641996383440528 0.4577421466797576 0.269430051535096 0.4590747335526224
3 0.2689119174233383 0.4616166726111864 0.26833482627466765 0.4637731038093068 0.2626353435952069 0.4622479401716389 0.26321243530708216 0.4600915098683794
3 0.2621761655702812 0.46619217105261856 0.2623602282911861 0.464128815396562 0.26839378289469096 0.46466700548242096 0.26820972112841446 0.46673036025245446
3 0.2611398958333666 0.4692425010965306 0.26150749557507424 0.4671820890354135 0.26735751315789 0.46822572478072044 0.2669899144051442 0.4702861359677336
3 0.26062176206141885 0.47432638486838596 0.2611213387041289 0.471780798346839 0.2663212434209754 0.4728012203947273 0.26582166788728046 0.47534680594333906
3 0.2637305704757864 0.47890187760000363 0.26353685415404016 0.4814683092469852 0.25680110159635205 0.4809599227042224 0.2569948190789546 0.47839349232460743
3 0.2720948045832756 0.4824824026223616 0.2715025910088116 0.48449415350873065 0.2662471642433957 0.48294718428660904 0.2668393782894327 0.48093543421052554
3 0.5844314505606008 0.563414594272412 0.5813471502192442 0.5627859682017449 0.5824079304405814 0.5575818468020707 0.5854922280701658 0.5582104725877101
3 0.5854960690968483 0.5581916263444267 0.5880829013158291 0.5587188607456219 0.5870427904823146 0.5638215905262369 0.5844559583333648 0.5632943563596572
3 0.5906735759222101 0.5592272483834911 0.5898367862536134 0.5643437551244685 0.5867279756801054 0.5638353661082208 0.5875647664473718 0.5587188607456469
3 0.5912162172950275 0.5591070131248619 0.5943005186403525 0.5597356381579044 0.5932397420496045 0.5649397585191723 0.5901554407894309 0.5643111337719265
3 0.8637305675449625 0.8820538872146632 0.8637305701754485 0.8866293848684708 0.8606217620614416 0.8866293849924566 0.8606217613470335 0.8820538892543295
3 0.8326424868421327 0.8703609561403517 0.8352569518517612 0.870156035598548 0.8357750862472813 0.8767650851568205 0.8331606212587985 0.8769700055178624
3 0.8362732566106388 0.8693254010305453 0.8388601041666561 0.8698525668859729 0.8378200075350151 0.8749552279907485 0.835233160087796 0.8744280625000076
3 0.8414507755279601 0.8688357891172672 0.8414507776479923 0.8734112863036104 0.8388601041666561 0.8734112861841606 0.8388601036194814 0.8688357905701886
3 0.8462376999959815 0.8668629259182637 0.8435233157895254 0.8723945098684036 0.8412497109746937 0.8712790927058032 0.843964095535398 0.8657475106096464
3 0.8466321232596101 0.8657854603805056 0.8490964214995529 0.8663434519143209 0.8480601533889285 0.8709189473279431 0.8455958552631273 0.8703609561403471
3 0.8518134718805186 0.8652770688922411 0.8510575661578059 0.8698984152343248 0.8479487561216956 0.8693900275331421 0.8487046633771342 0.8647686831140485
3 0.8518134712077199 0.8637519067621295 0.854490244496219 0.86409284007563 0.8538860098683472 0.8688357905701701 0.8512092366205479 0.8684948574717571
3 0.9300518135964921 0.8510421962719301 0.9326204420731301 0.8508042607821441 0.9331606217104991 0.8566344682017523 0.9305919932589859 0.8568724035103508
3 0.8815244600688175 0.7651369740813563 0.8813471502193124 0.7676664967105288 0.873915952376251 0.7671456870970514 0.8740932642543839 0.764616166666672
3 0.7595854923245042 0.6644636502192908 0.7620203694455085 0.6622581224501216 0.7661654442360941 0.6668336210197531 0.7637305684366993 0.669039147408247
3 0.7801249129137204 0.6684418661825312 0.7808290153509461 0.6710726995613814 0.7747973647378785 0.6726867549467274 0.7740932642543612 0.6700559232455622
3 0.7796067788302707 0.6653915352228237 0.7803108804824888 0.6680223695175644 0.7742792290933949 0.6696364247301957 0.7735751293859039 0.6670055921052281
3 0.7720207258772689 0.662938484649118 0.7780639995887668 0.6619121033572373 0.7785821331328862 0.6649624348438042 0.7725388595018785 0.6659888158144872
3 0.7811040833469178 0.664542747417809 0.7839378234648393 0.6629384846491432 0.7867715617974227 0.6679432727870066 0.7839378223554831 0.6695475346193016
3 0.7849740932017539 0.660904930921054 0.7875381373478376 0.6606436460464373 0.7880829013158746 0.665988815789468 0.7855188571912777 0.6662501005222209
3 0.7906735772484126 0.6654804262109313 0.7885842071016214 0.6659062545444846 0.7875479378972159 0.6608223708736013 0.7896373059210191 0.6603965427631632
3 0.79326425085344 0.6634468733073771 0.7907528764029621 0.6642146274550755 0.7891191710526755 0.6588713771929684 0.791630542865505 0.6581036234771479
3 0.7922279791666824 0.6670055921053025 0.7910216775234176 0.6645470634927156 0.796373057017604 0.6619217083333544 0.7975793589445175 0.6643802354628695
3 0.7979274602664645 0.6644636464182219 0.7988491319665627 0.6670464787363838 0.7931496489957226 0.6690800346783778 0.7922279791666824 0.6664972039473279
3 0.8658031103072972 0.8861209967105262 0.8632124333573756 0.8861209967105262 0.8632124355019641 0.8805287236842104 0.8658031085526545 0.8805287236842104
3 0.8756476706312242 0.882053889073876 0.8735451488730632 0.8822681216476506 0.8730270150899742 0.8771842379095424 0.8751295339911849 0.8769700054824565
3 0.8735751272423613 0.8784951683985806 0.8735751296243279 0.8835790550338761 0.870984456140377 0.8835790548245729 0.870984455525786 0.8784951699561564
3 0.7497409331140261 0.7737671578947803 0.7497409362689496 0.768174883805474 0.7528497423413683 0.7681748859649336 0.752849741228033 0.7737671580130406
3 0.6056994813595793 0.5648195219297821 0.6062975749781572 0.5621783641611622 0.613033324616481 0.5637035346077236 0.6124352328033638 0.5663446908087951
3 0.5183596796246093 0.49468198563909904 0.5181347149123212 0.4972038640350856 0.512210267822411 0.4966754101582511 0.512435233552651 0.4941535328946998
3 0.5186528502445071 0.48957803515362236 0.5180766849147176 0.4922202995565441 0.5129533684209946 0.49110320285086995 0.5135295344880433 0.48846093948257546
3 0.5155440415586554 0.4804270460306158 0.5213146609640944 0.4816032126575194 0.520796526136678 0.4841451543413641 0.5150259067982006 0.48296898793860077
3 0.5155440416665442 0.47991865789477006 0.5159995465276097 0.4773655396132767 0.5217616578947855 0.47839349232458916 0.5213061542677906 0.4809466095155079
0 0.5176165800438639 0.7249618706140769 0.5178049140954499 0.7218913153845243 0.5260950664376196 0.7223997127395222 0.5259067353539422 0.7254702651576959
0 0.5305699484649722 0.720386374999952 0.5308084579627348 0.7183205326503425 0.539896372806993 0.7193695986842122 0.5396578655796702 0.7214354389617271
3 0.5917098439772417 0.8729028979899748 0.5943245668531745 0.8731989233011981 0.5937823840132523 0.8779867818255714 0.5911676611694929 0.8776907567045563
3 0.7533678743682231 0.7534316181883082 0.7545742176638441 0.7558901266297678 0.7493928698895616 0.7584320704044651 0.7481865285087679 0.7559735635965171
3 0.7444464140262426 0.7654576840455016 0.7419689122806403 0.7646161666666635 0.743636491127404 0.7597075423383967 0.7461139901315619 0.7605490592105254
3 0.6995444279305048 0.8464555343050897 0.7000879169919472 0.8495013450652015 0.6943005186403752 0.850533808114069 0.6937570321974817 0.8474879996675332
3 0.8487046633771342 0.8896797149122834 0.8513193855372947 0.8893836923305081 0.8518375200577566 0.8939591881655751 0.84922279792886 0.8942552105621819
0 0.7989637302631536 0.7554651754385805 0.7993096559395099 0.7519403432520011 0.8200350315438527 0.7539739513203756 0.8196891150129204 0.7574987750678766
3 0.8139896370614036 0.9893238432017544 0.8207253881578948 0.9893238432017544 0.8207253881578948 0.9918657850877193 0.8139896370614036 0.9918657850877193
3 0.8150259067982456 0.9938993388157895 0.8212435230263159 0.9938993388157895 0.8212435230263159 0.9959328925438596 0.8150259067982456 0.9959328925438596
3 0.8150259067982688 0.9994916118420497 0.814835083910225 0.9969640722916353 0.8215708330549205 0.9964556923667145 0.8217616583202698 0.9989832293217255
3 0.8191954307814058 0.9817045528243649 0.818652849780733 0.9837315712718795 0.8129289200617222 0.9821998686249511 0.8134715021930106 0.9801728519736772
3 0.8191709867272721 0.9877986787280701 0.8134714999168864 0.9877986787280701 0.8134715021930106 0.985256735745614 0.8191709846491904 0.985256735745614
3 0.8560214305615546 0.9066621828812683 0.8533678756825793 0.9074733093370326 0.8517505936328007 0.9021837749605097 0.8544041447368045 0.901372649122817
3 0.835030539417744 0.9023584629686114 0.8352331600876823 0.9044229791666768 0.8297362976970817 0.9049623282251562 0.8295336787280121 0.9028978135964617
3 0.8300518135964912 0.8947635997807017 0.8362694298245614 0.8947635997807017 0.8362694298245614 0.8973055416666668 0.8300518135964912 0.8973055416666668
3 0.8455958552631578 0.889171326754386 0.848704663377193 0.889171326754386 0.848704663377193 0.8947635997807017 0.8455958552631578 0.8947635997807017
3 0.24455958552630364 0.48296898793862914 0.24513575349249095 0.48032672197733783 0.2502590668859739 0.48144382346487274 0.24968290008871463 0.4840860884085688
3 0.2435233168588411 0.48449415387201905 0.23779415625631373 0.4825479593494024 0.23883042741397276 0.47949762940267443 0.24455958552630364 0.4814438234648966
3 0.7999999986321882 0.6700559194125901 0.8009216721543453 0.6726387517908994 0.7952221902758083 0.6746723066550449 0.7943005186401706 0.6720894758771427
3 0.03782383545262746 0.43111337075301054 0.03470355739011666 0.43068938114803174 0.03573982918612728 0.42306355556348824 0.03886010416658792 0.4234875449561358
3 0.04719163050867792 0.4262131217875853 0.049740933113980645 0.4265378749999969 0.04866329270259939 0.434996842943069 0.04611399013163009 0.43467208991228534
3 0.05336787636269946 0.42755464941667787 0.05228955325458173 0.4352472103512731 0.048662608469044244 0.43473882224256055 0.049740933113980645 0.4270462631579254
3 0.05647668446385978 0.4285714271792495 0.05522154960669923 0.4362461944466134 0.05211273997110766 0.43573780624644076 0.05336787609644489 0.4280630405701866
3 0.11815138040071815 0.4445945731691467 0.12176165789469451 0.4448398574561372 0.12122685752444795 0.4527109683652825 0.11761658004388664 0.45246568421052663
3 0.1233160632336876 0.4529740724834472 0.12012624235899239 0.45247395385365846 0.12124352302635089 0.44534824561404374 0.12443334080955992 0.4458483639969523
3 0.12435233088649511 0.44585663484993987 0.12748156744680728 0.44608442230128037 0.12694300678720083 0.4534824606212922 0.1238137702395079 0.4532546732856755
3 0.12805192172788793 0.4474624988185405 0.13056994846488124 0.4478901885964951 0.12946103217075233 0.4544185382676396 0.126943005482417 0.45399084868420586
3 0.13264248767723075 0.45500762622743424 0.12953046752431874 0.4545197054072219 0.13056994846488124 0.44789018859648655 0.13368196579824598 0.4483781091915687
3 0.13678756492629418 0.4499237398013406 0.13578884989271955 0.4560305438246879 0.13268004048825333 0.4555221557668292 0.13367875657900186 0.44941535307015607
3 0.19844559539467355 0.3960345701754408 0.20204166983205596 0.3957014031471686 0.20255980451122468 0.4012936763031784 0.19896373008964474 0.40162684321782766
3 0.19585492214912392 0.4067107269737233 0.19843326660736693 0.4023313277799383 0.20102393878300973 0.4038564943900642 0.1984455952610915 0.4082358927709502
3 0.18652849724867337 0.40671072681848736 0.18919573152322755 0.4074520619336505 0.18764132736907868 0.413044334846555 0.18497409320184488 0.4123030000000145
3 0.1932642484285907 0.41840365992640016 0.19574171985584599 0.41924527026041336 0.1941873156007432 0.42382076577491884 0.19170984429820237 0.4229791557017594
3 0.19637305719129472 0.424504321330955 0.1942052709791824 0.42376791264171654 0.19575967664741256 0.4191924171972881 0.19792746162283947 0.4199288256578975
3 0.19637305701758123 0.42501270942978037 0.1980754943632519 0.4198077789278716 0.20118430110449026 0.42082455769125854 0.1994818650483694 0.42602948709655997
3 0.20207253881198994 0.42653787513294766 0.19894518997693922 0.42558173593816967 0.20049959614982527 0.42049785236126813 0.20362694298239603 0.42145399122806143
3 0.19170599928122556 0.4357077322915853 0.18911917105253906 0.43518047807016524 0.19015928752935451 0.43007772841584696 0.1927461140350033 0.4306049824561353
3 0.19419718042991008 0.43670422923807883 0.19170984415870862 0.43619725435753154 0.192849452827204 0.4306063959245441 0.1953367872806666 0.4311133706140275
3 0.1968911924046779 0.4372140318863437 0.1943731647347704 0.4367863394444912 0.19540943596916804 0.4306856783471622 0.19792746162283947 0.4311133706140342
3 0.1984455950047277 0.431621758699674 0.20095026917954328 0.4320858571959313 0.19991400088167666 0.43767813011978846 0.19740932675449585 0.43721403179825585
3 0.19120858155054066 0.4371395338024301 0.19378238377191792 0.4377224199561368 0.19272924294944005 0.44237241337984884 0.19015544078945368 0.44178952741228744
3 0.18808290076469802 0.4356888660595712 0.1912102510070781 0.43664500090776753 0.18963730623045194 0.44178952750688594 0.18650995613768373 0.44083339300240554
3 0.16113989583334387 0.45195729495611586 0.16190918049176162 0.4472534068708735 0.1650179885206171 0.44776179738802363 0.16424870500338784 0.45246568445811874
3 0.043129573368332785 0.4245246617525012 0.04187443990929296 0.4321994289105682 0.038341969298244294 0.4316217587719127 0.03959710418462237 0.4239469934044803
3 0.06891191666666667 0.4255210975877193 0.07512953399122807 0.4255210975877193 0.07512953399122807 0.4280630405701754 0.06891191666666667 0.4280630405701754
3 0.24356958054488587 0.48451065684951355 0.24248704714909763 0.4875444835526697 0.23674130039808006 0.48549442511675517 0.23782383442983246 0.48246059978075295
3 0.07556773422084007 0.4167792709462496 0.07616580263152173 0.4194204375000407 0.06899184987776152 0.42104482540197496 0.06839378289464548 0.4184036600877269
3 0.1699481864035306 0.04524656798242546 0.16994818654143273 0.04016268419240186 0.17253885970126248 0.04016268428371992 0.17253885964908022 0.04524656798790442
3 0.16839378285146722 0.041179461606290026 0.17054124583171415 0.042000198530293666 0.16891191666661598 0.0462633453947361 0.1667644536996704 0.045442608495682275
3 0.039006719707117554 0.060210505088681913 0.04476524766221246 0.06314496461950726 0.04352331578945723 0.06558210526315916 0.03776478788563509 0.06264764580922894
3 0.13989637280701755 0.10879511951754385 0.1424870471491228 0.10879511951754385 0.1424870471491228 0.11337061513157895 0.13989637280701755 0.11337061513157895
3 0.1424870471491228 0.1148957807017544 0.14507772039473685 0.1148957807017544 0.14507772039473685 0.1199796644736842 0.1424870471491228 0.1199796644736842
3 0.09921148805051416 0.16931359669721113 0.09896373026310812 0.17234367105266482 0.0924983557839596 0.17181502559922435 0.09274611403509425 0.16878495175441297
3 0.15595854934210526 0.20386375219298247 0.15906735745614037 0.20386375219298247 0.15906735745614037 0.20894763596491228 0.15595854934210526 0.20894763596491228
3 0.1440414506578236 0.21453990899123013 0.14660549143206936 0.21427859307438943 0.1471502587719442 0.21962379276315283 0.14458621800474702 0.21988510863357197
3 0.20620549210207173 0.23087376801619183 0.2031088081140524 0.2302999495614004 0.20415720318248987 0.22464224635283095 0.20725388596497396 0.22521606469299038
3 0.2077720205472815 0.22623284201780303 0.2108993586308543 0.22718901464752544 0.20934495423455246 0.23227289832948295 0.20621761622805934 0.23131672587720276
3 0.20310880799479492 0.23843416332857814 0.20932896228475784 0.24096987975777243 0.2082926925246511 0.24351182143697384 0.2020725383770241 0.2409761052631527
3 0.06994818640350786 0.2511438739034539 0.07009254747129035 0.24908412413870276 0.07734643270646302 0.24959251461857118 0.07720207224565456 0.2516522638122308
3 0.050255218826691817 0.3136945280277174 0.04766839364037878 0.3131672598684186 0.04872533262403067 0.3079819785026537 0.05131215655342203 0.3085092465298276
3 0.006735751096471176 0.3004575493421274 0.004819819061481212 0.2982259942449077 0.008964897608052524 0.29466727698209694 0.010880829279017235 0.2968988315266947
3 0.015025907339236255 0.2989323844548568 0.011183047160443493 0.30186970446111144 0.009628642610664429 0.29983615080396386 0.013471502192942353 0.2968988311403688
3 0.020253594793757657 0.30107960712184956 0.015099743801556542 0.3031806125158281 0.01398963706151335 0.3004575493420889 0.019143486823395506 0.29835654423109936
3 0.013471502192942353 0.30808337609649844 0.011806837590029318 0.30614448455690585 0.016062176535115213 0.3024911030701813 0.017726840804812127 0.30442999410413774
3 0.011918651108430822 0.3019815284212512 0.013471502237166533 0.30401626869828147 0.00880673648669017 0.3075761728368083 0.007253885964928486 0.3055414331140246
3 0.007253885211866873 0.3014743258772457 0.008918550434600547 0.3034132178661921 0.004773472817419133 0.3069719364542668 0.0031088081140069335 0.30503304495610906
3 0.02269848843309319 0.3614397667911858 0.0233160625000437 0.3589222171052803 0.029651310949361687 0.3604762395791474 0.029033737928330083 0.3629937883619408
3 0.0559585500797084 0.373665480331495 0.05282949787715552 0.3733755796555508 0.053347633979910825 0.36778330774933127 0.05647668421056551 0.36807320833333734
3 0.05699481907890913 0.4153533300438532 0.05882761628561184 0.4106837417097843 0.06141828849831654 0.4117005190148006 0.059585492257610895 0.41637010653020684
3 0.07409326382048675 0.4209455995419082 0.07453277961792537 0.423409136077875 0.06883329765332746 0.42442591500404203 0.06839378289475917 0.42196237938597225
3 0.16735751278690714 0.4473817992664963 0.17054130214262386 0.448030724328349 0.16950503270788886 0.45311460904147033 0.16632124342095267 0.45246568421051686
3 0.1870711435414023 0.44726154282861347 0.19015544078945368 0.44789018859649 0.1890946601183714 0.4530943297494624 0.18601036293853213 0.45246568421052136
3 0.18911917105265275 0.45297407236846793 0.1897681688767534 0.4483442927074338 0.1933951105078222 0.44885268244038734 0.19274611397747776 0.4534824609369623
3 0.19064906468031495 0.47241308574486074 0.1875647664473945 0.47178444298246164 0.18862554833754075 0.4665803048449013 0.19170984429831606 0.46720894736843044
3 0.23471502631582553 0.5155058464912 0.23536203590913374 0.5128684154247323 0.24196891228064032 0.5144890701753946 0.2413219043172603 0.5171264998345332
0 0.23730569944802937 0.5099135734418065 0.24257885448116667 0.5109883369106915 0.24206071966125364 0.5135302796989345 0.23678756469303153 0.5124555164473793
3 0.23730569956137515 0.5099135734648884 0.2377771912621256 0.5072708758116774 0.24347667090489722 0.5082876565082033 0.24300518054678832 0.5109303529747514
3 0.23036346648314066 0.5098966901866377 0.23056994846490397 0.5073716315789317 0.23699404511819466 0.5078969078718263 0.2367875644886226 0.5104219652177512
3 0.23886010551370873 0.5058464626437287 0.23797278036795433 0.5087853339894299 0.23123702592192785 0.5067517831284678 0.23212435197365267 0.5038129133771494
3 0.22020725438596855 0.5043213015350504 0.22070683493143406 0.5017757156059623 0.2259067357456388 0.5027961359649448 0.22540715637944686 0.5053417208594461
3 0.22072538815780263 0.4997458059210687 0.2214294490086104 0.4971149656382867 0.22712892954234576 0.4986401344370552 0.2264248700657845 0.5012709735396811
3 0.22797927524516126 0.4961870834762533 0.22711617181175825 0.49860594402282754 0.22141668881488386 0.4965723923347976 0.22227979276317456 0.49415353289474645
3 0.22953367994273322 0.4931367528658991 0.22868244821029293 0.495739217892189 0.22246483010007978 0.493705666597728 0.2233160624999755 0.4911032028508326
3 0.2300518148045967 0.49059481099905927 0.22920058365502882 0.4931972761951886 0.22298296555470642 0.4911637248881824 0.2238341973684328 0.48856126096486985
3 0.22953367986406192 0.49008642692098325 0.22349483130767567 0.488035035588847 0.2245311025636738 0.4849847045535401 0.23056994846490397 0.48703609539473847
3 0.22590673547938422 0.4824605996902458 0.23117137008625832 0.4842489932811579 0.23013510041221252 0.4872993229899694 0.22487046600883787 0.485510929824564
3 0.23419689144736822 0.5017793596491653 0.23465239929134896 0.49922624174834695 0.24041450767538208 0.5002541940789308 0.23995900112197432 0.5028073108394124
0 0.23471502620327556 0.4961870865998648 0.24098311415025364 0.49746464115851047 0.240464979319313 0.5000065828159935 0.23419689144736822 0.4987290285087786
3 0.23989637280703846 0.5027961359649497 0.2403959535388367 0.5002505500782066 0.24559585526321825 0.5012709714912238 0.24509627570694192 0.5038165563465428
3 0.2466321250310557 0.4982206371913997 0.2457690214774857 0.5006394966031349 0.2400695384736764 0.4986059449234993 0.2409326425438394 0.49618708662280087
3 0.25912202971369425 0.4977246270467395 0.2585492225877033 0.5002541940789326 0.25175879829953374 0.4987166523185984 0.25233160635968943 0.4961870866228236
3 0.2590673574561606 0.5063548552631056 0.2597714208244497 0.5037240110885045 0.2658031085526318 0.5053380778508796 0.26509904665806516 0.50796892075988
3 0.2409326425438394 0.4961870866228297 0.2416367037476448 0.49355624273503257 0.24766839364042426 0.49517031030706327 0.24696433388066907 0.4978011529547251
3 0.2414507774122967 0.4931367565789367 0.2421548382696983 0.49050591152604334 0.24818652850876788 0.4921199791667111 0.24748246908654892 0.4947508229870997
3 0.2419436367695198 0.4900819174240306 0.24248704714909763 0.48703609539472337 0.2483623367400014 0.48808423927917355 0.24781892789303583 0.49113005995367764
3 0.24253331181432713 0.48705259868025746 0.2414507774122967 0.49008642653508167 0.2357050296518537 0.48803636814711443 0.23678756469303153 0.4850025416666158
3 0.24922279931740832 0.486527704506092 0.24815076924255663 0.4892589670878237 0.24248704714921132 0.48703609539476805 0.24355907771064267 0.48430483404529223
3 0.25181347149111843 0.5343162171052774 0.2523322720123815 0.5316727247968601 0.258031087719246 0.5327910526316146 0.25751228862020525 0.5354345436922473
3 0.25854922343216913 0.5282155541490359 0.25777795871192666 0.5308355051114731 0.25259661071322626 0.5293103412702518 0.25336787609649036 0.5266903914473298
3 0.2601036277753792 0.5226232807269388 0.2596481204553811 0.5251763985842469 0.253948636503992 0.5241596243543115 0.25440414473678175 0.521606507675443
3 0.05492227960530727 0.5063548552632116 0.05569354272961391 0.5037349026186866 0.061139895833321134 0.5053380778509285 0.060368634050519177 0.5079580293494398
3 0.1896373069702122 0.47788510426387243 0.1865082537311764 0.4775952112634564 0.1870263900767668 0.47200293935421406 0.19015544078945368 0.4722928322368457
3 0.1824627344375358 0.4705082559537725 0.18497409320184488 0.4712760548245766 0.1833403739805135 0.47661934899995484 0.18082901535092333 0.47585155043859345
3 0.18082901577406574 0.47585155056797684 0.17817550227539414 0.4750402902071914 0.1797927456140087 0.4697508892543877 0.18244625713953155 0.4705621492920403
0 0.15350830731642873 0.5103791917307576 0.16165803070180118 0.5124555164473809 0.16098667412131817 0.5150904278281203 0.1528369508977221 0.5130141035524326
0 0.1600848353037918 0.5186299354268313 0.15181347149120938 0.5165226228070061 0.15236319150108102 0.5143651108471543 0.16063455255152803 0.5164724230978411
0 0.15025906688595114 0.5195729539473537 0.15072840933191856 0.5170220285719658 0.15906735745613787 0.5185561765350636 0.1585980169497816 0.5211071002005266
0 0.14870466337720245 0.5251652258772072 0.1492042488506513 0.5226196375625398 0.15699481907893187 0.5241484495613784 0.1564952354461866 0.526694036261107
0 0.1336787531581649 0.5729537343520746 0.1363397533064017 0.5748906895288669 0.13115840786224453 0.5820081280191609 0.12849740899127937 0.5800711743421002
3 0.06738184703817751 0.48246710829691775 0.06683937828950093 0.4844941535087603 0.06111556139728691 0.4829624785392856 0.061658030701778443 0.4809354342104874
3 0.05906735734697577 0.4911032028286189 0.0643405111127322 0.4921779726913032 0.06382237629111387 0.4947199143901884 0.05854922258777151 0.4936451447368447
3 0.05965957505816277 0.5094269891654133 0.05906735745611513 0.5114387390351239 0.05381192663708134 0.5098917698474927 0.05440414473684996 0.5078800208332913
3 0.24611399013157895 0.5216065076754386 0.251295336622807 0.5216065076754386 0.251295336622807 0.5236400614035087 0.24611399013157895 0.5236400614035087
3 0.059506880932872264 0.5120255337735041 0.05906735745611513 0.5144890701754328 0.05292835169029786 0.5133938860794686 0.05336787609644489 0.5109303508771764
3 0.010365308990117228 0.5688876933351985 0.009326424342134487 0.5714285712719246 0.003106192668838048 0.5688855639572405 0.0041450778509215525 0.5663446874999576
3 0.11502590813006464 0.5516014191748096 0.11422473636662289 0.5540507913518747 0.10800711810452412 0.5520172403481101 0.10880829057020946 0.5495678695174936
3 0.14611399013153914 0.5460091513158025 0.14592583501155332 0.5438999448815774 0.15162531566420512 0.5433915587957343 0.151813471684477 0.5455007642283983
3 0.15090120319860034 0.5520098526631184 0.15388600986841539 0.5526182006578924 0.15272573969468795 0.5583104321257581 0.14974093311400338 0.5577020844298194
3 0.15544041447367363 0.5561769188596829 0.155827159133878 0.5536151432130366 0.16256290808439644 0.5546319253897323 0.16217616507378807 0.5571936995597238
3 0.2368119103907702 0.558216983766094 0.23626942982457422 0.5602440263158383 0.23054560212415254 0.5587123496422212 0.23108808333336128 0.5566853081140726
3 0.21813471546397523 0.5271987767944418 0.21761592026507515 0.5298422675443456 0.21191709868423914 0.5287239451754931 0.21243589480548053 0.5260804556602804
3 0.2352331612976286 0.525673615131579 0.22901554385964573 0.525673615131579 0.22901554517488876 0.5231316721491229 0.2352331600876596 0.5231316721491229
3 0.23471502705149305 0.5205897280137349 0.23401400765760627 0.5227329320824957 0.22935079376736667 0.5212077690241769 0.23005181359644666 0.5190645657895054
3 0.7985601912845368 0.6674730884912299 0.7994818651316109 0.6700559232455916 0.7936677859654537 0.6721303671191504 0.7927461140351397 0.6695475339912653
3 0.8011634989998129 0.673068798716169 0.8020725383771605 0.6761565833333382 0.7967639594688762 0.6777192017191189 0.7958549221491467 0.6746314188596296
3 0.5801881472083323 0.022101550929269735 0.5777202072368937 0.020843924342110926 0.5799154800428141 0.01653596772894351 0.5823834199561588 0.017793594298248536
3 0.5860103629590867 0.023894255488705125 0.5828830288654672 0.022938069696604165 0.5844374324528872 0.017854184838204296 0.5875647664473718 0.0188103706140376
3 0.586528497782524 0.031011692976910588 0.5892118142385243 0.031619417010451664 0.5880829013283346 0.03660396491512512 0.5853995848776776 0.03599624089757942
0 0.6984455953947872 0.04524656798242009 0.699162158785839 0.042617489220683764 0.708488583870917 0.04515943292637953 0.7077720206839331 0.0477885115130682
0 0.7068132234586528 0.04932887787065834 0.7062176162280593 0.052364006578906275 0.6983495294820159 0.05081999075870348 0.6989451368511936 0.047784862235553234
3 0.532124352541814 0.20183019841227628 0.5290420030916039 0.20211578060370083 0.528497408991143 0.19623792543859997 0.5315797573451846 0.19595234329828026
3 0.5347150263157895 0.16166751425438597 0.5409326425438596 0.16166751425438597 0.5409326425438596 0.1642094561403509 0.5347150263157895 0.1642094561403509
3 0.2828894289738173 0.05090427921227553 0.27979274561403145 0.050330452850873925 0.28084114035812036 0.04467274164509847 0.283937823464953 0.04524656798246559
3 0.2782383421248369 0.04372140340887682 0.2772392570713009 0.04881258434236455 0.2746485837357113 0.04830419509356992 0.27564766885961944 0.043213014254338676
3 0.27202072594400306 0.047280121722912176 0.26901512234292113 0.04672317259861996 0.2700513911415783 0.04113090067785551 0.27305699451756027 0.041687849780702724
3 0.2792746118167315 0.03253685854688967 0.2813555509155776 0.03300815467785862 0.2803108805011334 0.03762074232878994 0.27822994140626633 0.03714944620972742
3 0.2828977035428579 0.029505421777029046 0.28031088048248876 0.02897813925439449 0.28135100051076734 0.023875361128880446 0.283937823464953 0.02440264364035109
3 0.29948186513157893 0.29435688815789474 0.30518134758771925 0.29435688815789474 0.30518134758771925 0.29689883114035087 0.29948186513157893 0.29689883114035087
3 0.3077720217095248 0.2923233341868062 0.30637461046615044 0.29445958127931765 0.30155440460521277 0.29130655811407774 0.3029518157528628 0.28917031156813416
3 0.30362694298241877 0.2877478388158185 0.3054060056895196 0.2859347166777501 0.3098445592105463 0.29028978179823045 0.3080654970035539 0.2921029034399913
3 0.3071709440015411 0.28504313323202796 0.3098445592105463 0.28368073245614095 0.31201595058666953 0.28794182861004847 0.3093423355678624 0.2893042291015399
3 0.3124352333765046 0.2826639545952235 0.3140950859331042 0.2868930313561717 0.3115044111636962 0.28790980870569577 0.3098445592105463 0.28368073245615943
3 0.3170984450642891 0.2826639543644415 0.317854204089258 0.2872853230683534 0.31474539537543933 0.2877937112732238 0.3139896370613542 0.283172343201768
3 0.3207253888449486 0.2872394505878696 0.31811006487350824 0.28750598979620284 0.3175919315650617 0.2824221060352097 0.3202072543859913 0.2821555668859642
3 0.32072538815789475 0.2821555668859649 0.32331606249999995 0.2821555668859649 0.32331606249999995 0.28723945065789475 0.32072538815789475 0.28723945065789475
3 0.32438513117858747 0.282374305951374 0.32694300548246247 0.28266395504385816 0.32639207166187134 0.28752909968882967 0.32383419736845553 0.28723945065789475
3 0.3295336789827843 0.2882562281480691 0.32688017630277955 0.2874449361776926 0.32849740899121116 0.2821555668859518 0.3311509104810284 0.28296685866139476
3 0.33114697061728293 0.28405911534726674 0.33367875657893364 0.2852058969298111 0.33154732966352185 0.28991139755166084 0.32901554385966847 0.2887646162280551
3 0.33419689144739095 0.2907981699561298 0.3317555801049821 0.2894159194054934 0.33471502631584826 0.2841891206140388 0.3371563366359851 0.28557137080087713
3 0.5828877963505192 0.023419616535892317 0.5803108804824433 0.022369089912288632 0.5823971774124175 0.017251455850692633 0.5849740932017085 0.018301982456130867
3 0.6222797928609225 0.08998474783418745 0.6191315933219812 0.0891096893835056 0.620685998285694 0.08351741749366186 0.6238341973684101 0.08439247587719248
3 0.6539647038873682 0.11125984746419185 0.6580310877193369 0.11540416885961349 0.656212698372201 0.11718835454103853 0.652146314725087 0.1130440333291484
3 0.6210807584362783 0.084566818429527 0.6187689271014278 0.08927911254912678 0.616062176535138 0.08795119517541461 0.6183740079057998 0.083238901241924
3 0.6689119166667297 0.11540416885964916 0.6714759581661838 0.11514285021456584 0.6719940929843915 0.12022673401520022 0.6694300514885754 0.12048805263631739
3 0.6720207258772462 0.11591255701754001 0.6751497775535427 0.1156226462237743 0.6756679112698976 0.12121491928425991 0.6725388595976938 0.12150483004862137
3 0.6849702423700137 0.12304888711876602 0.6823834199561816 0.12252160635964969 0.6834403588341047 0.11733632267999523 0.6860271807619256 0.11786360338800525
3 0.6865284976424846 0.11794611069987443 0.6895455227036109 0.11878470646116178 0.6879911182270462 0.12437697944339542 0.6849740932017312 0.12353838377191499
3 0.6787564769737173 0.12201321820177254 0.6806090423079922 0.11634900007807722 0.6837178500032906 0.11736577679781686 0.6818652850661238 0.12302999458360188
3 0.71593944466224 0.11615340349284986 0.7134715021929878 0.1148957807017657 0.7161849077322131 0.10957105058374444 0.7186528497807103 0.11082867324563724
3 0.7129533684210401 0.11438739144734938 0.7107082839992245 0.11286198057259088 0.7138170924746419 0.10828648514035699 0.716062176591663 0.10981189587174463
3 0.7105938050497116 0.11331282680989911 0.7082901557017749 0.11184544956139159 0.7111678531628058 0.10732774240523098 0.713471502199468 0.10879511952166397
3 0.6981470290419338 0.10393237376115397 0.7005181348683891 0.10574478947368238 0.6971897580970108 0.11009914691037917 0.694818652412323 0.1082867313596613
3 0.6949561261433246 0.1034954147949124 0.6968911918859249 0.10472801206139114 0.6941630448299065 0.10901094036693829 0.6922279791666597 0.1077783432017564
3 0.6929280554564912 0.10242667919881544 0.6949368148068515 0.10379152058572579 0.6916460651666512 0.10863479520589232 0.68963730592111 0.10726995394738795
3 0.6922279793202506 0.10320284623031001 0.6895608221580005 0.10773331559378557 0.686970148764317 0.1062081511641398 0.6896373059209964 0.10167768201756662
3 0.6860103629385321 0.10726995394735951 0.6838834413750874 0.1058248275363866 0.6870466315789372 0.10116929385965742 0.6891735528679419 0.10261442014151732
3 0.6823834197216456 0.09964412813014542 0.6846285029016599 0.1011695388309149 0.6815196949145275 0.10574503447241704 0.679274611842061 0.10421962390351865
3 0.6789494475090123 0.09879492648783099 0.681347150219267 0.10015251644737551 0.6785635052560792 0.10506882558612775 0.6761658026315445 0.10371123574560931
3 0.676165802376886 0.09761057440568548 0.6785039321395061 0.09904034230564714 0.6753951241804543 0.10412422610245581 0.6730569945175375 0.10269445833334259
3 0.5535737286493259 0.06673353469538415 0.552331606359644 0.06863243530700462 0.5474625411069383 0.06544745203545761 0.5487046633771797 0.06354855153504768
3 0.5544041449082897 0.06354855130203842 0.5530693369514665 0.06536241235179995 0.5489242589619607 0.062312081355010034 0.5502590668859284 0.06049822039471187
3 0.5502590668860421 0.05998983223687556 0.5515901253099855 0.05781931290175069 0.5557352029657068 0.06036125502216415 0.5544041446524943 0.06253177426044403
3 0.5684678236659693 0.06763745191129089 0.5678756480263019 0.06964921162279829 0.5626202596009762 0.06810225301866776 0.5632124353070367 0.06609049342109644
3 0.5613085918153047 0.07112539636149089 0.5616580307017784 0.06863243530699682 0.5692613552553212 0.06969819315695808 0.5689119165970169 0.07219115400585947
3 0.5740932640671872 0.06558210514135147 0.5740932642544294 0.07066598905274656 0.5709844561403088 0.07066598903508553 0.5709844561171167 0.06558210528772956
3 0.5772020723684363 0.07574987280702068 0.5776575457870194 0.07319675080504234 0.5834196885964502 0.0742247072368688 0.582964215371021 0.07677782906817927
3 0.33718297941436504 0.2910389935989078 0.3347150263157346 0.2897813925438589 0.33691028570945036 0.2854734617118887 0.3393782379386039 0.2867310625000187
3 0.3259067351743852 0.2948652770888503 0.32830445221691207 0.2962228420837148 0.325713779308785 0.30079833769740577 0.3233160624999982 0.2994407730263057
3 0.32849740899132485 0.3024911030701985 0.3258706300786116 0.3010308860415357 0.3289794395283252 0.2954386145972072 0.3316062172129932 0.29689883120023697
3 0.34145077743278307 0.31723436733617494 0.3388350842692489 0.3157533904037506 0.3414257585420728 0.31117789515098027 0.34404145065798275 0.31265887171054485
3 0.31036269323408305 0.30554143244429577 0.31269615092367076 0.30739108307259655 0.30906920833206186 0.3119665799450104 0.3067357510964257 0.31011692982453887
3 0.31243523360910785 0.3136756480622928 0.30967083330506284 0.3119148270690959 0.31226150744112147 0.30784771997877797 0.3150259067981551 0.3096085405701474
3 0.3149838108431595 0.31478880208888194 0.3124352335527192 0.3136756480263259 0.3140726500552091 0.3099268795657848 0.31662122648185687 0.3110400334116748
3 0.3176324891801414 0.31110248530580054 0.319689119517534 0.3121504824561382 0.3176006718503004 0.31624881051654136 0.3155440416667261 0.31520081359650143
3 0.32020725444840537 0.3177427555142832 0.31794496111967874 0.31658995870023726 0.3202072541491816 0.3121504823354582 0.32246954658046434 0.3133032788739625
3 0.3227979278318571 0.3192679211206535 0.3200107802686034 0.3183210903102694 0.3215651847698382 0.31374559484871384 0.3243523311404033 0.3146924254386095
3 0.3373056995613979 0.29130655811407324 0.33920761662250243 0.2864607418590386 0.3417982891172642 0.2874775199913895 0.3398963727578348 0.2923233356517694
3 0.34131331586183933 0.2940643013420946 0.3393782379386039 0.2928317236841914 0.3421063734766676 0.2885488152194101 0.34404145074540793 0.28978139259961244
3 0.3476683929233104 0.29130655747460177 0.3498690883081963 0.29326902944267547 0.3462421455876665 0.2973361370591102 0.34404145065798275 0.29537366557020506
3 0.35906735671437673 0.29994916052277154 0.361231976459635 0.30187945893126666 0.3575129528508114 0.3060498223684087 0.355348333578263 0.3041195244575805
3 0.3621761655701903 0.3091001524123249 0.36471001484108 0.30479623581711024 0.3673006883842618 0.30632140216415443 0.36476683981197766 0.3106253181529221
3 0.3678756472384066 0.30604982188663493 0.3702137926309206 0.30747956193151355 0.3671049849990595 0.31256344578387957 0.36476683991224945 0.3111337061403299
3 0.3673575131577991 0.31164209429828726 0.37014852785091534 0.30784951411331873 0.372221065634335 0.309374680258898 0.3694300514512179 0.313167259982317
3 0.358031088541793 0.3009659366617673 0.35421880898411473 0.30485119504319674 0.35162813553449723 0.3023092533476749 0.3554404144736054 0.298423995614072
3 0.3528497425639898 0.35231316581817496 0.3514024492807266 0.3544202871622224 0.3461139901315846 0.35078800219298073 0.3475612832329489 0.3486808815724392
3 0.3533678760965131 0.3558718859648721 0.35511144170698117 0.3535872734311535 0.3601036271929843 0.3573970515350554 0.358360062436077 0.3596816632893124
3 0.3606217620614416 0.36044738157890516 0.36217445951115224 0.35807378231704495 0.36735751315791276 0.3614641589912746 0.3658048166240633 0.36383775744477254
3 0.37253886008647896 0.36654804298602855 0.36780860258716075 0.3641376693335166 0.3688448728810272 0.3621041156879283 0.37357512938581294 0.36451448903509337
3 0.373056994517583 0.36756481907893096 0.3742676797560307 0.36534390182246246 0.3789308911321996 0.367885846522359 0.377720206660797 0.3701067631181087
3 0.38275087684223763 0.372284130867295 0.38393782346486205 0.370106762061424 0.3892698464815112 0.37301327885098046 0.3880829007308648 0.3751906469063485
3 0.39274611403516246 0.3762074221490931 0.3936745584608161 0.3741257787734868 0.39937403820465533 0.3766677230595194 0.3984455946565504 0.37874936569019796
3 0.40853440684065845 0.3832950004369548 0.408808290570164 0.3807829177631259 0.4137453850211159 0.3813211679511188 0.41347150208457606 0.3838332498982641
3 0.26994818640355334 0.31062531798243037 0.27105387095093647 0.3083716227692688 0.27623521727264233 0.310913566380406 0.27512953344694324 0.31316726097776215
3 0.3061603360418985 0.3101891904620465 0.30414507743205377 0.3085917639224026 0.3078293016112639 0.3039440072464417 0.3098445594994246 0.30554143334299577
3 0.30259067324561784 0.3055414331140454 0.306148801721406 0.30191519480202467 0.3082213405745051 0.30394874914923997 0.3046632125914357 0.30757498697246144
3 0.30621761699285344 0.3024911029142961 0.3000490335776931 0.30374843686691183 0.29953089937112054 0.30120649498686436 0.30569948135962477 0.2999491611842049
3 0.3393782379386039 0.32994407675437204 0.33691028013413415 0.3286864815104138 0.3395009556622881 0.32360259810734754 0.3419689123037415 0.3248601929942111
3 0.3517127116250549 0.32402137303763157 0.3487046633772479 0.32231825109650675 0.35142111836830736 0.31752060965504586 0.3544291653269056 0.3192237311374309
3 0.3567078126105798 0.3197184934505068 0.3544041447368045 0.31825114364035945 0.357281825399582 0.3137334642007492 0.35958549238000614 0.3152008136318151
3 0.34326230014676185 0.3190758417859439 0.3462960125137897 0.31495347184253947 0.34870466337713424 0.3167259791667115 0.34567095166994477 0.32084834851310157
3 0.35958549232464065 0.3289273004386177 0.3574585511063333 0.3274822024588555 0.36056736026966973 0.32290670738102434 0.36269430064351127 0.3243518049638156
3 0.3640764814368822 0.3442211990055553 0.3626943004386476 0.33858667982456325 0.36513793329731925 0.3379872636151949 0.36652011478724944 0.34362178205936617
3 0.3626942996111211 0.3385866792400359 0.3626943004386476 0.3431621754693292 0.3601036271929843 0.3431621754386143 0.36010362698084464 0.3385866798245209
3 0.35129533662279755 0.33858667982453305 0.35221305495883826 0.33297502091446757 0.35532186203590754 0.333483411196137 0.3544041447167956 0.33909506920132443
3 0.34715025877192984 0.330452466008772 0.35025906688596486 0.330452466008772 0.35025906688596486 0.3365531260964912 0.34715025877192984 0.3365531260964912
3 0.35699481907894737 0.3370615153508772 0.3595854923245614 0.3370615153508772 0.3595854923245614 0.342145399122807 0.35699481907894737 0.342145399122807
3 0.33886010416665613 0.3299440767543462 0.34166068344723044 0.3251871223340199 0.3442513557708935 0.32671228878608805 0.3414507773142077 0.33146924249114657
3 0.33419689144739095 0.3274021348683736 0.3368103325906304 0.32207522566605057 0.3399191395208163 0.3236003923786542 0.3373056994496437 0.3289273006664741
3 0.3156532873251763 0.2952128779146818 0.31813471491227574 0.2968988311403371 0.31491666078147773 0.30163511397106535 0.3124352335526055 0.29994916118421977
3 0.3341968915063944 0.3274021348985273 0.3313176082559721 0.32593494074642304 0.33390828278822937 0.3208510573575586 0.3367875646929406 0.3223182510964753
3 0.33210844293387254 0.3253998006907768 0.3294348220691745 0.3240374046544482 0.3321243519736754 0.3187595317982354 0.33479797154859625 0.3201219274384962
3 0.33523315956654187 0.30096593716799813 0.3373986063522807 0.30234524831422854 0.3348079333870828 0.30641235579476384 0.3326424868421327 0.30503304495615025
3 0.33209588794773026 0.30507028309402434 0.3294794717861578 0.3030704069526367 0.3326424868421327 0.2989323848684438 0.33525890216969856 0.3009322605305446
3 0.340414507914943 0.30910015248549444 0.3377610062503891 0.3082888637004597 0.3393154118447228 0.30320498005657426 0.34196891228066306 0.3040162686403376
3 0.344002128874763 0.31168067640981145 0.34196891228066306 0.30960854057014436 0.3461533128431711 0.30550285196432536 0.34818652889214263 0.3075749872328317
3 0.32694300548246247 0.3080833760965157 0.3252977017652938 0.30724497716889626 0.32746114004885385 0.3029994910741742 0.3291064431606401 0.30383788981588583
3 0.3243523311404033 0.30706659868421243 0.3226353074212511 0.30575417955665546 0.32590673574554785 0.3014743267543525 0.32762375889444684 0.3027867455542675
3 0.3222797921853271 0.29994916085704515 0.32450313074832593 0.3012079932127997 0.3219124578602077 0.3057834888487095 0.319689119517534 0.3045246567982528
3 0.31813471491227574 0.30299949122810055 0.3160077774233514 0.3015543886523437 0.31917098464919036 0.2968988311403775 0.3212979213477638 0.298343933344532
3 0.6678756480263246 0.11337061472486547 0.667875648543145 0.1189628881578893 0.6642487052018851 0.1189628882054758 0.6642487050438604 0.11337061513157144
3 0.6456547911249118 0.12182022297533476 0.6440414506504339 0.11947127630489296 0.6496819964153246 0.11559716464805903 0.6512953368167018 0.1179461110278887
3 0.7974093267544049 0.6797153026315779 0.7966793430033476 0.6772357165304447 0.8020725383771605 0.6756481951754683 0.802802522965294 0.6781277798374411
3 0.6445595846315655 0.2994407723322601 0.6445595855262809 0.30401626864033293 0.641450777412274 0.30401626868087644 0.6414507771712579 0.29944077302633904
3 0.6497409331140034 0.30452465679823343 0.6497409342408673 0.2994407728881761 0.6528497416279606 0.29944077371810107 0.652849741228124 0.3045246569011714
3 0.6548956478230821 0.3052943574624945 0.6523316063596667 0.3050330449561457 0.6528763742697947 0.29968784874254073 0.6554404144736736 0.299949161184205
3 0.6554404144736736 0.30604982236837375 0.6554404157189992 0.3004575484901768 0.658549223030036 0.30045754934205 0.6585492225876806 0.3060498224175041
3 0.6611398958333439 0.3009659368878148 0.66113989671112 0.30604982236839495 0.6585492228565499 0.30604982237152545 0.6585492225876806 0.3009659374999877
3 0.6616580307017544 0.3004575493421053 0.6642487050438596 0.3004575493421053 0.6642487050438596 0.3065582105263158 0.6616580307017544 0.3065582105263158
3 0.6673575123095361 0.3009659369496128 0.6673575131578673 0.30604982243835643 0.6642487050438604 0.30604982236837375 0.6642487049261945 0.3009659376102866
3 0.6673575130106428 0.2999491611717034 0.6710013506710766 0.30025862701178657 0.6704663212718742 0.3065582105263156 0.6668224836229228 0.30624874477659814
3 0.6709844561403315 0.30045754934210306 0.6735565766833815 0.30023910289546385 0.6740932642543385 0.3065582105263165 0.6715211437194739 0.3067766569089134
3 0.674093264254386 0.3009659375 0.6766839375 0.3009659375 0.6766839375 0.3065582105263158 0.674093264254386 0.3065582105263158
3 0.6787564769736841 0.3009659375 0.6818652850877193 0.3009659375 0.6818652850877193 0.30706659868421055 0.6787564769736841 0.30706659868421055
3 0.6823834199561403 0.3019827149122807 0.6854922280701754 0.3019827149122807 0.6854922280701754 0.30706659868421055 0.6823834199561403 0.30706659868421055
3 0.6880829013157381 0.30198271426728923 0.6880829022848047 0.30757498686404927 0.6854922283666838 0.30757498683644835 0.6854922280701885 0.30198271491227224
3 0.6886010361842105 0.30147432675438596 0.6911917094298246 0.30147432675438596 0.6911917094298246 0.30757498684210527 0.6886010361842105 0.30757498684210527
3 0.6911917094298246 0.30147432675438596 0.6943005186403509 0.30147432675438596 0.6943005186403509 0.30757498684210527 0.6911917094298246 0.30757498684210527
3 0.6963730570175812 0.3029994912280662 0.6995021082299218 0.30270958689883315 0.7000202429549063 0.3083018600132654 0.6968911917530249 0.30859176426669854
3 0.7000000000000455 0.3029994912280694 0.7025686239825291 0.30276151007760826 0.7031088081139387 0.3085917642543912 0.7005401841404364 0.3088297453399521
3 0.705699481359602 0.302999490321352 0.7056994827471499 0.3096085405701494 0.7025906736746492 0.30960854051854336 0.7025906732455951 0.30299949122812103
3 0.7062176162280702 0.30350788048245614 0.7088082905701755 0.30350788048245614 0.7088082905701755 0.3091001524122807 0.7062176162280702 0.3091001524122807
3 0.7150259066371518 0.30401626862772574 0.7176403679666237 0.30422123068902845 0.717122233251871 0.3108302799801344 0.7145077719297888 0.31062531798245574
3 0.7036269429825097 0.2979156074561535 0.704031816255565 0.29543987188751053 0.7102494314480055 0.29645665148581696 0.7098445589684843 0.2989323863483499
3 0.7046632127193106 0.29486527741230956 0.7050815809335518 0.29230701816715976 0.7113989638157818 0.293340111842153 0.7109805964259976 0.29589837035375105
3 0.711398964380237 0.2928317237992651 0.7056283537340278 0.29165550590946726 0.7061464893240554 0.28911356404361743 0.7119170986842391 0.2902897817982431
3 0.71865285010756 0.2913065562814063 0.7181813859771182 0.2939492588441013 0.7119170986842391 0.2928317236842577 0.7123885633942564 0.2901890218698434
3 0.6461139901315789 0.2994407730263158 0.649222798245614 0.2994407730263158 0.649222798245614 0.30503304495614036 0.6461139901315789 0.30503304495614036
3 0.638341969298267 0.29893238486842416 0.6409060104625723 0.29867107240373375 0.641450777412274 0.30401626864034853 0.6388867362577457 0.3042775810405678
3 0.6487030857414311 0.12353958774054533 0.6471502587719442 0.1215048300438411 0.6518150493985786 0.11794490722837163 0.653367876273137 0.11997966470505274
3 0.6326424868421053 0.29893238486842105 0.6357512949561402 0.29893238486842105 0.6357512949561402 0.30401626864035086 0.6326424868421053 0.30401626864035086
3 0.7978769731902275 0.6794676084317414 0.8041450778508761 0.6781901370613947 0.8047420390303159 0.6811188045207972 0.7984739344879017 0.6823962754955031
3 0.7481865279019075 0.6329435680482682 0.7514318610593591 0.638455467221224 0.7488411865705302 0.6399806322159743 0.7455958552631046 0.6344687346491108
3 0.8067357500643766 0.6614133163189511 0.8074744772554823 0.6641735332040907 0.8017749950113284 0.6656986998884258 0.8010362697368691 0.6629384846491542
3 0.8077720198144789 0.6644636464122161 0.8084761204014512 0.6670944780047087 0.802776637129341 0.6686196458064272 0.8020725383771605 0.6659888157894198
3 0.8084156343851419 0.6669508697132244 0.809326424342089 0.6690391458332955 0.8045377316292388 0.6711274208416691 0.8036269429824188 0.6690391458332965
3 0.8005181366884244 0.6919166227909073 0.7956154168214198 0.6949142141098221 0.7940610127585614 0.6923722723950699 0.7989637302631536 0.6893746820175319
3 0.794300518640398 0.6924250131579089 0.7926700694187048 0.6899328129168636 0.7973332821093209 0.6868824844766159 0.7989637310752187 0.6893746832587146
3 0.7983770017173129 0.7036768623901587 0.794818652412232 0.7000508388157705 0.7966370245500229 0.6982666719511378 0.8001953729132083 0.7018926945390782
3 0.7973834662191166 0.698491841087559 0.7999999999999545 0.6964921195175472 0.8031346664653256 0.7005930611640252 0.8005181336485521 0.7025927816340751
3 0.8062176191326671 0.6985256712724034 0.8034997609746597 0.7003720406824632 0.8003909522634558 0.6957965459571546 0.8031088081139615 0.693950177631602
3 0.8082901580557973 0.6970005069728368 0.8059189246922642 0.698812760092171 0.8025906732456178 0.6944585668859753 0.8049619047772012 0.6926463148189087
3 0.8073287515468337 0.690844753451159 0.810605409960317 0.6952967316664321 0.8082901557017976 0.6970005087719573 0.8050134987829551 0.6925485319091166
3 0.807253885964883 0.6914082357455931 0.8094790575449906 0.6894646669311352 0.8129533684210628 0.6934417894736673 0.8107281978590208 0.6953853572056433
3 0.8062176162280821 0.6847991864035112 0.8082329671045727 0.6832018714115823 0.8119170986842619 0.6878495175438354 0.8099017486931643 0.6894468315454698
3 0.7109158525555586 0.41930588625621634 0.7129533684210401 0.41992882565790196 0.7113639401129603 0.42512726045586635 0.70932642434218 0.4245043212719463
3 0.6886010361841954 0.4117946107456187 0.6884324166893521 0.409732476117594 0.6946500323498412 0.40922409075711175 0.6948186525752362 0.4112862245807168
3 0.5979274608214382 0.2948652768728927 0.5979274616228167 0.29994916124131793 0.5953367872807576 0.2999491611842399 0.5953367870760076 0.2948652774122362
3 0.597927461622807 0.29537366557017547 0.6010362697368421 0.29537366557017547 0.6010362697368421 0.3009659375 0.597927461622807 0.3009659375
3 0.6010362697368237 0.3009659375000129 0.6010362708504999 0.2958820529260401 0.6041450782461197 0.2958820537281126 0.6041450778508306 0.30096593758397766
3 0.6041450778508772 0.29588205372807014 0.6072538859649124 0.29588205372807014 0.6072538859649124 0.30147432675438596 0.6041450778508772 0.30147432675438596
3 0.6072538859649124 0.29588205372807014 0.6098445592105263 0.29588205372807014 0.6098445592105263 0.30147432675438596 0.6072538859649124 0.30147432675438596
3 0.6098445592105263 0.29689883114035087 0.6129533684210526 0.29689883114035087 0.6129533684210526 0.3019827149122807 0.6098445592105263 0.3019827149122807
3 0.6317703658984328 0.29439405333106167 0.6310880833333385 0.29740721929821 0.6241881827741054 0.29584488869366304 0.6248704660088151 0.29283172368419863
3 0.7108808289474382 0.2984239956140008 0.7120843522312725 0.29572556001145806 0.718134714912253 0.2984239956140378 0.7169311925852071 0.3011224304040435
3 0.7196891200733262 0.28673106004563015 0.7190910703604914 0.2893722298548037 0.7123553181503439 0.28784706594113785 0.7129533684210401 0.2852058969297779
3 0.7160621772374043 0.279613625119291 0.7099349866765579 0.27857287364379707 0.7104531224122184 0.27552254252039243 0.7165803114033906 0.27656329385964146
3 0.5839640635821297 0.28294062346800064 0.5860103629386231 0.28317234320175627 0.5854659879446444 0.2879795585007963 0.5834196885964502 0.28774783881578425
3 0.6777202072368421 0.19115404166666666 0.6803108804824561 0.19115404166666666 0.6803108804824561 0.19674631469298245 0.6777202072368421 0.19674631469298245
3 0.6569948192923221 0.19115404172596243 0.6539777916286766 0.1903154508388613 0.6555321958711602 0.1847231789890852 0.6585492225876806 0.18556176973683053
3 0.6606217619751078 0.17488561293126875 0.6637511749893292 0.17515139436976696 0.6632330402015896 0.18125205442067657 0.6601036271929388 0.18098627302631157
3 0.6440414506579373 0.17895272039470247 0.6429284445072199 0.17623032120428397 0.6491460608521038 0.17368837943420182 0.6502590671806274 0.17641077813304265
3 0.6487046637680578 0.17081850548245614 0.6424870471490749 0.17081850548245614 0.6424870475739226 0.16827656359649118 0.6487046633772025 0.16827656359649118
3 0.6440414506579373 0.16370106798242182 0.6449591427508494 0.15808940374970698 0.6480679503656575 0.15859779241075248 0.6471502587606892 0.16420945620916685
3 0.7077720204421212 0.13167259685686136 0.7089641435901513 0.1339000420908184 0.7032646611822884 0.13695037366753665 0.7020725383772515 0.1347229287280606
3 0.6549261301659044 0.14792213613493393 0.6575129528508796 0.14844941557018085 0.6564560144728375 0.1536346990639212 0.653869191806848 0.15310741969273875
3 0.6533557510243782 0.15309034602263696 0.6502590668860648 0.15251652302632362 0.6513125367962402 0.14683142558718354 0.6544092201373815 0.14740524850771605
3 0.6455958552631579 0.1459074736842105 0.648704663377193 0.1459074736842105 0.648704663377193 0.15099135745614034 0.6455958552631579 0.15099135745614034
3 0.6580310877193369 0.14285714254387996 0.6557901956931573 0.14103007124799485 0.6601036271929388 0.13573970504382715 0.6623445188103005 0.13756677607511336
3 0.6559978946697811 0.13468432289808022 0.6580310877192233 0.13675648245610836 0.6538860100970396 0.14082358904881082 0.6518528173020286 0.13875142974324428
3 0.6533678756203471 0.13319776255125992 0.6551457096925333 0.13546264549484843 0.6499643622443045 0.13952975324788755 0.6481865285087451 0.13726487061402184
3 0.6469622210458965 0.13793469684425222 0.6450777203947382 0.13573970504389893 0.6494108362850284 0.1320195480981842 0.6512953367659975 0.1342145396404961
3 0.6434379730076216 0.12422021027939043 0.6461139901315391 0.12353838377192898 0.6477537373083351 0.12997399489749634 0.6450777202167046 0.1306558213173047
3 0.6487046633907312 0.13065582129957704 0.6462923112416092 0.1257386478436906 0.6494011192787639 0.12421348257669103 0.6518134714912094 0.12913065570174317
3 0.6549222800533698 0.12913065544805405 0.6525245754828575 0.13048824369225004 0.6497409331140034 0.12557193749999124 0.6521386372668303 0.12421434940433793
3 0.6564766842681138 0.1321809858434914 0.6533649968750979 0.12689544118679671 0.655955670070739 0.12537027692662633 0.6590673574561379 0.13065582127195613
3 0.6626943008776607 0.13167259738886064 0.6599236752226716 0.13292758690417214 0.6575129528508796 0.12760549013156205 0.6602835779541465 0.1263505007612959
3 0.6611398958333439 0.12862226754385625 0.6636078393138405 0.12736464563845076 0.6658031091773182 0.13167259726937183 0.6633351657774256 0.13293021905424893
3 0.6659914335409667 0.12429314812327101 0.6610039312720346 0.12810546692589403 0.6590673574562516 0.12557193749996995 0.6640548593228459 0.12175961892846898
3 0.656189700421919 0.12575966122249072 0.654404144736759 0.12302999451756476 0.6593543403420199 0.11979194017263545 0.6611398959744292 0.12252160657538272
3 0.6547331589640635 0.11871180100539161 0.6564766842105882 0.12099644078950868 0.6514844580691488 0.12480624587774312 0.6497409331140034 0.12252160635966378
3 0.6761658023604014 0.19623792536322035 0.6789642051986675 0.1970157475662039 0.6774098019063786 0.20260802053074356 0.6746113991227958 0.2018301984649013
3 0.6715025910087888 0.2008134210526548 0.6730547528363786 0.19606772913097442 0.6761635603522791 0.1970845071509966 0.6746113990780032 0.20183019860197274
3 0.6683937828947819 0.2003050328947115 0.6702463628333817 0.19464082054029916 0.6733551702529894 0.19565759862553322 0.6715025909714996 0.20132181042085126
3 0.6269430063778145 0.26537874799109334 0.6246556460170041 0.2677099108364052 0.6210287025954813 0.2641511930693716 0.6233160624999527 0.2618200307017772
3 0.5875647663430072 0.2831723431899351 0.5901794821539852 0.28346842950579193 0.5896373059210873 0.28825622807017454 0.5870225901204549 0.2879601418163987
3 0.5896373059210873 0.28876461622806215 0.5896373069894025 0.2836807323251541 0.5927461144143535 0.2836807331120168 0.5927461140350943 0.2887646163257749
3 0.5953105474915219 0.2889963358803925 0.5921842567720432 0.28864231960597525 0.5927461140350943 0.2836807324561458 0.5958724034060197 0.28403474865347017
3 0.598963729131583 0.28368073169419694 0.5989637302631081 0.2897813926097915 0.5958549221491012 0.28978139254380747 0.5958549218458984 0.2836807324561404
3 0.5994818650157185 0.2831723431899472 0.6020971878913315 0.2834388826839275 0.601554404605281 0.28876461622807187 0.598939081739104 0.2884980767962399
3 0.6020725383772287 0.2882562280701582 0.6030716456754135 0.2831650505163259 0.6056623193383075 0.2836734393208149 0.6046632127073508 0.28876461628906747
3 0.6051813475877452 0.28978139254987856 0.6051813485754565 0.2841891204887456 0.6077720211877704 0.2841891211160272 0.6077720208332948 0.28978139254382335
3 0.5906735756578883 0.27554651754385273 0.5898772210034622 0.2725706367065988 0.5958549221491012 0.27097102192982253 0.5966512772857868 0.2739469020006385
3 0.6062176162280366 0.27097102192985395 0.6054277196378735 0.2683546968145883 0.6121634718239193 0.26632114523508976 0.6129533688424544 0.26893746959702025
3 0.6248704670751977 0.2679206907990862 0.6225831064308522 0.27025185275002567 0.618134714912344 0.26588713815787085 0.6204220749928027 0.26355597679738
3 0.6290155448697305 0.26232841753602487 0.6270268160770911 0.2649343203922114 0.6222797927631518 0.26131164254389716 0.6242685212882861 0.2587057403078205
3 0.667416405524591 0.19472431742031482 0.6663212434210664 0.20030503289469276 0.6631355820575209 0.19967988430963748 0.6642307445675897 0.19409916937936605
3 0.6336787576635743 0.26029486388802664 0.6317759822995868 0.2624764804067378 0.626943005482417 0.2582613114035167 0.6288457804643031 0.2560796954370584
3 0.6352331610379451 0.2572445338425213 0.6334896185752541 0.2595291615313117 0.6284974089912794 0.255719369517571 0.6302409512119311 0.253434742389406
3 0.6326424865731042 0.25063548552628334 0.6373732849169755 0.25449260306091387 0.6353007463650329 0.25703454467718195 0.6305699484648812 0.253177427631594
3 0.6388601054800347 0.25317742656077247 0.6363079641791956 0.2552582420724093 0.6321243519737436 0.25012709758771406 0.6346764924588797 0.24804628260381326
3 0.5948186535281366 0.22724961751131287 0.5928267411205752 0.2288736720423958 0.5886816638161463 0.2237897888140393 0.5906735756578883 0.222165734649124
3 0.59274611494493 0.22877478306398655 0.5907129116895931 0.23084693280981586 0.5865284978070804 0.22674123026315338 0.5885617006604207 0.22466908093836577
3 0.6538860097098222 0.19064565347643747 0.6565723271315846 0.19119321016562507 0.6555360586247616 0.19627709388615436 0.6528497412280103 0.1957295372806908
3 0.6564766839686627 0.1916624297506135 0.6591301820940316 0.19247373093721185 0.6575757776749924 0.19755761575175904 0.65492227960533 0.19674631469298567
3 0.6598536560137518 0.19831494673583822 0.6575129528508796 0.19725470285090044 0.6598354630826861 0.19212735168722023 0.6621761655701448 0.19318759539471417
3 0.6601036271929388 0.19827147916670507 0.6619562067057814 0.19260726667420433 0.6650650141351662 0.19362404474468484 0.6632124352726123 0.19928825668418174
3 0.17875647685764307 0.03406202294053893 0.17875647697371733 0.03914590789695555 0.1756476688595967 0.03914590789477763 0.17564766883174343 0.03406202302628324