3 0.9136760187496975 0.9804797052442802 0.9103266391763327 0.9821419807613387 0.9065916373166374 0.9746183743134482 0.909941009868362 0.9729561008772027
3 0.360808330482314 0.3058967655815163 0.35663507164463226 0.30751286699257785 0.35562695814212475 0.3049096878241865 0.3598002160088072 0.3032935866228008
3 0.3300438594527577 0.06887789224738257 0.3316842329535348 0.07135404492422487 0.3262068472897681 0.07498263517021762 0.3245664739898757 0.07250648267135629
3 0.31907894759785904 0.08333333333333333 0.31514944073830975 0.08333333333333333 0.3151494409926272 0.07839605701754386 0.319078947368439 0.07839605701754386
3 0.337495407598567 0.09350910504029714 0.3406816982460441 0.09590683736309567 0.3363715467748989 0.10163448044106421 0.333185256348429 0.09923674837363658
3 0.3311756115828075 0.09982437596413417 0.33408927691220924 0.1013114226918068 0.33070639999539253 0.10793968701548214 0.32779273478297455 0.10645264046315596
3 0.36295410905222525 0.06999046320065543 0.3654896543016548 0.0721966230122494 0.3609023044641617 0.07746886734002696 0.35836675937719065 0.07526270770134161
3 0.35083830335474886 0.0816310226829045 0.35357082369546333 0.08414461426217598 0.34786959615041724 0.09034239298987615 0.3451370760761847 0.0878288016876315
3 0.34320175414006826 0.0894362530545212 0.3455711767358025 0.09170014184720296 0.3407923362198062 0.096701740056598 0.3384229138415549 0.09443785148644283
3 0.3389084669370277 0.05308705804348982 0.34191876475404115 0.05434897266407879 0.33873582133242053 0.06194187782562887 0.3357255235672483 0.06067996329631046
3 0.3451070238994589 0.04632129806688969 0.34768650163266557 0.04838580713578723 0.3422432061972813 0.055186866202901134 0.3396637285887891 0.053122357273159976
3 0.3695340546374837 0.08911083816050766 0.37221213228065153 0.08813405860255552 0.3751009666968912 0.09605447735784706 0.3724228891126131 0.09703125679958133
3 0.3749955665249445 0.08367637518608693 0.37797338496784505 0.08258515478819085 0.3813460629368137 0.09178879481718154 0.37836824456667273 0.09288001507193229
3 0.35600515085741335 0.10520444155566024 0.3586253023639756 0.10338360140850025 0.3645076755234413 0.11184818552964304 0.3618875242738113 0.11366902536610216
3 0.34890156234519054 0.20386225931351018 0.34652172038045137 0.20479414118806927 0.3433152534787496 0.1966055581585603 0.34569509429820755 0.1956736765350919
3 0.3618421060178889 0.2642543859649123 0.35711470440969606 0.2642543859649123 0.35711470517867383 0.26022257894736844 0.361842105263122 0.26022257894736844
3 0.3344298254686464 0.2675438596491228 0.3285398709352876 0.2675438596491228 0.3285398723397748 0.2627004364035087 0.33442982456131176 0.2627004364035087
3 0.3256578952302789 0.26754385964912286 0.32098712472941315 0.26754385964912286 0.3209871252323637 0.26491687390350876 0.325657894736878 0.26491687390350876
3 0.350182226618017 0.275095877219899 0.355263157894683 0.27426087280701983 0.35605657028065707 0.2790886077730211 0.35097563904594153 0.2799236120133316
3 0.37828947417574454 0.2598684210526316 0.37456045614032973 0.2598684210526316 0.3745604566940983 0.25630292543859645 0.37828947368416266 0.25630292543859645
3 0.361842104504035 0.27663677374615203 0.36341433548363966 0.27968794259989493 0.35686187036151296 0.2830642676906566 0.3552896405018373 0.28001309979589734
3 0.3521271117812148 0.28571669235033503 0.35085964761481137 0.2823280470289049 0.35616227004891243 0.28034474088905753 0.357429734572861 0.28373338538520554
3 0.3629189586049506 0.28148560451315857 0.364592199216645 0.28561387403850513 0.35925562203885875 0.2877768026296061 0.3575823826431588 0.2836485341349766
3 0.3706140351907834 0.2913017807017544 0.36997196470963445 0.2913017807017544 0.3699719649157487 0.28580688157894735 0.3706140350877831 0.28580688157894735
3 0.357831358744761 0.2923408261779333 0.361842105263122 0.2922928870614038 0.3618999288737541 0.2971304757579739 0.3578891823556205 0.2971784148640849
3 0.3724133612915921 0.3026315791328461 0.3724133618725318 0.2953120654784275 0.3739035088561877 0.29531206578962577 0.3739035087719458 0.30263157894741743
3 0.36146492581565326 0.3072015353137829 0.35999442651029767 0.30360345884122264 0.3658875176494121 0.30119507662846184 0.36735801733993867 0.30479315204101415
3 0.3121997017543663 0.06359649128108803 0.31219970215192916 0.05333185728221197 0.3146929826258429 0.053331857456186786 0.31469298245610844 0.06359649122804072
3 0.31481877390206137 0.049968708391975133 0.31760568486868124 0.04976711977140001 0.31836607211050705 0.06027926904076846 0.31557916114570617 0.060480857643492474
3 0.31841812845618733 0.033018473038169655 0.32118834136701935 0.03243966050418711 0.3228654458825986 0.04046632631255953 0.32009523297972464 0.041045138819933207
3 0.27533355556602146 0.2371703083019499 0.2784114616227953 0.23739352302631245 0.2779581396038111 0.24364426730471445 0.2748802335527216 0.2434210526315818
3 0.31907894828202643 0.6589912280701754 0.31627040048340405 0.6589912280701754 0.3162704021733589 0.6543633015350877 0.319078947368439 0.6543633015350877
3 0.26096491228070173 0.6739042028508773 0.26535087719298245 0.6739042028508773 0.26535087719298245 0.6776315789473685 0.26096491228070173 0.6776315789473685
3 0.24244511357892407 0.6726911226762221 0.2484182002875741 0.6744036386238328 0.24733060513358396 0.6781965358104284 0.24135751870960576 0.6764840205578598
3 0.2353209846014579 0.6250000003974512 0.23532098606744967 0.6158321938357164 0.2368421054106875 0.6158321947581675 0.236842105263122 0.6250000000000324
3 0.24914112231988383 0.6326318065509622 0.2464738115071441 0.633121594371772 0.2448502807017121 0.6242811425438667 0.24751758703428095 0.623791355145077
3 0.2270628857141901 0.5651996110736418 0.22963115791662858 0.5660072564066099 0.2266868618069111 0.575369048153495 0.22411858991233657 0.5745614035087815
3 0.2839912283908461 0.5822368421052632 0.2815407321620569 0.5822368421052632 0.2815407324892476 0.5807444835526316 0.28399122807013555 0.5807444835526316
3 0.2619347731299513 0.5416259635629791 0.26496614473683167 0.542030901315795 0.2634958550851252 0.5530365163250972 0.2604644835527097 0.5526315789473725
3 0.22807017664274554 0.5603070175438597 0.22623021690799305 0.5603070175438597 0.22623021822266765 0.5522290877192982 0.22807017543857455 0.5522290877192982
3 0.22853797475352167 0.550729545375996 0.2256590444306994 0.5499089598961608 0.22812231469299604 0.5412676535087781 0.23100124095697083 0.5420882383738254
3 0.23574561380655723 0.19209026284355415 0.2364258855322987 0.19628889260529167 0.22938582137021513 0.19742952577518447 0.22870555064298514 0.1932308969034409
3 0.2808640589496463 0.2543027453220981 0.27839986989795307 0.25556622669919354 0.2743530272476846 0.2476737517806179 0.2768172149122847 0.24641027083332656
3 0.3206777161642549 0.04350382877396419 0.3233524008725226 0.043395135927974775 0.3236828295620171 0.05152623207808776 0.32100814485420415 0.05163492491768167
3 0.2806306740950504 0.2644509610361285 0.2782012434209946 0.2642543859649117 0.2788032868478467 0.25681402103223777 0.28123271608581035 0.2570105960449838
3 0.302631579555964 0.28618421052631576 0.2974971333014764 0.28618421052631576 0.2974971339486956 0.2833669440789473 0.30263157894728465 0.2833669440789473
3 0.31423830468406777 0.28616894782188024 0.31681022573195605 0.2866752842627085 0.3151328599313956 0.2951951964336631 0.31256093893966863 0.29468886018749535
3 0.32196918842169 0.28561563089007885 0.3244965081941018 0.2869851551905529 0.3206232503492856 0.2941326817038668 0.31809593092100386 0.2927631578947166
3 0.292707879220643 0.32828960871856283 0.2900534896729141 0.32931522681288367 0.2868772310918075 0.3210950534402167 0.28953161856634324 0.3200694357923494
3 0.29057017593709134 0.3397113497807018 0.28908367011320024 0.3397113497807018 0.2890836711102338 0.3298023092105263 0.29057017543857455 0.3298023092105263
3 0.27280195693242604 0.11046830149381628 0.27520286760807267 0.11343588039233374 0.26959982444805064 0.11796898691808519 0.26719891417303643 0.11500140839128817
3 0.27916664100189337 0.1047732944923352 0.28223739822385596 0.10797045666365733 0.2767864233662749 0.11320589903699602 0.27371566655074275 0.11000873726621169
3 0.31068850547717375 0.05466268055228554 0.30823402765156516 0.055704215348456834 0.3048155235678678 0.04764818494332016 0.30727000109652636 0.04660665021930118
3 0.31100753639896084 0.04299320679704862 0.3139273076922109 0.04339872455643041 0.31274095220896925 0.05194060545344471 0.3098211809210625 0.051535087719297434
3 0.31318980263154117 0.04934210528537318 0.3131898028835849 0.041118916607424914 0.31578947378886824 0.04111891673184618 0.31578947368416266 0.04934210526320903
3 0.35478698135966624 0.3114035087719513 0.3547869834804942 0.3074358208248841 0.36184210589419763 0.3074358239060175 0.3618421050930465 0.3114035105349078
3 0.3624015109649008 0.30811403508767027 0.3624015115326529 0.3064807729942382 0.3673245615949554 0.3064807743249288 0.3673245614035068 0.3081140360420257
3 0.9247522738236285 0.9160669121808969 0.927912759065407 0.9179196455333766 0.9225213047035368 0.9271142781556478 0.9193608215127824 0.9252615475758368
3 0.36732456207403175 0.31359649122807015 0.36218096271932154 0.31359649122807015 0.36218096339212025 0.310850528508772 0.3673245614035068 0.310850528508772
3 0.3955119682017312 0.6403508771929395 0.3955119700622163 0.6376698408652864 0.40021929887757324 0.6376698437462175 0.4002192982455881 0.6403508788451941
3 0.4045756487927292 0.6455608125677029 0.40674112657859496 0.648866314454204 0.40125830559452424 0.6524577190125506 0.3990928302341672 0.6491522192669591
3 0.40350877377989036 0.6458333333333333 0.3970985833333316 0.6458333333333333 0.39709858527544384 0.6428196107456141 0.40350877192986445 0.6428196107456141
3 0.4077083024391186 0.6584345142841707 0.40588665059226514 0.6557605114949593 0.4111842090195523 0.65215204713028 0.413005860457929 0.6548260482077871
3 0.4175028793860065 0.6567982456960374 0.4175028796623792 0.6499255142364119 0.4177631579931358 0.6499255143322997 0.417763157894683 0.656798245614062
3 0.4188596495484944 0.6447368421052632 0.4175183859649678 0.6447368421052632 0.41751838681636855 0.6398768245614034 0.4188596491228509 0.6398768245614034
3 0.42132599547767313 0.6330422031719185 0.41856579057014187 0.6326754385964869 0.41983130082644493 0.623152604874357 0.4225915007295953 0.6235193691130094
3 0.4265350863850017 0.6192744041826399 0.42831808684002226 0.6227697352301657 0.42250876884440913 0.6257327687600366 0.42072577091619223 0.6222374398740147
3 0.42543859771399184 0.6293859649122807 0.4218090868452009 0.6293859649122807 0.4218090887271728 0.6249147280701756 0.4254385964911762 0.6249147280701756
3 0.4266592532943605 0.6285782549452185 0.4294862159766808 0.6306889414512294 0.42523538004445527 0.636381633329266 0.42240841861030276 0.6342709482676633
3 0.4265350857616568 0.634586872155928 0.4288284541946723 0.6379186947595051 0.42334240611728546 0.6416943935763731 0.42104904010329847 0.6383625731293842
3 0.4259920874528689 0.6409915023235765 0.4284603460237122 0.6434932634764282 0.42318221653238197 0.648700049095506 0.420713959793261 0.6461982897639852
3 0.42501054716206 0.6466198244666557 0.4276022776281252 0.6493396036912992 0.4224925223251148 0.6542081592060712 0.41990079379763756 0.6514883818829454
3 0.42434210627936864 0.6567982456140351 0.42050357086827717 0.6567982456140351 0.42050357191430976 0.6541090208333333 0.424342105263122 0.6541090208333333
3 0.42731549785276 0.5607475079131738 0.4296006251883 0.5639951704380615 0.4229781729924298 0.5686544189821303 0.42069304818221553 0.5654067587189452
3 0.36698884320173875 0.5515350877192521 0.3669888453794101 0.5485754242441184 0.3728070182785359 0.54857542792445 0.37280701754389156 0.5515350899564079
3 0.4240054944259555 0.4319533947291428 0.42906643354092466 0.43237885718309144 0.42870479661633 0.43668033525422 0.42364385751648115 0.4362548729218115
3 0.3996242737897546 0.4099230312999344 0.40085221381582414 0.4062611918859232 0.40669556431862475 0.40822056737630885 0.4054676259479493 0.4118824053834156
3 0.41221116775523114 0.428431091528779 0.4147387748884057 0.4259047598978147 0.41875873812523423 0.42992652806047926 0.416231131931454 0.4324528587519966
0 0.40155403455173655 0.28150308011483316 0.4040276329524204 0.2847184725275626 0.3965904620031324 0.29043973704470344 0.3941168650393365 0.28722434594674434
0 0.40318831317404147 0.2869602945547863 0.40534397017984247 0.2906421123041069 0.39695897616877573 0.29555128943281767 0.3948033209936739 0.29186947327194424
0 0.43056698245618463 0.2872807019262995 0.43056698331372445 0.2788207542345204 0.43201754418828386 0.27882075459133404 0.4320175438596152 0.28728070175442755
3 0.4020843648416985 0.2328140127820868 0.404711379385958 0.23168051644735274 0.40796153680446423 0.23921302160479138 0.40533452245597346 0.24034651760478082
3 0.4177631583169159 0.23355263157894735 0.41571033290711057 0.23355263157894735 0.41571033333468677 0.22765979057017544 0.4177631578947967 0.22765979057017544
3 0.41904575738828953 0.22669693005068128 0.42183816337717417 0.2262106798245574 0.42327350448999823 0.23445333082617337 0.42048109853783444 0.23493958090951342
3 0.4044966834277375 0.6443336523078148 0.40699047799193977 0.6427780578913416 0.4108927980526005 0.649033125701863 0.40839900436105836 0.6505887189885008
3 0.4116361251855096 0.6405247762827349 0.4098777238484672 0.6428176885128734 0.4048613032331332 0.638971146561703 0.4066197039473991 0.6366782357455958
3 0.4008995331918186 0.6324252680613862 0.403349162112022 0.6306794626768539 0.4084004582662146 0.6377663261148523 0.40595083058178716 0.6395121300291076
3 0.4007890840359778 0.6110811949284454 0.40329602555459587 0.6088413955443289 0.40922896118479457 0.6154811964230305 0.4067220214369627 0.6177209939438062
3 0.3557497320857692 0.31304191839078555 0.3607378560801635 0.31105482433409165 0.3623340042029213 0.31506145260489266 0.3573458804327174 0.31704854625185874
3 0.36622807077174 0.3190789473684211 0.3624312539808443 0.3190789473684211 0.36243125466194215 0.3156028958333334 0.36622807017545256 0.3156028958333334
3 0.367687780599681 0.3228895103882687 0.3704361340644482 0.3267259342610577 0.3646148789169956 0.33089605216194073 0.36186652696937927 0.3270596296567035
3 0.3811329183686212 0.325881205419909 0.37910883121730876 0.3288733705006391 0.3720547260159037 0.3241016850540771 0.37407881288379485 0.3211095212293302
3 0.3749352360445073 0.33347272028198705 0.37795471416882265 0.3314703013009825 0.3812702609340022 0.33646969497951873 0.37825078330251927 0.3384721133475493
3 0.362932720339586 0.3756772626344272 0.3654578287391814 0.3768250789950666 0.3623852835881962 0.3835841473712091 0.3598601754893025 0.3824363315033971
3 0.34454848611756006 0.3936403507692305 0.3445484879385958 0.38950880921055187 0.34978070228589786 0.3895088113756694 0.3497807017544119 0.39364035164461275
3 0.37280701898544066 0.618421052631579 0.3694298591219649 0.618421052631579 0.3694298607640576 0.6135617379385965 0.37280701754389156 0.6135617379385965
3 0.35307017591196654 0.6359649122807017 0.35079384618393306 0.6359649122807017 0.35079384669018054 0.633740177631579 0.35307017543857455 0.633740177631579
3 0.33473104676238563 0.6334671707365841 0.3369759951152673 0.6373234175601836 0.33089464547401803 0.6408632881100282 0.3286497001547559 0.6370070439193753
3 0.4109366126652958 0.6095608584539662 0.4085839124178392 0.6109936726603522 0.4043795118861908 0.6040907637929065 0.40673220942983335 0.6026579506579018
3 0.40583187407571586 0.6181459087296461 0.403792238813935 0.6204266932044643 0.39862264106579914 0.6158042161013261 0.4006622752193607 0.613523433114006
3 0.41463475481145906 0.6392752534639553 0.41230459207633885 0.641268299093094 0.40691400290302226 0.6349666876633233 0.40924416337713865 0.6329736436403582
3 0.4028067225274299 0.6239165075415315 0.3996921881536082 0.626179905028705 0.3953645793757232 0.6202256250738295 0.3984791107455976 0.6179622291666831
3 0.4017573496307705 0.6265856406181226 0.39990770504175543 0.6299532812886175 0.3941425405857899 0.6267871966685018 0.39599218530702274 0.6234195581140011
3 0.39361108171988235 0.6319544095992626 0.3951804627192814 0.6289616995613533 0.3993910489832615 0.6311694686178948 0.3978216695809351 0.6341621772867369
3 0.4113092140559047 0.6095018655272971 0.4138922550409916 0.6092344814171795 0.4148279619163304 0.6182727619196664 0.4122449209663728 0.6185401458024756
3 0.40908030396519734 0.5989328712325318 0.41176917398331625 0.5985336678219871 0.41275785991410885 0.6051923165913483 0.4100689899501049 0.6055915197554446
3 0.41359712123005465 0.6236171969456841 0.41152860780618994 0.6257900199088292 0.4063795558539596 0.6208887326822944 0.40844806798247646 0.6187159111842228
3 0.4077666789992236 0.6137478274887187 0.41031232401030593 0.6122443049347971 0.41476644365036464 0.6197847950459765 0.4122207995590088 0.6212883163624384
3 0.4078947383391096 0.6300935197368422 0.4045902830541763 0.6300935197368422 0.4045902866533879 0.6212964758771929 0.40789473640415963 0.6212964758771929
3 0.41002885873786 0.6327867067500847 0.40757098619565113 0.6351204392656478 0.4021180483222224 0.6293781342475092 0.4045759188596776 0.6270444035087744
3 0.4193978872987145 0.6270830332126011 0.4162881787851802 0.6277182725858825 0.41482866512558303 0.6205743052532664 0.4179383694648777 0.6199390663195866
3 0.4118129254385394 0.6337719300982132 0.41181292702481187 0.6267879988823806 0.4133771935197501 0.6267879996574327 0.4133771929824661 0.6337719298245402
3 0.269459708779209 0.6549775900489744 0.2701602206535654 0.6511557345053428 0.2748001877966999 0.6520060885198621 0.2740996779573379 0.6558279422684176
3 0.29495614197287523 0.6513157894736842 0.29054024275933443 0.6513157894736842 0.29054024463880523 0.6473109067982457 0.2949561403509051 0.6473109067982457
3 0.29495614238373946 0.6721491228070176 0.28990607769196686 0.6721491228070176 0.28990607978676053 0.668147677631579 0.29495614035079143 0.668147677631579
3 0.3239798064913657 0.7160087724205638 0.3239798083234291 0.7079355757755975 0.3256578950996527 0.7079355767543343 0.325657894736878 0.7160087719298608
0 0.8120989870996027 0.6614570254553737 0.8151624641387798 0.6634342334778731 0.8104063480412833 0.6708023410693715 0.8073428723909046 0.6688251348061396
0 0.8826754393180636 0.07127192982456142 0.8689691969547084 0.07127192982456142 0.8689691976931044 0.06622591557017543 0.8826754385964932 0.06622591557017543
0 0.8958685348441122 0.5690795760470094 0.8991529068338195 0.5663495508932338 0.9050608148573929 0.5734563889875836 0.9017764448824437 0.576186411945155
0 0.9837377643221998 0.37655406489069 0.9864556985467061 0.37770352522906875 0.9822799534555315 0.38757676485251774 0.979562019644618 0.3864273052314291
3 0.030190384725074182 0.10220997168210746 0.027810249628828387 0.10295360858357964 0.024805168199122818 0.09333536705326999 0.027185302631551167 0.0925917302631497
3 0.031145880617941657 0.14802671466031206 0.03409459781937585 0.14847107069351437 0.032772765426443584 0.15724260155573203 0.02982404824558671 0.15679824561402989
3 0.008771930185389465 0.15460526315789477 0.006893363619155934 0.15460526315789477 0.006893364041843597 0.14548139254385964 0.008771929824547442 0.14548139254385964
3 0.008925217105229422 0.22478070184532398 0.008925217861133206 0.21798690445157864 0.010964912569306762 0.21798690482757202 0.01096491228065588 0.2247807017543325
3 0.09768433672161336 0.2127141324664826 0.09478756962141688 0.21286901197407446 0.09441957518220079 0.2059863575435885 0.09731634100876363 0.20583147807017735
3 0.061403509342994766 0.2828947368421053 0.05453082117503527 0.2828947368421053 0.054530822529841316 0.27902198135964906 0.06140350841485542 0.27902198135964906
3 0.0378725480400135 0.3042201038193105 0.040547308525901826 0.30397088684351253 0.04143666376603505 0.31351575745494403 0.03876190329572182 0.31376497431846667
3 0.08333333194366332 0.3175094986873497 0.08583341774613018 0.3198709813216951 0.08063142922264888 0.3253781171093537 0.07813134427340174 0.32301663535059216
3 0.08223684328288527 0.2741228070175438 0.07655085913745552 0.2741228070175438 0.07655086040517745 0.268938322368421 0.08223684210531701 0.268938322368421
3 0.09320175496316097 0.2686403508771929 0.08938191636900683 0.2686403508771929 0.08938191700678999 0.264732399122807 0.09320175438597289 0.264732399122807
3 0.10416666748881198 0.2642543859649123 0.098426188596477 0.2642543859649123 0.09842618946254333 0.26057711184210525 0.10416666666662877 0.26057711184210525
3 0.0069213978346169824 0.35340131427444116 0.00990615454577437 0.354371082316832 0.007163576671132432 0.3628118728360554 0.0041788201755252885 0.36184210526317395
3 0.03957198903503922 0.3739035089440384 0.03957199046783444 0.36667401379612996 0.04166666724540846 0.3666740144774069 0.04166666666662877 0.37390350877187606
3 0.02718426267358609 0.39681441682091306 0.024384652285448283 0.3971864452314483 0.023345218201825446 0.3893647927631542 0.02614482598335144 0.3889927645279447
3 0.041441341617883154 0.4246722280203454 0.04429232168877206 0.4249637421921 0.04331804929029204 0.4344914976502594 0.040467069247256404 0.4341999836612532
3 0.07643851183934203 0.4138616218871479 0.07924542892988029 0.4158197739067541 0.07538566669268221 0.42135226369023226 0.07257875029938532 0.41939411251087344
3 0.07785087809395463 0.4264258223684211 0.07488878879746608 0.4264258223684211 0.0748887913669023 0.4170922916666667 0.077850877107835 0.4170922916666667
3 0.0828776495305874 0.42264350399569706 0.08558814131117742 0.4249008174460212 0.08054863851248228 0.43095171399288507 0.07783814779202203 0.4286944016982304
3 0.09022257786489263 0.4305069813540747 0.09247759912716447 0.4327822761841445 0.08649538363022202 0.4387108458033425 0.08424036364124277 0.4364355522419375
3 0.06741172697365982 0.45175438622712777 0.06741172943816309 0.44328631560092757 0.0701754394656291 0.44328631693372256 0.07017543859649322 0.4517543859649327
3 0.04123260723304156 0.452463469616926 0.0431114993018582 0.4590155258069206 0.04068154313654304 0.4597123039438695 0.03880265241230063 0.4531602489035164
0 0.7920076263707188 0.6557017541775212 0.7920076304824306 0.6518518059210886 0.7993421065626762 0.6518518125831765 0.799342105263122 0.6557017580271535
0 0.7561678815789037 0.6392543859648909 0.756167885416744 0.6348151533478533 0.7620614048074685 0.6348151582532202 0.7620614035087101 0.6392543883302323
0 0.8221128272252827 0.8294065737218673 0.8257821719427056 0.830499504817667 0.8230945399158145 0.8395208961703469 0.8194251957544338 0.8384279663825619
0 0.3495641842242776 0.2661783906052875 0.3476160798229557 0.26124681157448454 0.3550166063596407 0.2583234682017451 0.3569647113740757 0.263255045669662
0 0.10828226675369024 0.4617754253475522 0.106532861066853 0.4669556680173439 0.09673563079786618 0.46364728384489046 0.0984850383772482 0.4584670449561297
0 0.020026383771892142 0.5156751973684288 0.02368785697774456 0.514587821760446 0.027101762090410375 0.5260823733727424 0.02344028932270703 0.5271697479460918
0 0.08541345942978751 0.4945175438596816 0.08541346232084379 0.4907140963120766 0.09210526413858133 0.49071410088206513 0.09210526315780498 0.4945175465183712
0 0.0862172276210913 0.5116393794274381 0.08895763142311353 0.5126751789678913 0.08465332323703478 0.5240621143356634 0.08191291995615302 0.5230263157894789
0 0.2267700390208347 0.13103300514436708 0.2229374529413235 0.13443473809295858 0.21527581295708842 0.12580274094665864 0.21910839802637838 0.12240100877191296
0 0.29526394826496016 0.024725501124604275 0.29745392674021787 0.02237627719217419 0.30419370384015565 0.028659187665998665 0.3020037254549379 0.031008411509771162
0 0.3201754386633411 0.023026315789473683 0.31749104706329945 0.023026315789473686 0.31749104715902376 0.011797201754385964 0.3201754385964932 0.011797201754385964
0 0.2947369122788359 0.5175438596498679 0.2947369150083432 0.5079139762482547 0.2971491237195778 0.5079139780702127 0.29714912280701355 0.517543859649162
0 0.30454011579593043 0.6487658445693407 0.3103070175437779 0.6485944583333344 0.31045212879269 0.6534766147605919 0.30468522704859424 0.6536480009135529
0 0.34868421330190813 0.6326754385964911 0.3424135476258243 0.6326754385964911 0.3424135516526121 0.6270318914473683 0.348684210526244 0.6270318914473683
0 0.3649644385964166 0.35117654166666845 0.36727389406382827 0.35096366123524053 0.36836888558082137 0.36284233308905306 0.36605943013262277 0.3630552133823707
0 0.416666668125913 0.2521929824561404 0.4084243672388084 0.2521929824561404 0.4084243693424696 0.24652586293859652 0.41666666666674246 0.24652586293859652
0 0.8226780438010337 0.8250797836597865 0.8253035919817648 0.8278346134879243 0.8181595469292233 0.8346419628884535 0.8155340022520932 0.8318871364968479
0 0.41786637855477693 0.264729466000796 0.419695398980366 0.26957234190506046 0.4130568466417799 0.27207948309978863 0.4112278278755639 0.26723660860308207
0 0.433872690299836 0.26270686069066396 0.4368078206064183 0.26303622409113747 0.43564980572159584 0.27335567905020997 0.4327146754385467 0.2730263157894683
0 0.4835526314221852 0.05579402159924179 0.4854629723039352 0.05982349905554059 0.4793867646551462 0.06270417384354143 0.4774764240605691 0.05867469663192555
0 0.48020097074629575 0.6497583388730117 0.48336189466988344 0.6510740917896801 0.47835021843604864 0.663112408825961 0.4751892954865298 0.6617966576253277
0 0.5296052628117423 0.6687128528546563 0.5296052649332523 0.674342107714214 0.5202569579258807 0.6743421049927703 0.5202569611852823 0.6687128555189689
0 0.7182017577362103 0.7708333333333333 0.7108984875093256 0.7708333333333333 0.7108984910754543 0.7667911644736841 0.7182017543859729 0.7667911644736841
0 0.7182330549693461 0.7771095089057122 0.7215994946556066 0.778140101622939 0.7186170310213811 0.7878805298763195 0.71525059188059 0.7868499384106409
0 0.7127193005831032 0.7774122807017545 0.7068772182017256 0.7774122807017545 0.7068772211192709 0.7736048760964911 0.7127192982455881 0.7736048760964911
0 0.7258024692982872 0.08004385964911134 0.7258024697116525 0.07492891337374676 0.7302631580388379 0.07492891375252148 0.730263157894683 0.08004385975856121
0 0.8176574503163465 0.816339048589658 0.8200627167477705 0.8193668803140415 0.8113732128350648 0.8262682736348869 0.808967950955207 0.823240446112493
0 0.8142193009964558 0.8301528450093955 0.8116486773427596 0.8275324423436831 0.8187108741794873 0.8206058473859726 0.8212814947161178 0.8232262467854695
3 0.027515509438785557 0.46817378416484107 0.02494660726188158 0.4688698380024117 0.02291908836411949 0.46138743198201126 0.025487987870860707 0.4606913785263283
3 0.05984749295657821 0.48793859641427634 0.05984749451749849 0.4849421984648766 0.06469298294121018 0.48494220065137283 0.06469298245610844 0.48793859752504437
3 0.07785087859804207 0.4945175438596492 0.07278256902873181 0.4945175438596492 0.07278257056157145 0.49065654057017544 0.07785087719298645 0.49065654057017544
3 0.17434210676037765 0.6765350877192983 0.1693596180007262 0.6765350877192983 0.1693596196685121 0.6734461973684212 0.17434210526323568 0.6734461973684212
3 0.21271868219355383 0.5423680179129793 0.21558223043950875 0.543400695093997 0.21267148537378944 0.5514712729344284 0.20980793750004523 0.5504385964912324
3 0.20833333333333334 0.5339912280701754 0.21052631578947367 0.5339912280701754 0.21052631578947367 0.5427631578947368 0.20833333333333334 0.5427631578947368
3 0.20504385981018913 0.5482456140350878 0.20414718201755022 0.5482456140350878 0.20414718233951135 0.5450144517543861 0.20504385964920857 0.5450144517543861
3 0.21324678159828636 0.5413097061966423 0.21066565500257184 0.5405701752382814 0.21272993311401933 0.533366029605268 0.21531105673307138 0.5341055601108201
3 0.2012697872806939 0.5833333336589651 0.20126979046199267 0.5750199159275953 0.2039473696386267 0.5750199175650198 0.20394736842104066 0.5833333333333852
3 0.2050438597190123 0.581527207236842 0.20482248670293757 0.581527207236842 0.2048224868426587 0.5761504550438596 0.20504385964909488 0.5761504550438596
3 0.20956622379310375 0.577374263410207 0.21193624772058683 0.5782117522852462 0.20946100277808455 0.5852157697066772 0.20709097912288144 0.584378281382524
3 0.21052631583995662 0.5975877192982456 0.21025442763027513 0.5975877192982456 0.21025442772440783 0.5946635153508774 0.21052631578947967 0.5946635153508774
3 0.2034160756579695 0.5859901567982412 0.20604416100195522 0.5856761423112212 0.20719050759487345 0.5952692598864957 0.204562422299432 0.5955832741005538
3 0.1996718953623713 0.5856209699400206 0.2025560040659684 0.5849391595286325 0.20472527001732033 0.5941143478927333 0.2018411615123341 0.5947961577267228
3 0.20038761455100484 0.6442242981037591 0.19952457625663556 0.6481957855766263 0.19401437899364282 0.6469985225493414 0.19487741885961896 0.6430270372807055
3 0.17622621231987523 0.6791217103731244 0.17665842761323347 0.6831006391208351 0.171441344509617 0.6836672673713603 0.17100913158037656 0.6796883407899456
3 0.13184184410374655 0.45336443746453137 0.13452471911716657 0.4538535558819527 0.13377192982454744 0.45798243749999185 0.13108905484921252 0.4574933192250321
3 0.17214912352073952 0.6918859649122808 0.16922663925436154 0.6918859649122808 0.16922664048331626 0.6884477971491229 0.17214912263773385 0.6884477971491229
3 0.16757342348603288 0.6897858149999898 0.16587773759704305 0.6930417577313289 0.16075817314458618 0.6903758879043631 0.1624538592816407 0.6871199471489293
3 0.15316478602892403 0.6909277973292439 0.15481130448972635 0.6874341112667502 0.160125883953242 0.6899384244250717 0.15847936802845197 0.6934321083292535
3 0.1582260807822422 0.6955475349435557 0.15674606113282152 0.6997081022042191 0.15141547260486732 0.6978121546729484 0.15289549342105602 0.6936515899122596
3 0.2798785211431323 0.9857312124353967 0.27718033822532107 0.9858734155973303 0.2767444739675966 0.977605621845568 0.2794426502192664 0.9774634188596508
3 0.26351849781849523 0.9549005869999135 0.2661057168709249 0.9544554197868949 0.2673136558277065 0.9614737502983224 0.26472643689260167 0.9619189170486748
3 0.2613525307017426 0.9375000003862708 0.2613525321596626 0.9283988010047806 0.26206140404985945 0.9283988015351611 0.2620614035088238 0.9374999999999593
3 0.26616561605032985 0.895385415536093 0.26913103000970295 0.8968325248257242 0.2651658897746074 0.9049558794261143 0.2622004769737032 0.9035087719298388
3 0.30553874356655797 0.8229723049380824 0.3080029076683104 0.8254550765389881 0.30162664841179776 0.8317822253420248 0.2991624871293652 0.8292994565515899
0 0.2993421001591514 0.8114820965331967 0.3024606598198716 0.8134663084122675 0.2970346616555162 0.8219925431864762 0.2939161039458895 0.8200083338030789
3 0.3179824514892289 0.7694476329683971 0.320355840153411 0.7709767182468432 0.31532784757393983 0.7787795532728589 0.31295446022897977 0.7772504696682409
3 0.21489884320419606 0.5100852812845941 0.21522651711086382 0.5141892251339221 0.20924279246276 0.5146669474073733 0.20891512061405138 0.5105630054824677
3 0.13219971280477694 0.4495614034934924 0.13219971381579398 0.44691189144738147 0.13596491261068877 0.4469118927483475 0.13596491228065588 0.44956140411337775
3 0.037876560306926876 0.4959070416666782 0.040739016219163204 0.49506995420594463 0.042817556785507804 0.5021770742252092 0.03995510107006339 0.5030141612146942
3 0.030843593485087695 0.7080592928908234 0.03326388808795855 0.709287156141753 0.03034305389940073 0.7150436518656379 0.02792275986837467 0.7138157894736726
3 0.010708778509069816 0.5227785942549201 0.008088428690030014 0.5233403069534784 0.006077817982486522 0.5139617127192982 0.008698163959138583 0.5134000004473354
3 0.07459475672806093 0.5110092268729182 0.07744458192848924 0.5113123516619658 0.07618959980106865 0.5231100984931274 0.07333977464554664 0.5228069739875876
3 0.08270048893621151 0.5218564153675578 0.07940169277890163 0.5223787136812698 0.07771235036466351 0.5117098112558651 0.0810111410198715 0.5111875133857725
3 0.04057017537172669 0.5258717743610258 0.04119929150988355 0.5339421908203729 0.039302296830783234 0.5340900544744368 0.03867318201753278 0.5260196392543713
3 0.04609576713903607 0.5616131058805331 0.05108587198139958 0.5635971880903369 0.04931898257075318 0.5680406056418367 0.04432887817540632 0.5660565242484716
3 0.04166666664366403 0.5778508771196618 0.0416666671034136 0.5855263158948961 0.03916238601857458 0.5855263148536003 0.039162387260830656 0.5778508777798134
3 0.020833333309155933 0.5922192427330892 0.021099169200169854 0.5997713453870422 0.019617751507553294 0.5998234854095363 0.019351916666664692 0.592271383771874
3 0.039473686274732245 0.6260964912280702 0.033508975987274425 0.6260964912280702 0.0335089781373199 0.6223840131578948 0.03947368421052033 0.6223840131578948
3 0.032526500726135055 0.6254226834254201 0.03444557649129365 0.6292940200280054 0.026826603699419138 0.6330703914825974 0.024907531629537516 0.6291990580355736
3 0.03800971666998976 0.669252355520149 0.03516499709655818 0.6716722065592322 0.03065889141828393 0.6663756530533651 0.0335036085525644 0.6639558037280945
3 0.030400990069438194 0.7050438602369166 0.030400992324530307 0.69775555921055 0.032894737155402254 0.697755560563977 0.03289473684208133 0.7050438596490897
3 0.18092252471649317 0.022073901544375083 0.17851975153268995 0.023462106512998526 0.17345593307300078 0.014697402293405881 0.17585870614038868 0.013309197368429745
3 0.13193462390358945 0.44517543859647585 0.1319346259944041 0.4412050294302744 0.13706140422527824 0.441205031989688 0.1370614035087101 0.44517543978123447
3 0.18299536293864094 0.024122807026315876 0.18299536299014107 0.0165204309010104 0.1842105263386884 0.016520430920941156 0.18421052631583734 0.024122807017595234
3 0.18750000002364686 0.0348820504385965 0.18635448241195718 0.0348820504385965 0.18635448245902353 0.028267287280701752 0.1875 0.028267287280701752
3 0.19078947376601718 0.043859649122807015 0.1888890788726485 0.043859649122807015 0.18888907895654938 0.036799551535087724 0.19078947368427635 0.036799551535087724
3 0.19383522446401003 0.05824934301146466 0.19115721600871893 0.058114035087717106 0.19165196556662067 0.04832198827169521 0.19432997358876491 0.04845729618434502
3 0.20408065556171096 0.07804330783735276 0.20634076046906102 0.07722865771294277 0.20909077194858128 0.08485807067787876 0.2068306670827269 0.08567272072030369
3 0.20942982472638505 0.09539473684210528 0.2077158090503417 0.09539473684210528 0.20771580922439625 0.08833752850877194 0.20942982456131176 0.08833752850877194
3 0.20968488913263172 0.09748843511240364 0.2128301036832454 0.09696504230373355 0.21450790927633534 0.10704741642793848 0.2113626947460716 0.1075708091530044
3 0.14254385992467178 0.23684210526315785 0.1400271828355244 0.23684210526315785 0.14002718328163155 0.23284475438596489 0.14254385964909488 0.23284475438596489
3 0.14373882045811115 0.2840129711087378 0.14654691776308937 0.28295860087719893 0.14973792063665314 0.291456966092988 0.14692982355074946 0.2925113359057914
3 0.16409781431877946 0.33018371369479427 0.1620200091724655 0.33227499898004725 0.15536478243927831 0.32566288628060563 0.15744258662277844 0.3235716019736934
3 0.1328579945175079 0.4364035087718892 0.13285799525056063 0.43466709093888034 0.1370614037574569 0.434667092434003 0.1370614035087101 0.4364035097825576
0 0.424852539813628 0.226565821588767 0.4273738895802808 0.2264182072405025 0.427855016688909 0.23463604147744482 0.42533366692600794 0.23478365578301996
0 0.4285284965376377 0.22559787389522606 0.4313085158487411 0.22573108780313392 0.4308222451847996 0.2358788278953912 0.4280422258772205 0.23574561403508837
3 0.4117982797309878 0.05942911204329147 0.4089814729944692 0.05767180232956665 0.41280729357060864 0.05153936815738162 0.4156241000388263 0.05329667775995004
3 0.7905701763714887 0.2817982456140351 0.7853869929671191 0.2817982456140351 0.7853869940288405 0.2772894714912281 0.7905701754385746 0.2772894714912281
3 0.9324912358869142 0.16488858544832832 0.9299646304824591 0.16447368421053216 0.9312746482924013 0.15649619448896526 0.9338012527207411 0.15691109564519432
3 0.9232456143976151 0.18092105263157895 0.9196201696195203 0.18092105263157895 0.9196201699959374 0.17718594407894736 0.9232456140350678 0.17718594407894736
3 0.9683000877192853 0.26754385964914273 0.9683000888252309 0.264235744340253 0.9736842109105055 0.2642357460056436 0.9736842105263577 0.26754386059198476
3 0.9342105269187186 0.5098684210526314 0.9313682994931014 0.5098684210526314 0.9313683014163416 0.5037217357456142 0.9342105261432607 0.5037217357456142
3 0.9244379265338694 0.5016176386612357 0.9264002258771598 0.49935270614038424 0.9306903678266281 0.5030693279898875 0.9287280695211848 0.5053342595270789
3 0.91666666753963 0.48355263157894735 0.9149080244126253 0.48355263157894735 0.9149080253411057 0.47655145504385965 0.9166666666667425 0.47655145504385965
3 0.9165020997133979 0.47322269046561605 0.9142706859325926 0.47432776112828984 0.9104714229436013 0.46665661494066646 0.9127028344298651 0.46555154495613554
3 0.9060073892543414 0.4506578948868267 0.9060073898649534 0.4434317716907611 0.9067982458354891 0.4434317719298462 0.9067982456140271 0.4506578947368356
3 0.9043664974433341 0.4282575330106041 0.9019299207850509 0.4295942074944846 0.8976209815457423 0.4217400256806591 0.9000575559210802 0.42040335197368645
3 0.9457311337719148 0.2434210526315463 0.9457311343879837 0.24059330580952246 0.9495614037256246 0.24059330655582986 0.9495614035088238 0.24342105297877503
3 0.9269390170845782 0.24518894477899947 0.9298245614035068 0.24425400548247006 0.9308443121535674 0.24740124924920415 0.927958767887958 0.2483361884296611
3 0.9221491229830008 0.24780701754385964 0.9198662904552748 0.24780701754385964 0.9198662906787831 0.24548080372807016 0.9221491228070136 0.24548080372807016
3 0.7478070158198307 0.6421716252507967 0.7500623149193189 0.643277933349716 0.7471900069726871 0.6491326231786434 0.7449347083332896 0.6480263157894584
3 0.7520138282629887 0.6443048027531261 0.7540068789396628 0.6453959018163454 0.7508661385525102 0.6511321864678417 0.748873088371397 0.6500410881085404
3 0.755231758477521 0.6453866518313335 0.7574565639317825 0.6468870110650236 0.7534575732320263 0.6528161476465272 0.7512327686403069 0.6513157894736524
3 0.6017540074241197 0.5032972456046839 0.5995395271515918 0.5060469119054152 0.5949479524052776 0.5023493097959247 0.5971624320175124 0.499599644736845
3 0.5603070175438597 0.4841240263157895 0.5657894736842105 0.4841240263157895 0.5657894736842105 0.48793859649122806 0.5603070175438597 0.48793859649122806
3 0.64621113486794 0.47745418349398117 0.6436780593910498 0.4796321014496134 0.637885808057149 0.4728957586572778 0.640418881578853 0.4707178421052946
3 0.5874297950332448 0.22482108608674883 0.5898471815715993 0.22276287551437735 0.5939571196934139 0.2275899595374197 0.5915397335728585 0.22964816965990734
3 0.6107857377467099 0.22754730540566762 0.6082651275067974 0.2287068463232962 0.6052686057364554 0.22219310642170234 0.607789214912259 0.22103356578948427
3 0.6080760111874497 0.21947490472227757 0.6107657792836108 0.2172837257519315 0.6164554516550425 0.22426794354395477 0.6137656841633543 0.226459121846857
3 0.6231462903157308 0.222307633952571 0.620832522024898 0.2242177564544118 0.6167685305742907 0.2192950376615719 0.6190822982455302 0.21738491557021072
3 0.5940065720673147 0.31359649064042255 0.5912592039658193 0.3144498897095217 0.5888270538358711 0.30662023755458945 0.5915744199561459 0.30576683881578093
3 0.7080861666667033 0.3344298246733218 0.7080861673233585 0.32840430343131566 0.7094298248093764 0.32840430372798546 0.7094298245614254 0.33442982456145565
3 0.6993131337719298 0.2744819572368421 0.7017543859649122 0.2744819572368421 0.7017543859649122 0.28399122807017546 0.6993131337719298 0.28399122807017546
3 0.6287970953947024 0.09758771929827716 0.6287970958244387 0.09378886285593269 0.6337719299788205 0.09378886337157478 0.6337719298245474 0.09758771953850007
3 0.6411508353661475 0.0915029787508079 0.6423509891445747 0.09461925368340574 0.6374073370745919 0.09652316971893603 0.6362071835752658 0.09340689502291358
3 0.6501933752900868 0.08978781967277348 0.6511530224029229 0.09439526728218925 0.6440039956617056 0.09588427434089797 0.6430443490935431 0.09127682720742639
3 0.7894736842678185 0.07675438596491228 0.7872553705634573 0.07675438596491228 0.7872553706267809 0.07439415570175441 0.7894736842105203 0.07439415570175441
3 0.7850877197861337 0.206140350877193 0.7804874987879202 0.206140350877193 0.7804874993161093 0.20260466337719302 0.7850877192983035 0.20260466337719302
3 0.7763157895894892 0.20614035087719298 0.7734063739035264 0.20614035087719298 0.7734063740211923 0.20485781469298248 0.776315789473756 0.20485781469298248
3 0.7719298249637632 0.20942982456140352 0.7676268311403192 0.20942982456140352 0.7676268315501602 0.20644995614035092 0.7719298245613118 0.20644995614035092
3 0.7510964916143621 0.21162280701754385 0.7462110534744397 0.21162280701754385 0.7462110538918978 0.20905827960526321 0.7510964912280542 0.20905827960526321
3 0.8289473683543065 0.1878792906260723 0.8291917022842199 0.19168638703061303 0.8240634617538944 0.19201550579136262 0.8238191284231107 0.18820840995332386
3 0.8300596195175558 0.19078947368422952 0.8300596205158399 0.18661357122215197 0.835526316131677 0.1866135724192278 0.8355263157894797 0.19078947422533282
3 0.844298245958953 0.1875 0.8381073826753891 0.1875 0.8381073832021002 0.185020913377193 0.8442982456140271 0.185020913377193
3 0.8453204846491644 0.18640350877192852 0.8453204850890188 0.18343392752729581 0.8486842106848371 0.18343392799860084 0.8486842105263577 0.1864035089619439
3 0.8629385971856891 0.18530701754385964 0.8569756013827146 0.18530701754385964 0.8569756021215653 0.1810038322368421 0.8629385964912899 0.1810038322368421
3 0.8525823640351291 0.07675438596492883 0.8525823641525676 0.07427601753368415 0.8552631579358376 0.07427601765595133 0.8552631578947967 0.07675438601082184
3 0.8377192984071371 0.08114035087719297 0.833938258629928 0.08114035087719297 0.8339382588122817 0.07738256140350877 0.8377192982455881 0.07738256140350877
3 0.7807017545381996 0.06798245614035088 0.7754113585526738 0.06798245614035088 0.7754113587060374 0.06513808771929824 0.7807017543859729 0.06513808771929824
3 0.6567982459733912 0.09429824561403509 0.6518423837719638 0.09429824561403509 0.6518423841041567 0.08934109539473685 0.6567982456140271 0.08934109539473685
3 0.7719298246280459 0.06798245614035087 0.7678503574023807 0.06798245614035087 0.7678503574711613 0.06636199013157897 0.7719298245614254 0.06636199013157897
3 0.7603713607455802 0.0712719298245342 0.7603713609852321 0.06833446598102255 0.765350877277001 0.0683344663309348 0.7653508771929864 0.07127193001893438
3 0.7565789474934945 0.07346491228070177 0.7528699384924948 0.07346491228070177 0.7528699386347171 0.07018131469298244 0.756578947368439 0.07018131469298244
3 0.7519359672843393 0.07346491225766597 0.7461486738553731 0.07420964834489567 0.7458073253292241 0.07155705514424487 0.7515946184209952 0.07081231907895315
3 0.7236842106660788 0.07894736842105263 0.7194018836764826 0.07894736842105263 0.7194018838298462 0.07605628289473684 0.723684210526244 0.07605628289473684
3 0.7072368423445141 0.08333333333333333 0.7019287607947717 0.08333333333333333 0.7019287610505671 0.07958976206140352 0.7072368421052033 0.07958976206140352
3 0.7158978773543367 0.08732021527407395 0.7169100933734853 0.09096293771204414 0.7112477539858446 0.0925363474748553 0.710235538308666 0.08889362532987514
3 0.6918859649683782 0.08333333333333333 0.6890477949165188 0.08333333333333333 0.6890477949744991 0.08173622697368421 0.6918859649122169 0.08173622697368421
3 0.6864035089395202 0.08662280701754387 0.681464517449399 0.08662280701754387 0.6814645176277736 0.08393675877192983 0.6864035087719458 0.08393675877192983
3 0.6787280700880274 0.08474137027977806 0.6796023679016798 0.08808369887685068 0.6746005772715762 0.08939208113079729 0.6737262797244057 0.08604975276286857
3 0.6688596493090699 0.09097783333333333 0.665045012061455 0.09097783333333333 0.6650450122741631 0.08707014802631577 0.6688596491173939 0.08707014802631577
3 0.7134034553864694 0.35260305376733514 0.716737308114034 0.35308786513158585 0.7155531651809497 0.36123042518244985 0.7122193124999967 0.3607456140350818
3 0.7252180302727993 0.42324561453400633 0.7252180321811466 0.41395375648383037 0.7280701756566259 0.41395375767543935 0.7280701754385746 0.42324561403504063
3 0.6609582265558629 0.3903508774340799 0.6609582270164083 0.38346077602022927 0.6622807017544119 0.3834607763157478 0.6622807018309231 0.39035087719302985
3 0.7346491231730852 0.11951754385964913 0.7281613220339977 0.11951754385964913 0.728161322826054 0.11450002741228069 0.7346491228001923 0.11450002741228069
3 0.4013157894736423 0.35745613915437413 0.4013157916842829 0.368421052854054 0.3986479183566871 0.368421052432557 0.39864791776312813 0.35745614035086115
3 0.30404331975796595 0.28726253172981026 0.30602250834294864 0.28780405888528554 0.30403587370926743 0.29506468000416514 0.302056685195339 0.29452315302945936
3 0.6787280703510987 0.12938596491228072 0.6749143616902984 0.12938596491228072 0.6749143618762901 0.12695916666666665 0.6787280701754526 0.12695916666666665
3 0.689692982893007 0.12719298245614036 0.6837823232123128 0.12719298245614036 0.6837823236752456 0.12321639035087718 0.6896929824562221 0.12321639035087718
3 0.5894807620613847 0.10307017543857001 0.5894807623878933 0.10019799340206503 0.5942982457263497 0.10019799387536346 0.5942982456140271 0.10307017569767025
3 0.6030701757553061 0.10307017543859649 0.5977374844476344 0.10307017543859649 0.5977374848147292 0.09892133881578948 0.6030701754386882 0.09892133881578948
0 0.6131461674166303 0.11145789770520265 0.6124680112808392 0.11769564854672011 0.5704640899133437 0.11312906798240191 0.571142249962918 0.10689132180813112
3 0.5786235548245031 0.1491228070174877 0.5786235554769519 0.1451166128537758 0.583333333562905 0.145116613577021 0.5833333333333712 0.14912280731800895
0 0.5892859716017256 0.6407625425261674 0.5844414864714054 0.6490120220633054 0.5220990323949763 0.6124058797711849 0.5269435153508084 0.6041564583333702
3 0.7189093716000343 0.3936403515517811 0.7189093730725062 0.38284562621905505 0.7214912280701355 0.3828456271930142 0.7214912282464638 0.393640350877159
3 0.76315789521243 0.20942982456140352 0.758517304639895 0.20942982456140352 0.7585173051697893 0.20601494736842105 0.7631578947367643 0.20601494736842105
3 0.9742448951575398 0.25922621087895703 0.9724687762944768 0.26344008941620056 0.9654418149203821 0.26047833669083514 0.9672179342105665 0.25626445942978626
3 0.43470459100524295 0.4244357250288139 0.4374762445761462 0.42202426576680385 0.4422709315508655 0.427534821109511 0.43949927905248387 0.42994627922858447
3 0.9119088442982957 0.2500000000000297 0.9119088452098367 0.2456140348087672 0.9155701757443921 0.24561403557144412 0.9155701754385746 0.25000000015745766
3 0.9361832148762232 0.5079672006566651 0.9420190021187409 0.5081665172306506 0.9418813299738531 0.5121970990254486 0.9360455427345187 0.5119977825139309
3 0.9594858442626446 0.5541854802753584 0.9618623260305412 0.5553417225565196 0.9583501676626156 0.5625597502639195 0.9559736864035813 0.5614035087719546
3 0.9536132719298394 0.5638577236842092 0.9566855350150263 0.5631963446179123 0.9588713729581286 0.5733490863070596 0.9557991100597292 0.574010464778354
3 0.9144757400524668 0.5854654634370426 0.9160822083333642 0.5822639364035177 0.9226590959748364 0.5855637553201293 0.9210526301538948 0.5887652802523672
3 0.9218471779778383 0.5894914928531219 0.9233701359648876 0.5850323508772067 0.9307819446715939 0.5875634840079439 0.9292589903708404 0.5920226228532164
3 0.928022049310016 0.591206646147037 0.9306776260964398 0.5871617258772375 0.9371869438397198 0.591434778554282 0.9345313702656313 0.5954796959864116
3 0.9670865751598967 0.8523129243841733 0.9703638502551257 0.8535970874495103 0.9675522436014035 0.8607709036169486 0.9642749692036432 0.8594867418427369
3 0.9271220119557029 0.8216520115887359 0.9295664560737578 0.8186177056306068 0.9355584732255693 0.8234438967436096 0.9331140322642568 0.8264781997767284
3 0.9126624473187803 0.8124236535074048 0.9167864105087347 0.8125371840517949 0.9166650262545772 0.8169455403232392 0.912541063067124 0.8168320098409939
3 0.9302516666973588 0.9093175107801573 0.9328319154896008 0.9113757725192095 0.9275565262581722 0.9179873478561285 0.9249762796411005 0.9159290885405785
3 0.4503085707002583 0.4283872130370662 0.4491773501537182 0.43239374788670837 0.4428759768834425 0.43061469212272907 0.4440071984648739 0.42660815899127585
3 0.4265751898110466 0.4210463237578615 0.4287784611635743 0.41757784165157336 0.436206670384081 0.4222961813628835 0.43400340126436276 0.4257646615085351
3 0.6740154528929452 0.42627979086653917 0.6705027508276089 0.42744468624678567 0.6678772871644014 0.41952811734146134 0.6713899857455772 0.41836322258772435
3 0.8826754389398275 0.18859649122807012 0.8791052047183712 0.18859649122807012 0.8791052050748931 0.1851548947368421 0.8826754385964932 0.1851548947368421
3 0.6804490921293791 0.4660087722052027 0.6804490935974172 0.45926685756131547 0.6831140352892362 0.4592668585525247 0.6831140350876694 0.4660087719298359
3 0.6585187576145017 0.48574214236121704 0.6578258771185119 0.4893984590304545 0.6523747510393605 0.48836553117162507 0.6530676326754019 0.48470921600876543
3 0.6657258530447052 0.40649413342105906 0.6684432855530531 0.4061509458152796 0.6694798455706632 0.4143582293702786 0.6667624130955119 0.41470141679848244
3 0.6984649100979823 0.5906027336103241 0.7009667193282212 0.5917934078977859 0.6976420301931512 0.5987783927510433 0.695140221491215 0.5975877192982648
3 0.9864621052631719 0.737938596597671 0.9864621056360647 0.7321259549034862 0.986842105388746 0.7321259550436351 0.986842105263122 0.7379385964912327
3 0.9656621206140699 0.6842105263158461 0.9656621235064904 0.6804087252752674 0.9703947378643534 0.6804087287004685 0.9703947368420813 0.6842105278707875
3 0.932685387556603 0.6646080503033405 0.9376044046798597 0.665714512102009 0.9363498752659325 0.6712910385031662 0.9314308583536786 0.6701845773481333
3 0.8994120239320864 0.6560692327069929 0.9021466414474162 0.6520905800438207 0.9080154417102904 0.6561238113983717 0.9052808273718256 0.6601024612302417
3 0.8903508784243286 0.5614035087719298 0.886561348686314 0.5614035087719298 0.8865613513288508 0.5544463004385967 0.8903508765812376 0.5544463004385967
3 0.7691254449086955 0.3554887530204044 0.77126324037215 0.3548025024728921 0.7737958018856261 0.36269158499164333 0.7716580065637118 0.36337783522818984
3 0.7704113736147065 0.34696466141624904 0.7678020166888473 0.34788265097106247 0.764598797886265 0.3387779254962756 0.7672081524123087 0.33785993640348994
3 0.8925438600010693 0.18640350877192982 0.8887224495613282 0.18640350877192982 0.8887224499138711 0.1831307554824561 0.8925438596492086 0.1831307554824561
3 0.34868421098792624 0.40131578947368424 0.346819200598361 0.40131578947368424 0.34681920137722955 0.39575355372807025 0.34868421050578036 0.39575355372807025
3 0.14473684197912462 0.08723698543651055 0.14585524784649806 0.0899777441144754 0.14106511363513619 0.09193242195234785 0.13994670799559117 0.08919166346734243
3 0.1337719293136388 0.08927799291571298 0.1362345645412688 0.0917139543268556 0.13018132195782073 0.09783346325205063 0.12771868702611755 0.09539750213957406
3 0.11239381019777284 0.3934045191378105 0.10951789740499862 0.3944618123963578 0.10658749993183392 0.3864912894331911 0.10946341008775562 0.38543399671052825
3 0.046717984869133033 0.4927593934958001 0.04921241885313066 0.4931708008091272 0.047837277121629995 0.50150789827812 0.04534284320175175 0.5010964912280698
3 0.4369706290024169 0.23483325768956723 0.43807253117984146 0.2379432493870374 0.43279708952559304 0.23981235987775903 0.4316951880897477 0.23670236880945456
3 0.43345133991226703 0.2423245614035259 0.4334513403063056 0.2405682061309644 0.43750000013244517 0.24056820687509448 0.4375 0.24232456188610754
3 0.42565114933734094 0.2638751303126085 0.42773840456493417 0.26687201805928773 0.4224649517822172 0.2705447614632435 0.420377697432059 0.2675478745003182
3 0.42434210548208284 0.25877192982456143 0.4221158988789284 0.25877192982456143 0.4221158991435914 0.25600214692982465 0.4243421052632357 0.25600214692982465
3 0.11732455964101973 0.3652058408719047 0.11993226625406805 0.3670306655683466 0.11538021909359486 0.37353535019696127 0.11277251315789272 0.37171052631577994
3 0.40570175140112497 0.6486435829898779 0.4086202492508164 0.6511236937595836 0.40332854424570996 0.6573499549308317 0.4004100482644617 0.654869846176745
3 0.24890351073702277 0.6546052631578945 0.2439161218354684 0.6546052631578945 0.2439161241303509 0.6503086195175438 0.24890350877194578 0.6503086195175438
3 0.7780956220811959 0.28111249236663466 0.7802279742793417 0.2842103005209975 0.7750715375801747 0.28775960515874244 0.7729391863243791 0.2846617978445772
3 0.8162890745613822 0.3059210527227392 0.8162890749312055 0.29810097246360895 0.8168859650673994 0.2981009725881588 0.8168859649123306 0.3059210526315368
3 0.414473684323184 0.06359649122807018 0.41154383542732376 0.06359649122807018 0.41154383562093244 0.058043166666666667 0.41447368421052033 0.058043166666666667
3 0.8217971973683689 0.33333333341888993 0.8217971987825194 0.3263416318911397 0.8244806945504024 0.3263416327486137 0.8244806940789431 0.3333333333333424
3 0.712278495249393 0.7008898497304229 0.7095914239001786 0.7040330332781554 0.7041341045602394 0.6993683280693275 0.7068211743421671 0.6962251469297961
3 0.7112872675963899 0.7112772189423094 0.7104650929835543 0.7152047415171932 0.7046938027275473 0.7139967832171383 0.7055159791666483 0.7100692631578961
3 0.7013801765350536 0.7302631581418291 0.701380179855505 0.7231335823802693 0.703947369715479 0.7231335841585699 0.7039473684210407 0.7302631578946996
3 0.6995614034638038 0.7233420715891646 0.6998964982938105 0.7291473273553022 0.6982743261876294 0.7292409477052284 0.6979392324561786 0.7234356929824666
3 0.6990539514421243 0.7331717159691423 0.7022089333892154 0.7335721856944376 0.701330025889547 0.7404952546821677 0.698175044001573 0.7400947852705624
3 0.6955247405234104 0.7209614352189301 0.6980325910117244 0.7212749295368973 0.6971438197404041 0.7283836695086057 0.6946359692982469 0.7280701754385912
3 0.6901011178191538 0.7280701761225242 0.6901011206140311 0.7205127828947439 0.6929824565328317 0.7205127846124539 0.6929824561403848 0.7280701754386225
3 0.6892318582574717 0.7200319626829189 0.6914185429703821 0.7210275867286112 0.6882573892445407 0.727969307418867 0.6860707050439032 0.7269736842105375
3 0.6926879294352375 0.7317213442791867 0.6953224098720057 0.7318503102755077 0.6949106350331249 0.7402605448219589 0.6922761546052243 0.7401315789473678
3 0.6896929829349574 0.7390350877192982 0.6885008793859697 0.7390350877192982 0.6885008803436676 0.7336691666666664 0.6896929824561084 0.7336691666666664
3 0.6875000014913439 0.7379385964912281 0.684985848684164 0.7379385964912281 0.6849858516669656 0.7299938289473684 0.6875 0.7299938289473684
3 0.6830085791219744 0.7294723156789773 0.6856648187359724 0.7297906979158556 0.6846502059346449 0.7382541523823242 0.6819939663747618 0.7379357704488747
3 0.6582656991618023 0.7619603597220985 0.6561170458178367 0.7637137967913458 0.6511086375144259 0.7575775955481765 0.65325728837729 0.755824160087688
3 0.6589093131191248 0.7677032580552687 0.6614314720409311 0.7668369558106796 0.6642125589037278 0.774932369928513 0.6616904004024491 0.7757986713018037
3 0.7225877208828706 0.7609649122807016 0.7177497828947708 0.7609649122807016 0.717749784880084 0.757675438596491 0.7225877191882546 0.757675438596491
3 0.722197410609283 0.7941409089691185 0.7250063010164922 0.7952760815011655 0.7220174709368621 0.8026702591503717 0.7192085811403786 0.8015350877193119
3 0.7247807028787747 0.8048245614035089 0.7221298410088366 0.8048245614035089 0.7221298437252699 0.7987129736842106 0.7247807016375418 0.7987129736842106
3 0.7289355903569685 0.8023195395476468 0.7316104815815834 0.8037576957833746 0.7268057519662534 0.8126924537676036 0.7241308619901474 0.8112542993268044
3 0.7338432324361293 0.7955640447676862 0.7364771466516231 0.7974593611062358 0.731553635153432 0.8043002124266746 0.7289197225844646 0.8024048980347374
3 0.7467105246170149 0.7891681502993424 0.748928858742147 0.7904955022302993 0.745844603526848 0.7956490704781612 0.7436262701236274 0.7943217195096556
3 0.7346491242722095 0.7741228070175437 0.7312405646930529 0.7741228070175437 0.7312405687588353 0.7671124473684211 0.7346491227276601 0.7671124473684211
3 0.7379385942217596 0.771749879456397 0.7398258643243025 0.7744267474421852 0.734288975782647 0.7783296980098742 0.7324017080692329 0.7756528321646565
3 0.7335948202984355 0.7826732430869808 0.7354947171518234 0.7806802524626404 0.7424897571033853 0.7873472994787959 0.7405898625964937 0.7893402878007785
3 0.7543859631333589 0.7994334224875695 0.7563455955572636 0.8014763073313931 0.7519992790678316 0.8056446810766762 0.7500396481730149 0.8036017977367197
3 0.7565789449481599 0.8022685616374923 0.7589252268600148 0.8041676668875705 0.7544187512663711 0.8097341651435063 0.7520724708642774 0.8078350615635747
3 0.7042576253018069 0.6958636341494787 0.7016868776954652 0.6986135413963117 0.6965645995094292 0.6938256880995788 0.6991353453947795 0.6910757828946993
3 0.6984354316010695 0.6926523105819685 0.6962847884659595 0.6957804585564606 0.6898637237459297 0.6913665335591723 0.6920143662280225 0.6882383881579123
3 0.6854213046080986 0.6933159259597432 0.68305338957407 0.690646153991085 0.6905600961043774 0.6839891532358912 0.6929280090992052 0.68665892239905
3 0.5986842122124472 0.5819416195175439 0.5962033329410588 0.5819416195175439 0.5962033355338008 0.5718558234649124 0.5986842104096013 0.5718558234649124
3 0.4468462549988317 0.44253479520167877 0.44466076908702235 0.44650235081930434 0.4376441225184635 0.4426375348271523 0.4398296085525999 0.4386699813596316
3 0.45181551456141733 0.4683658383098591 0.4549870388553927 0.4692166414686303 0.4522613981170025 0.4793762727304535 0.4490898740729108 0.47852547021798714
3 0.476511764071347 0.5091095218068582 0.478500055057566 0.512708218090696 0.4727085274032561 0.515907796714408 0.4707202385728806 0.5123091022882823
0 0.445031512061405 0.6359649127353791 0.4450315152686244 0.6271674192578367 0.4473684222821248 0.627167420780318 0.44736842105260166 0.6359649122807135
3 0.46565251206141056 0.6633771934577263 0.46565251440392785 0.6539108008451472 0.4671052641207325 0.6539108017491027 0.46710526315791867 0.6633771929824082
3 0.48903508795820017 0.1107456140350877 0.4852513114034309 0.1107456140350877 0.4852513116620685 0.10678091447368422 0.48903508771923043 0.10678091447368422
0 0.47587719317129995 0.06469298245614036 0.47030168201752076 0.06469298245614036 0.4703016822305699 0.0609287423245614 0.4758771929824661 0.0609287423245614
0 0.45777257122028914 0.08264270043444238 0.4599304915254834 0.09198967534293077 0.4568878481525189 0.09269212331812796 0.4547299282961603 0.08334514879834806
3 0.5985116003960229 0.5377005387301028 0.5972372889821145 0.5416586351722779 0.5900868210628687 0.5393567387382626 0.5913611337718976 0.5353986447368492
3 0.5858038366227447 0.5461524594298279 0.5889987792194233 0.5459264374214626 0.5897059002192009 0.555921052631582 0.5865109576426448 0.5561470744498539
3 0.5844298220023347 0.5443721194481401 0.5871534801652842 0.5456129970213845 0.5833113304526023 0.5540455295423742 0.5805876728779822 0.552804652931997
3 0.5915782839912254 0.5778508774405248 0.5915782855338421 0.570768225793932 0.5932017549226885 0.5707682265523972 0.5932017543859729 0.5778508771929766
3 0.6804892959511335 0.6804554230539245 0.6830851966386717 0.68087078984051 0.6816457081022236 0.6898658181836453 0.6790498075081359 0.6894504517921415
3 0.6063596502112887 0.5767543859649124 0.6027823350912058 0.5767543859649124 0.602782338152565 0.5696301984649124 0.6063596488201028 0.5696301984649124
3 0.6073747249563439 0.5838766574100971 0.6048756192849396 0.5874814585744784 0.5991859276899731 0.5835373650000856 0.6016850327717975 0.5799325660543406
3 0.6392809583628605 0.7035515761297215 0.6419524951896847 0.7056768923466665 0.6378544178144239 0.7108274173342798 0.6351828823374035 0.708702102624023
3 0.6430036834535713 0.7043169077973617 0.6457458785791914 0.706445981926182 0.6411959087132573 0.7123053345303312 0.6384537150941014 0.7101762621055805
3 0.6458333312327795 0.7102930300349233 0.6475818487723473 0.71358633144498 0.6409274729081744 0.717118796896944 0.639178958511252 0.7138254981838086
3 0.6368562534743205 0.729300216022937 0.6343105678871552 0.7305682418263284 0.6307429519582683 0.7234070542846893 0.6332886337719401 0.7221390296052478
3 0.6628485207592121 0.6691489199511411 0.6658328328220477 0.6693501120278849 0.6655654013893582 0.6733164184826912 0.6625810893348216 0.6731152264877338
3 0.6685314834362543 0.6737143355228074 0.6711833078765039 0.6737943003226871 0.6709990305782867 0.6799045261529861 0.6683472061404245 0.6798245614035103
3 0.6725121763886364 0.6746589153000325 0.6755472832502392 0.67531855141046 0.6739477689792466 0.6826771794564733 0.6709126622806707 0.6820175438596383
3 0.6750803429127927 0.6787165602583265 0.677527494441506 0.6794391387655169 0.6750674666529903 0.687769315114986 0.6726203153996266 0.6870467372609631
3 0.6791929555782872 0.6792210084814033 0.6813006037465357 0.6802820768787727 0.6774793712321525 0.6878712844150414 0.6753717236849752 0.6868102169564693
3 0.757675436090608 0.8068295540574472 0.760513543006482 0.8089402049925432 0.7563368068038017 0.8145553666950014 0.7534987014603303 0.8124447175842024
3 0.7490893473141114 0.7910642375806012 0.7518355528214897 0.79178181113942 0.7500354820808752 0.7986694867470702 0.7472892768067823 0.7979519138068802
3 0.7368421026319538 0.7996125518332416 0.7385241698118534 0.8015248373791332 0.7329785251432668 0.8064018859216863 0.7312964597761038 0.8044896021032465
3 0.8162728936526946 0.6377593726108303 0.8141362364701763 0.6412640989522521 0.8088451006476589 0.6380387549323392 0.8109817576754494 0.6345340307017902
3 0.828794395528007 0.8390477706756301 0.8314703708391562 0.8410140759277123 0.8257162388937331 0.8488432629755878 0.8230402656856768 0.8468769601795754
3 0.8309426050976754 0.8438245996617082 0.834271762166054 0.8463177255907421 0.8288885780264081 0.8535044978063347 0.8255594234624368 0.851011374770508
3 0.8138304822663258 0.8105910201517373 0.8160549014429535 0.8131298401676158 0.809691502393207 0.818704081493891 0.8074670860170272 0.8161652641430841
3 0.8655457390351557 0.7938596491227886 0.8655457431982541 0.7901426808309605 0.8717105277141854 0.7901426870413594 0.8717105263157237 0.7938596525680993
3 0.853145521858778 0.7833218936373975 0.8565517745900024 0.7834633828750013 0.8563596491227372 0.7880877982456127 0.8529533963964013 0.7879463090863832
3 0.849999985745626 0.7730263161289849 0.8499999904188371 0.7646132111994753 0.8530701770866926 0.7646132138848849 0.8530701754385746 0.7730263157894571
3 0.8782894739288167 0.7861842105263158 0.877601230263167 0.7861842105263158 0.8776012307523615 0.7817246798245614 0.8782894736841627 0.7817246798245614
3 0.8806936403508416 0.7741228074182247 0.8806936430606811 0.7664290690249672 0.8826754395172429 0.7664290704133302 0.8826754385964932 0.7741228070175109
3 0.8537676646885757 0.6337719297286891 0.853767666666613 0.6308213717104901 0.8585526321971884 0.6308213745840726 0.8585526315789593 0.6337719312421987
3 0.8063465729355812 0.6057354021374007 0.8093394695243887 0.6072896247803871 0.8075954485153716 0.6106476287868821 0.8046025522953641 0.6090934066886097
3 0.8178198326531856 0.6550576055481737 0.8205502729699674 0.6563047641930887 0.8175087975756696 0.6629626732659887 0.8147783578209555 0.6617155155375637
3 0.7980656935318393 0.6514409542820805 0.8005182278044458 0.6487342994770473 0.8059988276304466 0.6536996977620385 0.8035462954239847 0.6564063505779043
3 0.8181879892982806 0.8601578898201694 0.8214095710230822 0.8614293848656128 0.8178381255243039 0.8704762796542803 0.8146165446862597 0.8692047862390894
3 0.7862056862395548 0.6573807083197951 0.7898534849122143 0.6576819307417767 0.7894578484049362 0.6624724476046417 0.7858100497501255 0.662171225328234
3 0.8464912274953349 0.6432520460065428 0.8470764219010789 0.6466476582379054 0.8419988799643079 0.647522600642327 0.841413687499994 0.6441269901315536
3 0.8041427982039977 0.6407782201108411 0.8054162653509138 0.637325674342136 0.8104504355474091 0.6391822901412519 0.809176970530757 0.6426348341036283
3 0.8264090542696749 0.6518015035501471 0.8255170215339831 0.6489575985801422 0.8311403508771491 0.6471939846490924 0.8320323845188113 0.6500378879599452
3 0.8658703896005591 0.4970016453735463 0.8636840284281107 0.49810291455240674 0.8602082462184626 0.49120291987015674 0.8623946052725842 0.4901016513315738
3 0.8552324092870549 0.47198190029716686 0.8577690479572766 0.4710362968478663 0.8601669559037646 0.4774683908428646 0.8576303174768327 0.4784139938228219
3 0.8585304610086268 0.4699111436975843 0.8563001183806591 0.47091510685970195 0.8528482397196058 0.46324713361415876 0.8550785800438234 0.4622431710526437
3 0.8513550406451031 0.46162280725802174 0.8513550417575289 0.4519053775040072 0.8530701754385746 0.4519053782894459 0.8530701754865504 0.46162280688157226
3 0.8515173440822537 0.4427299796749167 0.849421924709759 0.44425077493077136 0.8443499276964985 0.43726276257919805 0.8464453453947272 0.43574196820174893
3 0.8278508781743312 0.3574561403508772 0.8258752359276968 0.3574561403508772 0.8258752369102922 0.34821154385964914 0.8278508771929864 0.34821154385964914
3 0.8232139024122489 0.34539473699031986 0.8232139032361374 0.33841390645673014 0.8245614038428357 0.3384139067983184 0.8245614035088238 0.34539473684208316
3 0.8242341143286467 0.8337523433949556 0.8281840207509958 0.8349432909121552 0.8252394879709755 0.8447070598372595 0.8212895822161954 0.8435161138732804
3 0.7271687400225346 0.8328500789325624 0.7300080382692613 0.8342207678117881 0.7271274411456261 0.840186477195897 0.724288143640365 0.8388157894736619
3 0.7385376465547324 0.8031959245448039 0.7409204453717848 0.8050426556393631 0.7361005093066524 0.8112604831310831 0.7337177120665501 0.809413753822836
3 0.7357456153376916 0.8530701754385965 0.733308299088435 0.8530701754385965 0.7333083006394645 0.8485582390350878 0.7357456140350678 0.8485582390350878
3 0.7412501759500856 0.8107121201696842 0.7439271796450839 0.8114195534628239 0.7420250214328235 0.8186160708804592 0.7393480179866856 0.8179086382409688
3 0.7447291472979032 0.8138961853084112 0.7472037877208777 0.8152459974722275 0.7428765613782389 0.8231775785055611 0.7404019220236933 0.8218277678623903
3 0.7572761344146102 0.8534853830865461 0.7599902135940511 0.8564369121879911 0.7549560340011112 0.861065053799513 0.7522419575443564 0.8581135273330505
3 0.7532894716484861 0.8461433526755283 0.7551694602219641 0.8495455486494546 0.7493434106354471 0.852764200612825 0.7474634254625698 0.8493620075688174
3 0.7489035109537099 0.8464912280701754 0.745511860559759 0.8464912280701754 0.7455118654016815 0.8384410668859649 0.7489035087719458 0.8384410668859649
3 0.7650695509946672 0.8909675358500198 0.7674712835386117 0.8932687135771252 0.7614080137816472 0.8995953829169013 0.7590062839371967 0.8972942079390123
3 0.7524148903961532 0.8864380773452735 0.749537769298513 0.8842780523238305 0.7553003717105184 0.8766041754385658 0.7581774878042324 0.8787641976748456
3 0.7521607344904169 0.8690211601365698 0.7544690794522921 0.8717809857989803 0.7476316035231321 0.8774985843702967 0.745323262050988 0.8747387619786833
3 0.7466536822532817 0.8655473339113381 0.7499865715450369 0.8664302616102508 0.747893318433853 0.8743300867357745 0.7445604295076009 0.8734471599932544
3 0.7440198543835095 0.8578706604331809 0.7460674150031537 0.8598325300174268 0.7410408220845284 0.8650774879433943 0.738993263301154 0.8631156202291289
3 0.7379385992172729 0.8574561403508771 0.7340705424776388 0.8574561403508771 0.734070545399959 0.8518558333333334 0.7379385964912899 0.8518558333333334
3 0.7350908767162991 0.8437757522677496 0.7377816714467826 0.8460725492216468 0.7323741917535926 0.852406249672545 0.7296833993190148 0.8501094551890207
3 0.730263154000113 0.8373276588013983 0.7325879356531004 0.8394044988580696 0.7270051537957443 0.8456524249205157 0.7246803742633574 0.8435755870948247
3 0.7264671805106673 0.8307290805789096 0.7289123698297999 0.8325494470351846 0.7241787125080918 0.8389065346442012 0.7217335247718211 0.8370861700223998
3 0.7216127107029706 0.8242822851202658 0.7236531579727625 0.8256984285120608 0.7193737713287192 0.8318630856241891 0.717333325168056 0.8304469435729223
3 0.7177091610699335 0.8197249135518937 0.7210532261516391 0.8210609586546743 0.7180634976272131 0.8285425768959279 0.7147194332883373 0.8272065331446349
3 0.7167003721808669 0.8152760068777501 0.7193952840120801 0.8170867344802386 0.7155275623891839 0.822841900226873 0.712832651827739 0.8210311741907738
3 0.7343878148368503 0.808588828855217 0.7374529616170094 0.8108154865383753 0.7323197629436891 0.8178802606094365 0.7292546182118258 0.8156536053351611
3 0.7344330296608632 0.8235534120987775 0.7315068687162238 0.8224005421262195 0.7351505365365938 0.8131542568541307 0.7380766910035845 0.8143071253971751
3 0.7384384967108417 0.8175131489462991 0.741103325505378 0.8194328509197414 0.736559491372077 0.8257390630527331 0.7338946641574466 0.8238193629464649
3 0.7401315757588236 0.822244849809868 0.7422789043931743 0.8244404689855158 0.7368625184390112 0.829736622834557 0.7347151919159387 0.8275410057515815
3 0.7434292915443166 0.8261557400254073 0.746784699259706 0.8273385002025136 0.7433800833550777 0.8369951249968519 0.740024676397752 0.8358123663542234
3 0.742324558316227 0.8248203463832164 0.7453237823306154 0.8270557466021522 0.7405091688693801 0.8335141312197011 0.7375099468189319 0.8312787332759162
3 0.7318488772380078 0.8400170228078153 0.7349929839357401 0.8412913583373582 0.7314446493426203 0.850044090355377 0.7283005435065206 0.8487697563754335
0 0.059517991963502936 0.21413460274500812 0.05584478769276302 0.21527702595898862 0.03963065976756752 0.16314474482582522 0.043303853070142395 0.16200232346492768