0 0.1383746453641379 0.8739925384537622 0.13112667105269793 0.8912564287280292 0.09523449086384517 0.876191060613964 0.10248249561402645 0.8589272598684434
0 0.14141500929372341 0.8516251885066426 0.13430935745611805 0.8677443059210628 0.0991960425679963 0.8522689264238688 0.10630171820173473 0.8361498892543371
0 0.26656363202425837 0.390904317208067 0.25907065570174836 0.40852314473687457 0.208929666144968 0.38719996151533564 0.21642266118419684 0.369581190789454
0 0.2561342169481122 0.4124357225245098 0.24761298574560442 0.4313005142544285 0.20153604079598608 0.4104885379462257 0.21005728837712923 0.3916238059210843
0 0.2496441078378666 0.43444887325267706 0.24188415021933451 0.4511388684210538 0.19402233185030582 0.42888685176890706 0.20178230372800954 0.4121969144737345
0 0.24465399536995847 0.45577599662054613 0.23679185197363495 0.4731814846491125 0.1907374583654473 0.4523797112202194 0.19859961842098528 0.4349742839912664
0 0.23499209862620773 0.4774851119091978 0.22724379385965676 0.4944893464912777 0.1774840140157039 0.4718168055206743 0.18523233662278926 0.45481263815792566
0 0.2267115706149525 0.49758756786746944 0.2196053464912211 0.5135929462719724 0.18449147068156435 0.49800386251614864 0.19159770833334733 0.48199853070175624
0 0.21927212497303117 0.5179163392438166 0.21196690021929498 0.5356355625000482 0.16583287878393094 0.5166170231757409 0.17313812828945174 0.4988978695175434
0 0.20251219818931077 0.5582722515009853 0.19478039473688114 0.5760470241227987 0.14949287090951202 0.5563492760232552 0.15722469736840594 0.5385745778508815
0 0.19383913817466691 0.579710664691612 0.18586887280696374 0.5973548859649476 0.14034288991206267 0.5767918289845405 0.14831317653511178 0.5591476853069799
0 0.18187742456598244 0.5992829661529133 0.17441120285093348 0.617193240131557 0.12747964432242043 0.5976309848514404 0.13494589473680207 0.5797207938596677
0 0.1831709490359117 0.6228036073740184 0.17632081469298555 0.639235856359598 0.12936880758968528 0.6196650866058273 0.1362189692982838 0.6032329166666452
0 0.17368437480058674 0.6406142965702789 0.1674092938596914 0.6583394561403767 0.11784963722891462 0.6407963395007596 0.12412476096494629 0.6230712708332817
0 0.16583289666505152 0.6641202090088306 0.15849777192988768 0.6825863333332886 0.09769347195629052 0.6584366124622788 0.10502864364036668 0.6399706096490739
0 0.1581633107698508 0.6862034770290504 0.15085932565784788 0.7031594418859324 0.10663615340615706 0.6841123818921742 0.11394016557017039 0.6671565021929746
0 0.14971287547427892 0.7067101466882733 0.14194780372804416 0.724467303728067 0.09853661896045196 0.7054866773368232 0.10630171820173473 0.6877296107455811
0 0.14105511203649712 0.7278624467312287 0.13367282017543403 0.7443056578947659 0.08682519301260072 0.7232763284089931 0.09420751096490676 0.7068332105263396
0 0.1349827351444901 0.7482648597578465 0.1273074473683664 0.7663482730263476 0.08334950429332366 0.7476938949733792 0.09102482456137295 0.7296105800439019
0 0.12565761615860538 0.7697167232548767 0.11775938925438822 0.7861866271930202 0.07548813199537108 0.7659187478461054 0.08338637828944684 0.7494489342104877
0 0.11931200856440682 0.7909991103342513 0.11203055372800463 0.8074944890351289 0.06782991051272802 0.7879868333263279 0.07511139364032715 0.7714915504386147
0 0.11139552082215687 0.8109571027195401 0.1037555701753945 0.8295371052631721 0.05601373072158822 0.8099097888723759 0.0636537236841832 0.7913299046052512
0 0.10275316192507944 0.8326033276368127 0.09484404824559078 0.8493754594297802 0.04937921250063937 0.8279402839511133 0.05728835087722928 0.8111682587718886
0 0.2722779072521462 0.3708437435938823 0.26416295394733424 0.387950037280678 0.2165826800268178 0.3653795721264961 0.22469764473680698 0.3482733289473692
0 0.2787356556882514 0.3480911454508049 0.2698917883772083 0.36737692872810973 0.22221913636326462 0.34551644266396503 0.2310630175438746 0.32623071271926335
0 0.28693639867310594 0.3262806170239355 0.278803310307012 0.34459955921054347 0.23566066121202311 0.3254460123438108 0.2437937620613866 0.3071271129386202
0 0.7778484398561432 0.41366639899032515 0.7975689536987147 0.42074379234705556 0.7784850416666131 0.47391623793858156 0.7587645413527753 0.46683887159927173
0 0.15169128105560503 0.8321501307799298 0.1432208782895259 0.849375459429782 0.10801589576499282 0.8320672704510987 0.11648631469290649 0.8148420274123309
0 0.16025767235396415 0.8102367599355957 0.15276893750001364 0.8258633355263174 0.11790908460739047 0.809160666691134 0.12539783552631434 0.793534165570218
0 0.9471673465224058 0.49742834301991706 0.9661202070764148 0.5031389383291185 0.9503500953948105 0.5554739166666782 0.931397245580456 0.5497633463784275
0 0.9299808292855687 0.48346801337306383 0.9486549690653874 0.48975890574137376 0.9299809035087492 0.5451873618420922 0.9113067774042065 0.5388964982908887
0 0.9121577798290446 0.4746509621449323 0.9312500582711891 0.48177185028901454 0.9108847872806791 0.5363703157894798 0.8917925253646217 0.5292494595835467
0 0.8930616623841843 0.4650991602642201 0.9125874470061035 0.4726166779592699 0.8911521326754155 0.5282880230263122 0.871626366114242 0.5207705392393188
0 0.8752386103533354 0.45260834343580875 0.8935059014338549 0.4591358569162074 0.8714194780701519 0.5209404846491208 0.8531522028559948 0.5144130029231879
0 0.8548694349997277 0.44673031874151775 0.8739379411499613 0.4535186953874013 0.853596435307054 0.510653930921061 0.8345279440897002 0.5038655842817705
0 0.8370463931347558 0.43864802465372943 0.8552426542753437 0.44553038641408144 0.8345003179823607 0.5003673771929659 0.816304071977811 0.49348504427926293
0 0.7593889250340453 0.46362968445351954 0.7400922430388164 0.45685279771214765 0.7593889243420335 0.40191035964911154 0.7786854711358728 0.40868722041594674
0 0.293723226640509 0.30532650997035293 0.2858052192982541 0.32329169736843627 0.2497109894558207 0.30738387835487613 0.2576290066231195 0.2894187239314822
0 0.6373112461340043 0.3446465220775622 0.6199872697368392 0.39529757565788215 0.6015559234347165 0.38899380331096245 0.6188799270173604 0.3383428048260449
0 0.5620623804824163 0.3703159440789482 0.5430811775632947 0.3637385910612837 0.562698917763214 0.3071271129385997 0.5816800131824493 0.31370444560967936
0 0.2654359214203623 0.6355620466840906 0.28268895057738064 0.6419965732073901 0.2628898793859662 0.6950771491227903 0.2456368693760851 0.6886426595422559
0 0.29026098026315594 0.6193975021929686 0.27226657525784503 0.6132889117767321 0.29089751754383997 0.5584129320175536 0.3088917506566986 0.5645214906819163
0 0.31572246929817993 0.5532696546052498 0.2988048059494304 0.5468978987036457 0.3182686184210297 0.4952240997807101 0.335186147276886 0.5015958275886288
0 0.35327810300077545 0.38868476726632795 0.37104291183607074 0.39518728341038933 0.35136855482448937 0.44893460635964044 0.3336037580993434 0.4424321139522461
0 0.37555697039465485 0.3908890526315661 0.3580459325586389 0.38441961948749237 0.3768300449561366 0.3335782510964815 0.39434098802473727 0.34004766489672406
0 0.3083049718370603 0.2641510157818419 0.30044557565793184 0.28214548135959977 0.25248432260355 0.2611979542353809 0.2603437302631164 0.2432035263157634
0 0.297337296339947 0.2839183727269881 0.2896244429824719 0.3019838355263532 0.24244626742950004 0.28184205779175775 0.25015913377194465 0.2637766348684235
0 0.040407465910334395 0.84971784077305 0.04710375548245338 0.8332108739035194 0.09517473117523423 0.8527072139543398 0.08847857260604997 0.8692140697937645