3 0.13690697834977072 0.3704806358194863 0.13313612262982133 0.3816196236524709 0.10968225159763278 0.37368015971553753 0.11345311507875522 0.3625411876792837
3 0.3112447621484762 0.46231239181756945 0.3163410515351188 0.4511887971490775 0.33900663088968486 0.4615723817791174 0.3339103644171928 0.47269595697547195
3 0.3588902298497487 0.5416500515581204 0.37018520245499076 0.5435912295600452 0.36346190643087084 0.5827078125900618 0.35216693550160016 0.5807666411788243
3 0.37407997485831856 0.5466441949467316 0.3848183960466258 0.5483468477427077 0.3795221371218531 0.5817465075025711 0.3687837171053161 0.5800438596491311
3 0.4064075761982622 0.5465518675301417 0.41857359165692287 0.5495601040572838 0.410020231434828 0.5841485781838227 0.3978542192982104 0.5811403508771811
3 0.3990254167758849 0.5880726323508237 0.40980648436948286 0.5871477563018027 0.41274631932014927 0.6214129706354465 0.40196525210706113 0.6223378437516347
3 0.3723941623969722 0.5837366940150294 0.3835279094056432 0.5863089874613467 0.37577599049291166 0.6198582214421884 0.36464224620624464 0.6172859361164015
3 0.3422321729981377 0.583754483651571 0.3519692378298487 0.5866957950130334 0.3436440286183142 0.6142529922301169 0.3339069671052357 0.611311688596486
3 0.27997074698851065 0.6192515797924087 0.2682833793860482 0.6163269232456267 0.27653906816976814 0.5833397908871705 0.28822636605218577 0.5862644382783089
3 0.26313207107114067 0.5807147881834999 0.2753125078410221 0.5841275470670458 0.2654076983710638 0.6194748332940582 0.2532272662012929 0.616062085879507
3 0.37124082236846334 0.6769192971491214 0.38096119063527567 0.6764204624262252 0.3823719444392282 0.7039066731158674 0.37265157628110046 0.7044055063953057
3 0.4204513684210269 0.7006578973857426 0.42045140565187467 0.6760343238826655 0.42982457443486055 0.676034345428689 0.4298245614035068 0.7006578947367977
3 0.43591873684215443 0.6793178760964901 0.4461964317395086 0.6789610279667967 0.4470640986842227 0.7039473684210531 0.4367864038359812 0.704304215610903
3 0.4501962872807326 0.6809662094298218 0.46076692125018326 0.6790017983804516 0.4657809848807801 0.705978914228878 0.4552103524578115 0.7079433195821452
3 0.4675970769426385 0.6810766601304286 0.47952605719490293 0.6825411370450549 0.4763606947788048 0.7083210076481429 0.4644317152608437 0.7068565347643654
3 0.48080580921055116 0.6815724528508742 0.4927909126815848 0.6806945436222426 0.49489405963947775 0.7094022448489588 0.4829089564561855 0.7102801513986475
3 0.4180418092105356 0.6140350907587098 0.4180418447734837 0.5874217965731583 0.42763159115770577 0.58742181688602 0.42763157894739834 0.6140350877192896
3 0.4649122776110062 0.5844298298180135 0.46491230430240194 0.553770694777439 0.4758771929098202 0.5537707189206146 0.4758771954370786 0.5844298245614318
3 0.48148682458270287 0.5938093411223464 0.4777295042192691 0.5613363153290942 0.4897081187855292 0.5599504708081563 0.49346546892570586 0.5924234620967874
3 0.3372716228070658 0.5789473721308198 0.33727166473977377 0.5490340541868073 0.34758773471946824 0.5490340769749504 0.34758771929818977 0.5789473684209995
3 0.2965663293207399 0.5426258876070651 0.30713629179206237 0.5466721710359613 0.29456992313805586 0.5794957274213018 0.28399996710527375 0.5754494561403363
3 0.2617374557853509 0.5311459801697505 0.27287757709984817 0.5336836133789084 0.2647528720115133 0.5693475333182819 0.2536127532895307 0.5668099078947433
3 0.15138300830381013 0.5496505680235201 0.15529311513159882 0.5366202807017464 0.1788734992743457 0.5436955910573432 0.17496342374784035 0.5567258516686723
3 0.1981185888358823 0.1343593646928366 0.1962463390375433 0.14710402450039653 0.1771099534859104 0.14429281082646553 0.17898220758161187 0.13154815623868002
3 0.19600067490750916 0.16973145872653791 0.197156021475962 0.18237066780513628 0.1729362323615078 0.18458455931384923 0.17178089473691216 0.1719453585526366
3 0.17085407887032034 0.20990870723549837 0.19317782807740969 0.21029836378929576 0.19297643626202898 0.22183610695403697 0.17065268705732706 0.22144645054830442
3 0.195304247682202 0.2525787355993008 0.19060154553926623 0.26386862302034414 0.1674577196051814 0.25422844758481367 0.1721604254386193 0.2429385712719538
3 0.17046558052516048 0.2966272803994723 0.16945360105353302 0.28447707556876417 0.194078947368439 0.28242610087716846 0.1950909388472155 0.294576292374179
3 0.16272039522903015 0.40570174997549047 0.16272041995614472 0.3927229868420693 0.18750000514910425 0.39272302947131427 0.1875 0.40570177293499216
3 0.1855860192616774 0.46875272153239345 0.18296719357726943 0.4821085287409909 0.15880592634778168 0.47737125050549795 0.16142476973686826 0.46401546710522895
3 0.17946368479431385 0.5649717038013257 0.17512963641399892 0.5771281060902816 0.1507782982456547 0.5684470942982734 0.15511235919120736 0.5562907192919518
3 0.2666903255010311 0.26869646740830583 0.26523725858555736 0.2805306005669545 0.2438197845879131 0.2779008797095828 0.2452728605944685 0.2660667572307716
3 0.22277790642385753 0.6974943291495281 0.21251326253286607 0.6971044060089586 0.21363011066580384 0.6677086221208745 0.22389469183974597 0.6680985440689977
3 0.1908422481657226 0.6967783531171393 0.17944215873740177 0.6955706755524831 0.18288751777447487 0.6630525943894471 0.19428753053750825 0.6642602678555956
3 0.06305863815794055 0.6085526351841333 0.06305868054471375 0.5795658875060539 0.07346492737360677 0.5795659111841951 0.07346491228065588 0.6085526315789564
3 0.05567589742804557 0.6150600702642739 0.06707266712737692 0.6136733699336421 0.07031693836643171 0.6403336602695262 0.05892016930920363 0.6417203570433423
3 0.24458135504642087 0.18202902632567855 0.2459011144997021 0.17072700991231493 0.2708291978755142 0.17363788047702644 0.2695094468518846 0.18493988921183097
3 0.2461902061403407 0.21543886622808311 0.2494461520252571 0.20526464014212972 0.2718455755407376 0.21243277895480175 0.26858963881306863 0.22260699725092908
3 0.2672420323305005 0.25124935766191087 0.2640901746972304 0.2630120728484297 0.24090215945727778 0.2567988800542382 0.2440540239257416 0.2450361759211084
3 0.4736842104010748 0.5910087651162224 0.47368423087948486 0.6195175524910643 0.4634262524511996 0.6195175412887969 0.4634262589040645 0.5910087808356084
3 0.5003799036862802 0.5981825770253044 0.5095346956881031 0.6012988836304092 0.5007267850656945 0.6271709927593568 0.49157199688590936 0.6240546941068053
3 0.506577069078844 0.5967829331140473 0.5157770313301171 0.5946254629355725 0.5217609288296217 0.6201393703493437 0.5125609683593666 0.6222968352874365
3 0.24561427845935668 0.22007582270486184 0.2702481132291723 0.2253118193685038 0.26667434278226665 0.24212509215555822 0.24204050896514673 0.2368890986595128
3 0.8522503826754928 0.5433628793859628 0.8617103398538575 0.5413542195959502 0.8670457604843023 0.5664795220341794 0.8575858046486928 0.5684881774697605
3 0.898741922770455 0.5452561871993358 0.9100241734055317 0.5431746815081139 0.9158841776562667 0.574934290159419 0.9046019285750617 0.5770157901086819
3 0.8700389300514644 0.6561355646714478 0.8595364853712226 0.6586224684089474 0.8535900571937418 0.6335132153871196 0.8640924506579495 0.6310263179824565
3 0.8679816754386138 0.6322419331140389 0.879143279953837 0.6301099817568366 0.8854360518824933 0.6630509567585929 0.8742744493436021 0.6651829010487332
3 0.8394511610410973 0.05450839488878353 0.839913551807058 0.06469292474658124 0.8151814727721103 0.06581578842302084 0.8147190844298393 0.05563126096486277
3 0.1471533111048302 0.13371035755249633 0.14360458910198304 0.1669604292088572 0.12972408927169 0.16547899098419508 0.13327282052023293 0.1322289299096354
3 0.14672903390862757 0.2758322495258544 0.14255243194611467 0.29048629438605034 0.11507145530390517 0.2826540101307602 0.11924806785498276 0.26799998327095187
3 0.4781000642674371 0.025517746596507133 0.5052694712396715 0.03279776462728267 0.5013760612680471 0.047328167621449646 0.47420665460526834 0.04004815021928847
3 0.792519617031644 0.5364837808159941 0.8032881330482269 0.5376506445853166 0.7998746602454503 0.5691493167973803 0.7891061447368202 0.5679824561403497
3 0.1048649835526021 0.510947757675447 0.1184121307182977 0.5074853760101496 0.12851434728361255 0.5470086755941511 0.11496720430795904 0.5504710458519047
3 0.31862180528173667 0.42214912013837724 0.31862183552630086 0.41040734429825987 0.3464912375662834 0.4104074009659615 0.34649122807013555 0.4221491560742658
3 0.28182560719653793 0.5738010598542826 0.27077071802102637 0.570998672121734 0.2791291801919442 0.5380294088771826 0.29018400834308977 0.5408317884733209
3 0.3823935975876793 0.6713053804824595 0.39538637624002604 0.6686920405431339 0.40295701874583756 0.7063257300813629 0.38996424317610945 0.7089390594702082
3 0.5429412270491412 0.5939167818900387 0.5564402780725004 0.5969966368548365 0.5481494093030506 0.6333315130906777 0.5346503618421821 0.6302516688596614
3 0.14711769033704059 0.6107850413523996 0.1515948377193581 0.5978757817982433 0.18257055387414312 0.6086174382863137 0.17809345273394683 0.6215266586213914
3 0.6889481268050304 0.3722746753966945 0.6988828325080476 0.37643408667716016 0.6838279288022022 0.4123908841675573 0.6738932286733643 0.4082314825864407
3 0.8206857131590368 0.5389625957749263 0.8317916070212732 0.5386117541285563 0.83278812788717 0.5701537075677695 0.8216822340655199 0.5705045482777064
3 0.7750219552659701 0.5369694211038061 0.7852340903508548 0.5376834563089179 0.7832520582250027 0.5660278948623546 0.7730399233211074 0.5653138613614339
3 0.5258630881529598 0.5959676628816065 0.5361448968270679 0.5967968387614346 0.5338205483266165 0.6256155924210224 0.5235387399222873 0.6247864187740029
3 0.5943839799616626 0.5949183918966658 0.6052447805773227 0.5987371997107046 0.5946078068207044 0.6289856316218898 0.5837470118477768 0.6251668352335855
3 0.5433817896087021 0.5639488553826947 0.5336147578683494 0.5887036708053808 0.524629028508798 0.5851586907895071 0.5343960684144804 0.5604038963523871
3 0.5526315979928995 0.5899122807017544 0.5421621206139662 0.5899122807017544 0.5421621530779248 0.5619772796052631 0.5526315789473983 0.5619772796052631
3 0.5617537438141653 0.5659120876383431 0.5719011834764842 0.5673380694735152 0.5682124906581976 0.5935845353993653 0.5580650516924379 0.5921585569063449
3 0.5751244046052761 0.5660905372807012 0.5847379634662957 0.5655086454229536 0.5863479725876459 0.5921052631578979 0.5767344138509998 0.5926871536480943
3 0.5894605230262187 0.5665560964912426 0.5992777837730046 0.5638892083035497 0.6064381929298861 0.590245211126786 0.5966209346735241 0.5929120928888681
3 0.611613134260665 0.5653060113084268 0.6207405486048856 0.5687827956216779 0.6115841415320347 0.5928181731517047 0.6024567313560283 0.5893413967288966
3 0.5777444110776742 0.6001425849832409 0.5881795049754146 0.6029959159743508 0.5802370073837437 0.6320395838900763 0.56980191666662 0.6291862609649107
3 0.6203098519109744 0.6014226624066444 0.6118040161663885 0.6296327150997096 0.6008260036485353 0.6263230134711819 0.6093318566015569 0.5981129911298058
3 0.737488008395303 0.6208029163982179 0.7482805420316936 0.6246463990737359 0.739324445958232 0.649792117326251 0.7285319172866593 0.6459486445880083
3 0.5576491866424931 0.6011201221274513 0.5694693820275916 0.6006270737074554 0.5705769364924436 0.6271762350662073 0.5587567411811278 0.6276692822603142
3 0.5937155394736919 0.7127193036329585 0.5937155944360484 0.6813424440683904 0.604166686811368 0.6813424734812272 0.6041666666666288 0.7127192982455837
3 0.5792461218151175 0.6841413621802024 0.590571251680899 0.6862113918440377 0.5848963878758013 0.7172539669639438 0.5735712598923328 0.7151839442684732
3 0.5472496175980268 0.6863096902501752 0.5586216037261238 0.6880301550200991 0.5545343390242579 0.7150422820213675 0.5431623540212058 0.7133218222716607
3 0.6255228876742649 0.3971915291781814 0.6226426575976802 0.41203102360421456 0.5970290163860454 0.4070598356992464 0.5999092642543928 0.39222036513160163
3 0.563390654539603 0.4447889271118258 0.5606174218225988 0.43220990981885726 0.5918903332458285 0.42531569867700314 0.5946635849109043 0.4378946894572464
3 0.7151139696686641 0.6477647647008079 0.7054159995326472 0.6512603764709419 0.6972661293954161 0.6286527395044622 0.7069640581140675 0.6251571359649059
3 0.17972321114223178 0.12891153481049755 0.17822461281264168 0.11826724570289249 0.19886856003790854 0.1153608171582281 0.20036716180140957 0.12600510213092922