2 0.3529442809710872 0.14355009871326146 0.34623976206137286 0.1474835888157927 0.3238986172306113 0.1094039461791146 0.33060312719294416 0.10547045942981345
2 0.26036473596650467 0.24696963395434599 0.2673119879385695 0.24463894956141333 0.27798223468141714 0.2764439402502358 0.2710349841873949 0.27877462152586324
2 0.27044138781764104 0.27838204868389627 0.26358898026319366 0.28052516447367276 0.25413048261100357 0.2502831569172618 0.260982873903572 0.24814004385964156
2 0.2411611710243733 0.1971325226504182 0.24758004495618025 0.19474835855262454 0.25921111803347685 0.226062231863905 0.2527922454298732 0.22844639339547754
2 0.25762609614412213 0.2444607661651914 0.24758004495618025 0.24770240679823233 0.22673731119300555 0.18311034290483358 0.2367833212719006 0.17986870942983169
2 0.20916615434600772 0.11285753941274894 0.21512008607351163 0.11094271293975352 0.22710060958252143 0.1481945865389074 0.22114667853600167 0.15010941152148768
2 0.1887486270293266 0.10326261712017124 0.2017870438595537 0.09803063486843713 0.22971745222878326 0.16763456146798983 0.2166790399016918 0.1728665356213687
2 0.21625493840235777 0.17457991826597333 0.20699925548240117 0.17811816228071495 0.1802454612695783 0.10813342470262932 0.18950111732453934 0.1045951864035206
2 0.34276980884772 0.09487593223442044 0.3503350880503149 0.09102843773891119 0.37130316394200236 0.1322575483060428 0.3637378867924781 0.13610503972325555
2 0.36203920768957687 0.1329163633124675 0.3559195833332751 0.1361050328947422 0.33751403851260875 0.10078166511767642 0.3436336557017512 0.09759299780699159
2 0.3570564122927635 0.13814863628132076 0.3508973200538321 0.1414545525180462 0.3307731568588679 0.1039623686842106 0.3369322412280553 0.10065645504384899
2 0.36559940792017187 0.15054704373616923 0.36232065647084255 0.1528382061301403 0.35375773584166836 0.1405843787382299 0.3570364857455388 0.1382932171052865
2 0.44245832532419627 0.6204703385780257 0.44928928775254917 0.6178292429602738 0.46438860833188755 0.6568775359838299 0.4575576516573392 0.6595186208457231
2 0.4683719732852296 0.6491218374345994 0.46202531688595627 0.6516411381579117 0.4486049841748354 0.6178365780713659 0.45495160087716613 0.6153172861842107
2 0.4543775459794688 0.6139609123904117 0.4605361129385983 0.6113785559210678 0.4737683532231358 0.6429318915399229 0.46760979110911194 0.6455142395501599
2 0.47775374469904364 0.641115889802883 0.47216265153292625 0.64312539456042 0.4605295651833785 0.6107622339161632 0.4661206250000305 0.6087527357456006
2 0.4631882499187441 0.5999803646405546 0.4739389429823859 0.5960612686403644 0.49548623289695115 0.6551619321508997 0.4847355518186305 0.6590810045861908
2 0.4747471312139169 0.598713188905599 0.4832464627193076 0.5956236326754262 0.5021701209561797 0.6476763561342677 0.493670797694449 0.6507658961217725
2 0.48318810973887594 0.5943518700485069 0.4916647669978147 0.5914817513912151 0.5073596855011147 0.6378301351707029 0.49888303453053595 0.6407002406487358
2 0.37647497565387766 0.2848111738663964 0.38458680032056236 0.28096277448480195 0.40684595217635433 0.3278802964958115 0.39873413340365005 0.33172868655265575
2 0.38599591710510595 0.28356588611275485 0.39203276206137616 0.2805251644736699 0.4092386041553482 0.31468358441414396 0.4032017627097275 0.3177243007534355
2 0.41611553511438615 0.3119158210306391 0.4090988143947243 0.31530731504758713 0.38948367594787214 0.27472627886204976 0.3965003728070542 0.2713347916666629
2 0.26747233519711244 0.24528413782810185 0.27364110197368063 0.2433260394736955 0.2831605644124693 0.27331543043086964 0.2769917987346844 0.2752735263515496
2 0.2738560428401797 0.24590856088789598 0.2777364111841507 0.24463894956141088 0.2853397801702613 0.2678770005581071 0.2814594123885854 0.26914661066989837
2 0.2876192109634985 0.26398564348485365 0.2844378256579603 0.26520787719297256 0.2790226389114423 0.2511128239929633 0.2822040208333192 0.24989059100879185
2 0.15711094517541824 0.004376367324552076 0.16378283772610303 0.0017440993844246872 0.1756964640071601 0.031941036320414236 0.16902457158482775 0.03457330403723445
2 0.17200297807016796 0.0026258201754200774 0.17926858792327494 -0.0004170878032496214 0.19118221327698848 0.028029303016981266 0.18391660354495798 0.031072210786669854
2 0.1801935964912218 0.002625820175456281 0.1875345473423522 -0.0007279762042089586 0.1983312705233402 0.0229044101092983 0.1909903197664562 0.02625820632721049
2 0.37974705861563507 0.8770240679075584 0.3644838827432295 0.8771792302014461 0.36336559978065 0.7671772434210526 0.3786283551800125 0.7670220832645668
2 0.40450232831267385 0.7590754212235721 0.39538346929828094 0.7606126918859648 0.38700931292601126 0.710946452785478 0.3961280712719599 0.7094091907894691
2 0.33730454166664003 0.7010940921052615 0.3454906880717772 0.7005846112587653 0.34772448402952705 0.7364708276201629 0.3395383378116321 0.7369803064612428
2 0.3421444594039258 0.659080963648303 0.33539256791971184 0.6581237686979585 0.3399106480262617 0.6262582061403437 0.34666249760914525 0.6272153980759835
2 0.339894195810416 0.5862060195856854 0.34884586732448497 0.5855579868421068 0.35184071490584756 0.6269230867756828 0.3428890436615575 0.6275711170361868
2 0.359664660595854 0.6271826848475827 0.35107967214912605 0.6275711162280725 0.34919616418380883 0.5859464167268468 0.35778108662270824 0.5855579868421077
2 0.37359480570137293 0.630516717020846 0.36559940460517737 0.6323851206140464 0.3561148591406891 0.5918027505106744 0.3641102006578194 0.589934354166678
2 0.3365599407894706 0.5978118157894766 0.3410368254997138 0.5975131425638225 0.3425260252334965 0.6198326181679066 0.3380491405853263 0.6201312907739931
2 0.3297824254019588 0.5971409010973746 0.3354430383772069 0.5964989057017581 0.339242135346808 0.6299925813709397 0.3335815227130752 0.6306345747440081
2 0.3227848103069846 0.5557986874999992 0.32981783736124726 0.5546699224685641 0.33354083716483274 0.5778646737411237 0.32650781065410683 0.5789934364831707
2 0.32278481132561865 0.5899343610985305 0.3178352253800085 0.5562524383811817 0.3237920223390347 0.5553771761184287 0.3287416228070015 0.5890590811403744
2 0.31265988499706054 0.5535299089823122 0.3183172006578161 0.5527352302631623 0.325091390369721 0.6009558757163707 0.31943407541984925 0.6017505510331262
2 0.32807541708496046 0.5101363702205103 0.3194341030700798 0.5124726480263273 0.3040914442824487 0.45572795301090196 0.31273268749998806 0.4533916853070236
2 0.33408344831252634 0.5081968854015756 0.3278712720107251 0.5098809157175714 0.31657267176899495 0.4682048121938973 0.3227848103069846 0.4665207872807147
2 0.2808358091564287 0.3626797483546052 0.2908708428861928 0.3601488497824992 0.31308778113816516 0.448235008320409 0.3030527525919524 0.45076589269467227
2 0.2928081536913396 0.36728781835109786 0.301936036543907 0.3649890408945845 0.3188820954148923 0.43227455252885566 0.309754216102192 0.43457332027299156
2 0.3081913804409169 0.3905342649402669 0.3153387938596097 0.3886214440789433 0.32583688793636156 0.42784648993443664 0.31868947638974987 0.42975930595420836
2 0.27595132615192597 0.38717903308559787 0.2799702160087918 0.38599562390350933 0.2836168028186421 0.3983789553253787 0.2795979133467199 0.39956236359331826
2 0.3961073490340823 0.27054136028870013 0.4024571853069574 0.2673960614035235 0.419976017139561 0.30276281541833305 0.41362618441633003 0.30590810888125497
2 0.4008154874867387 0.2641111734026896 0.4084835935108231 0.26044190868323336 0.4324632865034346 0.3105539625773254 0.4247951861665342 0.31422321837478867
2 0.40561335426946243 0.2560525379471036 0.41542894098120087 0.25130975346639717 0.44205677049251335 0.306416994558432 0.43224119176738895 0.3111597666057396
4 0.7740134024122807 0.49759299780701755 0.788533134868421 0.49759299780701755 0.788533134868421 0.5146608311403509 0.7740134024122807 0.5146608311403509
4 0.8324646315789475 0.48752735197368424 0.8466120625 0.48752735197368424 0.8466120625 0.5045951864035088 0.8324646315789475 0.5045951864035088
4 0.8112434846491228 0.5242888399122807 0.8261355175438597 0.5242888399122807 0.8261355175438597 0.5417943103070175 0.8112434846491228 0.5417943103070175
4 0.8365599407894737 0.5194748355263158 0.8510796721491228 0.5194748355263158 0.8510796721491228 0.5365426699561403 0.8365599407894737 0.5365426699561403
4 0.8164556962719298 0.5562363234649123 0.8306031271929825 0.5562363234649123 0.8306031271929825 0.5737417938596492 0.8164556962719298 0.5737417938596492
4 0.841399850877193 0.5518599561403509 0.8559195833333333 0.5518599561403509 0.8559195833333333 0.5693654265350877 0.841399850877193 0.5693654265350877
2 0.9002679129134776 0.3466041051206003 0.900967982456109 0.3540481403508582 0.8823084013898779 0.35580288960995377 0.8816083399123045 0.34835886184208525
2 0.8793356105862813 0.3482551718910487 0.8782576326753997 0.3409190372807212 0.89244398429787 0.33883455452135663 0.8935219667295087 0.3461706836325582
2 0.8906119613058081 0.3392534569299515 0.8761677958675591 0.3411438173430934 0.8752792258771933 0.33435448574561216 0.8897233812975855 0.33246412599640107
2 0.8742448199443515 0.33446567098392804 0.8734177214912506 0.32954048135965225 0.8845042476336857 0.3276787559751026 0.885331348294585 0.3326039428054092
4 0.8075204769736842 0.4923413563596491 0.8216679078947369 0.4923413563596491 0.8216679078947369 0.5089715537280701 0.8075204769736842 0.5089715537280701
4 0.777364110745614 0.5295404813596492 0.7926284440789474 0.5295404813596492 0.7926284440789474 0.5474835888157894 0.777364110745614 0.5474835888157894
2 0.4158782029678605 0.2540172855423545 0.4221891282894603 0.2507658640350908 0.43855215357837096 0.28252539818272404 0.43224123146023885 0.2857768149412236
4 0.7814594188596492 0.5614879649122808 0.7967237532894738 0.5614879649122808 0.7967237532894738 0.5794310723684211 0.7814594188596492 0.5794310723684211
2 0.41372493264009336 0.33090090707589437 0.40953090131574754 0.33304157565791226 0.4023584686215145 0.3189896822630702 0.40655249451754116 0.3168490153508785
2 0.6360525984607648 0.28378238817881823 0.5971705142543442 0.297155360745624 0.5180804041522151 0.06720220700531017 0.5569620252192635 0.0538293212719441
2 0.6559939696637684 0.7378555455853364 0.665667879243415 0.7424157527311965 0.6478034254386102 0.78030634539474 0.6381295297395582 0.7757461603308594
2 0.671258310112421 0.8148796271414209 0.6802613646054851 0.8179769668273982 0.6664184660087358 0.8582056896929824 0.6574154196290465 0.8551083667958533
2 0.6757350410025538 0.8746515993868083 0.7058823530701375 0.8761487960526291 0.69991648342193 0.9962455295696735 0.6697691732456406 0.9947483585526331
2 0.683916588130046 0.8275711147838936 0.6928190156081655 0.8283728230654673 0.6894683238898551 0.8655719456486038 0.6805658969298065 0.864770241228073
2 0.6928518078902925 0.7855579854699097 0.7006890917945157 0.7862030724056521 0.6973384008307448 0.8269032898409434 0.6895011173245393 0.8262582061403468
2 0.6980154054663217 0.8196923879665606 0.7058823530701375 0.8192560175438591 0.7081647770230575 0.8603951423787305 0.7002978296106903 0.860831510500659
2 0.676098287280638 0.6371991250000013 0.7013996536519471 0.6363248497418943 0.7062394935685461 0.7763686285257626 0.6809381278986848 0.7772428905962355
2 0.6717628760537764 0.3271254623091379 0.6783320921052791 0.3190371995614193 0.7206420957394357 0.35339980775966245 0.7140729042905605 0.3614880476523196
2 0.6982659271803868 0.3348547265799554 0.7012066361847928 0.3315438001767427 0.7188751671565115 0.3472361376490247 0.7159344624039932 0.35054705998753755
4 0.7483246458333334 0.5557986874999999 0.7546537598684211 0.5557986874999999 0.7546537598684211 0.5632385120614035 0.7483246458333334 0.5632385120614035
4 0.7591213706140351 0.5540481403508771 0.7650781831140351 0.5540481403508771 0.7650781831140351 0.5614879649122808 0.7591213706140351 0.5614879649122808
2 0.16381236074562366 0.002625820175417776 0.17044448329238548 -0.0001517771658393038 0.18235810865769508 0.02829461363667409 0.17572598622166424 0.031072210786168668