4 0.7909977971491228 0.7907787675438597 0.814919735745614 0.7907787675438597 0.814919735745614 0.8202247192982456 0.7909977971491228 0.8202247192982456
4 0.3267233234649123 0.5443626502192982 0.33112999671052634 0.5443626502192982 0.33112999671052634 0.550174350877193 0.3267233234649123 0.550174350877193
4 0.4154863081140351 0.27353738815789475 0.42839156469298245 0.27353738815789475 0.42839156469298245 0.2890352576754386 0.4154863081140351 0.2890352576754386
4 0.40950582346491227 0.3025958925438596 0.42209631688596494 0.3025958925438596 0.42209631688596494 0.31809376206140355 0.40950582346491227 0.31809376206140355
4 0.4242996535087719 0.2921348311403509 0.43657538596491224 0.2921348311403509 0.43657538596491224 0.30685780701754384 0.4242996535087719 0.30685780701754384
4 0.4180044067982456 0.3200309956140351 0.4305949013157894 0.3200309956140351 0.4305949013157894 0.3363037587719298 0.4180044067982456 0.3363037587719298
4 0.43311299999999997 0.3095699342105263 0.4453887313596491 0.3095699342105263 0.4453887313596491 0.32545525 0.43311299999999997 0.32545525
4 0.3112999682017544 0.49399457565789473 0.31633616666666664 0.49399457565789473 0.31633616666666664 0.5005811699561403 0.3112999682017544 0.5005811699561403
4 0.31381806688596486 0.5017435098684211 0.31853950219298244 0.5017435098684211 0.31853950219298244 0.507555211622807 0.31381806688596486 0.507555211622807
4 0.31665092872807016 0.5091049978070176 0.32074283881578947 0.5091049978070176 0.32074283881578947 0.5145292521929824 0.31665092872807016 0.5145292521929824
4 0.3182247401315789 0.5156915921052632 0.322631413377193 0.5156915921052632 0.322631413377193 0.5215032927631579 0.3182247401315789 0.5215032927631579
4 0.3197985526315789 0.5230530800438596 0.32483475 0.5230530800438596 0.32483475 0.5284773344298246 0.3197985526315789 0.5284773344298246
4 0.32231665131578946 0.5300271217105262 0.3267233234649123 0.5300271217105262 0.3267233234649123 0.5354513750000001 0.32231665131578946 0.5354513750000001
4 0.3245199879385965 0.5370011622807018 0.329241423245614 0.5370011622807018 0.329241423245614 0.5428128629385964 0.3245199879385965 0.5428128629385964
4 0.329241423245614 0.5513366907894737 0.3333333333333333 0.5513366907894737 0.3333333333333333 0.5567609451754386 0.329241423245614 0.5567609451754386
4 0.3434057291666666 0.5548237116228071 0.3465533519736842 0.5548237116228071 0.3465533519736842 0.5598605186403508 0.3434057291666666 0.5598605186403508
4 0.33112999671052634 0.5583107324561404 0.33585143201754386 0.5583107324561404 0.33585143201754386 0.5641224331140351 0.33112999671052634 0.5641224331140351
4 0.33364809539473683 0.5652847730263157 0.33774000657894737 0.5652847730263157 0.33774000657894737 0.5718713673245615 0.33364809539473683 0.5718713673245615
4 0.322631413377193 0.48857032127192984 0.32609379934210525 0.48857032127192984 0.32609379934210525 0.4928322357456141 0.322631413377193 0.4928322357456141
4 0.3245199879385965 0.4947694692982456 0.327667610745614 0.4947694692982456 0.327667610745614 0.4990313826754386 0.3245199879385965 0.4990313826754386
4 0.3264085614035088 0.5009686173245614 0.3295561853070176 0.5009686173245614 0.3295561853070176 0.5052305307017544 0.3264085614035088 0.5052305307017544
4 0.3282971359649123 0.5067803179824562 0.33144475877192986 0.5067803179824562 0.33144475877192986 0.5114296787280701 0.3282971359649123 0.5114296787280701
4 0.32987094736842104 0.5125920186403509 0.33364809539473683 0.5125920186403509 0.33364809539473683 0.516853933114035 0.32987094736842104 0.516853933114035
4 0.33175952192982455 0.5191786129385965 0.33490714473684213 0.5191786129385965 0.33490714473684213 0.5234405274122808 0.33175952192982455 0.5234405274122808
4 0.33364809539473683 0.5249903135964912 0.3371104813596491 0.5249903135964912 0.3371104813596491 0.5292522280701754 0.33364809539473683 0.5292522280701754
4 0.33553666995614034 0.531189461622807 0.33899905592105267 0.531189461622807 0.33899905592105267 0.5350639287280702 0.33553666995614034 0.5350639287280702
4 0.3371104813596491 0.5370011622807018 0.34057286732456143 0.5370011622807018 0.34057286732456143 0.5408756293859649 0.3371104813596491 0.5408756293859649
4 0.33899905592105267 0.5428128629385964 0.3427762039473684 0.5428128629385964 0.3427762039473684 0.5474622236842105 0.33899905592105267 0.5474622236842105
4 0.4013220021929825 0.2836110032894737 0.41328297149122806 0.2836110032894737 0.41328297149122806 0.2998837664473684 0.4013220021929825 0.2998837664473684
4 0.406672961622807 0.25493994627192984 0.4198929802631579 0.25493994627192984 0.4198929802631579 0.2708252620614035 0.406672961622807 0.2708252620614035
4 0.3921938936403509 0.26578845394736844 0.40478438815789475 0.26578845394736844 0.40478438815789475 0.2812863234649123 0.3921938936403509 0.2812863234649123
4 0.39785961622807015 0.23595505592105265 0.41045010964912276 0.23595505592105265 0.41045010964912276 0.2518403717105263 0.39785961622807015 0.2518403717105263
4 0.3122442554824561 0.20612165789473685 0.31633616666666664 0.20612165789473685 0.31633616666666664 0.2119333596491228 0.3122442554824561 0.2119333596491228
4 0.31287378070175437 0.21735761293859648 0.31665092872807016 0.21735761293859648 0.31665092872807016 0.2227818673245614 0.31287378070175437 0.2227818673245614
4 0.2669184769736842 0.3037582335526316 0.28360088157894736 0.3037582335526316 0.28360088157894736 0.32390546271929826 0.2669184769736842 0.32390546271929826
4 0.27510229824561405 0.33049205701754386 0.29146993969298246 0.33049205701754386 0.29146993969298246 0.35063928728070176 0.27510229824561405 0.35063928728070176
4 0.2920994649122807 0.29252227850877194 0.30909663157894735 0.29252227850877194 0.30909663157894735 0.31266950767543855 0.2920994649122807 0.31266950767543855
4 0.29996852412280706 0.3192561019736842 0.3169656907894737 0.3192561019736842 0.3169656907894737 0.3405656721491228 0.29996852412280706 0.3405656721491228
4 0.28328611951754384 0.35722588157894736 0.29996852412280706 0.35722588157894736 0.29996852412280706 0.3777605581140351 0.28328611951754384 0.3777605581140351
4 0.29146993969298246 0.3851220460526316 0.30909663157894735 0.3851220460526316 0.30909663157894735 0.40643161513157894 0.29146993969298246 0.40643161513157894
4 0.29933899890350874 0.4118558695175438 0.31665092872807016 0.4118558695175438 0.31665092872807016 0.43277799342105266 0.29933899890350874 0.43277799342105266
4 0.3002832861842105 0.7450600537280702 0.3050047214912281 0.7450600537280702 0.3050047214912281 0.7512592017543859 0.3002832861842105 0.7512592017543859
4 0.30720805811403507 0.7686943048245615 0.3125590175438597 0.7686943048245615 0.3125590175438597 0.774893451754386 0.30720805811403507 0.774893451754386
4 0.1973559967105263 0.5629600932017544 0.20018885745614035 0.5629600932017544 0.20018885745614035 0.5668345603070175 0.1973559967105263 0.5668345603070175
4 0.20050361951754384 0.5617977532894737 0.2030217182017544 0.5617977532894737 0.2030217182017544 0.564897326754386 0.20050361951754384 0.564897326754386
4 0.40572867434210524 0.09996125548245614 0.4205225054824561 0.09996125548245614 0.4205225054824561 0.1177838048245614 0.40572867434210524 0.1177838048245614
4 0.42902108881578943 0.09066253399122806 0.43689014802631576 0.09066253399122806 0.43689014802631576 0.10073614912280703 0.42902108881578943 0.10073614912280703
4 0.4327982368421053 0.10771018969298246 0.4412968212719298 0.10771018969298246 0.4412968212719298 0.11739635745614035 0.4327982368421053 0.11739635745614035
4 0.44318539473684215 0.08485083333333333 0.45199874122807016 0.08485083333333333 0.45199874122807016 0.09492444736842105 0.44318539473684215 0.09492444736842105
4 0.3282971359649123 0.27818674890350875 0.3465533519736842 0.27818674890350875 0.3465533519736842 0.30065865899122807 0.3282971359649123 0.30065865899122807
4 0.3512747872807018 0.26617590131578944 0.36890147916666666 0.26617590131578944 0.36890147916666666 0.2890352576754386 0.3512747872807018 0.2890352576754386
4 0.33774000657894737 0.306082913377193 0.35599622258771935 0.306082913377193 0.35599622258771935 0.32855482346491227 0.33774000657894737 0.32855482346491227
4 0.34718287719298246 0.3335916315789474 0.36512433114035087 0.3335916315789474 0.36512433114035087 0.35606354166666665 0.34718287719298246 0.35606354166666665
4 0.36008813377192983 0.2940720646929824 0.3780295877192983 0.2940720646929824 0.3780295877192983 0.3161565285087719 0.36008813377192983 0.3161565285087719
4 0.37047529166666665 0.3219682291666667 0.3874724583333333 0.3219682291666667 0.3874724583333333 0.344440139254386 0.37047529166666665 0.344440139254386
4 0.31665092872807016 0.21464548574561404 0.3213723640350877 0.21464548574561404 0.3213723640350877 0.22123208004385964 0.31665092872807016 0.22123208004385964
4 0.3827510230263158 0.24641611732456142 0.3956562796052632 0.24641611732456142 0.3956562796052632 0.26268888048245614 0.3827510230263158 0.26268888048245614
4 0.3408876293859649 0.5486245635964913 0.3446647785087719 0.5486245635964913 0.3446647785087719 0.5532739243421053 0.3408876293859649 0.5532739243421053
4 0.34497954057017544 0.5610228596491228 0.34781240131578944 0.5610228596491228 0.34781240131578944 0.5652847730263157 0.34497954057017544 0.5652847730263157
4 0.23670129057017544 0.054242541666666665 0.23953415131578948 0.054242541666666665 0.23953415131578948 0.05811700877192983 0.23670129057017544 0.05811700877192983
4 0.36480956907894735 0.5559860515350877 0.3673276677631579 0.5559860515350877 0.3673276677631579 0.5590856260964913 0.36480956907894735 0.5590856260964913
4 0.3597733706140351 0.5567609451754386 0.3626062324561404 0.5567609451754386 0.3626062324561404 0.5606354122807017 0.3597733706140351 0.5606354122807017
4 0.34844192653508776 0.5036807434210526 0.3512747872807018 0.5036807434210526 0.3512747872807018 0.5071677642543859 0.34844192653508776 0.5071677642543859
4 0.349700975877193 0.5087175515350877 0.352533836622807 0.5087175515350877 0.352533836622807 0.511817125 0.349700975877193 0.511817125
4 0.3512747872807018 0.5133669122807017 0.35379288596491226 0.5133669122807017 0.35379288596491226 0.516853933114035 0.3512747872807018 0.516853933114035
4 0.35284859978070177 0.5184037192982456 0.35536669846491226 0.5184037192982456 0.35536669846491226 0.5215032927631579 0.35284859978070177 0.5215032927631579
4 0.354107649122807 0.5226656337719299 0.35662574780701756 0.5226656337719299 0.35662574780701756 0.5261526535087719 0.354107649122807 0.5261526535087719
4 0.3556814605263158 0.5273149945175438 0.3581995592105263 0.5273149945175438 0.3581995592105263 0.530802014254386 0.3556814605263158 0.530802014254386
4 0.356940509868421 0.5319643552631579 0.3597733706140351 0.5319643552631579 0.3597733706140351 0.5350639287280702 0.356940509868421 0.5350639287280702
4 0.35851432127192984 0.536613716008772 0.3610324210526316 0.536613716008772 0.3610324210526316 0.540100735745614 0.35851432127192984 0.540100735745614
4 0.36008813377192983 0.5416505230263158 0.3626062324561404 0.5416505230263158 0.3626062324561404 0.5451375438596491 0.36008813377192983 0.5451375438596491
4 0.3613471831140351 0.5466873300438596 0.36418004385964914 0.5466873300438596 0.36418004385964914 0.5497869046052631 0.3613471831140351 0.5497869046052631
4 0.3635505197368421 0.5509492445175439 0.36575385635964913 0.5509492445175439 0.36575385635964913 0.5540488179824562 0.3635505197368421 0.5540488179824562
4 0.35725527192982454 0.4990313826754386 0.3597733706140351 0.4990313826754386 0.3597733706140351 0.502518403508772 0.35725527192982454 0.502518403508772
4 0.327667610745614 0.4862456414473684 0.33081523464912277 0.4862456414473684 0.33081523464912277 0.49012010855263155 0.327667610745614 0.49012010855263155
4 0.35882908442982453 0.5048430844298246 0.3610324210526316 0.5048430844298246 0.3610324210526316 0.5079426578947368 0.35882908442982453 0.5079426578947368
4 0.3604028958333333 0.5094924451754386 0.36292099451754384 0.5094924451754386 0.36292099451754384 0.512204572368421 0.3604028958333333 0.512204572368421
4 0.3616619451754386 0.5141418059210526 0.36418004385964914 0.5141418059210526 0.36418004385964914 0.5172413793859649 0.3616619451754386 0.5172413793859649
4 0.36323575657894736 0.5187911666666667 0.3654390932017544 0.5187911666666667 0.3654390932017544 0.521890740131579 0.36323575657894736 0.521890740131579
4 0.36480956907894735 0.5230530800438596 0.36701290570175443 0.5230530800438596 0.36701290570175443 0.5257652072368421 0.36480956907894735 0.5257652072368421
4 0.36606861842105265 0.5280898881578947 0.3682719550438596 0.5280898881578947 0.3682719550438596 0.531189461622807 0.36606861842105265 0.531189461622807
4 0.3676424298245614 0.5327392478070175 0.37016052850877196 0.5327392478070175 0.37016052850877196 0.5358388223684211 0.3676424298245614 0.5358388223684211
4 0.36890147916666666 0.5370011622807018 0.37141957785087715 0.5370011622807018 0.37141957785087715 0.5404881831140351 0.36890147916666666 0.5404881831140351
4 0.37016052850877196 0.5416505230263158 0.37236386513157893 0.5416505230263158 0.37236386513157893 0.5447500964912281 0.37016052850877196 0.5447500964912281
4 0.37173434100877195 0.5466873300438596 0.3748819638157895 0.5466873300438596 0.3748819638157895 0.550561798245614 0.37173434100877195 0.550561798245614
4 0.37362291447368423 0.5521115844298246 0.3761410131578947 0.5521115844298246 0.3761410131578947 0.5555986052631579 0.37362291447368423 0.5555986052631579
4 0.38589864692982456 0.45757458333333334 0.39062008223684214 0.45757458333333334 0.39062008223684214 0.46338628399122805 0.38589864692982456 0.46338628399122805
4 0.3591438464912281 0.5524990317982457 0.36197670723684205 0.5524990317982457 0.36197670723684205 0.5559860515350877 0.3591438464912281 0.5559860515350877
4 0.3578847971491228 0.5482371173245614 0.3604028958333333 0.5482371173245614 0.3604028958333333 0.5509492445175439 0.3578847971491228 0.5509492445175439
4 0.35599622258771935 0.5432003103070175 0.35882908442982453 0.5432003103070175 0.35882908442982453 0.5466873300438596 0.35599622258771935 0.5466873300438596
4 0.35505193530701756 0.5389383958333334 0.35757003508771934 0.5389383958333334 0.35757003508771934 0.5416505230263158 0.35505193530701756 0.5416505230263158
4 0.329241423245614 0.4916698958333333 0.33238904605263153 0.4916698958333333 0.33238904605263153 0.4955443629385965 0.329241423245614 0.4955443629385965
4 0.33112999671052634 0.497094149122807 0.3342776206140351 0.497094149122807 0.3342776206140351 0.5013560635964912 0.33112999671052634 0.5013560635964912
4 0.3327038081140351 0.5032932971491229 0.33585143201754386 0.5032932971491229 0.33585143201754386 0.5071677642543859 0.3327038081140351 0.5071677642543859
4 0.3342776206140351 0.5083301041666667 0.3374252434210527 0.5083301041666667 0.3374252434210527 0.512204572368421 0.3342776206140351 0.512204572368421
4 0.3361661940789474 0.5145292521929824 0.33931381798245613 0.5145292521929824 0.33931381798245613 0.5184037192982456 0.3361661940789474 0.5184037192982456
4 0.3380547686403509 0.5199535065789473 0.34120239254385965 0.5199535065789473 0.34120239254385965 0.5238279736842105 0.3380547686403509 0.5238279736842105
4 0.33962858004385965 0.5253777609649123 0.3430909660087719 0.5253777609649123 0.3430909660087719 0.5296396743421052 0.33962858004385965 0.5296396743421052
4 0.34057286732456143 0.531189461622807 0.3440352532894737 0.531189461622807 0.3440352532894737 0.5354513750000001 0.34057286732456143 0.5354513750000001
4 0.34246144188596495 0.5370011622807018 0.34592382785087716 0.5370011622807018 0.34592382785087716 0.5408756293859649 0.34246144188596495 0.5408756293859649
4 0.34435001535087717 0.5428128629385964 0.34812716447368425 0.5428128629385964 0.34812716447368425 0.5478496710526316 0.34435001535087717 0.5478496710526316
4 0.3468681140350877 0.5490120109649123 0.3500157379385965 0.5490120109649123 0.3500157379385965 0.5532739243421053 0.3468681140350877 0.5532739243421053
4 0.3487566885964912 0.5548237116228071 0.3519043125 0.5548237116228071 0.3519043125 0.5590856260964913 0.3487566885964912 0.5590856260964913
4 0.35064526315789474 0.5602479660087719 0.35379288596491226 0.5602479660087719 0.35379288596491226 0.564897326754386 0.35064526315789474 0.564897326754386
4 0.33774000657894737 0.48237117434210525 0.34025810526315786 0.48237117434210525 0.34025810526315786 0.48547074780701754 0.33774000657894737 0.48547074780701754
4 0.33931381798245613 0.4870205350877193 0.34151715460526316 0.4870205350877193 0.34151715460526316 0.49050755482456143 0.33931381798245613 0.49050755482456143
4 0.34025810526315786 0.4916698958333333 0.3427762039473684 0.4916698958333333 0.3427762039473684 0.4947694692982456 0.34025810526315786 0.4947694692982456
4 0.3418319166666666 0.4967067028508772 0.3440352532894737 0.4967067028508772 0.3440352532894737 0.4998062763157895 0.3418319166666666 0.4998062763157895
4 0.3434057291666666 0.5009686173245614 0.34560906469298247 0.5009686173245614 0.34560906469298247 0.5044556370614035 0.3434057291666666 0.5044556370614035
4 0.34435001535087717 0.5060054243421053 0.3468681140350877 0.5060054243421053 0.3468681140350877 0.5094924451754386 0.34435001535087717 0.5094924451754386
4 0.3465533519736842 0.5106547850877193 0.34907145065789474 0.5106547850877193 0.34907145065789474 0.5137543585526315 0.3465533519736842 0.5137543585526315
4 0.34781240131578944 0.5153041458333333 0.3500157379385965 0.5153041458333333 0.3500157379385965 0.5184037192982456 0.34781240131578944 0.5184037192982456
4 0.34907145065789474 0.5195660592105263 0.3515895493421053 0.5195660592105263 0.3515895493421053 0.5230530800438596 0.34907145065789474 0.5230530800438596
4 0.35064526315789474 0.5246028673245614 0.35284859978070177 0.5246028673245614 0.35284859978070177 0.5277024407894737 0.35064526315789474 0.5277024407894737
4 0.3519043125 0.5288647807017544 0.35442241118421053 0.5288647807017544 0.35442241118421053 0.5323518015350878 0.3519043125 0.5323518015350878
4 0.3534781239035088 0.5335141414473684 0.35599622258771935 0.5335141414473684 0.35599622258771935 0.5370011622807018 0.3534781239035088 0.5370011622807018
4 0.3068932960526316 0.20922123245614035 0.3109852061403509 0.20922123245614035 0.3109852061403509 0.2138705932017544 0.3068932960526316 0.2138705932017544
4 0.23512747916666668 0.05036807456140351 0.2382751019736842 0.05036807456140351 0.2382751019736842 0.053855095394736846 0.23512747916666668 0.053855095394736846
4 0.39062008223684214 0.4722975592105263 0.39534151754385966 0.4722975592105263 0.39534151754385966 0.47772181359649124 0.39062008223684214 0.47772181359649124
4 0.17028643421052633 0.7931034484649122 0.1778407302631579 0.7931034484649122 0.1778407302631579 0.8016272763157894 0.17028643421052633 0.8016272763157894
4 0.14888259320175437 0.818287485745614 0.15203021710526315 0.818287485745614 0.15203021710526315 0.822549399122807 0.14888259320175437 0.822549399122807
4 0.15328926644736843 0.8163502521929825 0.1567516524122807 0.8163502521929825 0.1567516524122807 0.8206121655701754 0.15328926644736843 0.8206121655701754
4 0.15769593969298243 0.8140255712719298 0.16115832565789473 0.8140255712719298 0.16115832565789473 0.8186749320175438 0.15769593969298243 0.8186749320175438
4 0.1504564057017544 0.8395970559210527 0.15580736513157895 0.8395970559210527 0.15580736513157895 0.846958542763158 0.1504564057017544 0.846958542763158
4 0.15643689035087718 0.837272375 0.16210261293859649 0.837272375 0.16210261293859649 0.8442464155701754 0.15643689035087718 0.8442464155701754
4 0.162417375 0.8337853541666667 0.1680830975877193 0.8337853541666667 0.1680830975877193 0.8411468421052631 0.162417375 0.8411468421052631
4 0.16871262171052634 0.8314606743421052 0.1743783442982456 0.8314606743421052 0.1743783442982456 0.8384347149122807 0.16871262171052634 0.8384347149122807
4 0.1551778410087719 0.7431228201754386 0.163046899122807 0.7431228201754386 0.163046899122807 0.7524215416666666 0.1551778410087719 0.7524215416666666
4 0.1586402269736842 0.7547462225877194 0.16682404824561403 0.7547462225877194 0.16682404824561403 0.7644323903508772 0.1586402269736842 0.7644323903508772
4 0.16273213706140352 0.7655947302631579 0.16871262171052634 0.7655947302631579 0.16871262171052634 0.7729562182017543 0.16273213706140352 0.7729562182017543
4 0.16619452302631577 0.7783804725877193 0.1718602456140351 0.7783804725877193 0.1718602456140351 0.7849670668859648 0.16619452302631577 0.7849670668859648
4 0.1683978596491228 0.7849670668859648 0.17532263157894737 0.7849670668859648 0.17532263157894737 0.7927160010964912 0.1683978596491228 0.7927160010964912
4 0.1746931063596491 0.8240991864035088 0.17878501754385967 0.8240991864035088 0.17878501754385967 0.8295234407894737 0.1746931063596491 0.8295234407894737
4 0.18508026425438598 0.7907787675438597 0.1875983629385965 0.7907787675438597 0.1875983629385965 0.7938783421052632 0.18508026425438598 0.7938783421052632
4 0.17689644298245613 0.8326230142543859 0.1813031162280702 0.8326230142543859 0.1813031162280702 0.8376598212719297 0.17689644298245613 0.8376598212719297
4 0.17909977960526316 0.8217745054824561 0.1838212149122807 0.8217745054824561 0.1838212149122807 0.8275862072368421 0.17909977960526316 0.8275862072368421
4 0.18161787828947368 0.8299108870614035 0.18602455153508773 0.8299108870614035 0.18602455153508773 0.8353351414473684 0.18161787828947368 0.8353351414473684
4 0.16493547368421052 0.7392483530701753 0.16776833442982456 0.7392483530701753 0.16776833442982456 0.7431228201754386 0.16493547368421052 0.7431228201754386
4 0.16493547368421052 0.7438977138157895 0.16902738486842106 0.7438977138157895 0.16902738486842106 0.7481596282894737 0.16493547368421052 0.7481596282894737
4 0.1665092850877193 0.7493219682017543 0.17060119627192982 0.7493219682017543 0.17060119627192982 0.7539713289473684 0.1665092850877193 0.7539713289473684
4 0.16871262171052634 0.7551336688596492 0.17311929495614034 0.7551336688596492 0.17311929495614034 0.760557923245614 0.16871262171052634 0.760557923245614
4 0.1718602456140351 0.7617202631578948 0.1743783442982456 0.7617202631578948 0.1743783442982456 0.7648198377192982 0.1718602456140351 0.7648198377192982
4 0.17343405701754386 0.7667570712719298 0.17595215570175438 0.7667570712719298 0.17595215570175438 0.7694691984649122 0.17343405701754386 0.7694691984649122
4 0.1797293048245614 0.7880666403508771 0.18224740350877192 0.7880666403508771 0.18224740350877192 0.7911662149122807 0.1797293048245614 0.7911662149122807
4 0.18067359100877192 0.7923285548245614 0.18319169078947367 0.7923285548245614 0.18319169078947367 0.7958155756578947 0.18067359100877192 0.7958155756578947
4 0.1819326403508772 0.7965904692982456 0.18476550219298246 0.7965904692982456 0.18476550219298246 0.8000774890350877 0.1819326403508772 0.8000774890350877
4 0.1447906831140351 0.8117008914473685 0.14856783114035088 0.8117008914473685 0.14856783114035088 0.8163502521929825 0.1447906831140351 0.8163502521929825
4 0.14290210855263155 0.8062766370614035 0.14667925767543857 0.8062766370614035 0.14667925767543857 0.8105385504385965 0.14290210855263155 0.8105385504385965
4 0.1413282971491228 0.8004649364035087 0.14510544517543858 0.8004649364035087 0.14510544517543858 0.8055017434210526 0.1413282971491228 0.8055017434210526
4 0.14038400986842103 0.7965904692982456 0.14321687171052633 0.7965904692982456 0.14321687171052633 0.7996900427631579 0.14038400986842103 0.7996900427631579
4 0.0006295252192982457 0.07516466447368421 0.008183821271929825 0.07516466447368421 0.008183821271929825 0.08446338596491228 0.0006295252192982457 0.08446338596491228
4 0.07082152960526317 0.035257652412280696 0.07743153947368421 0.035257652412280696 0.07743153947368421 0.043394032894736846 0.07082152960526317 0.043394032894736846
4 0.07396915350877192 0.0461061600877193 0.08026440021929825 0.0461061600877193 0.08026440021929825 0.053855095394736846 0.07396915350877192 0.053855095394736846
4 0.02864337390350877 0.30685780701754384 0.04091910635964912 0.30685780701754384 0.04091910635964912 0.3211933355263158 0.02864337390350877 0.3211933355263158
4 0.0327352850877193 0.32390546271929826 0.045955303728070176 0.32390546271929826 0.045955303728070176 0.3394033322368421 0.0327352850877193 0.3394033322368421
4 0.09568775548245614 0.5951181710526317 0.1045011019736842 0.5951181710526317 0.1045011019736842 0.6067415734649122 0.09568775548245614 0.6067415734649122
4 0.10733396271929825 0.5893064703947368 0.11646207127192983 0.5893064703947368 0.11646207127192983 0.6009298717105264 0.10733396271929825 0.6009298717105264
4 0.11709159539473685 0.5827198760964912 0.12810827850877193 0.5827198760964912 0.12810827850877193 0.5958930646929824 0.11709159539473685 0.5958930646929824
4 0.1299968519736842 0.5769081754385965 0.1410135350877193 0.5769081754385965 0.1410135350877193 0.5904688103070176 0.1299968519736842 0.5904688103070176
4 0.09946490350877192 0.6175900811403509 0.10576015131578947 0.6175900811403509 0.10576015131578947 0.6253390153508771 0.09946490350877192 0.6253390153508771
4 0.10166824013157895 0.6268888026315789 0.10859301206140351 0.6268888026315789 0.10859301206140351 0.6354126304824561 0.10166824013157895 0.6354126304824561
4 0.10859301206140351 0.612553274122807 0.12118350657894736 0.612553274122807 0.12118350657894736 0.6280511425438596 0.10859301206140351 0.6280511425438596
4 0.1240163673245614 0.6055792324561404 0.13660686184210527 0.6055792324561404 0.13660686184210527 0.6206896557017544 0.1240163673245614 0.6206896557017544
4 0.14006924780701754 0.6009298717105264 0.14951211842105264 0.6009298717105264 0.14951211842105264 0.612165826754386 0.14006924780701754 0.612165826754386
4 0.1218130307017544 0.6509105 0.1299968519736842 0.6509105 0.1299968519736842 0.6613715614035088 0.1218130307017544 0.6613715614035088
4 0.13062637719298245 0.6470360328947369 0.13881019846491227 0.6470360328947369 0.13881019846491227 0.6574970942982455 0.13062637719298245 0.6574970942982455
4 0.14825306907894736 0.6729949627192982 0.15140069298245612 0.6729949627192982 0.15140069298245612 0.6780317708333333 0.14825306907894736 0.6780317708333333
4 0.1526597423245614 0.6714451765350876 0.1561221282894737 0.6714451765350876 0.1561221282894737 0.6760945372807017 0.1526597423245614 0.6760945372807017
4 0.1183506447368421 0.6908175120614035 0.12464589254385965 0.6908175120614035 0.12464589254385965 0.6989538936403509 0.1183506447368421 0.6989538936403509
4 0.13440352521929824 0.7539713289473684 0.14227258442982457 0.7539713289473684 0.14227258442982457 0.7636574967105263 0.13440352521929824 0.7636574967105263
4 0.13755114912280703 0.7648198377192982 0.14510544517543858 0.7648198377192982 0.14510544517543858 0.7733436655701755 0.13755114912280703 0.7733436655701755
4 0.14006924780701754 0.7756683453947368 0.14762354385964913 0.7756683453947368 0.14762354385964913 0.7849670668859648 0.14006924780701754 0.7849670668859648
4 0.14258734649122806 0.7869043004385964 0.1504564057017544 0.7869043004385964 0.1504564057017544 0.7965904692982456 0.14258734649122806 0.7965904692982456
4 0.14636449451754385 0.798915149122807 0.15391879166666667 0.798915149122807 0.15391879166666667 0.808213870614035 0.14636449451754385 0.808213870614035
4 0.13881019846491227 0.7923285548245614 0.1413282971491228 0.7923285548245614 0.1413282971491228 0.7954281282894737 0.13881019846491227 0.7954281282894737
4 0.1838212149122807 0.7865168541666666 0.18602455153508773 0.7865168541666666 0.18602455153508773 0.7896164276315789 0.1838212149122807 0.7896164276315789
4 0.18633931359649122 0.7946532346491229 0.1891721754385965 0.7946532346491229 0.1891721754385965 0.7981402554824562 0.18633931359649122 0.7981402554824562
4 0.23386842982456138 0.04649360745614035 0.23670129057017544 0.04649360745614035 0.23670129057017544 0.049980627192982456 0.23386842982456138 0.049980627192982456
4 0.2804532576754386 0.1759008135964912 0.2851746929824561 0.1759008135964912 0.2851746929824561 0.18248740789473683 0.2804532576754386 0.18248740789473683
4 0.18854265021929825 0.7345989923245615 0.19074598684210525 0.7345989923245615 0.19074598684210525 0.7373111195175438 0.18854265021929825 0.7373111195175438
4 0.1841359769736842 0.736923673245614 0.18633931359649122 0.736923673245614 0.18633931359649122 0.7396358004385966 0.1841359769736842 0.7396358004385966
4 0.1875983629385965 0.7307245252192982 0.19011646162280701 0.7307245252192982 0.19011646162280701 0.7338240986842105 0.1875983629385965 0.7338240986842105
4 0.25810513048245615 0.09841146820175439 0.2650299024122807 0.09841146820175439 0.2650299024122807 0.10771018969298246 0.25810513048245615 0.10771018969298246
4 0.2609379923245614 0.10964742324561404 0.26786276315789476 0.10964742324561404 0.26786276315789476 0.1189461447368421 0.2609379923245614 0.1189461447368421
4 0.26660371381578946 0.09531189473684211 0.27321372368421054 0.09531189473684211 0.27321372368421054 0.10306082894736843 0.26660371381578946 0.10306082894736843
4 0.2700660997807018 0.10577295614035087 0.2766761096491228 0.10577295614035087 0.2766761096491228 0.11468423135964911 0.2700660997807018 0.11468423135964911
4 0.27510229824561405 0.1177838048245614 0.2804532576754386 0.1177838048245614 0.2804532576754386 0.1251452927631579 0.27510229824561405 0.1251452927631579
4 0.28454516885964914 0.10306082894736843 0.2908404155701755 0.10306082894736843 0.2908404155701755 0.11080976315789473 0.28454516885964914 0.11080976315789473
4 0.29272899013157894 0.09957380811403509 0.2990242368421053 0.09957380811403509 0.2990242368421053 0.10771018969298246 0.29272899013157894 0.10771018969298246
4 0.27510229824561405 0.15769081798245616 0.2804532576754386 0.15769081798245616 0.2804532576754386 0.1650523048245614 0.27510229824561405 0.1650523048245614
4 0.2782499210526316 0.1669895394736842 0.28328611951754384 0.1669895394736842 0.28328611951754384 0.17357613377192982 0.2782499210526316 0.17357613377192982
4 0.2851746929824561 0.15265400986842106 0.29178470285087715 0.15265400986842106 0.29178470285087715 0.1615652850877193 0.2851746929824561 0.1615652850877193
4 0.18445074013157894 0.8202247192982456 0.18854265021929825 0.8202247192982456 0.18854265021929825 0.8256489736842105 0.18445074013157894 0.8256489736842105
4 0.2883223168859649 0.16621464583333334 0.295561850877193 0.16621464583333334 0.295561850877193 0.1759008135964912 0.2883223168859649 0.1759008135964912
4 0.2943028015350877 0.1487795427631579 0.30185709758771934 0.1487795427631579 0.30185709758771934 0.15846571052631578 0.2943028015350877 0.15846571052631578
4 0.3040604342105263 0.14606741557017544 0.30941139473684215 0.14606741557017544 0.30941139473684215 0.15265400986842106 0.3040604342105263 0.15265400986842106
4 0.30720805811403507 0.15652847697368422 0.3112999682017544 0.15652847697368422 0.3112999682017544 0.16195273135964913 0.30720805811403507 0.16195273135964913
4 0.2977651875 0.16195273135964913 0.3050047214912281 0.16195273135964913 0.3050047214912281 0.17086400657894737 0.2977651875 0.17086400657894737
4 0.3097261567982456 0.1638899649122807 0.3135033048245614 0.1638899649122807 0.3135033048245614 0.16892677302631579 0.3097261567982456 0.16892677302631579
4 0.29304375219298245 0.21154591228070174 0.29933899890350874 0.21154591228070174 0.29933899890350874 0.2208446337719298 0.29304375219298245 0.2208446337719298
4 0.295561850877193 0.22239442105263157 0.30248662280701755 0.22239442105263157 0.30248662280701755 0.23091824890350876 0.295561850877193 0.23091824890350876
4 0.30563424561403507 0.22045718749999998 0.31004091885964913 0.22045718749999998 0.31004091885964913 0.22665633442982455 0.30563424561403507 0.22665633442982455
4 0.20333648135964913 0.03099573793859649 0.20774315350877193 0.03099573793859649 0.20774315350877193 0.03564509868421053 0.20333648135964913 0.03564509868421053
4 0.20522505482456138 0.037194885964912286 0.20963172807017544 0.037194885964912286 0.20963172807017544 0.04223169298245614 0.20522505482456138 0.04223169298245614
4 0.20711362938596492 0.043394032894736846 0.2112055394736842 0.043394032894736846 0.2112055394736842 0.048818287280701755 0.20711362938596492 0.048818287280701755
4 0.18980169956140353 0.7384734594298246 0.19200503618421055 0.7384734594298246 0.19200503618421055 0.7411855866228071 0.18980169956140353 0.7411855866228071
4 0.18508026425438598 0.7404106929824561 0.18728360087719298 0.7404106929824561 0.18728360087719298 0.7431228201754386 0.18508026425438598 0.7431228201754386
4 0.19106074890350877 0.7423479276315789 0.1932640855263158 0.7423479276315789 0.1932640855263158 0.7446726074561404 0.19106074890350877 0.7446726074561404
4 0.18633931359649122 0.7446726074561404 0.18854265021929825 0.7446726074561404 0.18854265021929825 0.746997288377193 0.18633931359649122 0.746997288377193
4 0.18696883881578946 0.827973653508772 0.19074598684210525 0.827973653508772 0.19074598684210525 0.8337853541666667 0.18696883881578946 0.8337853541666667
4 0.1913755109649123 0.8256489736842105 0.1954674221491228 0.8256489736842105 0.1954674221491228 0.8314606743421052 0.1913755109649123 0.8314606743421052
4 0.1891721754385965 0.818287485745614 0.1932640855263158 0.818287485745614 0.1932640855263158 0.8237117401315789 0.1891721754385965 0.8237117401315789
4 0.20050361951754384 0.7884540877192981 0.2030217182017544 0.7884540877192981 0.2030217182017544 0.7915536611842104 0.20050361951754384 0.7915536611842104
4 0.20428076754385965 0.7865168541666666 0.20679886732456143 0.7865168541666666 0.20679886732456143 0.7896164276315789 0.20428076754385965 0.7896164276315789
4 0.2083726787280702 0.7841921732456141 0.2112055394736842 0.7841921732456141 0.2112055394736842 0.7880666403508771 0.2083726787280702 0.7880666403508771
4 0.19892980811403507 0.7838047269736843 0.2011331447368421 0.7838047269736843 0.2011331447368421 0.7869043004385964 0.19892980811403507 0.7869043004385964
4 0.20270695614035086 0.7818674934210527 0.20522505482456138 0.7818674934210527 0.20522505482456138 0.7849670668859648 0.20270695614035086 0.7849670668859648
4 0.20679886732456143 0.779930259868421 0.20931696600877195 0.779930259868421 0.20931696600877195 0.7830298333333333 0.20679886732456143 0.7830298333333333
4 0.1973559967105263 0.7791553662280701 0.1995593322368421 0.7791553662280701 0.1995593322368421 0.7822549396929825 0.1973559967105263 0.7822549396929825
4 0.2017626688596491 0.7776055789473684 0.20365124342105262 0.7776055789473684 0.20365124342105262 0.7803177061403509 0.2017626688596491 0.7803177061403509
4 0.20553981798245613 0.7752808991228071 0.20805791666666665 0.7752808991228071 0.20805791666666665 0.7787679199561404 0.20553981798245613 0.7787679199561404
4 0.20428076754385965 0.7710189846491228 0.20679886732456143 0.7710189846491228 0.20679886732456143 0.7737311118421053 0.20428076754385965 0.7737311118421053
4 0.20050361951754384 0.7725687719298245 0.20270695614035086 0.7725687719298245 0.20270695614035086 0.7756683453947368 0.20050361951754384 0.7756683453947368
4 0.19609694627192983 0.7752808991228071 0.19830028289473686 0.7752808991228071 0.19830028289473686 0.7776055789473684 0.19609694627192983 0.7776055789473684
4 0.1951526600877193 0.770631538377193 0.1970412335526316 0.770631538377193 0.1970412335526316 0.7733436655701755 0.1951526600877193 0.7733436655701755
4 0.19861504605263158 0.7686943048245615 0.2011331447368421 0.7686943048245615 0.2011331447368421 0.7717938782894738 0.19861504605263158 0.7717938782894738
4 0.20270695614035086 0.7659821776315789 0.20553981798245613 0.7659821776315789 0.20553981798245613 0.7694691984649122 0.20270695614035086 0.7694691984649122
4 0.19106074890350877 0.7593955833333333 0.1932640855263158 0.7593955833333333 0.1932640855263158 0.7621077105263158 0.19106074890350877 0.7621077105263158
4 0.1954674221491228 0.7566834561403509 0.19767075877192983 0.7566834561403509 0.19767075877192983 0.7597830296052632 0.1954674221491228 0.7597830296052632
4 0.19011646162280701 0.7559085624999999 0.19231979824561404 0.7559085624999999 0.19231979824561404 0.7582332434210527 0.19011646162280701 0.7582332434210527
4 0.19452313486842107 0.7531964353070176 0.19672647149122807 0.7531964353070176 0.19672647149122807 0.7559085624999999 0.19452313486842107 0.7559085624999999
4 0.18885741228070174 0.7520340953947369 0.19106074890350877 0.7520340953947369 0.19106074890350877 0.7547462225877194 0.18885741228070174 0.7547462225877194
4 0.1932640855263158 0.7497094144736842 0.1954674221491228 0.7497094144736842 0.1954674221491228 0.7524215416666666 0.1932640855263158 0.7524215416666666
4 0.19231979824561404 0.745834947368421 0.19452313486842107 0.745834947368421 0.19452313486842107 0.7481596282894737 0.19231979824561404 0.7481596282894737
4 0.38841674561403505 0.46532351754385964 0.3928234188596491 0.46532351754385964 0.3928234188596491 0.4711352192982456 0.38841674561403505 0.4711352192982456
4 0.3928234188596491 0.4792715997807018 0.39754485416666663 0.4792715997807018 0.39754485416666663 0.4850833015350877 0.3928234188596491 0.4850833015350877
4 0.8120868739035089 0.9294846962719298 0.8240478442982456 0.9294846962719298 0.8240478442982456 0.9453700120614035 0.8120868739035089 0.9453700120614035
4 0.5867170285087719 0.8868655559210525 0.5986779978070175 0.8868655559210525 0.5986779978070175 0.9019759780701754 0.5867170285087719 0.9019759780701754
4 0.6654076173245614 0.32855482346491227 0.6921624177631579 0.32855482346491227 0.6921624177631579 0.35955056140350883 0.6654076173245614 0.35955056140350883
4 0.686811457236842 0.39790778728070175 0.711677683114035 0.39790778728070175 0.711677683114035 0.42967841885964914 0.686811457236842 0.42967841885964914
4 0.5886056030701754 0.7163889967105264 0.600566572368421 0.7163889967105264 0.600566572368421 0.7311119725877193 0.5886056030701754 0.7311119725877193
4 0.6030846710526316 0.7090275087719299 0.6156751655701754 0.7090275087719299 0.6156751655701754 0.7241379309210527 0.6030846710526316 0.7241379309210527
4 0.5952156118421053 0.7392483530701753 0.6078061063596492 0.7392483530701753 0.6078061063596492 0.7543587752192982 0.5952156118421053 0.7543587752192982
4 0.6106389671052631 0.731886865131579 0.6222851743421053 0.731886865131579 0.6222851743421053 0.746997288377193 0.6106389671052631 0.746997288377193
4 0.6185080263157895 0.7012785745614035 0.6307837587719297 0.7012785745614035 0.6307837587719297 0.7163889967105264 0.6185080263157895 0.7163889967105264
4 0.6257475603070176 0.7249128245614035 0.638023292763158 0.7249128245614035 0.638023292763158 0.7400232467105263 0.6257475603070176 0.7400232467105263
4 0.6411709155701755 0.7191011239035088 0.6512433114035088 0.7191011239035088 0.6512433114035088 0.7314994188596491 0.6411709155701755 0.7314994188596491
4 0.6333018574561403 0.6958543201754386 0.643689014254386 0.6958543201754386 0.643689014254386 0.7086400625 0.6333018574561403 0.7086400625
4 0.5747560592105263 0.8488957763157895 0.5873465537280702 0.8488957763157895 0.5873465537280702 0.8647810921052631 0.5747560592105263 0.8647810921052631
4 0.5807365438596491 0.8682681129385964 0.5923827510964912 0.8682681129385964 0.5923827510964912 0.8833785350877192 0.5807365438596491 0.8833785350877192
4 0.5926975131578947 0.9058504451754387 0.6046584824561403 0.9058504451754387 0.6046584824561403 0.9205734210526315 0.5926975131578947 0.9205734210526315
4 0.6506137861842105 0.8151879111842105 0.662889518640351 0.8151879111842105 0.662889518640351 0.8306857807017544 0.6506137861842105 0.8306857807017544
4 0.5804217817982456 0.803564509868421 0.5926975131578947 0.803564509868421 0.5926975131578947 0.8186749320175438 0.5804217817982456 0.8186749320175438
4 0.5867170285087719 0.8221619528508771 0.5989927609649123 0.8221619528508771 0.5989927609649123 0.837272375 0.5867170285087719 0.837272375
4 0.5914384638157895 0.8411468421052631 0.6043437203947368 0.8411468421052631 0.6043437203947368 0.8558698179824561 0.5914384638157895 0.8558698179824561
4 0.5980484736842105 0.8597442850877193 0.6096946809210526 0.8597442850877193 0.6096946809210526 0.8748547072368421 0.5980484736842105 0.8748547072368421
4 0.6033994331140351 0.8787291743421053 0.6156751655701754 0.8787291743421053 0.6156751655701754 0.8934521502192982 0.6033994331140351 0.8934521502192982
4 0.6090651557017545 0.8965517236842105 0.6213408881578947 0.8965517236842105 0.6213408881578947 0.9128244868421053 0.6090651557017545 0.9128244868421053
4 0.6144161162280701 0.7892289813596491 0.6273213728070175 0.7892289813596491 0.6273213728070175 0.804339403508772 0.6144161162280701 0.804339403508772
4 0.620396600877193 0.8078264243421053 0.632672332236842 0.8078264243421053 0.632672332236842 0.8229368464912281 0.620396600877193 0.8229368464912281
4 0.6263770855263158 0.8264238662280702 0.6386528168859649 0.8264238662280702 0.6386528168859649 0.8415342894736842 0.6263770855263158 0.8415342894736842
4 0.6314132828947369 0.846958542763158 0.6490399747807017 0.846958542763158 0.6490399747807017 0.8678806666666666 0.6314132828947369 0.8678806666666666
4 0.6392823421052631 0.8740798135964912 0.6569090339912281 0.8740798135964912 0.6569090339912281 0.8950019375 0.6392823421052631 0.8950019375
4 0.6389675789473684 0.7772181326754386 0.6509285493421053 0.7772181326754386 0.6509285493421053 0.7923285548245614 0.6389675789473684 0.7923285548245614
4 0.647466163377193 0.25997675328947367 0.6572237960526316 0.25997675328947367 0.6572237960526316 0.27237504824561404 0.647466163377193 0.27237504824561404
4 0.640226629385965 0.23518016228070177 0.6496695 0.23518016228070177 0.6496695 0.24796590460526316 0.640226629385965 0.24796590460526316
4 0.6367642434210525 0.2681131348684211 0.6440037774122808 0.2681131348684211 0.6440037774122808 0.27741185635964916 0.6367642434210525 0.27741185635964916
4 0.6292099462719298 0.24331654385964913 0.6370790054824562 0.24331654385964913 0.6370790054824562 0.2533901589912281 0.6292099462719298 0.2533901589912281
4 0.5410764868421052 0.21580782675438595 0.5577588925438597 0.21580782675438595 0.5577588925438597 0.23518016228070177 0.5410764868421052 0.23518016228070177
4 0.5253383695175439 0.2526152653508772 0.5423355361842105 0.2526152653508772 0.5423355361842105 0.2731499418859649 0.5253383695175439 0.2731499418859649
4 0.5489455460526316 0.24254165021929824 0.5653131885964912 0.24254165021929824 0.5653131885964912 0.26268888048245614 0.5489455460526316 0.26268888048245614
4 0.5357255274122807 0.28012398245614034 0.5480012587719298 0.28012398245614034 0.5480012587719298 0.2956218519736842 0.5357255274122807 0.2956218519736842
4 0.5590179418859649 0.2688880274122807 0.5709789111842105 0.2688880274122807 0.5709789111842105 0.2843858969298246 0.5590179418859649 0.2843858969298246
4 0.4428706326754386 0.42502905811403513 0.4482215932017544 0.42502905811403513 0.4482215932017544 0.43161565241228067 0.4428706326754386 0.43161565241228067
4 0.4428706326754386 0.43277799342105266 0.4488511173245614 0.43277799342105266 0.4488511173245614 0.44013948135964914 0.4428706326754386 0.44013948135964914
4 0.44570349342105264 0.44091437390350874 0.4523135032894737 0.44091437390350874 0.4523135032894737 0.44982564912280704 0.44570349342105264 0.44982564912280704
4 0.581680831140351 0.07981402521929824 0.5879760778508772 0.07981402521929824 0.5879760778508772 0.08756296052631579 0.581680831140351 0.08756296052631579
4 0.5848284550438597 0.09066253399122806 0.591123701754386 0.09066253399122806 0.591123701754386 0.09841146820175439 0.5848284550438597 0.09841146820175439
4 0.591123701754386 0.11352189035087719 0.6037141962719299 0.11352189035087719 0.6037141962719299 0.1294072061403509 0.591123701754386 0.1294072061403509
4 0.5810513059210527 0.15304145723684212 0.5952156118421053 0.15304145723684212 0.5952156118421053 0.1693142192982456 0.5810513059210527 0.1693142192982456
4 0.6002518103070176 0.14374273574561405 0.6131570668859649 0.14374273574561405 0.6131570668859649 0.15924060416666666 0.6002518103070176 0.15924060416666666
4 0.5920679890350877 0.19411081030701755 0.5996222850877192 0.19411081030701755 0.5996222850877192 0.20379697807017544 0.5920679890350877 0.20379697807017544
4 0.5993075230263157 0.21735761293859648 0.6071765811403509 0.21735761293859648 0.6071765811403509 0.22665633442982455 0.5993075230263157 0.22665633442982455
4 0.6030846710526316 0.18946144956140348 0.6106389671052631 0.18946144956140348 0.6106389671052631 0.19837272368421052 0.6030846710526316 0.19837272368421052
4 0.6100094429824562 0.21232080592105262 0.6181932642543859 0.21232080592105262 0.6181932642543859 0.22200697368421052 0.6100094429824562 0.22200697368421052
4 0.6144161162280701 0.18132506798245612 0.6241737489035087 0.18132506798245612 0.6241737489035087 0.1937233629385965 0.6144161162280701 0.1937233629385965
4 0.621026125 0.20457187171052632 0.6307837587719297 0.20457187171052632 0.6307837587719297 0.21619527302631578 0.621026125 0.21619527302631578
4 0.6285804221491228 0.16970166557017544 0.6411709155701755 0.16970166557017544 0.6411709155701755 0.18558698135964913 0.6285804221491228 0.18558698135964913
4 0.6351904309210527 0.19023634210526316 0.6534466480263158 0.19023634210526316 0.6534466480263158 0.21270825219298245 0.6351904309210527 0.21270825219298245
4 0.6096946809210526 0.2545524989035088 0.615989927631579 0.2545524989035088 0.615989927631579 0.26268888048245614 0.6096946809210526 0.26268888048245614
4 0.6175637390350877 0.24796590460526316 0.6251180361842106 0.24796590460526316 0.6251180361842106 0.2580395197368421 0.6175637390350877 0.2580395197368421
4 0.6172489769736842 0.27896164254385963 0.6235442236842105 0.27896164254385963 0.6235442236842105 0.287098024122807 0.6172489769736842 0.287098024122807
4 0.6251180361842106 0.2727624956140351 0.6329870942982456 0.2727624956140351 0.6329870942982456 0.2816737697368421 0.6251180361842106 0.2816737697368421
4 0.6443185394736842 0.7962030219298246 0.6569090339912281 0.7962030219298246 0.6569090339912281 0.8113134440789473 0.6443185394736842 0.8113134440789473
4 0.6556499846491227 0.8361100350877192 0.6732766765350877 0.8361100350877192 0.6732766765350877 0.8578070515350877 0.6556499846491227 0.8578070515350877
4 0.5725527225877193 0.12243316557017545 0.5857727412280702 0.12243316557017545 0.5857727412280702 0.13948082127192982 0.5725527225877193 0.13948082127192982
4 0.7478753541666666 0.9225106546052632 0.7510229780701754 0.9225106546052632 0.7510229780701754 0.9271600153508772 0.7478753541666666 0.9271600153508772
4 0.7400062949561405 0.7295621853070176 0.7519672642543859 0.7295621853070176 0.7519672642543859 0.7438977138157895 0.7400062949561405 0.7438977138157895
4 0.771167768640351 0.7144517631578947 0.7831287379385965 0.7144517631578947 0.7831287379385965 0.7291747379385964 0.771167768640351 0.7291747379385964
4 0.7456720175438596 0.7500968618421053 0.7617248980263158 0.7500968618421053 0.7617248980263158 0.770631538377193 0.7456720175438596 0.770631538377193
4 0.7765187280701754 0.7349864396929825 0.7928863706140351 0.7349864396929825 0.7928863706140351 0.7559085624999999 0.7765187280701754 0.7559085624999999
4 0.7538558388157894 0.7764432390350877 0.7702234813596491 0.7764432390350877 0.7702234813596491 0.7969779155701754 0.7538558388157894 0.7969779155701754
4 0.7847025493421053 0.7621077105263158 0.8007554298245614 0.7621077105263158 0.8007554298245614 0.7822549396929825 0.7847025493421053 0.7822549396929825
4 0.7186024550438597 0.8070515307017544 0.7352848596491228 0.8070515307017544 0.7352848596491228 0.827973653508772 0.7186024550438597 0.827973653508772
4 0.7610953728070176 0.8055017434210526 0.7840730252192983 0.8055017434210526 0.7840730252192983 0.8357225877192982 0.7610953728070176 0.8357225877192982
4 0.7261567521929825 0.8341728015350877 0.7437834429824561 0.8341728015350877 0.7437834429824561 0.8550949243421053 0.7261567521929825 0.8550949243421053
4 0.7412653442982456 0.9050755526315789 0.7447277302631579 0.9050755526315789 0.7447277302631579 0.9097249122807017 0.7412653442982456 0.9097249122807017
4 0.7434686809210527 0.9108872532894737 0.7466163048245614 0.9108872532894737 0.7466163048245614 0.9151491666666667 0.7434686809210527 0.9151491666666667
4 0.7456720175438596 0.9166989539473684 0.7488196414473683 0.9166989539473684 0.7488196414473683 0.9209608684210526 0.7456720175438596 0.9209608684210526
4 0.7500786907894738 0.928709802631579 0.7538558388157894 0.928709802631579 0.7538558388157894 0.9341340570175438 0.7500786907894738 0.9341340570175438
4 0.6644633300438596 0.8628438585526316 0.681775259868421 0.8628438585526316 0.681775259868421 0.8837659824561404 0.6644633300438596 0.8837659824561404
4 0.7529115515350877 0.9352963969298246 0.7570034627192982 0.9352963969298246 0.7570034627192982 0.9407206513157894 0.7529115515350877 0.9407206513157894
4 0.763613471491228 0.8957768311403509 0.776203966008772 0.8957768311403509 0.776203966008772 0.9104998059210526 0.763613471491228 0.9104998059210526
4 0.7695939561403509 0.9124370394736842 0.7828139758771929 0.9124370394736842 0.7828139758771929 0.9279349089912281 0.7695939561403509 0.9279349089912281
4 0.785646836622807 0.9031383179824561 0.7979225679824561 0.9031383179824561 0.7979225679824561 0.9186361875 0.785646836622807 0.9186361875
4 0.7453572554824561 0.9399457576754386 0.7491344035087719 0.9399457576754386 0.7491344035087719 0.9449825646929825 0.7453572554824561 0.9449825646929825
4 0.7563739375 0.9631925614035087 0.7689644320175438 0.9631925614035087 0.7689644320175438 0.9783029835526316 0.7563739375 0.9783029835526316
4 0.7705382434210526 0.9538938399122807 0.7831287379385965 0.9538938399122807 0.7831287379385965 0.9701666019736842 0.7705382434210526 0.9701666019736842
4 0.7843877872807018 0.9465323519736842 0.7966635186403509 0.9465323519736842 0.7966635186403509 0.961642774122807 0.7843877872807018 0.961642774122807
4 0.7919420833333333 0.9690042620614036 0.7998111425438597 0.9690042620614036 0.7998111425438597 0.9786904298245613 0.7919420833333333 0.9786904298245613
4 0.7793515899122807 0.97636575 0.7916273212719298 0.97636575 0.7916273212719298 0.9895389385964912 0.7793515899122807 0.9895389385964912
4 0.8013849539473684 0.9651297949561403 0.808309725877193 0.9651297949561403 0.808309725877193 0.9728787291666666 0.8013849539473684 0.9728787291666666
4 0.7982373311403509 0.938008524122807 0.8108278245614035 0.938008524122807 0.8108278245614035 0.9531189462719297 0.7982373311403509 0.9531189462719297
4 0.7834435 0.6241766754385966 0.7925716085526315 0.6241766754385966 0.7925716085526315 0.6350251842105263 0.7834435 0.6350251842105263
4 0.7573182247807018 0.6520728399122807 0.7743153914473685 0.6520728399122807 0.7743153914473685 0.6726075164473684 0.7573182247807018 0.6726075164473684
4 0.7393767708333333 0.6636962412280701 0.7522820274122807 0.6636962412280701 0.7522820274122807 0.6784192171052632 0.7393767708333333 0.6784192171052632
4 0.7176581677631578 0.6695079429824561 0.7346553355263158 0.6695079429824561 0.7346553355263158 0.6912049594298245 0.7176581677631578 0.6912049594298245
4 0.6358199561403509 0.9434327785087719 0.6518728355263158 0.9434327785087719 0.6518728355263158 0.9639674539473685 0.6358199561403509 0.9639674539473685
4 0.6440037774122808 0.966292134868421 0.6606861820175438 0.966292134868421 0.6606861820175438 0.9856644714912282 0.6440037774122808 0.9856644714912282
4 0.6761095372807018 0.7597830296052632 0.6887000317982456 0.7597830296052632 0.6887000317982456 0.774893451754386 0.6761095372807018 0.774893451754386
4 0.7006610010964912 0.7481596282894737 0.7126219703947368 0.7481596282894737 0.7126219703947368 0.7632700504385965 0.7006610010964912 0.7632700504385965
4 0.6820900219298246 0.7779930263157895 0.6943657543859649 0.7779930263157895 0.6943657543859649 0.7934908947368421 0.6820900219298246 0.7934908947368421
4 0.706641485745614 0.7671445175438597 0.7195467423245614 0.7671445175438597 0.7195467423245614 0.7818674934210527 0.706641485745614 0.7818674934210527
4 0.6883852686403509 0.7973653618421053 0.7006610010964912 0.7973653618421053 0.7006610010964912 0.8120883377192982 0.6883852686403509 0.8120883377192982
4 0.7129367324561404 0.7857419605263158 0.7255272269736842 0.7857419605263158 0.7255272269736842 0.8016272763157894 0.7129367324561404 0.8016272763157894
4 0.6934214671052632 0.817900038377193 0.7107333958333333 0.817900038377193 0.7107333958333333 0.8388221622807017 0.6934214671052632 0.8388221622807017
4 0.7022348125 0.8450213092105263 0.7195467423245614 0.8450213092105263 0.7195467423245614 0.8655559857456141 0.7022348125 0.8655559857456141
4 0.6861819331140351 0.688880278508772 0.6981429024122807 0.688880278508772 0.6981429024122807 0.703990701754386 0.6861819331140351 0.703990701754386
4 0.7009757631578948 0.6819062379385965 0.7132514956140351 0.6819062379385965 0.7132514956140351 0.6970166600877193 0.7009757631578948 0.6970166600877193
4 0.6764242993421052 0.6594343278508772 0.6893295559210526 0.6594343278508772 0.6893295559210526 0.6749321973684211 0.6764242993421052 0.6749321973684211
4 0.6918476546052631 0.6528477335526316 0.7041233870614035 0.6528477335526316 0.7041233870614035 0.6675707094298245 0.6918476546052631 0.6675707094298245
4 0.7085300603070175 0.6396745449561404 0.7245829396929825 0.6396745449561404 0.7245829396929825 0.660984115131579 0.7085300603070175 0.660984115131579
4 0.7179729309210525 0.4676481984649123 0.7252124649122808 0.4676481984649123 0.7252124649122808 0.47694691995614036 0.7179729309210525 0.47694691995614036
4 0.6657223793859649 0.21851995394736842 0.6754800120614035 0.21851995394736842 0.6754800120614035 0.23091824890350876 0.6657223793859649 0.23091824890350876
4 0.680201447368421 0.23518016228070177 0.6887000317982456 0.23518016228070177 0.6887000317982456 0.24564122478070177 0.680201447368421 0.24564122478070177
4 0.7318224736842105 0.46222394407894735 0.7400062949561405 0.46222394407894735 0.7400062949561405 0.4715226655701754 0.7318224736842105 0.4715226655701754
4 0.7453572554824561 0.45563734978070175 0.7529115515350877 0.45563734978070175 0.7529115515350877 0.46532351754385964 0.7453572554824561 0.46532351754385964
4 0.7248977017543861 0.49050755482456143 0.7333962861842105 0.49050755482456143 0.7333962861842105 0.5001937236842106 0.7248977017543861 0.5001937236842106
4 0.7393767708333333 0.4843084078947369 0.7466163048245614 0.4843084078947369 0.7466163048245614 0.49399457565789473 0.7393767708333333 0.49399457565789473
4 0.7519672642543859 0.47772181359649124 0.7598363234649123 0.47772181359649124 0.7598363234649123 0.48740798135964913 0.7519672642543859 0.48740798135964913
4 0.729304375 0.6334753969298246 0.7422096315789474 0.6334753969298246 0.7422096315789474 0.6489732664473684 0.729304375 0.6489732664473684
4 0.7469310668859649 0.6222394418859648 0.7648725208333333 0.6222394418859648 0.7648725208333333 0.6431615657894737 0.7469310668859649 0.6431615657894737
4 0.5180988355263159 0.22549399451754384 0.5344664780701754 0.22549399451754384 0.5344664780701754 0.24564122478070177 0.5180988355263159 0.24564122478070177
4 0.5259678947368421 0.05617977521929824 0.5310040921052631 0.05617977521929824 0.5310040921052631 0.06276636951754386 0.5259678947368421 0.06276636951754386
4 0.39534151754385966 0.48663308771929825 0.40006295285087723 0.48663308771929825 0.40006295285087723 0.4920573421052632 0.39534151754385966 0.4920573421052632
4 0.43311299999999997 0.8682681129385964 0.4453887313596491 0.8682681129385964 0.4453887313596491 0.8833785350877192 0.43311299999999997 0.8833785350877192
4 0.42713251535087715 0.21619527302631578 0.4390934846491228 0.21619527302631578 0.4390934846491228 0.23208058881578947 0.42713251535087715 0.23208058881578947
4 0.435316336622807 0.2355676096491228 0.4482215932017544 0.2355676096491228 0.4482215932017544 0.2514529254385965 0.435316336622807 0.2514529254385965
4 0.4242996535087719 0.46881053837719294 0.43248347478070176 0.46881053837719294 0.43248347478070176 0.47888415350877195 0.4242996535087719 0.47888415350877195
4 0.42807680153508776 0.48198372697368425 0.43626062280701755 0.48198372697368425 0.43626062280701755 0.4920573421052632 0.42807680153508776 0.4920573421052632
4 0.43248347478070176 0.4947694692982456 0.4406672960526316 0.4947694692982456 0.4406672960526316 0.5048430844298246 0.43248347478070176 0.5048430844298246
4 0.43594586074561403 0.5079426578947368 0.44444444407894734 0.5079426578947368 0.44444444407894734 0.5187911666666667 0.43594586074561403 0.5187911666666667
4 0.43626062280701755 0.4703603256578947 0.44727730592105264 0.4703603256578947 0.44727730592105264 0.48469585416666666 0.43626062280701755 0.48469585416666666
4 0.4416115833333334 0.48740798135964913 0.45262826535087725 0.48740798135964913 0.45262826535087725 0.5017435098684211 0.4416115833333334 0.5017435098684211
4 0.40195152631578945 0.8829910888157895 0.41359773355263163 0.8829910888157895 0.41359773355263163 0.8973266173245614 0.40195152631578945 0.8973266173245614
4 0.4091910603070176 0.903913211622807 0.42083726754385964 0.903913211622807 0.42083726754385964 0.919411081140351 0.4091910603070176 0.919411081140351
4 0.41706011951754385 0.875629600877193 0.4299653760964912 0.875629600877193 0.4299653760964912 0.8911274703947368 0.41706011951754385 0.8911274703947368
4 0.4246144155701755 0.8973266173245614 0.43657538596491224 0.8973266173245614 0.43657538596491224 0.9120495932017544 0.4246144155701755 0.9120495932017544
4 0.4397230087719298 0.890352576754386 0.4523135032894737 0.890352576754386 0.4523135032894737 0.9046881052631579 0.4397230087719298 0.9046881052631579
4 0.3613471831140351 0.16892677302631579 0.36575385635964913 0.16892677302631579 0.36575385635964913 0.17473847368421053 0.3613471831140351 0.17473847368421053
4 0.42209631688596494 0.9422704375 0.4390934846491228 0.9422704375 0.4390934846491228 0.9628051140350877 0.42209631688596494 0.9628051140350877
4 0.40258105153508766 0.6846183651315789 0.4117091600877193 0.6846183651315789 0.4117091600877193 0.6966292138157895 0.40258105153508766 0.6966292138157895
4 0.39785961622807015 0.6702828366228071 0.4069877247807017 0.6702828366228071 0.4069877247807017 0.6822936842105264 0.39785961622807015 0.6822936842105264
4 0.4069877247807017 0.6989538936403509 0.41737488157894737 0.6989538936403509 0.41737488157894737 0.7113521885964912 0.4069877247807017 0.7113521885964912
4 0.41265344627192985 0.7132894232456141 0.4211520307017544 0.7132894232456141 0.4211520307017544 0.7237504846491227 0.41265344627192985 0.7237504846491227
4 0.4110796348684211 0.664471134868421 0.4205225054824561 0.664471134868421 0.4205225054824561 0.6760945372807017 0.4110796348684211 0.6760945372807017
4 0.4154863081140351 0.6788066644736842 0.4252439407894737 0.6788066644736842 0.4252439407894737 0.6900426195175438 0.4154863081140351 0.6900426195175438
4 0.42020774342105266 0.6931421929824562 0.4299653760964912 0.6931421929824562 0.4299653760964912 0.7047655942982456 0.42020774342105266 0.7047655942982456
4 0.4258734660087719 0.7074777214912281 0.43437204934210527 0.7074777214912281 0.43437204934210527 0.717551336622807 0.4258734660087719 0.717551336622807
4 0.42241108004385963 0.6586594342105263 0.433742524122807 0.6586594342105263 0.433742524122807 0.6729949627192982 0.42241108004385963 0.6729949627192982
4 0.42776203947368424 0.6757070899122807 0.4394082467105263 0.6757070899122807 0.4394082467105263 0.6908175120614035 0.42776203947368424 0.6908175120614035
4 0.4334277620614035 0.6923672993421053 0.4450739692982456 0.6923672993421053 0.4450739692982456 0.7067028278508771 0.4334277620614035 0.7067028278508771
4 0.30783758223684216 0.34598992653508776 0.32420522478070174 0.34598992653508776 0.32420522478070174 0.36691204934210525 0.30783758223684216 0.36691204934210525
4 0.31602140350877195 0.3742735372807018 0.3333333333333333 0.3742735372807018 0.3333333333333333 0.39519566008771934 0.31602140350877195 0.39519566008771934
4 0.32357570065789476 0.4010073618421052 0.34057286732456143 0.4010073618421052 0.34057286732456143 0.421542038377193 0.32357570065789476 0.421542038377193
4 0.4198929802631579 0.4560247960526316 0.42839156469298245 0.4560247960526316 0.42839156469298245 0.4657109649122807 0.4198929802631579 0.4657109649122807
4 0.39754485416666663 0.4936071293859649 0.40195152631578945 0.4936071293859649 0.40195152631578945 0.4994188300438596 0.39754485416666663 0.4994188300438596
4 0.3994334276315789 0.5005811699561403 0.4041548629385965 0.5005811699561403 0.4041548629385965 0.5060054243421053 0.3994334276315789 0.5060054243421053
4 0.40195152631578945 0.507555211622807 0.406672961622807 0.507555211622807 0.406672961622807 0.5133669122807017 0.40195152631578945 0.5133669122807017
4 0.404469625 0.5149166984649123 0.408876298245614 0.5149166984649123 0.408876298245614 0.5207284002192982 0.404469625 0.5207284002192982
4 0.4063581995614035 0.5215032927631579 0.4110796348684211 0.5215032927631579 0.4110796348684211 0.5273149945175438 0.4063581995614035 0.5273149945175438
4 0.4085615361842105 0.5288647807017544 0.4139124956140351 0.5288647807017544 0.4139124956140351 0.5350639287280702 0.4085615361842105 0.5350639287280702
4 0.39628580372807015 0.45253777631578945 0.40258105153508766 0.45253777631578945 0.40258105153508766 0.4595118168859649 0.39628580372807015 0.4595118168859649
4 0.40352533881578945 0.4494382017543859 0.4091910603070176 0.4494382017543859 0.4091910603070176 0.45679968969298246 0.40352533881578945 0.45679968969298246
4 0.3994334276315789 0.46106160416666664 0.4054139122807017 0.46106160416666664 0.4054139122807017 0.46803564473684206 0.3994334276315789 0.46803564473684206
4 0.4060434375 0.45796203070175434 0.41139439692982455 0.45796203070175434 0.41139439692982455 0.46532351754385964 0.4060434375 0.46532351754385964
4 0.4022662894736842 0.4695854320175438 0.4079320109649123 0.4695854320175438 0.4079320109649123 0.4765594725877193 0.4022662894736842 0.4765594725877193
4 0.408876298245614 0.4664858585526316 0.4145420208333333 0.4664858585526316 0.4145420208333333 0.4730724528508772 0.408876298245614 0.4730724528508772
4 0.40478438815789475 0.47772181359649124 0.41045010964912276 0.47772181359649124 0.41045010964912276 0.4850833015350877 0.40478438815789475 0.4850833015350877
4 0.41139439692982455 0.4750096864035088 0.41706011951754385 0.4750096864035088 0.41706011951754385 0.48198372697368425 0.41139439692982455 0.48198372697368425
4 0.40730248684210524 0.48663308771929825 0.41265344627192985 0.48663308771929825 0.41265344627192985 0.4928322357456141 0.40730248684210524 0.4928322357456141
4 0.4139124956140351 0.4831460668859649 0.41957821820175434 0.4831460668859649 0.41957821820175434 0.49012010855263155 0.4139124956140351 0.49012010855263155
4 0.4098205855263158 0.49438202192982456 0.4161158322368421 0.49438202192982456 0.4161158322368421 0.5017435098684211 0.4098205855263158 0.5017435098684211
4 0.4164305953947368 0.4912824484649123 0.42209631688596494 0.4912824484649123 0.42209631688596494 0.49864393640350874 0.4164305953947368 0.49864393640350874
4 0.41265344627192985 0.5036807434210526 0.4180044067982456 0.5036807434210526 0.4180044067982456 0.5098798914473684 0.41265344627192985 0.5098798914473684
4 0.4192634561403509 0.4994188300438596 0.4246144155701755 0.4994188300438596 0.4246144155701755 0.5063928706140352 0.4192634561403509 0.5063928706140352
4 0.4151715449561404 0.5114296787280701 0.4211520307017544 0.5114296787280701 0.4211520307017544 0.5184037192982456 0.4151715449561404 0.5184037192982456
4 0.4217815548245614 0.5079426578947368 0.42713251535087715 0.5079426578947368 0.42713251535087715 0.5156915921052632 0.4217815548245614 0.5156915921052632
4 0.4180044067982456 0.5195660592105263 0.42367012938596493 0.5195660592105263 0.42367012938596493 0.5273149945175438 0.4180044067982456 0.5273149945175438
4 0.4239848914473684 0.516466485745614 0.4299653760964912 0.516466485745614 0.4299653760964912 0.5242154199561404 0.4239848914473684 0.5242154199561404
4 0.4158010701754386 0.4428516074561404 0.4239848914473684 0.4428516074561404 0.4239848914473684 0.45292522258771933 0.4158010701754386 0.45292522258771933
4 0.35599622258771935 0.17202634649122805 0.3604028958333333 0.17202634649122805 0.3604028958333333 0.1766757072368421 0.35599622258771935 0.1766757072368421
4 0.3685867171052632 0.16582719846491228 0.3733081524122807 0.16582719846491228 0.3733081524122807 0.17202634649122805 0.3685867171052632 0.17202634649122805
4 0.5206169342105263 0.060441689692982456 0.5259678947368421 0.060441689692982456 0.5259678947368421 0.06702828399122807 0.5206169342105263 0.06702828399122807
4 0.45546112719298243 0.10112359539473684 0.45955303728070174 0.10112359539473684 0.45955303728070174 0.1061604024122807 0.45546112719298243 0.1061604024122807
4 0.45546112719298243 0.4808213870614035 0.46805162061403505 0.4808213870614035 0.46805162061403505 0.49515691557017544 0.45546112719298243 0.49515691557017544
4 0.46144161184210525 0.4974815964912281 0.47403210526315787 0.4974815964912281 0.47403210526315787 0.511817125 0.46144161184210525 0.511817125
4 0.44444444407894734 0.25416505263157896 0.4570349385964912 0.25416505263157896 0.4570349385964912 0.26966292105263157 0.44444444407894734 0.26966292105263157
4 0.45262826535087725 0.2727624956140351 0.4658482850877193 0.2727624956140351 0.4658482850877193 0.28826036403508776 0.45262826535087725 0.28826036403508776
4 0.46144161184210525 0.2909724912280702 0.47403210526315787 0.2909724912280702 0.47403210526315787 0.30569546710526313 0.46144161184210525 0.30569546710526313
4 0.44224110745614037 0.2065091052631579 0.4551463640350877 0.2065091052631579 0.4551463640350877 0.22200697368421052 0.44224110745614037 0.22200697368421052
4 0.4507396918859649 0.22510654824561402 0.46333018530701753 0.22510654824561402 0.46333018530701753 0.2398295230263158 0.4507396918859649 0.2398295230263158
4 0.4592382752192983 0.2440914375 0.4721435317982456 0.2440914375 0.4721435317982456 0.25881441337719296 0.4592382752192983 0.25881441337719296
4 0.46805162061403505 0.26268888048245614 0.48064211513157895 0.26268888048245614 0.48064211513157895 0.2770244089912281 0.46805162061403505 0.2770244089912281
4 0.47655020504385964 0.28012398245614034 0.4888259364035088 0.28012398245614034 0.4888259364035088 0.2956218519736842 0.47655020504385964 0.2956218519736842
4 0.4551463640350877 0.07981402521929824 0.46333018530701753 0.07981402521929824 0.46333018530701753 0.08950019407894737 0.4551463640350877 0.08950019407894737
4 0.4491658793859649 0.10306082894736843 0.45325779057017546 0.10306082894736843 0.45325779057017546 0.10848508333333333 0.4491658793859649 0.10848508333333333
4 0.4856783125 0.1483920964912281 0.4957507083333333 0.1483920964912281 0.4957507083333333 0.16079039144736842 0.4856783125 0.16079039144736842
4 0.3748819638157895 0.1631150712719298 0.37991816228070174 0.1631150712719298 0.37991816228070174 0.16892677302631579 0.3748819638157895 0.16892677302631579
4 0.49858356907894735 0.14296784210526317 0.5083412028508771 0.14296784210526317 0.5083412028508771 0.1553661370614035 0.49858356907894735 0.1553661370614035
4 0.49008498574561404 0.1638899649122807 0.5001573815789474 0.1638899649122807 0.5001573815789474 0.1759008135964912 0.49008498574561404 0.1759008135964912
4 0.49449165899122804 0.17900038706140353 0.5045640537280702 0.17900038706140353 0.5045640537280702 0.1913986831140351 0.49449165899122804 0.1913986831140351
4 0.49952785635964914 0.19411081030701755 0.5089707269736842 0.19411081030701755 0.5089707269736842 0.20612165789473685 0.49952785635964914 0.20612165789473685
4 0.5029902423245614 0.15807826425438595 0.512747875 0.15807826425438595 0.512747875 0.17086400657894737 0.5029902423245614 0.17086400657894737
4 0.507711677631579 0.17357613377192982 0.517154548245614 0.17357613377192982 0.517154548245614 0.18558698135964913 0.507711677631579 0.18558698135964913
4 0.512118350877193 0.1882991085526316 0.5218759835526315 0.1882991085526316 0.5218759835526315 0.20069740460526317 0.512118350877193 0.20069740460526317
4 0.5184135975877193 0.12049593201754387 0.5306893300438597 0.12049593201754387 0.5306893300438597 0.13483146052631578 0.5184135975877193 0.13483146052631578
4 0.5240793201754386 0.139093375 0.5357255274122807 0.139093375 0.5357255274122807 0.15304145723684212 0.5240793201754386 0.15304145723684212
4 0.5294302796052631 0.1573033706140351 0.5407617247807017 0.1573033706140351 0.5407617247807017 0.17125145285087717 0.5294302796052631 0.17125145285087717
4 0.5350960021929825 0.17512591995614035 0.5464274473684211 0.17512591995614035 0.5464274473684211 0.18984889583333334 0.5350960021929825 0.18984889583333334
4 0.4982688070175439 0.05269275438596491 0.5073969155701754 0.05269275438596491 0.5073969155701754 0.06431615679824561 0.4982688070175439 0.06431615679824561
4 0.4507396918859649 0.46338628399122805 0.46333018530701753 0.46338628399122805 0.46333018530701753 0.4784967072368421 0.4507396918859649 0.4784967072368421
4 0.463015423245614 0.5656722203947369 0.46616304714912277 0.5656722203947369 0.46616304714912277 0.5695466874999999 0.463015423245614 0.5695466874999999
4 0.46144161184210525 0.5617977532894737 0.4645892346491228 0.5617977532894737 0.4645892346491228 0.5652847730263157 0.46144161184210525 0.5652847730263157
4 0.45892351315789476 0.5540488179824562 0.46175637390350877 0.5540488179824562 0.46175637390350877 0.5579232850877193 0.45892351315789476 0.5579232850877193
4 0.44381491995614036 0.9321968234649123 0.4604973245614035 0.9321968234649123 0.4604973245614035 0.952344052631579 0.44381491995614036 0.952344052631579
4 0.45262826535087725 0.9600929868421052 0.4686811458333333 0.9600929868421052 0.4686811458333333 0.9802402171052631 0.45262826535087725 0.9802402171052631
4 0.47403210526315787 0.9496319254385964 0.49039974780701756 0.9496319254385964 0.49039974780701756 0.9697791557017543 0.47403210526315787 0.9697791557017543
4 0.4649039978070175 0.9217357609649123 0.4819011644736842 0.9217357609649123 0.4819011644736842 0.9426578848684211 0.4649039978070175 0.9426578848684211
4 0.4482215932017544 0.8616815186403509 0.46081208662280704 0.8616815186403509 0.46081208662280704 0.8764044945175439 0.4482215932017544 0.8764044945175439
4 0.4551463640350877 0.8829910888157895 0.46742209649122807 0.8829910888157895 0.46742209649122807 0.8973266173245614 0.4551463640350877 0.8973266173245614
4 0.5143216875 0.9178612938596492 0.5395026754385964 0.9178612938596492 0.5395026754385964 0.9480821381578947 0.5143216875 0.9480821381578947
4 0.5464274473684211 0.9031383179824561 0.571293673245614 0.9031383179824561 0.571293673245614 0.932584269736842 0.5464274473684211 0.932584269736842
4 0.5023607182017544 0.8798915153508772 0.5275417061403509 0.8798915153508772 0.5275417061403509 0.9104998059210526 0.5023607182017544 0.9104998059210526
4 0.5344664780701754 0.8651685394736842 0.5590179418859649 0.8651685394736842 0.5590179418859649 0.8950019375 0.5344664780701754 0.8950019375
4 0.49102927302631577 0.8415342894736842 0.514951211622807 0.8415342894736842 0.514951211622807 0.8713676864035087 0.49102927302631577 0.8713676864035087
4 0.5225055087719298 0.8271987598684211 0.5473717346491228 0.8271987598684211 0.5473717346491228 0.8570321578947369 0.5225055087719298 0.8570321578947369
4 0.5627950899122808 0.8113134440789473 0.5750708212719299 0.8113134440789473 0.5750708212719299 0.8264238662280702 0.5627950899122808 0.8264238662280702
4 0.5684608124999999 0.8302983344298246 0.5813660690789474 0.8302983344298246 0.5813660690789474 0.8450213092105263 0.5684608124999999 0.8450213092105263
4 0.5338369528508772 0.5683843475877193 0.5473717346491228 0.5683843475877193 0.5473717346491228 0.5854320032894738 0.5338369528508772 0.5854320032894738
4 0.5011016677631579 0.5555986052631579 0.5108593015350877 0.5555986052631579 0.5108593015350877 0.5668345603070175 0.5011016677631579 0.5668345603070175
4 0.49449165899122804 0.5373886085526316 0.5061378662280702 0.5373886085526316 0.5061378662280702 0.5521115844298246 0.49449165899122804 0.5521115844298246
4 0.5089707269736842 0.5304145679824561 0.5209316962719298 0.5304145679824561 0.5209316962719298 0.5443626502192982 0.5089707269736842 0.5443626502192982
4 0.512747875 0.5482371173245614 0.5228202708333334 0.5482371173245614 0.5228202708333334 0.5606354122807017 0.512747875 0.5606354122807017
4 0.5256531315789473 0.5370011622807018 0.5398174375 0.5370011622807018 0.5398174375 0.5544362653508772 0.5256531315789473 0.5544362653508772
4 0.4463330186403509 0.5040681907894737 0.4582939879385965 0.5040681907894737 0.4582939879385965 0.5180162730263158 0.4463330186403509 0.5180162730263158
4 0.4686811458333333 0.5428128629385964 0.4721435317982456 0.5428128629385964 0.4721435317982456 0.5470747774122807 0.4686811458333333 0.5470747774122807
4 0.4705697203947368 0.5482371173245614 0.47466163048245613 0.5482371173245614 0.47466163048245613 0.5532739243421053 0.4705697203947368 0.5532739243421053
4 0.4721435317982456 0.5536613717105263 0.47623544188596495 0.5536613717105263 0.47623544188596495 0.5586981787280701 0.4721435317982456 0.5586981787280701
4 0.47403210526315787 0.5590856260964913 0.4774944912280702 0.5590856260964913 0.4774944912280702 0.5633475394736842 0.47403210526315787 0.5633475394736842
4 0.0003147620614035088 0.06509105043859649 0.00535096052631579 0.06509105043859649 0.00535096052631579 0.07361487828947369 0.0003147620614035088 0.07361487828947369