4 0.945954389254386 0.08299649671052632 0.9506404243421053 0.08299649671052632 0.9506404243421053 0.08730800328947369 0.945954389254386 0.08730800328947369
4 0.930646673245614 0.09081110197368422 0.9350203059210527 0.09081110197368422 0.9350203059210527 0.09512260855263158 0.930646673245614 0.09512260855263158
0 0.8184942203947685 0.7671786578947151 0.8185425555425354 0.7655539885191937 0.8276022223712971 0.7658234683646518 0.8275538889918153 0.7674481360210236
0 0.8325523315830878 0.7448127156551531 0.8313483871924063 0.7459878990339941 0.8259918752123667 0.7405012146525483 0.8271958185238191 0.7393260322929981
0 0.8506716655701894 0.7588251140351111 0.8518913106150876 0.7577143380757873 0.8553577006579189 0.7615198059210186 0.8541380562483027 0.7626305812183145
0 0.8650421803421295 0.7801131709713096 0.8639672560528879 0.7811099385787673 0.8575445129272339 0.7741848606406404 0.8586194358913417 0.7731880941475675
0 0.8691034080652571 0.7819994585172875 0.8676647055929152 0.7832223773842614 0.864104967105277 0.7790353004385603 0.8655436684391589 0.7778123823705059
2 0.8311313270254459 0.867715510112254 0.8294283037281502 0.8631096743420974 0.8477190397107961 0.8563481302788571 0.8494220681977822 0.8609539542553157
2 0.8344715757996255 0.8707387357138531 0.8331771326754733 0.8666127730262686 0.8471904075310022 0.8622173692533057 0.8484848550262996 0.8663433239426837
2 0.8157451666294264 0.8699162939010284 0.8147453925437276 0.8663433037281146 0.8265541156170002 0.8630398028038399 0.8275538932180098 0.8666127871940571
2 0.8160122535707615 0.873519818586856 0.815057794956715 0.8701158717105366 0.8281614437599956 0.8664424787401005 0.8291159061006965 0.8698464194788346
2 0.8643815309537786 0.8583493540123825 0.8656669791665763 0.8625707357456216 0.8491454808367962 0.8676005146950103 0.8478600438596686 0.8633791425438853
2 0.8065099711950552 0.8799989099737279 0.8047485164473756 0.8771220690789654 0.8151707596488222 0.8707421434846844 0.8169322140263375 0.873618979692665
2 0.8161831669633557 0.8746536343076069 0.8178534901152261 0.8773271392111418 0.8082932483697505 0.8832986697293006 0.8066229298245844 0.8806251688596888
2 0.8176063509790765 0.8766682230563871 0.8166198059211638 0.8736189703947549 0.8293789686852051 0.8694918645429943 0.8303655166166664 0.8725411117667494
2 0.8135468724047996 0.8836849527593738 0.8119337708333205 0.8792778223684347 0.8328136516144014 0.8716371243703882 0.8344267590460959 0.8760442416625753
2 0.8340162659497992 0.8763540081131062 0.8325523278513174 0.8714632171053172 0.8488953260576864 0.8665724617059661 0.8503592705012579 0.8714632416428796
2 0.8525460789473982 0.8709242796052443 0.8512351614697309 0.8669022203125923 0.8652932717162685 0.8623212734635455 0.8666041933064434 0.8663433249064239
2 0.8692252030792815 0.865864150028992 0.8678537960535095 0.8614928585525856 0.8817901065867773 0.8571215949961876 0.8831615181908319 0.861492878093652
2 0.8826005692128547 0.8580714293856704 0.8815994999998793 0.8550255997806832 0.894968944026914 0.8506324494204086 0.8959700161335604 0.8536782734477567
2 0.8854140017496093 0.8607592265951054 0.8844111217106274 0.8574508223683973 0.8962167396718996 0.8538729683757292 0.8972196227265385 0.8571813672726647
2 0.8791002733480582 0.8542171685888703 0.880113406948567 0.85742686413215 0.8673049109772819 0.8614689190775706 0.8662917839913007 0.8582592291666197
2 0.8772258762506908 0.8377795710141521 0.8735259322086222 0.8392499259615736 0.8697282094298089 0.8296954999999854 0.8734281448605543 0.8282251469724148
2 0.8775940506677671 0.838811086222287 0.8725398311403296 0.8259229320175152 0.8766969756517256 0.8242930114985427 0.8817511980641939 0.8371811584144873
0 0.8828491096491007 0.8046348695175078 0.8843088551769824 0.8031845996132991 0.8900343640350457 0.808946376096511 0.8885746199511004 0.8103966445531213
0 0.8725674871337787 0.5711053053183268 0.8709778190789166 0.5715440581140336 0.8693881525787219 0.565785020112618 0.8709778190789166 0.5653462675438667
0 0.9415807553523337 0.5265427079627734 0.941663391305724 0.5281711816999932 0.9363525507952772 0.5284406528661653 0.9362699155701648 0.5268121798245983
0 0.8372406053293844 0.7625970278208687 0.8376461964871851 0.7640074055221152 0.8292090883758192 0.7664332808649292 0.8288034989034259 0.7650229046052816
0 0.8288035001444314 0.7388843969801957 0.8276746469226737 0.7398360273156874 0.8250546699561028 0.7367286447368451 0.8261835225483765 0.7357770148359493
0 0.8053733212719862 0.7515494473684121 0.8072376079202286 0.750718317640016 0.8103717587719075 0.7577472379386134 0.8085074725661343 0.7585783669317343
0 0.7349205126978404 0.6420154773839084 0.738519212719325 0.6461870120614301 0.7370904858989888 0.6474193894514958 0.7334917866938895 0.6432478555467678
0 0.637300842010518 0.4726488776086672 0.6377491217748457 0.4741429145805157 0.630563867631281 0.47629867103044443 0.63011558881567 0.47480463486843794
0 0.638005297573045 0.46641959699475194 0.6385504528508363 0.4677984375000312 0.6309731455597785 0.47079409189641164 0.630427991228089 0.4694152521929806
0 0.6098094357760147 0.8577202899653533 0.6082691291348965 0.8583153963888912 0.6066854111842304 0.8542171918859484 0.6082257162429414 0.853622085803271
2 0.6200895814289424 0.946114945754185 0.6188691030702103 0.9420641337719418 0.6385795918437225 0.9361270979044739 0.6398000770080898 0.940177897932718
2 0.6469102550204298 0.9378696014881025 0.6457357072367813 0.9339800592105211 0.6648673208627542 0.9282042873032765 0.6660418749223709 0.9320938185340446
2 0.6649464884982308 0.9228874129223716 0.6663542642544371 0.9277822686403537 0.6465186614694858 0.9334855179714515 0.6451109024122843 0.9285906765350371
0 0.7152715617972945 0.04882004432455815 0.7147766326754663 0.04742657017542656 0.7202173483243541 0.045494157659954126 0.7207122774733534 0.04688763175119948
0 0.6866604188596739 0.6448396655701985 0.6862238293414293 0.643433866883275 0.6940338895686864 0.64100865179367 0.6944704797085706 0.642414449354757
0 0.6993196964340314 0.6432469350261293 0.6908899523986065 0.6456898326637093 0.6904092467106011 0.6440312587719412 0.6988389880638124 0.6415883615477955
0 0.7029985064466473 0.6416690721181454 0.7025690808225136 0.6401757202058003 0.7112231839187189 0.6376874691452468 0.7116526103212664 0.6391808197472831
0 0.720813033303557 0.6342983461890732 0.7213370822368006 0.6359471842105388 0.7153006804204551 0.6378654905184411 0.7147766326754663 0.6362166535087355
0 0.7253983125000332 0.6364861228069922 0.726199428858763 0.6350622118170879 0.73352077521929 0.6391808135964516 0.7327196602066124 0.6406047234243564
0 0.7876611104941276 0.764468826997521 0.7879285419231792 0.7661427289407183 0.7793989514659643 0.7675052127564518 0.7791315219302533 0.7658313124999613
0 0.7938144331139938 0.7340339528508739 0.7950930686237143 0.7329047279536891 0.8002379754998401 0.738729409695144 0.7989593409209874 0.7398586336079703
0 0.7638238048245967 0.6769064945175075 0.7650239869806228 0.6757761400821765 0.7691346458333328 0.6801401239035086 0.7679344643598824 0.681270477638499
0 0.7706368719268539 0.5401574241078589 0.7700718509867102 0.5386688168793541 0.7782540997670822 0.53556340583129 0.7788191211561752 0.5370520119925507
0 0.8106841611842128 0.5284289945175218 0.8099738036846702 0.526850681612354 0.8171590593667588 0.5236170567163418 0.8178694171425605 0.5251953686250908
0 0.8172446107456608 0.5672325515350852 0.8183814065886281 0.5660465455419308 0.82411746381581 0.5715440581140099 0.8229806688041208 0.5727300632899198
0 0.8153702000689691 0.5763945010886996 0.8139671667980792 0.5772077060589943 0.8095131146723133 0.5695238392685038 0.8109161462311931 0.5687106349284021
0 0.8169322124080054 0.5758555624887085 0.8153855105930461 0.5766922737098248 0.8109965635965182 0.5685798980262989 0.812543263395014 0.5677431874775782
0 0.814120588982405 0.5828617613780906 0.8127994473965146 0.5835764501495888 0.8105552691553157 0.5794283892154019 0.8118764098468318 0.5787137007421709
0 0.7906904072838188 0.5346267793699759 0.7911109496239987 0.5360351153382761 0.7829884885658203 0.5384603426681767 0.7825679473685341 0.5370520076754367
0 0.8519212773816207 0.5268121779357174 0.8500505759647012 0.5278964635641435 0.8459856293859502 0.5208838585526276 0.8478563288983878 0.5197995736251914
0 0.8166198059210501 0.7299919155701626 0.8180531611046717 0.7287638863678672 0.8234926589911993 0.7351118300438665 0.822059304874756 0.7363398581006764
0 0.8234926589911993 0.7299919155701504 0.8247019338701875 0.7288705453398104 0.8284910964912342 0.73295607675441 0.8272818222859541 0.7340774462885629
0 0.9562636677630962 0.8835893289473788 0.9573550623647407 0.8826054563824096 0.9597000932017181 0.8852061436403389 0.9586086990434524 0.8861900157411946
0 0.9734457982456206 0.9032605767544206 0.974352138811696 0.9023717085211628 0.9778439257167975 0.9059312460501611 0.9769375857564455 0.9068201136727438
0 0.9787566381578472 0.9056857993421278 0.9802056031717257 0.9044729003368677 0.9843798815788887 0.9094583673245685 0.9829309175689787 0.9106712652395379
4 0.3052171195175439 0.48127189473684207 0.3117775690789474 0.48127189473684207 0.3117775690789474 0.4866612774122807 0.3052171195175439 0.4866612774122807
4 0.41362074342105265 0.435462139254386 0.4254920339912281 0.435462139254386 0.4254920339912281 0.44624090570175434 0.41362074342105265 0.44624090570175434
4 0.41799437719298244 0.44758825109649125 0.43049047149122804 0.44758825109649125 0.43049047149122804 0.4578280789473684 0.41799437719298244 0.4578280789473684
4 0.3936269912280702 0.446510375 0.40268666008771925 0.446510375 0.40268666008771925 0.45513338706140355 0.3936269912280702 0.45513338706140355
4 0.3836301151315789 0.4500134736842105 0.3889409561403509 0.4500134736842105 0.3889409561403509 0.4548639177631579 0.3836301151315789 0.4548639177631579
4 0.37488284868421057 0.451630288377193 0.381755701754386 0.451630288377193 0.381755701754386 0.45809754824561405 0.37488284868421057 0.45809754824561405
4 0.2908466107456141 0.47453516557017544 0.298031865131579 0.47453516557017544 0.298031865131579 0.48046348684210527 0.2908466107456141 0.48046348684210527
4 0.2992814747807018 0.4726488815789474 0.3055295219298246 0.4726488815789474 0.3055295219298246 0.47830773355263156 0.2992814747807018 0.47830773355263156
4 0.3061543267543859 0.4699541907894737 0.3130271787280702 0.4699541907894737 0.3130271787280702 0.4761519802631579 0.3061543267543859 0.4761519802631579
4 0.3136519835526316 0.4675289682017544 0.3199000307017544 0.4675289682017544 0.3199000307017544 0.4737267587719299 0.3136519835526316 0.4737267587719299
4 0.3311465164473684 0.46618162171052635 0.3383317708333334 0.46618162171052635 0.3383317708333334 0.47237941228070174 0.3311465164473684 0.47237941228070174
4 0.33427054057017547 0.47318782017543864 0.34083099013157897 0.47318782017543864 0.34083099013157897 0.47938561074561403 0.33427054057017547 0.47938561074561403
4 0.33676975986842106 0.47992454824561404 0.343955014254386 0.47992454824561404 0.343955014254386 0.48585286951754386 0.33676975986842106 0.48585286951754386
4 0.311152764254386 0.4831581787280702 0.3252108717105263 0.4831581787280702 0.3252108717105263 0.49609269736842104 0.311152764254386 0.49609269736842104
4 0.4139331458333333 0.4149824846491228 0.41986879057017545 0.4149824846491228 0.41986879057017545 0.4203718673245614 0.4139331458333333 0.4203718673245614
4 0.39237738157894736 0.4936674747807018 0.4004998442982456 0.4936674747807018 0.4004998442982456 0.5014820800438596 0.39237738157894736 0.5014820800438596
4 0.40268666008771925 0.49016437609649127 0.4117463289473684 0.49016437609649127 0.4117463289473684 0.49797898135964913 0.40268666008771925 0.49797898135964913
4 0.41362074342105265 0.48693074671052633 0.4223680098684211 0.48693074671052633 0.4223680098684211 0.49447588267543857 0.41362074342105265 0.49447588267543857
4 0.424554826754386 0.48342764802631577 0.4339268980263158 0.48342764802631577 0.4339268980263158 0.49151172149122807 0.424554826754386 0.49151172149122807
4 0.3189628245614035 0.5181891677631579 0.33583255263157896 0.5181891677631579 0.33583255263157896 0.5330099703947369 0.3189628245614035 0.5330099703947369
4 0.3383317708333334 0.512260846491228 0.3542642927631579 0.512260846491228 0.3542642927631579 0.5268121798245614 0.3383317708333334 0.5268121798245614
4 0.3767572631578947 0.5184586359649123 0.3873789440789474 0.5184586359649123 0.3873789440789474 0.5281595252192982 0.3767572631578947 0.5281595252192982
4 0.39268978399122806 0.5144165997807018 0.40268666008771925 0.5144165997807018 0.40268666008771925 0.5230396118421052 0.39268978399122806 0.5230396118421052
4 0.3258356765350877 0.5357046622807018 0.34301780701754386 0.5357046622807018 0.34301780701754386 0.5499865263157895 0.3258356765350877 0.5499865263157895
4 0.3455170263157895 0.5303152785087719 0.36144954714912275 0.5303152785087719 0.36144954714912275 0.5443276743421053 0.3455170263157895 0.5443276743421053
4 0.3639487664473684 0.558070600877193 0.3670727894736842 0.558070600877193 0.3670727894736842 0.5613042302631579 0.3639487664473684 0.5613042302631579
4 0.36488597258771927 0.5615736995614035 0.36769759429824567 0.5615736995614035 0.36769759429824567 0.5637294528508772 0.36488597258771927 0.5637294528508772
4 0.41549515789473684 0.42064133662280706 0.42111840021929825 0.42064133662280706 0.42111840021929825 0.42522231250000003 0.41549515789473684 0.42522231250000003
4 0.4101843168859649 0.42279708991228065 0.41549515789473684 0.42279708991228065 0.41549515789473684 0.42683912719298245 0.4101843168859649 0.42683912719298245
4 0.14964073684210527 0.03314470504385965 0.1633864418859649 0.03314470504385965 0.1633864418859649 0.0450013475877193 0.14964073684210527 0.0450013475877193
4 0.2895970010964912 0.4149824846491228 0.29522024342105263 0.4149824846491228 0.29522024342105263 0.4201023980263158 0.2895970010964912 0.4201023980263158
4 0.15401437061403508 0.0450013475877193 0.16744767214912282 0.0450013475877193 0.16744767214912282 0.055510643640350875 0.15401437061403508 0.055510643640350875
4 0.2642924089912281 0.38911344627192984 0.2705404561403509 0.38911344627192984 0.2705404561403509 0.394772298245614 0.2642924089912281 0.394772298245614
4 0.2617931896929825 0.39962274342105264 0.26710402960526314 0.39962274342105264 0.26710402960526314 0.40393425 0.2617931896929825 0.40393425
4 0.26866604166666663 0.39746699013157893 0.2736644802631579 0.39746699013157893 0.2736644802631579 0.4023174342105263 0.26866604166666663 0.4023174342105263
4 0.2642924089912281 0.40501212609649123 0.2692908464912281 0.40501212609649123 0.2692908464912281 0.4095931019736842 0.2642924089912281 0.4095931019736842
4 0.2705404561403509 0.4031258421052632 0.2758512960526316 0.4031258421052632 0.2758512960526316 0.4079762861842105 0.2705404561403509 0.4079762861842105
4 0.2680412368421053 0.41309620065789476 0.2752264912280702 0.41309620065789476 0.2752264912280702 0.4195634605263158 0.2680412368421053 0.4195634605263158
4 0.2767885032894737 0.41067097807017544 0.2839737576754386 0.41067097807017544 0.2839737576754386 0.4171382379385965 0.2767885032894737 0.4171382379385965
4 0.2855357697368421 0.4079762861842105 0.29240862280701757 0.4079762861842105 0.29240862280701757 0.41444354605263156 0.2855357697368421 0.41444354605263156
4 0.2705404561403509 0.42064133662280706 0.2758512960526316 0.42064133662280706 0.2758512960526316 0.42549178070175436 0.2705404561403509 0.42549178070175436
4 0.2767885032894737 0.4187550526315789 0.28241174671052627 0.4187550526315789 0.28241174671052627 0.42360549671052633 0.2767885032894737 0.42360549671052633
4 0.2833489539473684 0.4171382379385965 0.28865979385964907 0.4171382379385965 0.28865979385964907 0.42171921271929824 0.2833489539473684 0.42171921271929824
4 0.4273664484649123 0.012665049342105264 0.4333020932017544 0.012665049342105264 0.4333020932017544 0.01805443311403509 0.4273664484649123 0.01805443311403509
4 0.40799750109649124 0.4171382379385965 0.41362074342105265 0.4171382379385965 0.41362074342105265 0.4225276206140351 0.40799750109649124 0.4225276206140351
4 0.3767572631578947 0.42522231250000003 0.381755701754386 0.42522231250000003 0.381755701754386 0.42953381798245616 0.3767572631578947 0.42953381798245616
4 0.3789440800438596 0.4300727565789474 0.38550452960526316 0.4300727565789474 0.38550452960526316 0.4357316085526316 0.3789440800438596 0.4357316085526316
4 0.38581693201754386 0.42737806469298245 0.39268978399122806 0.42737806469298245 0.39268978399122806 0.4335758552631579 0.38581693201754386 0.4335758552631579
4 0.38144329934210525 0.4360010778508772 0.38769134649122805 0.4360010778508772 0.38769134649122805 0.4416599298245614 0.38144329934210525 0.4416599298245614
4 0.3883161513157895 0.4335758552631579 0.39487660087719295 0.4335758552631579 0.39487660087719295 0.4395041765350877 0.3883161513157895 0.4395041765350877
4 0.3958138081140351 0.42144974451754386 0.4023742576754386 0.42144974451754386 0.4023742576754386 0.4263001885964912 0.3958138081140351 0.4263001885964912
4 0.398000625 0.42656965789473683 0.4033114649122807 0.42656965789473683 0.4033114649122807 0.4314201019736842 0.398000625 0.4314201019736842
4 0.40081224671052634 0.4319590405701754 0.40643548903508775 0.4319590405701754 0.40643548903508775 0.436809485745614 0.40081224671052634 0.436809485745614
4 0.4058106842105263 0.4306116951754386 0.4108091217105263 0.4306116951754386 0.4108091217105263 0.435462139254386 0.4058106842105263 0.435462139254386
4 0.41049671929824566 0.42899488048245615 0.41580756030701754 0.42899488048245615 0.41580756030701754 0.4335758552631579 0.41049671929824566 0.4335758552631579
4 0.4033114649122807 0.4246833739035088 0.40955951315789474 0.4246833739035088 0.40955951315789474 0.4298032872807017 0.4033114649122807 0.4298032872807017
4 0.4020618552631579 0.41929399122807015 0.4073726962719298 0.41929399122807015 0.4073726962719298 0.42414443530701756 0.4020618552631579 0.42414443530701756
0 0.628020916004175 0.47019385143542913 0.6285535767544843 0.47184047478075203 0.623462994435954 0.4734870974929848 0.6229303344300661 0.4718404747807089
0 0.6142264594438984 0.6651542702423449 0.6135582631579837 0.6634330372807209 0.620075322022899 0.6609034008733502 0.6207435187992587 0.6626246326197982
0 0.361761949561469 0.7078954462719153 0.3632811996727696 0.7072550705293302 0.3658231798245879 0.7132848289473716 0.3643039299739712 0.7139252042364138
2 0.20564429377111537 0.9797972800178384 0.2074351765351139 0.9846402587719449 0.1782981970787887 0.9954115361689584 0.17650734100880072 0.9905685800438531
2 0.28834752425677834 0.2430611165599509 0.26945710231814246 0.25065603257887537 0.23617619517551702 0.16787927741226014 0.25506652310150457 0.16028438267613246
0 0.26897844407903904 0.47803826425436663 0.2708053247455382 0.47736948552884284 0.27272727302624844 0.4826192401315935 0.2709003924993567 0.4832880185835645
0 0.3077163388157942 0.5790891940789644 0.3095284369850333 0.5783889963260671 0.31240237390352377 0.5858259232456257 0.31059027599883393 0.5865261205032561
0 0.31927522697367294 0.5971436271929835 0.3211690959877842 0.5963836923053933 0.32398071455941135 0.6033898909017841 0.3220868458346331 0.6041498252648384
0 0.32401231103483497 0.6112755370408086 0.3223992499999895 0.6119644298245582 0.320161385634151 0.6067250009722944 0.3217744451754925 0.6060361085526237
0 0.27585129772830896 0.6866073832607859 0.2742718510434088 0.6870891807873621 0.2727098400483783 0.6819692665560436 0.27428928508777517 0.6814874692982452
2 0.2480474846490779 0.7758016710526391 0.25361365867127006 0.772023618036908 0.2742892850876615 0.8024791162280839 0.26872312470845827 0.8062571525265244
2 0.32208703097342095 0.8730799082849343 0.3142867419411459 0.8783335304314192 0.2867853793859467 0.8375101052631646 0.2945855957372032 0.8322565168033027
0 0.36363636745034 0.7041228767668364 0.362132917374538 0.7047931567414596 0.35895032785094827 0.6976556184210373 0.36045377575453585 0.6969853390056382
0 0.36542487122687817 0.7122440036397782 0.362386754385966 0.7052007543859158 0.36389976466944063 0.704548215192235 0.36693788190609666 0.711591463193676
0 0.3589503278508346 0.7011587171052774 0.3604611374463502 0.7005019967739637 0.36332396162276837 0.7070870383771924 0.3618131523254533 0.707743758202763
0 0.3688613118919193 0.7257174547955759 0.3658231798245879 0.7186742116227888 0.36733618986761485 0.7180216725381571 0.37037432233830714 0.7250649144350625
2 0.13488785363142597 0.9988328082727654 0.1324966987890548 0.993759098674697 0.17005503706980107 0.9760636700273418 0.17244619927521398 0.9811373479338428
0 0.36676038706150393 0.7165184583333143 0.3686211130833499 0.71567968479385 0.3708216184210187 0.7205604956140519 0.368960892697487 0.7213992686620322
0 0.3498906589911712 0.6793317160087811 0.3514099067799634 0.6786913334711753 0.35395189035079966 0.6847210997807158 0.3524326428123459 0.6853614818830096
0 0.3442674166666393 0.6623551600877404 0.3461585343434308 0.6615879164566413 0.3483453498251947 0.666977300051477 0.3464542323999922 0.6677445432307964
0 0.3701968135965217 0.7237941260964933 0.3714138138080898 0.7231895525391022 0.37425804385964057 0.7289140394736838 0.3730410439281968 0.7295186126035278
0 0.37425804385964057 0.7313392620613934 0.37539064454347226 0.7303911023585454 0.3795688848683767 0.7353812993421264 0.37843628481914493 0.7363294583556712
0 0.30552952192977045 0.7809215844298416 0.3067429305506266 0.7800620741295924 0.3102155581140096 0.7849636217105216 0.3090021500090643 0.7858231313950584
0 0.3185377100359119 0.7963542429670305 0.31552639802623617 0.7917003497806618 0.3169962269331563 0.7907494766026938 0.3200075387862853 0.7954033688044192
0 0.32802249342103096 0.8105631907894821 0.32951418758318596 0.8096410523900799 0.33208372368426353 0.8137968201754091 0.3305920299499121 0.814718958017444
0 0.3380193684211008 0.8224198333333063 0.3396326968113499 0.8212510930523215 0.3430178070175316 0.8259229320175577 0.3414044793462381 0.8270916714520986
0 0.43636331491620695 0.8244477098925804 0.43580131250007526 0.8229587708333118 0.44117495530247197 0.8209308978283154 0.44173695817403313 0.8224198358161036
0 0.4426741633041047 0.8224198294922078 0.44310263181000664 0.8238269482840567 0.4377917908218478 0.8254437658379356 0.43736332346486506 0.8240366480262761
0 0.44348974910735706 0.823695179231065 0.4439237741228226 0.8248450548245296 0.4387345547714858 0.8268033375111241 0.4383005307016674 0.8256534627192766
2 0.13094903804233127 1.0074042476844711 0.12780401326335777 0.9989777496414305 0.2039778606880418 0.9705554302660082 0.20712293045596653 0.9789818256517735
2 0.14008353401641216 0.9894817932366229 0.13839425219293844 0.986257073464899 0.1563863384975548 0.9768346122765397 0.1580756214888197 0.9800593222406898
0 0.44173695928884626 0.833468067003104 0.4404049217479269 0.8341038071743345 0.4382181042631146 0.8295228318677372 0.4395501403508888 0.8288870921052467
0 0.13805214915873876 0.020273069144402 0.1362074353069147 0.0194017785087508 0.13967356146997645 0.012063228040839863 0.14151827525859062 0.01293451865889144
0 0.11308965894022549 0.009161950584867169 0.11380040609549269 0.010179816792682353 0.10723995656860552 0.0147607927281439 0.10652920942982291 0.013742926535110321
0 0.04521089245804433 0.3953678123028833 0.041861917763185374 0.3901913234649017 0.043331756263114585 0.38924044345233366 0.04668073087202629 0.3944169317486696
0 0.0465479539474245 0.40177849671049887 0.04787970561653765 0.40068871606882933 0.051628532105382874 0.4052696920655009 0.05029678079688438 0.40635947231068204
2 0.06466730001932319 0.8631096701065183 0.061638813621470945 0.8646453891632817 0.05716963486838722 0.8558340065789433 0.06019811475471215 0.8542982895082922
2 0.06404244010366256 0.8908649060657304 0.06519424806629104 0.8930717055470767 0.03988969263900799 0.9062757755104579 0.03873789473686884 0.9040689846490854
2 0.08843535819880799 0.9003799638547865 0.09090909100871158 0.904877391447321 0.06557899150118374 0.9188062209878276 0.0631052796052245 0.9143088114034917
2 0.08239893918641883 0.9891721697236718 0.07997500767544352 0.984909728070136 0.10785416250837443 0.9690602321066848 0.11027809441964109 0.9733226533737016
2 0.11470398209985433 0.9725855929916731 0.11715089035089932 0.9770951228070439 0.08648311988883961 0.9937307409062605 0.08403623903507196 0.9892212346490937
2 0.12190773050758708 0.9850871385027399 0.12467442615434265 0.9904111315888511 0.09648737842724131 1.0050544981490872 0.09372071271934601 0.9997305307017306
0 0.13464542324982176 0.035030989035872005 0.13273696210387698 0.034674129888993044 0.13429897430853543 0.026320586042702158 0.1362074353070284 0.02667744517543625
0 0.1721337083332628 0.12233899232457127 0.17345481957579523 0.12162425013225463 0.1756416362577511 0.12566628756195206 0.17432052505864704 0.12638102969219095
0 0.15125989286320873 0.17987393123100973 0.1496407368420023 0.18054432785089855 0.14645957049447134 0.17286118046141918 0.1480787258772125 0.17219078399120877
0 0.21368322489558977 0.34303422219451396 0.21239446387505723 0.34345255346752596 0.21020764774868894 0.33671582454070237 0.21149640789474233 0.33629749342106713
0 0.22155043503789784 0.3623045599578105 0.219931271929795 0.3629749396929924 0.2167500980594923 0.35529177526386874 0.21836925986838196 0.35462139583334906
0 0.21180881033126298 0.3317165182449091 0.21033517306841532 0.332236456406961 0.20814835704379675 0.32603866606108356 0.20962199342113763 0.3255187280701587
0 0.19275226693810055 0.6100781447294101 0.19140479474981476 0.6110153346936674 0.1885931723276144 0.6069732980892044 0.18994064364028418 0.6060361085526489
0 0.1812625764872564 0.6469608572210863 0.181880543739112 0.6481981572866503 0.17587569874660858 0.6511968792884547 0.17525773245620258 0.6499595800438622
2 0.17400823433774804 0.6585825179566194 0.16784357463518518 0.6626809480054882 0.1430802872807817 0.6254378870613817 0.14924490749865527 0.6213394749344809
0 0.18752378721410423 0.6442607626319398 0.18806622916667948 0.6453786041667008 0.18298542806587648 0.6478437904749754 0.18244298684214755 0.6467259495613671
0 0.1928800756252258 0.6344497882297814 0.18931583881578717 0.6289409857456504 0.19078567159522208 0.6279901087127094 0.19434990825743625 0.633498910269752
0 0.4426741644736012 0.8210724868421231 0.44388555361706494 0.8204581915222258 0.44611058991233676 0.8248450548245532 0.44489920102091673 0.82545934976569
0 0.42225787895336 0.8105024966552085 0.42270621423256216 0.8119965179496592 0.4153186866786882 0.8142129639476946 0.4148703530701141 0.8127189440789756
0 0.5741717832611357 0.6771847547455606 0.5735707587718935 0.6755591480263156 0.5823418074201072 0.6723167350820403 0.5829428325970412 0.673942340238874
0 0.3676296584734473 0.3466134918247186 0.36863480153510864 0.3478846666666275 0.3646415067237285 0.3510421262524937 0.3636363640350737 0.34977095175439976
0 0.43798812828947575 0.7655618432017393 0.43949894237493936 0.764905139461833 0.44137335572418124 0.7692166467979453 0.4398625418515394 0.7698733501769739
0 0.461282144077245 0.76722811050778 0.46048109978096363 0.7650229046052669 0.4665529078563395 0.7628177035287721 0.4673539529045456 0.7650229077711986
0 0.46266556931243485 0.768526453234322 0.46235551425445465 0.7669091885965275 0.4679811037124182 0.7658308667455328 0.46829115958701095 0.7674481303007974
0 0.45220152768854405 0.732634511275079 0.4526710405701806 0.7340339528508916 0.4468925040837348 0.7359723320692011 0.4464229923246421 0.7345728914473356
0 0.452671039208667 0.7340339485673361 0.45314597626224895 0.7355282011778493 0.44721033056509896 0.7374144884098125 0.44673539473694746 0.7359202368421126
0 0.45485785745609064 0.7523578552631401 0.4544696053338839 0.7512006238697703 0.46009284830950037 0.7493143437872022 0.4604811008288152 0.7504715743955785
0 0.45567546003030657 0.7542875777057867 0.45513384641640187 0.7527965531659071 0.46118909653182527 0.7505973658694187 0.46173071064424676 0.7520883893083469
0 0.4389253355263918 0.7297224462719095 0.44043161517879525 0.7290573103928243 0.4429865668860202 0.7348423607456139 0.44148028751374113 0.7355074961555165
0 0.44361137171051723 0.7281056315789721 0.44497154789723936 0.727429933540874 0.447815776894231 0.7331544207278384 0.4464556010225351 0.7338301182852542
0 0.4614183097609157 0.7372675821770115 0.45980259654538713 0.7379486114255577 0.45730337654822506 0.732020290819685 0.4589190877193232 0.7313392620614104
0 0.4498889227057816 0.5635426859340273 0.44860980921043847 0.5639989221491362 0.4460810875627885 0.5569100221063269 0.4473601995613308 0.5564537861842264
2 0.4723526294551448 0.4085151239019958 0.45672857964109426 0.4151069477302561 0.4214308026315621 0.33144704934209696 0.43705471181044686 0.32485525929012077
0 0.3264604813596179 0.35408245723688964 0.3271954410821536 0.3523784108510866 0.3355201502192813 0.3559687412280769 0.3347851914816147 0.3576727867783976
0 0.4501718214484072 0.766370251437511 0.44794953765278933 0.7620771000549654 0.4495115494212314 0.7612686926978108 0.45173383333326456 0.7655618432017356
2 0.5263980010964815 0.9304769605262841 0.5259663319149013 0.9288926273234406 0.5320212434210134 0.9272433311403522 0.5324529134759359 0.9288276629366481
2 0.5331210232317289 0.9287375685719665 0.5326460465983018 0.9272433259578076 0.5390439241326703 0.9252101554685179 0.5395189015297319 0.9267043966664824
2 0.5404823656022018 0.9265429066512731 0.5398313026315691 0.9248181085525815 0.5451158848455862 0.9228238452583736 0.5457669483990912 0.9245486419849741
2 0.6045521621122134 0.9510439784135892 0.6032489846489852 0.9471840471491424 0.6178783319398917 0.9422462727699787 0.6191815137162848 0.9461061954405312
2 0.5488558568329154 0.9130780380381035 0.5476413618421248 0.9094583673245715 0.5592353662384539 0.9055692473967061 0.5604498643308489 0.9091889119790858
2 0.5505789068113245 0.9149192392852218 0.5498281787281485 0.9129614660088139 0.5584495240909746 0.9096563582251903 0.559200253211884 0.9116141289898658
2 0.5895032691209963 0.9043384182352766 0.5905209001209641 0.9073801771998645 0.5752131866018999 0.9125001194962814 0.5741955635965041 0.9094583673246107
0 0.580756014254348 0.8008623015351063 0.5823808295834851 0.8002103842122714 0.585192447507211 0.8072165831293872 0.5835676325107215 0.8078684998494889
0 0.5683818875569386 0.6779142280768122 0.5691971260964692 0.6793317160088123 0.5634519139500753 0.6826354869586407 0.5626366765351349 0.681217999999989
0 0.5567806036160619 0.6830778778698922 0.5573258355262851 0.6847210997807145 0.5491237992455353 0.6874421963059105 0.5485785690789271 0.6857989758771462
0 0.5890748382978472 0.6744214883917767 0.589503280701706 0.675828617324574 0.5839960762945111 0.6775052147216278 0.5835676348685865 0.6760980866228041
0 0.5795064057581385 0.677175963370319 0.5732546389401705 0.6795915689664516 0.5726298349683248 0.6779747531903422 0.5788815997807433 0.675559148026314
0 0.4429865666185151 0.7639450279922012 0.4452088505775009 0.7682381795428588 0.443646837754045 0.7690465859761988 0.4414245548246072 0.7647534353070319
0 0.44361137424550634 0.770142818099518 0.44198046910787525 0.7707729552246758 0.43979365176198826 0.7651141037834098 0.4414245548246072 0.76448396710525
0 0.4234166128578636 0.8129472256190572 0.42393002192977747 0.8143357587719171 0.4172581751698772 0.8168021667954504 0.4167447675438325 0.8154136348683981
0 0.4273664484649089 0.8321207225877316 0.428801569482971 0.8315385264729346 0.43111527631572244 0.8372406359649269 0.429680155551182 0.8378228316242414
0 0.42486722729995563 0.8156830984869156 0.4252478598820062 0.8168412103759302 0.41868741101643536 0.8189969683496259 0.41830677960524554 0.8178388574561666
0 0.41849857510419497 0.8206797011864697 0.4179943751698829 0.8191861968578783 0.425612639990959 0.8166148294358646 0.4261168406769684 0.8181083322671827
0 0.4261168368441304 0.8186472590663821 0.42652965675495125 0.8199631141345529 0.4196568042660829 0.822118871427768 0.419243985745652 0.8208030175438378
0 0.42708053309536353 0.822302900527571 0.42767885087710056 0.8240366480262875 0.42109191139013546 0.8263093326048839 0.4204935953947597 0.8245755866227604
0 0.4150713571441429 0.8308145569602464 0.414520381989405 0.8293244248713236 0.42119223099530245 0.8268580284384633 0.4217432067387108 0.8283481591891927
0 0.41010000688493164 0.8175970922142943 0.40955951315777384 0.8159525734648683 0.4162042745446115 0.8137691220186062 0.41674476901334856 0.8154136393388535
0 0.42236800857858725 0.8318512467115182 0.42269642932740226 0.8335261662000184 0.415823576946309 0.8348735166837498 0.4154951578947248 0.833198598684184
0 0.42018119569297596 0.8407437334522678 0.4189363263830046 0.8412934096575885 0.41643236513152715 0.8356238212719403 0.4176772327313074 0.8350741455015193
0 0.42044459662713507 0.8407648677026909 0.4179943771929402 0.8350848826754111 0.4195073840536452 0.8344323449983875 0.421957603865053 0.8401123288315476
0 0.4211184002192567 0.8342764758771933 0.42260970659322084 0.8335850600322965 0.42517963157888516 0.8391269199561537 0.42368832553916036 0.8398183352627667
0 0.42799125484737033 0.8383185109845929 0.42628788704973886 0.8390095290867465 0.42393002192977747 0.8331985986842091 0.4256333873146332 0.8325075811337906
0 0.42580443640349586 0.8326596600877245 0.4272957402954489 0.831968245261041 0.4297949565039971 0.8373576303291435 0.4283036529363926 0.8380490446333754
0 0.4326772911497301 0.8367016961441814 0.4313328328139505 0.8372953476843573 0.4288336125781598 0.831636496468254 0.4301780690789201 0.8310428453947311
0 0.4361137149122669 0.7663702510964817 0.4377329114076929 0.7656999524221199 0.43929492152994953 0.7694725209985259 0.4376757252158541 0.7701428193527446
0 0.43423930248195575 0.83562382043603 0.43261791036991326 0.8362871112129469 0.43074349565722514 0.8317061357547753 0.43236488596483014 0.8310428453947484
0 0.4186191846405336 0.7968202632409562 0.4169882767503168 0.7974503934429368 0.41480145938839996 0.7917915420201579 0.41643236513152715 0.7911614122807069
0 0.42455482865977956 0.7941255714021846 0.42309495320319 0.7948658860729817 0.42090813582785813 0.7905543800283705 0.4223680098683644 0.7898140657894853
0 0.424867228891344 0.750471570739953 0.42737553678853146 0.7553173117667821 0.42581352386059734 0.7561257181192705 0.42330521710528046 0.7512799780701638
0 0.42580443640349586 0.7507410405701935 0.42736513601141723 0.7501983270157963 0.42924086184211774 0.755591484649123 0.4276801624075688 0.7561341978480034
0 0.4295532642544231 0.7491242247806953 0.4310801974668266 0.7484995516511487 0.43298969078944083 0.753166262061407 0.43146275777905885 0.7537909348305869
0 0.43111527631572244 0.7475074100877236 0.43271637013947384 0.7467856829454173 0.4349031855904286 0.751636129086165 0.4333020920329318 0.7523578557900416
0 0.43901762738448724 0.7370470738120645 0.4324611395913962 0.7389470343163709 0.4320524835526385 0.7375370515350907 0.43860896931391835 0.7356370913439908
0 0.43923773623635043 0.7372675781539442 0.4397287359100801 0.7387615495235175 0.43316828668525886 0.7409173057346317 0.43267728837724917 0.7394233355262736
0 0.429520129623711 0.7240756283641167 0.4289284594298124 0.7224467796052729 0.4348972405330187 0.7202789965653548 0.4354889112419187 0.7219078441863491
0 0.4560011456743496 0.7132099776560692 0.4564198684211078 0.7143627050438799 0.4502781406391705 0.7165933088045324 0.44985941885965985 0.7154405822368569
0 0.4360463967460646 0.76626454939525 0.4383005307017811 0.7714901644737133 0.43678752170626467 0.772142701182549 0.4345333889397125 0.7669170871128332
4 0.3667603870614035 0.5639989221491228 0.3689472039473684 0.5639989221491228 0.3689472039473684 0.5661546754385965 0.3667603870614035 0.5661546754385965
4 0.3402061853070175 0.5677714901315789 0.35051546381578946 0.5677714901315789 0.35051546381578946 0.5766639714912281 0.3402061853070175 0.5766639714912281
4 0.34864104934210527 0.5882511447368421 0.3611371447368421 0.5882511447368421 0.3611371447368421 0.5987604418859649 0.34864104934210527 0.5987604418859649
4 0.593876913377193 0.6378334682017543 0.597938144736842 0.6378334682017543 0.597938144736842 0.6418755054824561 0.593876913377193 0.6418755054824561
4 0.6032489846491229 0.5987604418859649 0.6104342390350878 0.5987604418859649 0.6104342390350878 0.605227701754386 0.6032489846491229 0.605227701754386
4 0.6113714462719297 0.59606575 0.6188691030701755 0.59606575 0.6188691030701755 0.6028024791666666 0.6113714462719297 0.6028024791666666
4 0.6201187127192983 0.5936405285087719 0.6273039671052631 0.5936405285087719 0.6273039671052631 0.5998383179824561 0.6201187127192983 0.5998383179824561
4 0.5691971260964913 0.6407976282894736 0.5757575756578948 0.6407976282894736 0.5757575756578948 0.6467259495614035 0.5691971260964913 0.6467259495614035
4 0.5595126524122807 0.6504985175438596 0.5666979067982456 0.6504985175438596 0.5666979067982456 0.656696308114035 0.5595126524122807 0.656696308114035
4 0.5676351140350877 0.649690110745614 0.5726335515350878 0.649690110745614 0.5726335515350878 0.654810024122807 0.5676351140350877 0.654810024122807
4 0.5735707587719299 0.6486122335526315 0.578569197368421 0.6486122335526315 0.578569197368421 0.6531932094298246 0.5735707587719299 0.6531932094298246
4 0.5801312094298245 0.6469954188596492 0.5848172445175439 0.6469954188596492 0.5848172445175439 0.6510374561403509 0.5801312094298245 0.6510374561403509
4 0.5763823804824562 0.6386418749999999 0.5813808179824561 0.6386418749999999 0.5813808179824561 0.6429533815789473 0.5763823804824562 0.6429533815789473
4 0.5841924396929824 0.6389113442982456 0.5904404868421053 0.6389113442982456 0.5904404868421053 0.645109134868421 0.5841924396929824 0.645109134868421
4 0.5879412686403509 0.6448396655701755 0.5916900964912281 0.6448396655701755 0.5916900964912281 0.648342764254386 0.5879412686403509 0.648342764254386
4 0.5920024989035089 0.6335219616228069 0.5966885350877192 0.6335219616228069 0.5966885350877192 0.6375639989035087 0.5920024989035089 0.6375639989035087
4 0.6116838486842106 0.6300188629385965 0.6154326776315789 0.6300188629385965 0.6154326776315789 0.6335219616228069 0.6116838486842106 0.6335219616228069
4 0.5951265230263159 0.6011856644736843 0.6023117774122807 0.6011856644736843 0.6023117774122807 0.607652923245614 0.5951265230263159 0.607652923245614
4 0.6179318958333334 0.6284020482456141 0.6226179320175438 0.6284020482456141 0.6226179320175438 0.6332524923245614 0.6179318958333334 0.6332524923245614
4 0.6135582631578947 0.6335219616228069 0.6169946896929824 0.6335219616228069 0.6169946896929824 0.6364861228070174 0.6135582631578947 0.6364861228070174
4 0.6129334583333333 0.6372945296052632 0.618244298245614 0.6372945296052632 0.618244298245614 0.6416060361842105 0.6129334583333333 0.6416060361842105
4 0.6204311151315789 0.6332524923245614 0.6269915646929826 0.6332524923245614 0.6269915646929826 0.6389113442982456 0.6204311151315789 0.6389113442982456
4 0.6863480164473684 0.8065211535087718 0.6919712587719299 0.8065211535087718 0.6919712587719299 0.8113715975877194 0.6863480164473684 0.8113715975877194
4 0.6929084660087719 0.8046348695175438 0.6982193059210526 0.8046348695175438 0.6982193059210526 0.8094853135964911 0.6929084660087719 0.8094853135964911
4 0.6657294594298245 0.8189167335526316 0.6732271162280701 0.8189167335526316 0.6732271162280701 0.8251145241228071 0.6657294594298245 0.8251145241228071
4 0.6754139331140351 0.8189167335526316 0.679787566885965 0.8189167335526316 0.679787566885965 0.8234977094298245 0.6754139331140351 0.8234977094298245
4 0.6763511403508772 0.8237671787280701 0.6822867850877192 0.8237671787280701 0.6822867850877192 0.8288870921052631 0.6763511403508772 0.8288870921052631
4 0.6685410811403509 0.8261924013157895 0.6757263355263158 0.8261924013157895 0.6757263355263158 0.8326596600877193 0.6685410811403509 0.8326596600877193
4 0.671352701754386 0.8329291293859649 0.6788503596491229 0.8329291293859649 0.6788503596491229 0.839396389254386 0.671352701754386 0.839396389254386
4 0.6788503596491229 0.8288870921052631 0.6847860043859649 0.8288870921052631 0.6847860043859649 0.834815413377193 0.6788503596491229 0.834815413377193
4 0.5985629495614035 0.6090002697368421 0.6057482039473684 0.6090002697368421 0.6057482039473684 0.6157369978070175 0.5985629495614035 0.6157369978070175
4 0.5860668541666667 0.6046887631578947 0.5913776940789474 0.6046887631578947 0.5913776940789474 0.6095392072368422 0.5860668541666667 0.6095392072368422
4 0.674476725877193 0.8407437346491228 0.6794751644736842 0.8407437346491228 0.6794751644736842 0.8450552412280702 0.674476725877193 0.8450552412280702
4 0.5838800372807018 0.31878199999999995 0.5866916589912281 0.31878199999999995 0.5866916589912281 0.32174616008771934 0.5838800372807018 0.32174616008771934
4 0.4698531710526316 0.06332524890350877 0.4767260230263158 0.06332524890350877 0.4767260230263158 0.0692535701754386 0.4698531710526316 0.0692535701754386
4 0.4789128399122807 0.060091619517543854 0.486722899122807 0.060091619517543854 0.486722899122807 0.06655887938596491 0.4789128399122807 0.06655887938596491
4 0.6291783815789475 0.14766909210526316 0.6563573881578947 0.14766909210526316 0.6563573881578947 0.17111290789473682 0.6291783815789475 0.17111290789473682
4 0.5738831611842106 0.2710859605263158 0.5848172445175439 0.2710859605263158 0.5848172445175439 0.2805173804824561 0.5738831611842106 0.2805173804824561
4 0.588878475877193 0.26677445394736843 0.5966885350877192 0.26677445394736843 0.5966885350877192 0.27351118311403505 0.588878475877193 0.27351118311403505
4 0.6035613870614035 0.260037725877193 0.6110590438596492 0.260037725877193 0.6110590438596492 0.26704392324561405 0.6035613870614035 0.26704392324561405
4 0.6141830679824561 0.2745890592105263 0.6179318958333334 0.2745890592105263 0.6179318958333334 0.27782268969298246 0.6141830679824561 0.27782268969298246
4 0.5923149013157895 0.2799784429824561 0.6038737894736842 0.2799784429824561 0.6038737894736842 0.2899488004385965 0.5923149013157895 0.2899488004385965
4 0.6198063103070176 0.29102667763157897 0.626366759868421 0.29102667763157897 0.626366759868421 0.2969549989035088 0.6198063103070176 0.2969549989035088
4 0.6323024057017544 0.25114524342105266 0.6360512335526315 0.25114524342105266 0.6360512335526315 0.2546483432017544 0.6323024057017544 0.2546483432017544
4 0.5973133399122807 0.29102667763157897 0.6069978135964912 0.29102667763157897 0.6069978135964912 0.29911075219298244 0.5973133399122807 0.29911075219298244
4 0.5645110899122807 0.3058474802631579 0.5704467357456141 0.3058474802631579 0.5704467357456141 0.3109673947368421 0.5645110899122807 0.3109673947368421
4 0.5879412686403509 0.32255456798245613 0.5941893157894738 0.32255456798245613 0.5941893157894738 0.3282134199561404 0.5879412686403509 0.3282134199561404
4 0.5876288662280701 0.610347615131579 0.5941893157894738 0.610347615131579 0.5941893157894738 0.6165454057017543 0.5876288662280701 0.6165454057017543
4 0.5904404868421053 0.32848288925438596 0.5966885350877192 0.32848288925438596 0.5966885350877192 0.33441120942982455 0.5904404868421053 0.33441120942982455
4 0.5985629495614035 0.3241713826754386 0.6066854111842105 0.3241713826754386 0.6066854111842105 0.33117758004385967 0.5985629495614035 0.33117758004385967
4 0.5951265230263159 0.3163567774122807 0.6032489846491229 0.3163567774122807 0.6032489846491229 0.32309350548245613 0.5951265230263159 0.32309350548245613
4 0.6054358015350878 0.31231474013157895 0.6141830679824561 0.31231474013157895 0.6141830679824561 0.3203988146929824 0.6054358015350878 0.3203988146929824
4 0.593876913377193 0.43034222587719295 0.6207435175438596 0.43034222587719295 0.6207435175438596 0.4548639177631579 0.593876913377193 0.4548639177631579
4 0.588878475877193 0.45297763377192984 0.5970009374999999 0.45297763377192984 0.5970009374999999 0.4599838322368421 0.588878475877193 0.4599838322368421
4 0.5654482971491228 0.6106170844298245 0.5710715405701754 0.6106170844298245 0.5710715405701754 0.6157369978070175 0.5654482971491228 0.6157369978070175
4 0.5729459539473684 0.608461331140351 0.5779443925438597 0.608461331140351 0.5779443925438597 0.6133117763157895 0.5729459539473684 0.6133117763157895
4 0.5795064046052633 0.6068445164473684 0.5848172445175439 0.6068445164473684 0.5848172445175439 0.6111560230263158 0.5795064046052633 0.6111560230263158
4 0.5616994692982455 0.6184316896929825 0.5685723212719298 0.6184316896929825 0.5685723212719298 0.6246294802631579 0.5616994692982455 0.6246294802631579
4 0.5704467357456141 0.6160064671052632 0.5773195877192981 0.6160064671052632 0.5773195877192981 0.6222042576754386 0.5704467357456141 0.6222042576754386
4 0.5791940021929824 0.6133117763157895 0.585754451754386 0.6133117763157895 0.585754451754386 0.6189706282894737 0.5791940021929824 0.6189706282894737
4 0.6800999692982456 0.8385879813596491 0.6854108092105263 0.8385879813596491 0.6854108092105263 0.8431689572368422 0.6800999692982456 0.8431689572368422
4 0.676663542763158 0.8450552412280702 0.6813495778508771 0.8450552412280702 0.6813495778508771 0.8499056853070175 0.676663542763158 0.8499056853070175
4 0.4976569824561403 0.06601994078947368 0.5007810054824561 0.06601994078947368 0.5007810054824561 0.0692535701754386 0.4976569824561403 0.0692535701754386
4 0.9218994067982456 0.025869038377192982 0.9265854418859649 0.025869038377192982 0.9265854418859649 0.03071948245614035 0.9218994067982456 0.03071948245614035
4 0.7563261480263158 0.42953381798245616 0.7616369879385965 0.42953381798245616 0.7616369879385965 0.43411479385964913 0.7563261480263158 0.43411479385964913
4 0.7585129649122807 0.43438426315789475 0.7638238048245614 0.43438426315789475 0.7638238048245614 0.4389652379385965 0.7585129649122807 0.4389652379385965
4 0.7603873793859649 0.4384263004385965 0.7656982192982457 0.4384263004385965 0.7656982192982457 0.44327674451754384 0.7603873793859649 0.44327674451754384
4 0.7606997817982456 0.4443546217105263 0.7644486096491229 0.4443546217105263 0.7644486096491229 0.44758825109649125 0.7606997817982456 0.44758825109649125
4 0.7660106217105263 0.44273780701754384 0.7697594506578948 0.44273780701754384 0.7697594506578948 0.446510375 0.7660106217105263 0.446510375
4 0.7650734144736842 0.436809485745614 0.7706966567982456 0.436809485745614 0.7706966567982456 0.4416599298245614 0.7650734144736842 0.4416599298245614
4 0.8338019364035087 0.8784694155701753 0.8372383629385964 0.8784694155701753 0.8372383629385964 0.8817030449561403 0.8338019364035087 0.8817030449561403
4 0.8372383629385964 0.877391538377193 0.8406747894736842 0.877391538377193 0.8406747894736842 0.8808946370614035 0.8372383629385964 0.8808946370614035
4 0.916276163377193 0.0021557532894736844 0.9190877850877194 0.0021557532894736844 0.9190877850877194 0.0045809758771929825 0.916276163377193 0.0045809758771929825
4 0.9119025307017544 0.028563729166666666 0.9172133706140351 0.028563729166666666 0.9172133706140351 0.033414174342105266 0.9119025307017544 0.033414174342105266
4 0.9169009682017544 0.027216383771929826 0.9215870043859649 0.027216383771929826 0.9215870043859649 0.032066827850877194 0.9169009682017544 0.032066827850877194
4 0.9547016557017544 0.004311506578947369 0.9597000932017544 0.004311506578947369 0.9597000932017544 0.008623013157894738 0.9547016557017544 0.008623013157894738
4 0.7425804440789474 0.4338453245614035 0.7538269287280701 0.4338453245614035 0.7538269287280701 0.4430072752192982 0.7425804440789474 0.4430072752192982
4 0.9606373004385965 0.002694691885964912 0.9662605438596491 0.002694691885964912 0.9662605438596491 0.007275666666666666 0.9606373004385965 0.007275666666666666
4 0.9568884725877193 0.00943141995614035 0.9618869100877193 0.00943141995614035 0.9618869100877193 0.01374292653508772 0.9568884725877193 0.01374292653508772
4 0.9584504846491229 0.014012395833333335 0.9637613245614035 0.014012395833333335 0.9637613245614035 0.018593370614035088 0.9584504846491229 0.018593370614035088
4 0.9646985317982456 0.012126111842105262 0.9700093717105264 0.012126111842105262 0.9700093717105264 0.016707086622807017 0.9646985317982456 0.016707086622807017
4 0.9731333958333334 0.02748585307017544 0.9771946271929824 0.02748585307017544 0.9771946271929824 0.03152789035087719 0.9731333958333334 0.03152789035087719
4 0.9387691348684211 0.019132309210526315 0.9412683541666667 0.019132309210526315 0.9412683541666667 0.021827001096491227 0.9387691348684211 0.021827001096491227
4 0.9453295844298245 0.017246025219298244 0.9475164013157894 0.017246025219298244 0.9475164013157894 0.01940177850877193 0.9453295844298245 0.01940177850877193
4 0.9478288037280701 0.015898679824561404 0.9503280230263158 0.015898679824561404 0.9503280230263158 0.0188628399122807 0.9478288037280701 0.0188628399122807
4 0.9125273355263157 0.043384532894736844 0.9172133706140351 0.043384532894736844 0.9172133706140351 0.04715710087719298 0.9125273355263157 0.04715710087719298
4 0.9140893475877193 0.04769603837719298 0.9184629802631579 0.04769603837719298 0.9184629802631579 0.05119913815789473 0.9140893475877193 0.05119913815789473
4 0.9359575131578948 0.0638641875 0.9400187445175439 0.0638641875 0.9400187445175439 0.06763675548245614 0.9359575131578948 0.06763675548245614
4 0.9256482346491228 0.09242791666666667 0.9303342708333333 0.09242791666666667 0.9303342708333333 0.09620048464912281 0.9256482346491228 0.09620048464912281
4 0.7453920646929825 0.4440851524122807 0.7513277105263158 0.4440851524122807 0.7513277105263158 0.44893559649122805 0.7453920646929825 0.44893559649122805
4 0.7344579813596491 0.7997844243421053 0.7432052489035087 0.7997844243421053 0.7432052489035087 0.8075990296052631 0.7344579813596491 0.8075990296052631
4 0.6822867850877192 0.8437078958333333 0.6872852236842105 0.8437078958333333 0.6872852236842105 0.8482888706140351 0.6822867850877192 0.8482888706140351
4 0.8134957828947368 0.986526542763158 0.827553889254386 0.986526542763158 0.827553889254386 0.9983831853070176 0.8134957828947368 0.9983831853070176
4 0.6844736019736842 0.8482888706140351 0.6891596381578947 0.8482888706140351 0.6891596381578947 0.8526003771929824 0.6844736019736842 0.8526003771929824
4 0.6860356140350877 0.8526003771929824 0.690721649122807 0.8526003771929824 0.690721649122807 0.8563729451754386 0.6860356140350877 0.8563729451754386
4 0.6776007500000001 0.8504446239035088 0.6829115899122807 0.8504446239035088 0.6829115899122807 0.8544866611842106 0.6776007500000001 0.8544866611842106
4 0.6794751644736842 0.8550255997807018 0.6838487971491228 0.8550255997807018 0.6838487971491228 0.8590676370614035 0.6794751644736842 0.8590676370614035
4 0.597938144736842 0.9924548640350878 0.6082474221491228 0.9924548640350878 0.6082474221491228 0.9991915921052632 0.597938144736842 0.9991915921052632
4 0.6579194002192983 0.9886822960526316 0.6701030932017543 0.9886822960526316 0.6701030932017543 0.9989221239035088 0.6579194002192983 0.9989221239035088
4 0.6785379572368422 0.9757477774122807 0.6916588563596491 0.9757477774122807 0.6916588563596491 0.9873349506578948 0.6785379572368422 0.9873349506578948
4 0.6910340515350878 0.988412826754386 0.7032177445175438 0.988412826754386 0.7032177445175438 0.9989221239035088 0.6910340515350878 0.9989221239035088
4 0.7041549517543859 0.9803287521929825 0.7169634484649123 0.9803287521929825 0.7169634484649123 0.9916464561403509 0.7041549517543859 0.9916464561403509
4 0.6922836611842106 0.9673942335526317 0.7057169638157895 0.9673942335526317 0.7057169638157895 0.9789814067982456 0.6922836611842106 0.9789814067982456
4 0.7188378629385965 0.9660468881578947 0.7319587631578947 0.9660468881578947 0.7319587631578947 0.9765561842105263 0.7188378629385965 0.9765561842105263
4 0.7303967510964913 0.9787119375 0.7432052489035087 0.9787119375 0.7432052489035087 0.9894907028508773 0.7303967510964913 0.9894907028508773
4 0.7375820054824562 0.9315548366228069 0.7428928464912281 0.9315548366228069 0.7428928464912281 0.9366747510964912 0.7375820054824562 0.9366747510964912
4 0.7388316151315789 0.8094853135964911 0.746954076754386 0.8094853135964911 0.746954076754386 0.8159525734649122 0.7388316151315789 0.8159525734649122
4 0.7541393311403509 0.9447588256578947 0.7582005625 0.9447588256578947 0.7582005625 0.9488008618421052 0.7541393311403509 0.9488008618421052
4 0.7503905032894737 0.9258959846491228 0.7553889407894737 0.9258959846491228 0.7553889407894737 0.9307464298245613 0.7503905032894737 0.9307464298245613
4 0.723523899122807 0.826461870614035 0.7291471414473685 0.826461870614035 0.7291471414473685 0.8318512532894736 0.723523899122807 0.8318512532894736
4 0.7260231173245615 0.834276475877193 0.7344579813596491 0.834276475877193 0.7344579813596491 0.8410132039473684 0.7260231173245615 0.8410132039473684
4 0.7375820054824562 0.8299649692982456 0.7453920646929825 0.8299649692982456 0.7453920646929825 0.8372406359649123 0.7375820054824562 0.8372406359649123
4 0.7300843486842105 0.8243061173245615 0.7363323958333334 0.8243061173245615 0.7363323958333334 0.8296954999999999 0.7300843486842105 0.8296954999999999
4 0.7382068103070175 0.8218808947368421 0.743830052631579 0.8218808947368421 0.743830052631579 0.8267313388157894 0.7382068103070175 0.8267313388157894
4 0.7478912839912281 0.8270008081140351 0.7563261480263158 0.8270008081140351 0.7563261480263158 0.834276475877193 0.7478912839912281 0.834276475877193
4 0.7582005625 0.8234977094298245 0.767260231359649 0.8234977094298245 0.767260231359649 0.8310428453947368 0.7582005625 0.8310428453947368
4 0.7447672598684211 0.8181083267543859 0.7522649166666667 0.8181083267543859 0.7522649166666667 0.8248450548245614 0.7447672598684211 0.8248450548245614
4 0.7547641359649122 0.8146052280701754 0.7635114024122808 0.8146052280701754 0.7635114024122808 0.8218808947368421 0.7547641359649122 0.8218808947368421
4 0.7482036864035088 0.8043654002192983 0.7563261480263158 0.8043654002192983 0.7563261480263158 0.8121800054824562 0.7482036864035088 0.8121800054824562
4 0.4601686973684211 0.06575047149122808 0.467353951754386 0.06575047149122808 0.467353951754386 0.07248720065789474 0.4601686973684211 0.07248720065789474
4 0.5135895032894736 0.0609000274122807 0.5242111842105264 0.0609000274122807 0.5242111842105264 0.07087038486842105 0.5135895032894736 0.07087038486842105
4 0.41112152412280706 0.5022904879385965 0.41768197478070174 0.5022904879385965 0.41768197478070174 0.5082188092105263 0.41112152412280706 0.5082188092105263
4 0.4686035614035088 0.8852061436403509 0.4745392061403509 0.8852061436403509 0.4745392061403509 0.8905955263157894 0.4686035614035088 0.8905955263157894
4 0.4845360822368421 0.901374292763158 0.49234614144736843 0.901374292763158 0.49234614144736843 0.9081110208333334 0.4845360822368421 0.9081110208333334
4 0.486722899122807 0.9089194287280702 0.4957825679824561 0.9089194287280702 0.4957825679824561 0.9161950953947369 0.486722899122807 0.9161950953947369
4 0.4973445800438597 0.9089194287280702 0.502030615131579 0.9089194287280702 0.502030615131579 0.9132309353070176 0.4973445800438597 0.9132309353070176
4 0.5032802247807018 0.9073026140350877 0.508278663377193 0.9073026140350877 0.508278663377193 0.911614120614035 0.5032802247807018 0.911614120614035
4 0.4951577631578948 0.9043384528508772 0.5001562006578947 0.9043384528508772 0.5001562006578947 0.908380490131579 0.4951577631578948 0.908380490131579
4 0.5007810054824561 0.9027216381578947 0.5064042489035088 0.9027216381578947 0.5064042489035088 0.9070331447368422 0.5007810054824561 0.9070331447368422
4 0.4929709462719298 0.8989490701754386 0.49828178728070177 0.8989490701754386 0.49828178728070177 0.9035300460526315 0.4929709462719298 0.9035300460526315
4 0.49890659210526317 0.8967933168859649 0.5042174320175439 0.8967933168859649 0.5042174320175439 0.9016437620614035 0.49890659210526317 0.9016437620614035
4 0.45204623574561403 0.8976017247807017 0.46079350219298243 0.8976017247807017 0.46079350219298243 0.9048773914473685 0.45204623574561403 0.9048773914473685
4 0.462355514254386 0.8949070328947368 0.4701655734649123 0.8949070328947368 0.4701655734649123 0.9011048234649123 0.462355514254386 0.9011048234649123
4 0.4486098092105263 0.8884397741228071 0.45704467324561404 0.8884397741228071 0.45704467324561404 0.8957154407894736 0.4486098092105263 0.8957154407894736
4 0.45891908771929824 0.8873618969298246 0.4667291469298246 0.8873618969298246 0.4667291469298246 0.8938291567982456 0.45891908771929824 0.8938291567982456
4 0.4711027807017544 0.8922123421052632 0.4767260230263158 0.8922123421052632 0.4767260230263158 0.8973322554824562 0.4711027807017544 0.8973322554824562
4 0.4748516085526316 0.9043384528508772 0.4823492653508772 0.9043384528508772 0.4823492653508772 0.9110751820175439 0.4748516085526316 0.9110751820175439
4 0.4764136206140351 0.8825114528508773 0.4814120592105263 0.8825114528508773 0.4814120592105263 0.8870924276315789 0.4764136206140351 0.8870924276315789
4 0.4829740701754386 0.880625168859649 0.4882849111842105 0.880625168859649 0.4882849111842105 0.8849366743421052 0.4829740701754386 0.8849366743421052
4 0.4882849111842105 0.8784694155701753 0.49390815350877193 0.8784694155701753 0.49390815350877193 0.8830503903508772 0.4882849111842105 0.8830503903508772
4 0.48547328947368423 0.8854756129385966 0.4907841304824561 0.8854756129385966 0.4907841304824561 0.8897871195175439 0.48547328947368423 0.8897871195175439
4 0.47860043750000003 0.8876313662280702 0.48391127741228074 0.8876313662280702 0.48391127741228074 0.8919428728070176 0.47860043750000003 0.8919428728070176
4 0.48109965679824557 0.8924818103070176 0.48609809429824563 0.8924818103070176 0.48609809429824563 0.8970627861842105 0.48109965679824557 0.8970627861842105
4 0.4876601063596491 0.8903260581140351 0.49265854385964913 0.8903260581140351 0.49265854385964913 0.8949070328947368 0.4876601063596491 0.8949070328947368
4 0.49109653179824564 0.883858798245614 0.4957825679824561 0.883858798245614 0.4957825679824561 0.8881703048245614 0.49109653179824564 0.8881703048245614
4 0.4929709462719298 0.8881703048245614 0.4976569824561403 0.8881703048245614 0.4976569824561403 0.8924818103070176 0.4929709462719298 0.8924818103070176
4 0.4351765076754386 0.8601455131578948 0.4423617620614035 0.8601455131578948 0.4423617620614035 0.8666127730263158 0.4351765076754386 0.8666127730263158
4 0.4386129331140351 0.8682295877192983 0.44767260197368425 0.8682295877192983 0.44767260197368425 0.8757747236842105 0.4386129331140351 0.8757747236842105
4 0.44204935964912284 0.8776610076754385 0.45142143092105264 0.8776610076754385 0.45142143092105264 0.8852061436403509 0.44204935964912284 0.8852061436403509
4 0.4767260230263158 0.9121530581140351 0.48547328947368423 0.9121530581140351 0.48547328947368423 0.9196981940789474 0.4767260230263158 0.9196981940789474
4 0.467353951754386 0.9156561578947368 0.47547641337719293 0.9156561578947368 0.47547641337719293 0.9229318245614035 0.467353951754386 0.9229318245614035
4 0.4495470164473684 0.8649959583333333 0.45829428289473684 0.8649959583333333 0.45829428289473684 0.872271625 0.4495470164473684 0.872271625
4 0.38206810416666664 0.8582592291666667 0.38925335855263155 0.8582592291666667 0.38925335855263155 0.8647264890350876 0.38206810416666664 0.8647264890350876
4 0.41893158333333336 0.5001347346491228 0.42486722916666664 0.5001347346491228 0.42486722916666664 0.5055241173245615 0.41893158333333336 0.5055241173245615
4 0.4267416436403509 0.4974400427631579 0.4329896907894737 0.4974400427631579 0.4329896907894737 0.5030988947368421 0.4267416436403509 0.5030988947368421
4 0.41768197478070174 0.517380759868421 0.42330521710526314 0.517380759868421 0.42330521710526314 0.5216922664473684 0.41768197478070174 0.5216922664473684
4 0.4251796315789474 0.5138776611842105 0.4317400811403509 0.5138776611842105 0.4317400811403509 0.520075451754386 0.4251796315789474 0.520075451754386
4 0.3595751326754386 0.6146591217105263 0.3711340208333333 0.6146591217105263 0.3711340208333333 0.6254378870614036 0.3595751326754386 0.6254378870614036
4 0.3751952510964912 0.6195095657894736 0.38487972478070176 0.6195095657894736 0.38487972478070176 0.6275936403508772 0.3751952510964912 0.6275936403508772
4 0.3936269912280702 0.6162759364035088 0.40487347697368425 0.6162759364035088 0.40487347697368425 0.6259768256578947 0.3936269912280702 0.6259768256578947
4 0.40081224671052634 0.6354082456140351 0.40893470833333334 0.6354082456140351 0.40893470833333334 0.6426839122807018 0.40081224671052634 0.6426839122807018
4 0.4101843168859649 0.6327135548245614 0.41861918201754383 0.6327135548245614 0.41861918201754383 0.639989221491228 0.4101843168859649 0.639989221491228
4 0.41893158333333336 0.6294799243421053 0.427678850877193 0.6294799243421053 0.427678850877193 0.6372945296052632 0.41893158333333336 0.6372945296052632
4 0.40799750109649124 0.6445701962719298 0.4223680098684211 0.6445701962719298 0.4223680098684211 0.657504716008772 0.40799750109649124 0.657504716008772
4 0.42205560745614035 0.6620856907894737 0.43642611732456144 0.6620856907894737 0.43642611732456144 0.6752896798245615 0.42205560745614035 0.6752896798245615
4 0.39237738157894736 0.8558340065789474 0.40268666008771925 0.8558340065789474 0.40268666008771925 0.865265427631579 0.39237738157894736 0.865265427631579
4 0.46422992763157894 0.9073026140350877 0.47235239035087717 0.9073026140350877 0.47235239035087717 0.9143088114035088 0.46422992763157894 0.9143088114035088
4 0.406123086622807 0.8515225010964912 0.41705716995614034 0.8515225010964912 0.41705716995614034 0.8606844517543859 0.406123086622807 0.8606844517543859
4 0.38550452960526316 0.8658043651315789 0.39268978399122806 0.8658043651315789 0.39268978399122806 0.8725410942982456 0.38550452960526316 0.8725410942982456
4 0.3973758201754386 0.867151711622807 0.40893470833333334 0.867151711622807 0.40893470833333334 0.876852600877193 0.3973758201754386 0.876852600877193
4 0.4101843168859649 0.8625707357456139 0.42143080263157895 0.8625707357456139 0.42143080263157895 0.8720021557017544 0.4101843168859649 0.8720021557017544
4 0.4023742576754386 0.878738884868421 0.4129959385964912 0.878738884868421 0.4129959385964912 0.8879008355263158 0.4023742576754386 0.8879008355263158
4 0.41518275548245615 0.8744273782894737 0.4261168388157895 0.8744273782894737 0.4261168388157895 0.883858798245614 0.41518275548245615 0.883858798245614
4 0.4167447675438597 0.9145782807017543 0.4267416436403509 0.9145782807017543 0.4267416436403509 0.9229318245614035 0.4167447675438597 0.9229318245614035
4 0.42330521710526314 0.9240097006578948 0.4336144956140351 0.9240097006578948 0.4336144956140351 0.9331716513157895 0.42330521710526314 0.9331716513157895
4 0.4354889100877193 0.9202371326754386 0.44611058991228075 0.9202371326754386 0.44611058991228075 0.9293990833333333 0.4354889100877193 0.9293990833333333
4 0.4614183070175438 0.9205066019736843 0.4664167445175439 0.9205066019736843 0.4664167445175439 0.9245486392543859 0.4614183070175438 0.9245486392543859
4 0.45766947807017544 0.9099973048245614 0.4626679166666667 0.9099973048245614 0.4626679166666667 0.9143088114035088 0.45766947807017544 0.9143088114035088
4 0.45923149013157893 0.9151172192982456 0.46454233004385964 0.9151172192982456 0.46454233004385964 0.919428725877193 0.45923149013157893 0.919428725877193
4 0.4532958453947369 0.8738884396929825 0.4620431118421052 0.8738884396929825 0.4620431118421052 0.8814335756578948 0.4532958453947369 0.8814335756578948
4 0.443923774122807 0.8571813530701755 0.45079662609649124 0.8571813530701755 0.45079662609649124 0.8641875504385965 0.443923774122807 0.8641875504385965
4 0.5014058103070176 0.06467259539473684 0.5120274912280701 0.06467259539473684 0.5120274912280701 0.07437348464912281 0.5014058103070176 0.07437348464912281
4 0.551077788377193 0.6491511721491228 0.556076225877193 0.6491511721491228 0.556076225877193 0.6531932094298246 0.551077788377193 0.6531932094298246
4 0.4473601995614035 0.6119644298245615 0.45142143092105264 0.6119644298245615 0.45142143092105264 0.6151980603070175 0.4473601995614035 0.6151980603070175
4 0.44423617653508773 0.6133117763157895 0.4473601995614035 0.6133117763157895 0.4473601995614035 0.6160064671052632 0.44423617653508773 0.6160064671052632
4 0.4617307094298246 0.543249798245614 0.4707903782894737 0.543249798245614 0.4707903782894737 0.551064403508772 0.4617307094298246 0.551064403508772
4 0.43205248355263154 0.5254648344298246 0.4367385197368421 0.5254648344298246 0.4367385197368421 0.5292374024122807 0.43205248355263154 0.5292374024122807
4 0.4323648859649123 0.5114524385964913 0.4392377379385965 0.5114524385964913 0.4392377379385965 0.5176502291666667 0.4323648859649123 0.5176502291666667
4 0.4401749451754386 0.5092966853070175 0.4470477971491228 0.5092966853070175 0.4470477971491228 0.5149555372807018 0.4401749451754386 0.5149555372807018
4 0.4479850043859649 0.5071409320175438 0.4548578574561404 0.5071409320175438 0.4548578574561404 0.512799783991228 0.4479850043859649 0.512799783991228
4 0.43423930043859654 0.4952842894736842 0.4411121524122807 0.4952842894736842 0.4411121524122807 0.5012126107456141 0.43423930043859654 0.5012126107456141
4 0.44204935964912284 0.49258959868421054 0.4486098092105263 0.49258959868421054 0.4486098092105263 0.49851791995614037 0.44204935964912284 0.49851791995614037
4 0.4351765076754386 0.48046348684210527 0.44517338377192983 0.48046348684210527 0.44517338377192983 0.48827809210526313 0.4351765076754386 0.48827809210526313
4 0.542955326754386 0.6480732960526316 0.5482661666666667 0.6480732960526316 0.5482661666666667 0.6531932094298246 0.542955326754386 0.6531932094298246
4 0.5448297412280702 0.6540016173245614 0.5513901907894737 0.6540016173245614 0.5513901907894737 0.6599299375 0.5448297412280702 0.6599299375
4 0.5532646052631579 0.6537321480263157 0.5582630427631579 0.6537321480263157 0.5582630427631579 0.6585825921052632 0.5532646052631579 0.6585825921052632
4 0.4548578574561404 0.6100781458333333 0.45860668530701754 0.6100781458333333 0.45860668530701754 0.6127728377192982 0.4548578574561404 0.6127728377192982
4 0.5545142138157895 0.6378334682017543 0.5616994692982455 0.6378334682017543 0.5616994692982455 0.6440312587719298 0.5545142138157895 0.6440312587719298
4 0.5576382379385965 0.6443007280701755 0.5641986875 0.6443007280701755 0.5641986875 0.6504985175438596 0.5576382379385965 0.6504985175438596
4 0.5592002500000001 0.6127728377192982 0.5641986875 0.6127728377192982 0.5641986875 0.6173538125 0.5592002500000001 0.6173538125
4 0.526710403508772 0.3362974934210526 0.5360824736842106 0.3362974934210526 0.5360824736842106 0.345189975877193 0.526710403508772 0.345189975877193
4 0.5395189002192983 0.33306386403508775 0.5485785690789473 0.33306386403508775 0.5485785690789473 0.3408784692982456 0.5395189002192983 0.3408784692982456
4 0.547953764254386 0.34141740789473685 0.5517025932017544 0.34141740789473685 0.5517025932017544 0.345189975877193 0.547953764254386 0.345189975877193
4 0.5582630427631579 0.3357585559210526 0.5626366765350876 0.3357585559210526 0.5626366765350876 0.3403395307017544 0.5582630427631579 0.3403395307017544
4 0.5601374572368422 0.3400700625 0.5641986875 0.3400700625 0.5641986875 0.3443815679824561 0.5601374572368422 0.3443815679824561
4 0.5417057171052632 0.29991915899122806 0.5504529835526316 0.29991915899122806 0.5504529835526316 0.30719482565789474 0.5417057171052632 0.30719482565789474
4 0.5520149956140351 0.298032875 0.5585754451754387 0.298032875 0.5585754451754387 0.30450013486842104 0.5520149956140351 0.30450013486842104
4 0.5573258355263158 0.3080032335526316 0.5635738826754386 0.3080032335526316 0.5635738826754386 0.3133926162280702 0.5573258355263158 0.3133926162280702
4 0.5392064978070176 0.15629210416666667 0.5448297412280702 0.15629210416666667 0.5448297412280702 0.16141201864035087 0.5392064978070176 0.16141201864035087
4 0.45142143092105264 0.6108865537280702 0.4548578574561404 0.6108865537280702 0.4548578574561404 0.614120183114035 0.45142143092105264 0.614120183114035
4 0.45360824780701753 0.6060361085526316 0.45766947807017544 0.6060361085526316 0.45766947807017544 0.6095392072368422 0.45360824780701753 0.6095392072368422
4 0.4532958453947369 0.8571813530701755 0.4611059046052632 0.8571813530701755 0.4611059046052632 0.8636486118421052 0.4532958453947369 0.8636486118421052
4 0.44423617653508773 0.8350848826754386 0.45298344298245613 0.8350848826754386 0.45298344298245613 0.8428994879385965 0.44423617653508773 0.8428994879385965
4 0.462355514254386 0.8544866611842106 0.4695407686403509 0.8544866611842106 0.4695407686403509 0.8604149824561403 0.462355514254386 0.8604149824561403
4 0.4707903782894737 0.8517919692982456 0.4773508278508772 0.8517919692982456 0.4773508278508772 0.857450822368421 0.4707903782894737 0.857450822368421
4 0.4757888157894737 0.8585286984649122 0.4814120592105263 0.8585286984649122 0.4814120592105263 0.8636486118421052 0.4757888157894737 0.8636486118421052
4 0.45985629495614033 0.8628402050438596 0.4667291469298246 0.8628402050438596 0.4667291469298246 0.869037995614035 0.45985629495614033 0.869037995614035
4 0.46766635416666663 0.8598760438596491 0.4745392061403509 0.8598760438596491 0.4745392061403509 0.8660738344298246 0.46766635416666663 0.8660738344298246
4 0.462355514254386 0.8695769331140351 0.4692283662280701 0.8695769331140351 0.4692283662280701 0.8757747236842105 0.462355514254386 0.8757747236842105
4 0.4717275855263158 0.8674211798245615 0.4773508278508772 0.8674211798245615 0.4773508278508772 0.8725410942982456 0.4717275855263158 0.8725410942982456
4 0.47860043750000003 0.8655348958333334 0.4842236798245614 0.8655348958333334 0.4842236798245614 0.8706548103070175 0.47860043750000003 0.8706548103070175
4 0.427678850877193 0.8410132039473684 0.4361137149122807 0.8410132039473684 0.4361137149122807 0.8482888706140351 0.427678850877193 0.8482888706140351
4 0.43111527631578944 0.8499056853070175 0.4392377379385965 0.8499056853070175 0.4392377379385965 0.8569118837719298 0.43111527631578944 0.8569118837719298
4 0.4354889100877193 0.8383185120614035 0.443923774122807 0.8383185120614035 0.443923774122807 0.8455941798245613 0.4354889100877193 0.8455941798245613
4 0.4392377379385965 0.8466720559210525 0.44767260197368425 0.8466720559210525 0.44767260197368425 0.8542171918859649 0.4392377379385965 0.8542171918859649
4 0.44767260197368425 0.8442468333333334 0.45641986842105264 0.8442468333333334 0.45641986842105264 0.8515225010964912 0.44767260197368425 0.8515225010964912
4 0.4501718212719298 0.607652923245614 0.4532958453947369 0.607652923245614 0.4532958453947369 0.6106170844298245 0.4501718212719298 0.6106170844298245
4 0.45891908771929824 0.8305039067982457 0.4682911589912281 0.8305039067982457 0.4682911589912281 0.8388574506578947 0.45891908771929824 0.8388574506578947
4 0.462355514254386 0.8402047960526317 0.4701655734649123 0.8402047960526317 0.4701655734649123 0.8469415252192982 0.462355514254386 0.8469415252192982
4 0.4689159638157895 0.8275397467105262 0.47766323026315793 0.8275397467105262 0.47766323026315793 0.8358932905701755 0.4689159638157895 0.8358932905701755
4 0.4711027807017544 0.8377795745614035 0.4789128399122807 0.8377795745614035 0.4789128399122807 0.8442468333333334 0.4711027807017544 0.8442468333333334
4 0.4782880350877193 0.8245755866228069 0.48734770394736837 0.8245755866228069 0.48734770394736837 0.8329291293859649 0.4782880350877193 0.8329291293859649
4 0.4798500471491228 0.8340070065789473 0.4895345208333334 0.8340070065789473 0.4895345208333334 0.8415521425438596 0.4798500471491228 0.8415521425438596
4 0.4636051239035087 0.6650498519736843 0.4711027807017544 0.6650498519736843 0.4711027807017544 0.6725949879385964 0.4636051239035087 0.6725949879385964
4 0.47203998793859653 0.6523848015350877 0.49109653179824564 0.6523848015350877 0.49109653179824564 0.6685529506578947 0.47203998793859653 0.6685529506578947
4 0.4261168388157895 0.6391808135964913 0.4401749451754386 0.6391808135964913 0.4401749451754386 0.6513069254385965 0.4261168388157895 0.6513069254385965
4 0.42830365460526315 0.6251684177631579 0.4395501403508772 0.6251684177631579 0.4395501403508772 0.6354082456140351 0.42830365460526315 0.6354082456140351
4 0.4423617620614035 0.6095392072368422 0.44611058991228075 0.6095392072368422 0.44611058991228075 0.6130423070175439 0.4423617620614035 0.6130423070175439
4 0.4464229923245614 0.6087308004385965 0.44985941885964914 0.6087308004385965 0.44985941885964914 0.6119644298245615 0.4464229923245614 0.6119644298245615
2 0.059669158574934045 0.49231991607010983 0.048106211956337575 0.500393629617802 -0.0006287649431442333 0.4306012858033267 0.010934083333268063 0.4225276206140486