2 0.9215058043993167 0.2114467396263338 0.9257244280589703 0.21402749807445673 0.9188273369082935 0.22530162907202403 0.9146087141123189 0.22272087175870095
2 0.5001153470050212 0.5854341071079754 0.49448258235497633 0.5866698046937839 0.49056268704180184 0.5688032635807062 0.4961954342105628 0.5675675679824561
2 0.6067280734648648 0.484366719298201 0.605585513374308 0.48033759680199395 0.6175410493420941 0.47694753618422414 0.6186836116364702 0.4809766550137702
2 0.6047256710526199 0.4817170109649458 0.6025701188914354 0.47778060760543284 0.6147376853069773 0.4711181765351105 0.6168932377314604 0.4750545759298329
2 0.5570684734780116 0.5294117330472888 0.5589908068650402 0.5360936121940704 0.539847816885981 0.5416004243420711 0.5379254961906099 0.5349185560496598
2 0.47688896286081217 0.5983885518855618 0.47299611700361766 0.5994671168656889 0.46827376562180234 0.5824246148001309 0.47216659978073494 0.5813460515350737
2 0.48378054938871173 0.5993640676005538 0.47808052267066614 0.600475575555356 0.47487668188796306 0.5840473834705817 0.48057669188597174 0.582935877192986
2 0.4873949852409396 0.5925105190957243 0.4837805361842129 0.5935347116227951 0.48016609519959275 0.580780418287078 0.4837805361842129 0.5797562269736789
2 0.48698438157884993 0.5765765767543993 0.49049919174126444 0.5756912802947369 0.4937030321154907 0.5884098830958125 0.4901882223289249 0.5892951785252993
2 0.5046274712810828 0.5819572617362123 0.5007345660660576 0.5830078337256774 0.49670782516955114 0.5680881966630454 0.5006007203948002 0.5670376260964862
2 0.41289547478072564 0.4281928991227781 0.4111779566283076 0.4237801289314125 0.42571085307019985 0.41812400657899523 0.4274283730029538 0.422536772332777
2 0.49974837498564284 0.5682177748967778 0.5022026515994185 0.5670376222693294 0.5082612383251899 0.5796359622382299 0.5058069626327324 0.5808161134235006
2 0.5025292171787896 0.5652277540173997 0.506607929824554 0.5638579758771788 0.5114875962830183 0.5783864526254503 0.5074088845036613 0.5797562289374003
2 0.5063257626068207 0.5640217399656579 0.5102122543859196 0.5627980921052664 0.5144992225265241 0.5764128155431417 0.5106127314257947 0.5776364618864009
2 0.5146705195287495 0.5756480772707075 0.509561323481762 0.5621357213706195 0.5134160997806703 0.5606783256579336 0.5185252978684503 0.5741906767371316
2 0.5208634753278147 0.5730951648946984 0.5173413348774147 0.5742041013238204 0.5130978116186498 0.5607273769620754 0.5166199440789114 0.5596184418859649
2 0.5254305255041345 0.5707472166564281 0.5217524217499658 0.571374801033551 0.5189490589416437 0.5549466086998991 0.5226271524122694 0.554319025219304
2 0.5213609749529269 0.5492691991163212 0.5270324385965068 0.5479597247807005 0.531502452595987 0.567317980153806 0.5258309896976243 0.5686274522770797
2 0.6051261513157442 0.49231584539475093 0.6029342997111371 0.48867202523911735 0.6166124142275748 0.48044487794240176 0.6188042655981008 0.4840886937905767
2 0.6183420005575044 0.4827768826196353 0.6208776461421621 0.4860767657172327 0.607929515350861 0.4960254375000041 0.6053938741557658 0.4927255584179907
2 0.6091309572368573 0.4986751458333124 0.6073120033147461 0.49618387038099415 0.6191429714912147 0.4875463695175699 0.6209619244458509 0.4900376422290538
2 0.6207448874179136 0.4923158352674371 0.6226190347691727 0.495366104061293 0.6110958922848795 0.5024456181613313 0.6092217485099809 0.49939535249142275
2 0.673082452150993 0.14752186701214764 0.6764116940788654 0.14626391118422952 0.6817433365528132 0.16037426562882381 0.678414094858681 0.1616322210116081
2 0.6781653612381433 0.1626067759834462 0.6746477792387395 0.16380727244662954 0.6688893088752366 0.14693446525627538 0.672406888157866 0.14573396929823834
2 0.6752102560481035 0.16852146160537382 0.6717423375250746 0.16952349785169718 0.6665360888443956 0.15150547986711274 0.6700040043858735 0.15050344407896282
2 0.6698079004734154 0.1633559106454193 0.6656214518611705 0.16464482743518782 0.6610117922480185 0.14967259393869156 0.6651982379385117 0.148383677631589
2 0.6547209107106937 0.1550906142786514 0.6578578411867966 0.15397504742633292 0.6643303594267991 0.17217537217975018 0.6611934292188835 0.1732909384952546
2 0.6605998531348405 0.17166511889136224 0.657800441090103 0.17284040686856653 0.6515858520036772 0.15803803311700282 0.6543852620613961 0.15686274561404687
2 0.6486964722595303 0.15984934788726243 0.6519823793860269 0.15845257017542458 0.6592730879179953 0.17560375384809107 0.6559871811775793 0.177000530894524
2 0.6451257667066557 0.16284344849675994 0.6475770951609547 0.1616322188849058 0.6548341854132786 0.17631924355589199 0.6523828572933326 0.17753047265523733
2 0.6520590284776517 0.17753744120735393 0.6490951337041224 0.17916639852137037 0.6418098351841763 0.1659108853986576 0.6447737280701631 0.16428192872808234
2 0.6405409264662012 0.16966761034512376 0.643202202247835 0.16830004576393393 0.650238365162636 0.18199226723134204 0.6475770897606026 0.1833598312487223
2 0.6492115371003138 0.1892674134974522 0.6450112396476015 0.1910132037535767 0.6361681491101763 0.16973730998651212 0.6403684418860394 0.16799152083331864
2 0.9150981173245327 0.1414944353070077 0.9108292907199029 0.13474923045267218 0.9303163793859994 0.12241653399123376 0.9345852055914747 0.12916173571070189
2 0.6247496884429893 0.5034446103859694 0.6284277052097877 0.5068280780238448 0.6172142559847771 0.5190167439778295 0.6135362434210947 0.5156332807017883
2 0.6243492089981828 0.4992050734500629 0.6269099356513834 0.5027525801245467 0.6132500860730943 0.5126120079810007 0.610689364531595 0.5090645059110005
2 0.6219463289087344 0.49655536392966615 0.6239822381564863 0.5013105024786585 0.6103323991228535 0.5071542127193299 0.6082964962341748 0.502399079562367
2 0.41329595504396366 0.42819289912280256 0.4240018882097729 0.4236984024370807 0.42600429035258003 0.428467878943353 0.415298358056134 0.43296237411194527
2 0.42108844449967364 0.4122558188444506 0.4224287047331927 0.41858573350826805 0.4120945131578537 0.42077371491233506 0.4107542577842196 0.4144438044863507
2 0.689031237636641 0.15840403938683892 0.686232915913024 0.15959355642645845 0.6788196222930765 0.14215400994413954 0.6816179418859747 0.14096449342105366
2 0.5202242686403906 0.2835188125000473 0.5161365637219433 0.2760536211698392 0.5402482982456149 0.2628510866227582 0.5443360037323828 0.27031626941062964
2 0.5609124334765738 0.23160929785140807 0.5582699243420848 0.23847376754388563 0.5348024225892232 0.22943998008512048 0.5374449342104981 0.22257551644737048
2 0.6195434380148299 0.17700050915404708 0.6252044131314278 0.18542683977968716 0.5975170208332656 0.2040275570175039 0.5918560548941514 0.19560123453320707
2 0.5622747291666883 0.22045574999998052 0.5580778514184885 0.21157534430151276 0.5818982774122787 0.20031796491223328 0.5860951568741939 0.2091983630931431
2 0.4873848489305601 0.2967673283152638 0.4906497750152994 0.3035816335439929 0.46615939144737695 0.3153153157894358 0.46289447548667795 0.3085010191837427
2 0.5618742266923391 0.5426602540172294 0.5650164752821638 0.5501583016077497 0.5395166166232457 0.5608436424995278 0.5363743885778831 0.5533456123268266
2 0.5606727872204829 0.5352410640664442 0.5633593694341243 0.5433613316667714 0.5366439725877399 0.5521992576754188 0.5339574126302296 0.5440790089917659
2 0.6107328482213461 0.45627974309042624 0.6153299876065148 0.46603320366722994 0.5843011611842712 0.4806571271930077 0.5797040498372326 0.4709036904752038
2 0.4205045987207541 0.3979862098377961 0.42292446234273484 0.402296510896106 0.40889066885961256 0.4101748804824833 0.40647081018391873 0.4058645836931999
2 0.6075290037740615 0.4472707266121994 0.6117665512829262 0.4572613231917528 0.5790949133771619 0.4711181765350557 0.5748573950936589 0.46112760473334413
2 0.6075290133076123 0.40911495597523934 0.6124683936865267 0.4186017436501976 0.5859030833333918 0.4324324320175906 0.5809637242011831 0.42294566254235133
2 0.43572286075141164 0.43508212696006254 0.43792194645277505 0.4399289291337978 0.422907489035083 0.4467408585526749 0.4207084096485687 0.44189406174416124
2 0.43452141947807377 0.42925276468257517 0.43646187106958223 0.4348247876646429 0.4205046052632042 0.4403815581140821 0.4185641610172297 0.4348095413657539
2 0.45975168507663966 0.3105458156063945 0.4642384470328125 0.3170847567024787 0.4413295953947909 0.33280339144737553 0.43684284342782576 0.32626445925127023
2 0.3988786546052552 0.3852676206140039 0.3959770689236848 0.37839728280836643 0.4160993190789668 0.3698993114035251 0.41900090764738707 0.37676964057259427
2 0.40288346052625457 0.39798622149118806 0.3993691121011125 0.3911373019373819 0.4201041249999662 0.3804981447368479 0.42361847477377523 0.38734705482932424
2 0.4941930317982042 0.2999470054824665 0.4894960645348192 0.29403126120886547 0.5106270451793762 0.27725416787093016 0.5153240089076689 0.28316990512723483
2 0.5158189670959246 0.2813990295207243 0.5212672339465598 0.2872628895174989 0.5007287678472494 0.3063452088185557 0.4952805085640648 0.30048135617643035
2 0.5050060076754335 0.311075781798209 0.5004022580066021 0.3059815409635089 0.518221866228032 0.289878112938569 0.5228256115932481 0.2949723481692661
2 0.744493392543859 0.10863804934213835 0.7407463517693031 0.10162045999085875 0.7653183815789362 0.08850026535089639 0.7690654226335027 0.09551785176054614
2 0.40768922697373 0.4043455219298327 0.40595695200840964 0.39994241067358943 0.42170604714908677 0.39374668749997876 0.4234383238940609 0.3981497942245832
2 0.411293546816637 0.36724959302621757 0.4135627459006628 0.3711690753734426 0.40063856114113605 0.3786512575679093 0.3983693658933589 0.37473177854435824
2 0.39847817434213084 0.37360890350881 0.3964560796659953 0.36902475511024857 0.4052863432017375 0.3651298355263603 0.407308438613768 0.3697139814348282
2 0.39767721271925893 0.36936936951752664 0.39605572325240246 0.3663060638095491 0.40453527229180963 0.3618177943160614 0.4061567619341986 0.36488109838787475
2 0.40608730064718657 0.35612081665296097 0.40819271161785764 0.36121203726750145 0.3948738486842558 0.3667196611842046 0.39276844247751797 0.36162844460784405
2 0.4333199762647837 0.32697402090837174 0.4362128846222504 0.3317320300152617 0.4205046052632042 0.3412824594298692 0.4176117020078891 0.33652445477244636
2 0.39727672787194024 0.30259670528861815 0.4000670948714742 0.307787190789018 0.38606327631578097 0.31531531578943706 0.38327291383495776 0.3101248341711889
2 0.8315282565540656 0.05007606602925355 0.8370044057018049 0.04822469517542762 0.8440824756418124 0.06916081851252397 0.8386063266713109 0.07101218899529216
2 0.8259279060224571 0.05139684583143988 0.8312113939276742 0.04974766131390816 0.8394845276570777 0.07625224738503776 0.8342010399496758 0.07790143145700464
2 0.8519688822359512 0.0361788618671962 0.8588743150169194 0.03426787015445987 0.8695405918723509 0.07281079043508801 0.8626351593463824 0.07472178151377895
2 0.8572713449085541 0.030467592566365952 0.8639494384732416 0.028462748425073986 0.8761214224665537 0.0690073459987299 0.8694433291768746 0.07101218951511636
2 0.881310858909842 0.09820889535912827 0.8896052562524801 0.095880742600824 0.9005651149152527 0.1349267531633458 0.8922707182488239 0.1372549042457225
2 0.7480977171052245 0.1149973497807144 0.744681514762533 0.10751058735268572 0.7689227072368112 0.09644939035085656 0.772338910426356 0.10393614956145751
2 0.6866808563224822 0.1598545739131354 0.6833643097786535 0.161410220877353 0.675498033735721 0.1446399072618375 0.6788145778508579 0.14308426096490118
2 0.6809548567588308 0.13930228707951806 0.6832198653244177 0.13831478452557533 0.689489676527387 0.1526955939660579 0.6872246681652996 0.1536830961755026
2 0.9149572537568247 0.22860283512229168 0.9251101326753997 0.21939586622806587 0.929456722223108 0.22418894505115966 0.9193038452741575 0.2333959118883689
2 0.8077693294321762 0.3153153141360445 0.8037401369354029 0.3164317414050798 0.7993348506781786 0.3005334900010733 0.803364037280744 0.2994170635964793
2 0.8438714351894987 0.29378240935442756 0.8398349661011935 0.29500253373578955 0.8357713052974987 0.28155928591014096 0.839807769736808 0.2803391622807035
2 0.8378053690038314 0.29411764581933997 0.8341297455070844 0.29558815214712103 0.8305254209800523 0.28657914385381716 0.8342010416666881 0.2851086381578985
2 0.8334188553621971 0.2978306787884235 0.8293952741228168 0.29941706359647513 0.8241702555492338 0.2861650800749759 0.8281938322368205 0.2845786962719429
2 0.8248542373095233 0.30409971394348195 0.8211999807855364 0.3050938444921318 0.8173309301166682 0.2908722428229258 0.82098518201758 0.2898781129385913
2 0.821088647898705 0.3050131086156609 0.8173808574561008 0.3063063059210704 0.8124716297342047 0.292231193136984 0.8161794155702182 0.2909379967105274
2 0.8089816382142772 0.2961802626386145 0.8133760515351014 0.294647588815774 0.8185714218686826 0.3095431101258062 0.8141770090938962 0.3110757828332283
2 0.8120359804854616 0.3111543714996058 0.8077693234649814 0.31213566557016337 0.8047041135399695 0.2988085324827551 0.808970765350864 0.29782723903510033
2 0.7955543413455644 0.30312579750705093 0.7997597116227553 0.3015368311403494 0.8051665198927367 0.3158461182599362 0.8009611502178586 0.31743508348027566
2 0.7343289771597483 0.31130322126892995 0.7372036770668728 0.3098549797753965 0.7445647238149604 0.32446591071165426 0.7416900246678324 0.32591415105781996
2 0.7932977140021649 0.30768852493245746 0.7965558673245141 0.30683624780702384 0.8002144983582866 0.32082234030147916 0.7969563452586499 0.32167461683731513
2 0.7973568345354352 0.32273449694812645 0.7933225973788467 0.32391460395042265 0.788516830475146 0.30748641195265597 0.7925510614035147 0.3063063059210402
2 0.7942656136431197 0.3235510388336643 0.7909491392543941 0.3248542664473634 0.7856302655246736 0.3113191247235384 0.7889467357456397 0.31001589802630425
2 0.778534246729123 0.3211446709768412 0.7749123176819239 0.32336036578717064 0.768104145719235 0.3122315914432789 0.771726071271928 0.31001589802630714
2 0.7798615325402807 0.31877677692194567 0.7769323190789237 0.3200847905701703 0.7716002250117526 0.3081442606385447 0.7745294353069312 0.3068362478070348
2 0.7350314112923115 0.33104229383473505 0.7320784945175092 0.3322734495614173 0.7255212564649582 0.3165464704793589 0.7284741688596341 0.3153153157894643
2 0.7284741688596341 0.31902490679825873 0.7309825137984944 0.3176238766648055 0.7377906790769657 0.3298125399456779 0.7352823348296624 0.3312135691124323
2 0.8396224787160236 0.2779489065619092 0.8446931060217366 0.27635231835183527 0.8492836806094601 0.2909312358907574 0.8442130537772528 0.2925278230434252
2 0.8521636571035742 0.2879294252462374 0.84833192027736 0.28917039717501614 0.8439856479502623 0.27575077490602695 0.8478173804825246 0.27450980372805395
2 0.8562059418956096 0.28262329449714063 0.8526231480262823 0.2845786962719247 0.8470379535121992 0.2743454380884329 0.8506207445175278 0.2723900372806912
2 0.8594313215271541 0.2808691021928798 0.8567604966557383 0.2823562813325747 0.8511537671184897 0.2722873900408261 0.8538245899122785 0.270800211622819
2 0.9231077291666452 0.24006359320178636 0.919256683566573 0.2350368590454717 0.9279134967105165 0.22840487499996154 0.931764541451912 0.23343160719860223
2 0.9239086907895171 0.24801271820175508 0.9200269200966886 0.24371035379153724 0.9298422666635133 0.23485470194398528 0.9337240357627934 0.23915706426559963
2 0.933119738135133 0.24218335394260984 0.9359995063796305 0.24529223583733212 0.9239086907894034 0.25649178618418905 0.9210289245482954 0.2533829062348635
2 0.9367240660657217 0.24907259790743874 0.9390664346417452 0.25223350427140345 0.9290544217201386 0.2596526910247293 0.9267120548245202 0.2564917861841742
2 0.9154986034656076 0.25649178401626777 0.9119774235781506 0.2580883422506736 0.9059702127381115 0.24483980076861234 0.9094913892544128 0.24324324342104098
2 0.9004111116477134 0.24919638381636314 0.904285142543813 0.2464228936403591 0.912163975501926 0.25742789145009565 0.9082899458276188 0.2602013801775828
2 0.8950506556756181 0.2501055220316811 0.898678414473693 0.2469528355263248 0.9079128961566312 0.2575786373960451 0.9042851389713178 0.26073132218368394
2 0.8917602897504366 0.2521067528098945 0.895074088815818 0.24960254385964226 0.9031936511225922 0.2603468813736758 0.8998798532044248 0.26285108900716253
2 0.8846615942982226 0.25437201864033365 0.8890289370998516 0.2502031411835668 0.8986404653543332 0.2602720393488853 0.8942731247849451 0.2644409145295248
2 0.8933700737883328 0.2672275079866821 0.88906688048246 0.26974032894736266 0.8815598468887629 0.2568848381089339 0.8858630361842188 0.25437201864034586
2 0.8762140218472041 0.26015178085885515 0.8810572686403475 0.25649178618418944 0.889104355459267 0.2671402208468748 0.8842611103767695 0.27080021355872697
2 0.875450539791359 0.25967143542253074 0.8825217879385718 0.26857756178311454 0.8785169808011233 0.27175721114122464 0.8714457346491145 0.2628510866227967
2 0.8663252844368117 0.26340202332869245 0.8706447741228658 0.2607313190789402 0.8781681036175542 0.2728989868454978 0.8738486151329425 0.27556968953302324
2 0.8682418908028922 0.27821939685816693 0.8621104764029042 0.26431904904507536 0.8657147998449091 0.26272922571515167 0.8718462149123525 0.27662957127197013
2 0.863907211470746 0.2783328407843926 0.8598317982456365 0.2808691041666467 0.8540991423260493 0.2716577545983493 0.8581745527362727 0.26912149236826166
2 0.7404885926559928 0.32697403015924936 0.7369674046111641 0.3285705726731587 0.7309601934717875 0.31532203150762034 0.7344813771929921 0.3137254901315581
2 0.7465107304918774 0.3222458674983876 0.7436924309211008 0.32326444078946626 0.7392722124168358 0.31103447067767054 0.7420905087718666 0.31001589802632107
2 0.6940328428146358 0.15421303533519903 0.6909387447026347 0.15511815149055957 0.6861329764738002 0.13868995901173173 0.6892270723684533 0.13778484320175383
2 0.7261605486137341 0.12952109809279466 0.7233027524082445 0.13139905186398498 0.7148033980104174 0.11846512866032469 0.7176611929825185 0.11658717543856871
2 0.8100019091912145 0.059939473245724274 0.8165798958333426 0.058823529605257135 0.8211554787729938 0.08579449659591093 0.8145774922169267 0.08691043989725229
2 0.815575515251453 0.05950488103611907 0.8214795400101593 0.05818289466439928 0.8280906465785165 0.08770822065056702 0.822186621967262 0.0890302065738966
2 0.7436924337968094 0.11976682453623971 0.740014605978331 0.1212013276634758 0.7336069153991502 0.10477313536867841 0.7372847412281089 0.1033386326754289
2 0.7305301341930317 0.1077527095115009 0.7336804184428729 0.10651828219873767 0.7396340634034004 0.12171204944849986 0.736483779343871 0.12294647640925421
2 0.7370609030892865 0.12439134225746437 0.7332799364035054 0.12612612609649204 0.7262951262720208 0.11090277454645862 0.7300760910087547 0.10916799122807956
2 0.7329837714488576 0.12843223718696384 0.7303297555534982 0.1299179033812957 0.7222158297155374 0.11542313283974087 0.7248698442982686 0.11393746710525647
2 0.7179342777656075 0.11639330905588036 0.7213149918703721 0.11417172960591729 0.7294519969786961 0.12655425672301007 0.7260712833618754 0.1287758355639277
2 0.71544292252986 0.12475338680724522 0.7180616743421524 0.1229464758771819 0.7266876320894653 0.13544799337121122 0.7240688807257811 0.13725490375753474
2 0.7504160738104702 0.31971350452815495 0.7470958957951552 0.3212368310058958 0.7399717772843815 0.3057098647112983 0.7432919506578628 0.30418653947369295
2 0.7096515822368019 0.12347641776316325 0.7134124060634122 0.12247333622523453 0.7182181706768915 0.14049135459553702 0.7144573469958004 0.14149443575733536
2 0.7144573514379999 0.14202437634755938 0.7114494048240658 0.14294782893779442 0.7062431562949314 0.12598969458061166 0.709251100877168 0.12506624232456381
2 0.7030462972630858 0.12764824453153403 0.7060472588799485 0.12665606722169812 0.7118515801413423 0.14421185111448942 0.7088506187018311 0.14520402804450894
2 0.7067949489461398 0.14397252792621287 0.7034646835647891 0.14527426447160108 0.6971102652914851 0.1290176878267889 0.7004405285088069 0.1277159517543804
2 0.7008410110266823 0.14626391059666327 0.6978408905491733 0.14704570309279 0.6938360853883978 0.13167739420694238 0.6968362039474414 0.1308956019736716
2 0.6984381285986956 0.14785373517833672 0.6941720130350859 0.1488209095336168 0.6905676877397582 0.13292265866697606 0.6948338004385732 0.13195548464912427
2 0.6883614881176072 0.13597410657285308 0.6912294758772077 0.1351351348684327 0.6960998642316554 0.1517842407297842 0.6932318766057506 0.15262321211534077
2 0.6302456981447904 0.16982460873497207 0.6363636359649263 0.16746157894737418 0.6456854124547817 0.19159563861883377 0.6395674755348182 0.19395866672351741
2 0.837745979881106 0.03472679778543655 0.8430116140350492 0.03126656030702074 0.8518815719121449 0.044764458408745475 0.8466159380310501 0.04822469554703068
2 0.8550678977111374 0.03932683187783295 0.8506207445175278 0.04239533662282598 0.8417683056610485 0.029565590020067842 0.8462154583334041 0.02649708552629351
2 0.831673418240257 0.0368173751460083 0.8346015219298124 0.0355060942982508 0.8411339495238508 0.05009306494218176 0.8382058459183099 0.05140434565130778
2 0.7541049294478626 0.3174350812269289 0.7514688294656935 0.3180991014615071 0.7478645044075165 0.30379067547258576 0.750500600877217 0.3031266557017547
2 0.7569082914664023 0.31584525636382355 0.7541372201940248 0.31614440710022423 0.7529034846490958 0.3047164813596534 0.7556745529369664 0.3044173307857575
2 0.7605290040921773 0.3122079347120514 0.7579007681795247 0.3128037709479094 0.7542800574068451 0.296833249159966 0.7569082894736994 0.29623741337719167
2 0.7579439355267823 0.29588978705877494 0.7623907475558553 0.2950496894220481 0.7653599053630842 0.3107656270247091 0.7609130935069288 0.3116057240408475
2 0.762418186204286 0.29570352332219546 0.7653183815789362 0.2951775307017561 0.7678180951558033 0.30895996412113974 0.7649178998716479 0.30948595640225807
2 0.767721265350815 0.29093799671052656 0.7717186179243072 0.29076538274914254 0.7725270328948 0.3094859561403498 0.7685296803310848 0.30965856995383356
2 0.7231753822177325 0.3248811873435755 0.7276732083332718 0.32273449890352385 0.7329719918201363 0.33383635565566183 0.7284741665465617 0.3359830427706626
2 0.9231077253813282 0.2066772603027922 0.9265161533284072 0.211222674046461 0.9134961951754121 0.2209856918859683 0.9100877698775776 0.21644028055082137
2 0.9199038807641955 0.20243772584572478 0.9230450077501473 0.20665770353701043 0.9094913892544128 0.21674615789473073 0.9063502647726409 0.2125261824760905
2 0.9086904287280504 0.20985691557021866 0.9053311641105211 0.20525572239397688 0.9179014813596496 0.19607843092107743 0.9212607451968324 0.2006796218840941
2 0.9118942687535991 0.18018017155054147 0.9148609995755805 0.18592517297607686 0.8982779331140591 0.1944886063596876 0.8953112058610486 0.1887436079890693
2 0.9162995541454393 0.19077900717322063 0.9198915657907492 0.19580078113799793 0.904685622807051 0.2066772653508549 0.9010936143218942 0.20165549422737916
2 0.9038846611842928 0.19978802302634496 0.9004974889184041 0.19561169929481773 0.9147803124659504 0.1840278660499646 0.9181674835049307 0.188204187533137
2 0.847817380482411 0.042925278508776664 0.854851911632295 0.04109516744794155 0.8632620013247561 0.07342161264158215 0.8562274703851926 0.07525172316073779
2 0.84416322798495 0.048622765198951465 0.8406587648025834 0.049946937875210644 0.835101865306342 0.035240442279009236 0.8386063278508118 0.03391626973685654
2 0.41329594125284075 0.3391626650877392 0.4170333401783637 0.34642505846113625 0.3940728870613839 0.3582405932017441 0.3903354997661381 0.3509782097812093