3 0.11875919956139569 0.4868421053518521 0.1187592006297109 0.481676196256601 0.12061403544919358 0.48167619687468854 0.12061403508766944 0.4868421052631283
1 0.6469187205108256 0.8119188961748028 0.6868225220280237 0.8289889595319127 0.6620999606651594 0.8867688823208922 0.6221962401821202 0.8696989581008558
3 0.3569930932017087 0.5416666666666912 0.3569930940541326 0.5390861863738046 0.3596491230952097 0.5390861872510171 0.35964912280701355 0.5416666669797421
3 0.3596491230995298 0.5356609813596492 0.35797113098851696 0.5356609813596492 0.357971131819113 0.5314542412280703 0.3596491227841625 0.5314542412280703
3 0.3622062710321643 0.5273880781371241 0.36152582501517827 0.5294821013347238 0.3573717016224691 0.5281323459278877 0.35805214802633145 0.5260383234648686
3 0.3618421053726024 0.5230263157894737 0.3583991677631957 0.5230263157894737 0.35839916798204285 0.5224274967105262 0.3618421052632357 0.5224274967105262
3 0.2812851351343397 0.5264433239907593 0.2806350696313302 0.5299666961992577 0.27517185873136896 0.5289588125199459 0.27582192543854944 0.5254354418859105
3 0.2646264815576842 0.5076754387745421 0.2646264824561513 0.5025997730263461 0.2664473686083966 0.5025997735593394 0.26644736842104066 0.5076754385964981
3 0.21671775767549661 0.5098684210526858 0.21671775821050687 0.508088549339662 0.2192982457929702 0.5080885500506933 0.2192982456140271 0.5098684214076333
3 0.21751406776172644 0.5043910722685775 0.21931817506640527 0.505206950401477 0.21819074167547114 0.5076997885043127 0.2163866344753842 0.506883910543483
3 0.15389580495116206 0.36792604156001196 0.15507806140351477 0.3655475888157518 0.1593612905090822 0.36767656405465743 0.15817903480331097 0.37005501616159386
1 0.3978408200937338 0.6219843018576764 0.3375937881628488 0.6069463399557091 0.36335993421050716 0.5037316732456143 0.4236059010237341 0.5187694946134404
3 0.11117949770778068 0.4547626608982279 0.1091876547384345 0.45597360428908157 0.1049038572363088 0.44892775739578133 0.10689569846488212 0.4477168146929698
1 0.7010252092537712 0.5534446576096808 0.7361972607390044 0.5661482377865192 0.7150948906185022 0.624567652811166 0.6799228754795195 0.611864143655126
1 0.9391763406515565 0.9288444354656794 0.9103709334860923 0.9162996034206905 0.9273650789473322 0.8772880010964815 0.9561701918903509 0.889832759499734
1 0.4282299221491712 0.6730632456140333 0.4647294411288385 0.6685864825191953 0.47107455490083794 0.7203113557607832 0.43457504026298466 0.7247880940647076
1 0.4583851217589654 0.4253958989669978 0.394396826916136 0.427775233443606 0.3909950164473912 0.33628224342105356 0.4549826259170686 0.3339029217758259
1 0.2714720690788681 0.5168261359649238 0.3305607263813499 0.5022355564145202 0.35265582812394314 0.5917078518708389 0.2935672111786971 0.606298316994406
1 0.26555306320301497 0.4967874857615126 0.2810080447524115 0.5881508174149741 0.21624742618053006 0.5991042921264708 0.2007930155041322 0.5077414744730289
1 0.12310978162338415 0.4977766280334607 0.08887592077996942 0.5164513070498844 0.06552325116854263 0.47364481676745795 0.09975691008776266 0.4549702061403353
1 0.19202526434605716 0.29656319839797374 0.25392155661268134 0.3217721147163333 0.22156038297430314 0.4012266396052855 0.1596641588633929 0.37601783938884215
1 0.10249578947366444 0.29880664035087773 0.16420446332858774 0.2961525849884524 0.16787648696231372 0.38152691390072163 0.10616781358987737 0.3841809574842418
3 0.36998288314498495 0.5743020508355188 0.3679988658750517 0.5734649121317384 0.37007018116298696 0.5685563895439066 0.3720541968161797 0.5693935278594926
3 0.3815789478782108 0.5789473684210525 0.3800653563597507 0.5789473684210525 0.38006535737940794 0.5731985394736843 0.3815789473683253 0.5731985394736843
3 0.6422203519457526 0.5716841329293121 0.6400075258150082 0.5725342532519804 0.6377394806346501 0.5666312112057926 0.6399523045874957 0.5657810913490363
3 0.6415704668488615 0.5877366645937678 0.6435412739763251 0.5888812534742541 0.6405696053153633 0.5939974686032609 0.6385987986358259 0.5928528803322316
3 0.49929459827410483 0.5335203645932971 0.503273913108842 0.5328078413434432 0.5038405442227258 0.5359720997020947 0.4998612294372151 0.5366846227654068
3 0.4484649121942539 0.41834638232884197 0.44961499907287816 0.42295886453053777 0.44801541416450164 0.42335768675821833 0.44686532785090094 0.41874520504385637
3 0.13213037116452142 0.40241156570775366 0.13651271878381976 0.4040356749782503 0.13558674002570115 0.4065341265478042 0.13120439254396388 0.40491001754386996
3 0.13475890869278828 0.3980263156934126 0.13264038923557564 0.3982813108983641 0.13204288421786714 0.3933174260491704 0.1341614024122464 0.3930624309210578
3 0.1330188144421527 0.39144736850872147 0.13301881469715227 0.3866158211438904 0.1337719298638831 0.38661582127202293 0.13377192982454744 0.3914473684210302
3 0.14959850548245868 0.3793859649122741 0.14959850634500071 0.37685924116739794 0.15350877222329018 0.3768592423850848 0.15350877192986445 0.37938596556070464
3 0.26479191557018567 0.13815789473679602 0.26479191563669247 0.13739401205858356 0.2675438596713775 0.1373940122490797 0.2675438596490949 0.13815789488312
3 0.3212719298041975 0.17908496257937173 0.32200424966060837 0.18410366878078288 0.3205813996778488 0.18431128604561525 0.3198490800438094 0.17929258004386706
3 0.32948806907893413 0.19188596492626744 0.3294880693739515 0.18783142854817686 0.3311403509784441 0.18783142872808928 0.3311403508771491 0.19188596491224438
3 0.3366228070181023 0.19188596491228072 0.33653141228069217 0.19188596491228072 0.33653141228182903 0.19155452521929825 0.3366228070175339 0.19155452521929825
3 0.3376339666228887 0.18186371184645597 0.33933400961814186 0.1820849980026761 0.3386003543919287 0.18772128612081182 0.33690031140361043 0.18750000000000572
3 0.35197368431158793 0.18421052631578946 0.35052788706150295 0.18421052631578946 0.3505278872634108 0.18045001535087715 0.351973684210634 0.18045001535087715
3 0.3563596492247143 0.18201754385964913 0.35478699232453437 0.18201754385964913 0.3547869925282612 0.17849030153508771 0.3563596491228509 0.17849030153508771
3 0.35620672327922875 0.18369778643544887 0.3579246900535509 0.18438013710524667 0.3564144919503178 0.18818235059075844 0.3546965252193104 0.1874999999999964
3 0.4054343233201507 0.1685476095782581 0.40718677636323264 0.16927448781644794 0.40478332797556504 0.17506898338208418 0.4030308750000131 0.17434210526317112
3 0.4122807018841286 0.17543859649122806 0.4114286106100735 0.17543859649122806 0.4114286107477483 0.16946337719298243 0.4122807017544119 0.16946337719298243
1 0.21210171600876038 0.1347357105263158 0.24153351745871987 0.13335535919103017 0.24391514302260475 0.18413592813578636 0.21448334164676908 0.18551627775961133