0 0.7910436055786931 0.9428998289456377 0.8050077003249498 0.9477165686598888 0.7942933323954549 0.9787696354074846 0.780329248903513 0.9739529188596426
3 0.2863219429606261 0.037844224227986195 0.28617815079462616 0.05566423865951488 0.27611506578944045 0.05558303728074064 0.2762588592194106 0.0377630241193687
3 0.850578246376358 0.6952209986145109 0.860054768923078 0.6978538015778872 0.8551933242192717 0.7153494622971572 0.8457168037281235 0.7127166644736899
3 0.3000369901316162 0.03675780372806961 0.30964562740166457 0.03638604010819568 0.31040130741018856 0.05591740450372774 0.3007926701419592 0.056289168071729054
3 0.3372651996633067 0.11403508769838841 0.3372652017543487 0.10890419298245974 0.3530701761523005 0.10890419802611088 0.35307017543857455 0.11403509136357988
3 0.6338807301667657 0.10622636758358181 0.6352824982460561 0.11494122207954949 0.6159750115128872 0.11804677918830067 0.6145732467105063 0.10933192763160923
3 0.6521131140279977 0.2818834779782027 0.6502192982455881 0.2915987521929594 0.6279909325529616 0.28726582937744244 0.6298847554824079 0.27755056469299483
3 0.2203686647765153 0.32533672993057833 0.22153109847238284 0.33374602821858834 0.20100687899105196 0.33658302195136397 0.19984445504383075 0.3281737324561243
3 0.25279604782656406 0.4260713284272786 0.2622276803092518 0.42923255515325937 0.25588838159740135 0.44814498199780667 0.24645675110025422 0.44498375947323787
3 0.815889874335312 0.9666212081492325 0.8056644959419828 0.9831733218920904 0.7964490098684109 0.9774819046052975 0.8066743858017844 0.9609298174407492
3 0.8222202028508718 0.8897174024122426 0.8303082335559111 0.8709461491790682 0.8402797924924243 0.8752416235382251 0.8321917941040056 0.8940128493483515
3 0.8211081440713315 0.8854352117838897 0.810464617016919 0.9043895556327611 0.8018236529828755 0.8995385145554954 0.8124671809210895 0.8805841962719422
3 0.8678569265351825 0.6700718519736806 0.8780841194046616 0.6693470049388611 0.8795634152969569 0.6902161419142908 0.869336222595166 0.6909409873789436
3 0.2792645519650705 0.07516688645845533 0.27143056414888633 0.07072943437740942 0.28030547916671367 0.05506146381581541 0.28813946472928365 0.05949891508868133
3 0.8897305582291892 0.5789989592365932 0.8792870482457147 0.5758285515351018 0.8847874490243157 0.5577117619131031 0.8952309269445777 0.560882164398701
3 0.8716192111420469 0.5404515994956809 0.8826352674007012 0.5448495265234351 0.8743394157065723 0.5656272869194199 0.8633233640119897 0.5612293681859204
3 0.3060283142019671 0.40741221062687033 0.3045935544641907 0.41516105577061735 0.2826126753708422 0.411091311764137 0.28404744335455234 0.4033424774267728
3 0.9047361342080649 0.4107808823244935 0.9134456981739731 0.4115428293424773 0.911998778322868 0.42808121235587276 0.9032892144622338 0.42731926614583027
3 0.913958653720556 0.26586231736027 0.9034541787822263 0.26289301771604306 0.9091360509747801 0.2427927237355959 0.9196405097731031 0.24576202095041266
3 0.9614272624316982 0.10925699039595597 0.9551439845621417 0.12810676224190964 0.9458236962718729 0.1250000000000241 0.9521069758181966 0.10615023143444778
3 0.6652662419982107 0.2757462974445779 0.6580408692371975 0.28302072100860276 0.641150520833321 0.2662446326754233 0.6483758864271749 0.2589702163635835
3 0.27088189910102756 0.1359157318214646 0.2610058289473045 0.1316021019736675 0.2670954893059161 0.1176598826246726 0.2769715543943221 0.12197351119753035
3 0.3404931552590824 0.12655950389071519 0.339500836017919 0.11992802420157572 0.3616668225902231 0.11661116847571797 0.36265914408249955 0.123242645437463
3 0.30441764692977813 0.03179824561400689 0.30441764768545454 0.015731215974381717 0.3114035091199412 0.01573121642108858 0.3114035087719458 0.031798245651993275