2 0.4845814309931029 0.28787522861549586 0.48767399037478754 0.2985205100262394 0.4464430481849604 0.31049813011517086 0.4433505131578386 0.2998528695175912
2 0.20342944777553384 0.07058208978595924 0.19755344064117253 0.07929916672419678 0.16894146710524183 0.060012428728106595 0.1748174734885879 0.05129535485246979
2 0.08542496890061102 0.08864689090232168 0.07716285234562292 0.09576626917992184 0.05858087952083224 0.07420172864564967 0.06684299232449575 0.06708235307020728
2 0.7181440450125365 0.1390057720052808 0.7143813399122791 0.12576687390352087 0.757030438399056 0.11364537509702224 0.7607931501621579 0.1268842614539199
2 0.4375122542955978 0.2746539492493708 0.4432006696282542 0.28343587010374643 0.4200611500291416 0.2984239091719939 0.4143727467105691 0.2896419989035363
3 0.5680718174863841 0.5349626768505555 0.5569913913999471 0.5387776552903994 0.5498857817982525 0.5181414407894871 0.5609661721756538 0.5143264690679599
3 0.7053808284285878 0.337119866393209 0.7028110782891872 0.3455249095628219 0.6751994242877117 0.33708321689965404 0.6777691814181708 0.328678186183697
3 0.3319682722557218 0.1262059259540465 0.32601190852005857 0.13332807664096102 0.30891026669439725 0.11902577535318033 0.3148666285277386 0.11190362773387823
3 0.31824850310545116 0.13170629088892047 0.3138454755139719 0.13961008664012406 0.29634354934205476 0.12986020285090677 0.3007465770517683 0.12195641028063424
3 0.6641564335103567 0.12412914337869778 0.6681066615478812 0.13043740536271994 0.6503025901031378 0.1415862351764008 0.64635236513152 0.13527797587717758
3 0.5564780376347471 0.30848525784326525 0.5784065628149619 0.3052844371346067 0.5800069415295184 0.3162481617954985 0.5580784167137836 0.3194489808159386
3 0.5073555490806712 0.5198964330220669 0.5173277279043305 0.5205718354506217 0.5162531334120786 0.5364366615190858 0.5062809546777771 0.5357612599557671
3 0.47973166391807354 0.5472051198932893 0.4965986655791994 0.5453952756514637 0.4974656695133035 0.5534746533127788 0.4805986680424894 0.5552844963223742
3 0.4634501062932941 0.6076648844410689 0.4608561971963354 0.615614893580247 0.4403098168860424 0.6089118092104993 0.4429037342823676 0.6009618160619421
3 0.5319541387843856 0.6182241274420663 0.5280247091122874 0.6263916054215712 0.5076368902909962 0.6165840063848655 0.5115663235759484 0.6084165458539896
3 0.8736481338952444 0.7851126130843943 0.8720760309395246 0.7950180343233489 0.840558726973768 0.7900167642543685 0.8421308603957414 0.7801113810775842
3 0.6944749925986571 0.9481568386524 0.6940365190064313 0.9557816660846795 0.6714058702467582 0.9544805776036106 0.6718443673245247 0.9468557752192858
3 0.9184079497385937 0.4142858208555857 0.928262452850845 0.4084952763157905 0.9376086902515226 0.4244001104982221 0.9277541921865122 0.43019064820790526
3 0.9686131528160331 0.11733555194695953 0.9667203035935472 0.12695670957319277 0.9464531930151452 0.12296940726641752 0.9483460449561107 0.11334825328943056
3 0.6749419316046215 0.10628599537048698 0.677628110124715 0.11559835544284629 0.653272601270146 0.12262374109389794 0.6505864275601425 0.11331138514197078
3 0.7156002003192725 0.11206349893196765 0.7226143815046271 0.12064054592697629 0.7047884852647712 0.13521822636330938 0.6977743081140488 0.12664118311406228
3 0.13391253460463304 0.3230244576305286 0.1413705460525989 0.31944593201753957 0.15152927842768804 0.340617063962583 0.14407126968080775 0.3441955853202958
3 0.09920457565795004 0.09716082894734894 0.10325256047417497 0.09031894006143974 0.12577210255778937 0.10364252306226818 0.12172412087431894 0.11048440921526737
3 0.5055134965887191 0.5999582557565958 0.5029931096022437 0.6112144934948249 0.4629989184721808 0.6022603022775993 0.4655193350383797 0.5910041071124195
3 0.2661379704928777 0.08890500235462229 0.25803485635958623 0.08046627521927047 0.2744625740316451 0.0646919285421593 0.2825656861165271 0.07313065339742003
3 0.6092952138305918 0.15305925576061524 0.6012566019736596 0.1437116557017767 0.6229288648937654 0.1250743763500332 0.6309674729930066 0.13442197070774145
3 0.30189348968121976 0.10714032847555165 0.2933354531699024 0.11346656142216278 0.2792103234648948 0.09435834758771602 0.2877683555210524 0.08803211706614625