3 0.6686482510964424 0.32017543873985443 0.6686482518241519 0.3129184417873169 0.6699561406209114 0.3129184421017391 0.6699561403509051 0.3201754385964671
3 0.13179112453133257 0.7316195424776257 0.13650840284162769 0.7332187509694033 0.13287868523582347 0.7439237678637887 0.12816140789470865 0.7423245614035164
3 0.034392791546565604 0.12641383440359302 0.038122198539326746 0.12795863659654616 0.0350742983004011 0.13531673177242365 0.03134489144736108 0.13377192982454256
3 0.032078419302820294 0.13417141424560114 0.035752765197571534 0.1354542355442296 0.032479532168281366 0.14482960172991238 0.028805186403587868 0.1435467807017631
3 0.03065751225949498 0.14419923669031795 0.03433147889631982 0.1457162269579761 0.030800359000409117 0.15426811385221495 0.027126392543891598 0.15275112390349144
3 0.02590125657900444 0.16008771929827506 0.025901257412783707 0.15400096978781996 0.029605263452481267 0.15400097039474578 0.02960526315791867 0.16008771936610042
3 0.028508772341751865 0.1677631578947368 0.024431705043866714 0.1677631578947368 0.024431705844904172 0.16158161951754382 0.028508771877227446 0.16158161951754382
3 0.02559219929332812 0.17044595760543785 0.029147861896490213 0.17203482545728163 0.025458960662945174 0.18028998993309822 0.021903298289771556 0.17870112246497627
3 0.020820467565044964 0.19224802722627607 0.024898755508957038 0.19343941101232734 0.022441965444613743 0.20184927820950097 0.01836367763155522 0.20065789473683845
3 0.10749161315436595 0.13673582906826728 0.11118901754389299 0.13385751864034467 0.11667513946986219 0.1409048105868219 0.11297773556157154 0.14378312046999567
3 0.09706262171050639 0.17367809429823897 0.10130387066647017 0.1726925911669123 0.10387176635549622 0.183743779527627 0.09963051750185059 0.18472928235453553
3 0.09835586665394658 0.18263598661228667 0.10206450301166115 0.18390685456582628 0.09927045309268578 0.19206034132530214 0.09556181688594734 0.19078947368420218
3 0.09758771929830345 0.1940789473327514 0.09758771969370628 0.202850877519643 0.09414482626516474 0.20285087701381826 0.09414482678141667 0.1940789477378091
3 0.03920456528851446 0.10761144159011286 0.04285293448867833 0.10939836486448094 0.03828187995782173 0.11873107098047869 0.034633510964908965 0.11694414802630998
3 0.06249999999931788 0.013746027387277678 0.06261021300952052 0.017540658572990694 0.06004676452141666 0.01761511252212966 0.059936551535088256 0.013820481359611463
3 0.05742718458645868 0.42506052872347855 0.061564349055970524 0.4272727344693701 0.056671428776098765 0.4364227305562533 0.05253426535091421 0.4342105263158047
3 0.42390507192919813 0.08114035097192343 0.42390507241441355 0.0718790654823097 0.42763157903004867 0.07187906578946526 0.42763157894739834 0.08114035087724221
3 0.05478768988621141 0.43707603605551876 0.05912917825389741 0.43922728962508656 0.05348553211615581 0.4506161640025468 0.04914404495616509 0.4484649122807225
3 0.05142636765253883 0.45141635054050455 0.0557221290380312 0.4530096658953557 0.05193627282312718 0.4632161211644494 0.04764051206143449 0.4616228070175478
3 0.049342108460905365 0.4868421052631579 0.045179258851817394 0.4868421052631579 0.04517926212452039 0.4762473541666667 0.049342105263121994 0.4762473541666667
3 0.04329256798246206 0.4967105264946476 0.043292572131690576 0.48753574287658674 0.04714912430392815 0.487535745349557 0.047149122807013555 0.4967105263158345
3 0.03137284210527014 0.5668859653468653 0.03137284714478028 0.5565231045971235 0.03508772104396485 0.5565231074561466 0.035087719298303455 0.5668859649122523
3 0.02191891679387936 0.6410101668578679 0.019669899612267727 0.6550223379687484 0.015213025219281917 0.6543070767543968 0.017462047402545977 0.6402949118765225
3 0.0157772097080624 0.6548727335047179 0.021049622102736976 0.6561017143954181 0.01788046106071306 0.6696958232176825 0.012608049252776254 0.6684668440573414
3 0.010964912280701754 0.6766638771929824 0.015350877192982455 0.6766638771929824 0.015350877192982455 0.6875 0.010964912280701754 0.6875
3 0.011216698868452113 0.6872333892981497 0.01621497610994993 0.6890175165636798 0.011871491916735977 0.7011841149558534 0.006873215890436768 0.6993999901261329
3 0.010964918643935562 0.7149122807017544 0.0056919928405250175 0.7149122807017544 0.005691999217447119 0.7037329462719298 0.01096491228065588 0.7037329462719298
3 0.0031253421052497288 0.7313596499872067 0.003125348795492755 0.7197612486305635 0.0065789496317165685 0.7197612521929415 0.006578947368439003 0.731359649122775
3 0.1336429899505447 0.7652536506711752 0.12786452559589634 0.7658343123142718 0.12640325016741372 0.7512948514535637 0.13218169517540446 0.7507141907894757
3 0.16442578677572328 0.4332290453539697 0.1684648084459468 0.43503025558154734 0.16411694760779483 0.44477929805914607 0.1600779267106418 0.44297808911701797
3 0.05929045605569172 0.017826614004891207 0.06344101883723852 0.01930705664354797 0.06042584656290728 0.02776037970266761 0.05627528380387048 0.026279937110149983
3 0.13737039692978215 0.6758639221491326 0.14235842388154651 0.6749347320723011 0.14426906652420257 0.6851898979300488 0.13928103984699192 0.6861190870021551
3 0.4254367655162241 0.08114933516713314 0.423881598402545 0.08939792716003678 0.419512683102198 0.08857422528896666 0.4210678505763781 0.08032563377492602
3 0.059121372462414 0.387456148164488 0.06324876262374346 0.3866116585331609 0.0652891569188796 0.39658349484766137 0.061161766911254745 0.3974279839660572
3 0.12007482793535473 0.9507360018175336 0.11815028955504658 0.9590127839608951 0.10789732611658565 0.956629387148922 0.10982187321815218 0.9483526176618399
3 0.10603000488890757 0.9677341619229465 0.11572903291005332 0.9697873566555351 0.1142369165946775 0.976833894296747 0.10453788925440222 0.9747807017543877
3 0.11293860472756023 0.9846491228070177 0.10458276639508313 0.9846491228070177 0.10458277560030638 0.9776679013157894 0.11293859649117621 0.9776679013157894
3 0.07643792543854033 0.9901315800537729 0.07643793976353663 0.9773189371554246 0.0811403561735915 0.9773189450744478 0.0811403508771491 0.9901315789473715
3 0.0939102374182994 0.20488802398803643 0.09793413824365871 0.20593022190258112 0.09590579655809961 0.21376149589129828 0.09188189583335316 0.21271929824562674
3 0.093877099505562 0.21500879981775953 0.09750949098418005 0.21665289621444442 0.09326393240939979 0.22603270071328924 0.08963154127593498 0.2243886048853054
3 0.0840377507837502 0.26526928593956894 0.08803735315882477 0.2666735814743239 0.08475424805226339 0.2760240513118354 0.08075464595833637 0.2746197563506264
3 0.07086312280705442 0.3366228070175486 0.0708631246531013 0.3303292815956472 0.07456140417264123 0.33032928289474656 0.07456140350882379 0.3366228071348246
3 0.07259675877196514 0.3267543860284303 0.07259676164835582 0.3175266176984065 0.07675438695878256 0.31752661951752786 0.07675438596493223 0.32675438596489886
3 0.07304014254384583 0.3166857675438159 0.0764857447633176 0.3077482033450562 0.08101070175302993 0.30949260997883027 0.07756510197293665 0.31843017210996627
3 0.07610090773596312 0.2932417915494759 0.0809626522303688 0.2927096027275353 0.08236212569727286 0.3054939722952373 0.07750038125334413 0.30602616080487327
3 0.06650691589004509 0.35291850488458104 0.07095575635662499 0.3526480349116111 0.07151384290966689 0.3618273980165318 0.06706500245536517 0.3620978678541059
3 0.06688596480125852 0.36280005523489295 0.06777230698344283 0.3682776373337152 0.06521377989054145 0.36869162187858845 0.06432743859647871 0.36321404057015033
3 0.12050356457837097 0.8782894749724635 0.12050358011822482 0.8626068529267882 0.1260964951314918 0.8626068632866127 0.12609649122805422 0.8782894736842074
3 0.13273263891596798 0.7896721488914112 0.13771841080517788 0.7902728232635687 0.1359383382955457 0.8050450902337613 0.13095256660028554 0.804444416947685
3 0.1502720863762761 0.01100122564228061 0.15365086074552892 0.009952206140367249 0.15575128290583962 0.01671743041335878 0.15237250854363538 0.01776644989937019
3 0.15735078964644345 0.006044480324748322 0.16099952192985256 0.004700211622794417 0.16318484488112972 0.010631807189131573 0.1595361126029502 0.011976075880391537
3 0.16760283355097272 0.036184210455483534 0.1639085802119098 0.03738661092415439 0.16159090590895175 0.030265794064038096 0.1652851589911961 0.029063393640354238
3 0.18955300113668727 0.14089355852577848 0.19354168969300645 0.13767246820173118 0.19900754729530945 0.14444081932405953 0.19501885928707452 0.14766190903875417
3 0.17018066701393764 0.10142358469810889 0.17355962828946758 0.10024602850878762 0.17554421417298727 0.10594071839910368 0.17216525295225438 0.1071182744763581
3 0.20368925261789173 0.15328762284868802 0.20079244372925587 0.15653274518487809 0.1947532255585429 0.15114178071491102 0.19765003399118086 0.14789665899125592
3 0.19499549289378137 0.15976545461518607 0.1923926841808452 0.1621836864856792 0.18815444188601305 0.1576219857456428 0.1907572501653476 0.15520375424093258
3 0.19490961896667613 0.1689065192083812 0.19874744416756585 0.16721216034653089 0.2019513222802516 0.17446907373552648 0.19811349728956884 0.1761634322459913
3 0.20473769080319926 0.16460511633012917 0.20847767763154934 0.1618408245614 0.21203229868433482 0.16665005876987435 0.20829231221432565 0.16941435012173936
3 0.2168844567133874 0.17509288807069553 0.21310494397800994 0.1775565421682728 0.20865594790382147 0.17073136080189244 0.21243545942979836 0.16826770723685527
3 0.18845299951408379 0.19520018785167734 0.19200593598338855 0.19172759658324318 0.1978867223421048 0.19774437663980077 0.19433378673898005 0.20121696703388142
3 0.23582939942650682 0.11627488175762854 0.23298339175642013 0.11126223201269782 0.2407981348684416 0.10682531030699617 0.2436441425547855 0.11183795928660765
3 0.1651108455666872 0.4215451089586946 0.1693339195844601 0.42298780890472903 0.16613070295670695 0.432363751648192 0.1619076293859507 0.4309210526315908
3 0.17434210691658336 0.45614035087719296 0.17135011897494223 0.45614035087719296 0.17135012072412792 0.4478833322368421 0.174342105263122 0.4478833322368421
3 0.15455849120564835 0.42328699343339776 0.1587484745882648 0.4243495904606296 0.15625615746682797 0.4341766314112463 0.15206617434205327 0.4331140350877197
3 0.38657725041548474 0.1284903371116725 0.3836936365271413 0.1351779373362633 0.37418901616706535 0.13107967778970733 0.37707263048253026 0.12439207894732907
3 0.22569299460303682 0.9742109676623953 0.23152606116605057 0.9791090555526923 0.22325298258442672 0.9889584535647136 0.21741992471481808 0.9840603750990193
3 0.14212733223678242 0.5933339353070519 0.14681959070924222 0.5810699142557092 0.1523287763004646 0.5831775298107711 0.14763652548140271 0.5954415443726386
3 0.15267386526522841 0.45036189426554113 0.15690895788793568 0.4489944180245474 0.16005358154279747 0.45873275192217816 0.1558184893632415 0.460100227194544
3 0.14658080260892348 0.6217105263090259 0.146580809394095 0.611015042013076 0.15131579150158814 0.611015046865674 0.15131578947364233 0.6217105263986604
3 0.14384532715769183 0.6254726682624098 0.1489326975882932 0.6244099955231982 0.15170897432813035 0.6376993559059683 0.14662160432078508 0.6387620272567126
3 0.15812514260903754 0.7068647412947472 0.15627396899094492 0.7150325182483646 0.14513090899197323 0.7125073919639195 0.14698208966228776 0.7043396250872768
3 0.16885964912280702 0.7090606721491227 0.17982456140350878 0.7090606721491227 0.17982456140350878 0.7160087719298246 0.16885964912280702 0.7160087719298246
3 0.18180338988395306 0.7158111940805288 0.18309252967412704 0.7093899141738871 0.1916399296283089 0.7111056294679888 0.19035079678553757 0.7175269032875355
3 0.1623139540952252 0.729675684849022 0.1664029573805692 0.7319214720926469 0.16186400599531225 0.7401843813651315 0.1577750043859396 0.7379385964912016
3 0.18946335169164286 0.9630766648200796 0.1840071459507726 0.9664448631729344 0.17758214908610626 0.956039803064972 0.18303833991228657 0.9526716107456134
3 0.17435260486831794 0.9655828227296511 0.18064891227118096 0.9622751420895221 0.18659126940690385 0.973583438377856 0.18029496626866148 0.9768911127757893
3 0.18588224811139753 0.9908145154979959 0.18088400011845351 0.9959368911663298 0.1725980542959178 0.9878541375514563 0.1775962938596649 0.9827317708333109
3 0.22877043802225216 0.9547375619059311 0.2334630763309633 0.960162489573282 0.2259622916482158 0.9666489409400387 0.22126966165228623 0.9612240211474615
3 0.2291666735434319 0.9736842105263158 0.22106185197367267 0.9736842105263158 0.22106186118389815 0.9669763618421052 0.22916666666662877 0.9669763618421052
3 0.21337614092101376 0.22312020218770634 0.21751282684340367 0.21971644880422095 0.22319459360562632 0.22662156912890888 0.21905790863547736 0.23002532146839896
3 0.15187177302630062 0.39802631607511596 0.15187177676079955 0.3877082713806447 0.1557017557557856 0.3877082734588412 0.1557017543859729 0.3980263157894224
3 0.2215114290532938 0.21575437580886533 0.22564165451899498 0.21203457360231928 0.2318380784938654 0.21891458030893762 0.22770785411717043 0.22263438137399283
3 0.23072119507810385 0.22031103399764276 0.23533615131816532 0.21776501973550455 0.240149341288884 0.22648937273278846 0.2355343856587524 0.22903538613107577
3 0.2546889144208535 0.23594794412928732 0.2518690096173941 0.24018267763006534 0.2451100669443349 0.23568198006422375 0.2479299714912031 0.2314472478070588
3 0.2675088885750938 0.24416340806563505 0.26463057848798144 0.24902317735502913 0.25544759787453586 0.24358444279712527 0.2583259078946867 0.2387246754386362
3 0.2605399683433234 0.2540973918629748 0.2639322927631156 0.25035314692982363 0.26955917174268507 0.2554510573364776 0.26616684846919725 0.25919530116611683
3 0.2469544068990217 0.25110075596241865 0.24391687540503426 0.255195744141421 0.23704691199804984 0.25009992105085976 0.24008444298249287 0.246004934210508
3 0.22793489068851613 0.2364653903887681 0.23127962280705106 0.23208052631581721 0.2392071920884291 0.23812749709674738 0.23586246170179948 0.24251235958825962
3 0.22385818205418673 0.2376921345418904 0.22708894196046003 0.23478545111561727 0.2324762160581031 0.24077326799546042 0.22924545696662335 0.24367995056746364
3 0.21632148908997806 0.23491030555288583 0.21882458442985353 0.22970035745609238 0.2259886057499898 0.23314222121650247 0.2234855121446344 0.23835216783459826
3 0.27656224563747855 0.2724646078770892 0.2742098233248953 0.2775534169053432 0.26481435784671703 0.27321023774491776 0.2671667807017002 0.2681214309210519
3 0.16557017666252705 0.28399122807017546 0.16187135372638295 0.28399122807017546 0.16187135542111264 0.27472547149122806 0.16557017543857455 0.27472547149122806
3 0.5415159249137105 0.8739035102537709 0.5415159331140558 0.8611666195174917 0.5449561427608387 0.8611666238253773 0.5449561403509051 0.8739035087719528
3 0.5146966819410181 0.218097327632388 0.5186323728086109 0.21930452551343763 0.5161013478622181 0.22755601605312248 0.5121656571487847 0.2263488185255559
3 0.15397720913006196 0.5592105273066498 0.15397721330634795 0.5482473690787298 0.15789473739528148 0.5482473717105777 0.15789473684208133 0.559210526315808
3 0.15957534607969137 0.30153508785944444 0.15957534653341554 0.29592671135241855 0.1611842105693313 0.2959267116228031 0.16118421052635767 0.30153508771931636
3 0.15899122864698256 0.3156917719298245 0.15673618316736793 0.3156917719298245 0.15673618432094827 0.3075800504385965 0.15899122807024924 0.3075800504385965
3 0.14459352448386653 0.33442982502811025 0.14459352643393686 0.32482234639919 0.14802631608347383 0.3248223475876257 0.14802631578947967 0.33442982456140263
3 0.33004386005700326 0.14692982456140352 0.3256233322367734 0.14692982456140352 0.325623333292242 0.13922737390350878 0.3300438596274944 0.13922737390350878
3 0.33552631615589235 0.14802631578947367 0.3316974364034877 0.14802631578947367 0.33169743717962774 0.14111578947368422 0.3355263157660602 0.14111578947368422
3 0.3379604554564821 0.14096588353336656 0.3420333314255686 0.14238664483991909 0.3388053966499456 0.15164005924221963 0.3347325208333132 0.15021929824562266
3 0.3425816729258031 0.15286526636577727 0.339204054609354 0.1511100658620376 0.3434935208333627 0.14285569298246245 0.3468711379795195 0.14461089311653913
3 0.35248082805037484 0.1437985381842 0.3555128643928356 0.1460860653559872 0.35011120484375624 0.15324572562900438 0.34707916890408796 0.1509581989209289
3 0.3557189226994524 0.14568088021051157 0.3593764242053794 0.14750188129173178 0.35602496401918415 0.1542332814703937 0.3523674627192577 0.15241228070174773
3 0.35792686622801284 0.15460526326609636 0.3579268671905993 0.14523003386536193 0.3607456143940908 0.1452300343605094 0.3607456140350678 0.15460526315788514
3 0.3493808453329166 0.13548954933936064 0.35329209242320303 0.13566328871316544 0.3529308486112086 0.1437956163116338 0.34901960152274114 0.1436218769679654
3 0.33693282241154066 0.1248787883652021 0.3301529572935351 0.12300672592423317 0.3316786392543918 0.11748134100876581 0.338458503012248 0.11935340325062756
3 0.34532298903513947 0.12499999999995913 0.34532298974431797 0.12050877192270654 0.3508771932250738 0.12050877276500313 0.3508771929824661 0.1250000003751199
3 0.3554691732115316 0.12805073447509047 0.35674012171057257 0.12246066337715747 0.3630884728930823 0.12390400617860414 0.36181752519996735 0.12949407657612208
3 0.3644399133771685 0.1293859649123346 0.36443991440978607 0.12465336385422525 0.37171052668225 0.1246533652653585 0.37171052631583734 0.12938596565726673
3 0.16391092575486255 0.4970150524541935 0.1577182249922089 0.4992380139924604 0.15346593050026058 0.4873928826820858 0.15965862061398184 0.48516992324562414
3 0.3884433902511546 0.17882554259065825 0.3922096940253823 0.17831402096743157 0.39344075876636 0.18737818741897783 0.38967445501828024 0.18788970891183754
3 0.3553798075128043 0.13554641085716898 0.35920801642600964 0.1376285808956512 0.3554020683137651 0.14462602933394783 0.35157385964907917 0.1425438596491268
3 0.29986504087730737 0.18403180113983716 0.29783405037551347 0.19142262404486096 0.28848226263312426 0.1888527879631045 0.2905132543859281 0.18146196710529885
3 0.3016953722490143 0.1836176644691272 0.2984619133058004 0.18744549742093897 0.29186889360596524 0.18187627720717883 0.2951023519736964 0.1780484451754181
3 0.361012047553686 0.1364351979677651 0.3643136607826136 0.1388072595258685 0.35960746127841503 0.14535766114007123 0.3563058483950954 0.14298559999216673
3 0.36229393640348917 0.14473684210521168 0.3622939373930194 0.1373449022592825 0.36622807054004625 0.13734490292579501 0.36622807017545256 0.14473684214701965
3 0.36835306536011103 0.1376333233324176 0.3717265180106324 0.13867420806675265 0.36924305836362237 0.14672292079267946 0.3658696057950692 0.14568203624818676
3 0.37551470520509156 0.13892648839780608 0.3790024980213502 0.14130309128934862 0.3736219847725124 0.14919923434633225 0.37013419236484424 0.14682263195351372
3 0.38377192981738517 0.14083158731341644 0.3838998670978526 0.14802404010669987 0.3809968710236262 0.1480756771143895 0.38086893421052537 0.14088322478075385
3 0.38625854809788507 0.1431311732264083 0.38971433916071874 0.1435803914859107 0.3887929478470369 0.15066851643327794 0.3853371567981867 0.15021929824561017
3 0.3845128143227612 0.1600877194901269 0.38451281469292553 0.1514106173245412 0.3870614035042763 0.15141061765978325 0.38706140365957253 0.16008771929820895
3 0.3709008076311875 0.1557017544614066 0.3709008081140155 0.14842666885962733 0.37280701770544056 0.14842666910536373 0.37280701754389156 0.15570175438590952
3 0.4243421049815197 0.07017543859653462 0.42434210555040863 0.06196878287007052 0.428728070375314 0.06196878329049162 0.4287280701698819 0.07017543865098425
3 0.17878484300615582 0.3655357784421748 0.17651947685283176 0.35877473984793873 0.1853196874999412 0.35582624122804246 0.18758505540233728 0.3625872763778105
3 0.0648387936241761 0.36983809078702984 0.06978770322984928 0.3706619737620874 0.06783302898486454 0.38240282978126333 0.06288411951754824 0.38157894736841286
3 0.41452037355008997 0.13857414791487602 0.41797193638115004 0.1396625884274409 0.41573019759925955 0.14677134117437982 0.4122786348467571 0.14568290083821805
3 0.8245614035046174 0.02560174332622394 0.8248305636078612 0.031786531857489864 0.8212921095647516 0.03194052418048927 0.8210229495614385 0.025755735745631267
3 0.3742096169441993 0.05961143427175099 0.372052900042263 0.06405305776051738 0.36503653030786154 0.06064612604525118 0.36719324727448566 0.056204502873233114
3 0.36965963584714245 0.04890449538645487 0.37136597478070144 0.04524082894738764 0.3763415432314332 0.04755817974199235 0.37463520447204246 0.05122184603270659
3 0.40609248407110954 0.1677223825912614 0.4095791928826884 0.16857851785480923 0.40780722212650744 0.17579500692974365 0.40432051337370467 0.17493887183276588
3 0.3531659791439097 0.04099236403170204 0.3581010022916189 0.04172829320954484 0.3573822790099257 0.04654793359566062 0.3524472558674461 0.045812004441775085
3 0.35211814692104326 0.04422258004341021 0.3566087468822161 0.04445129418457476 0.35635147812411105 0.04950253548840754 0.35186087816339295 0.04927382135552697
3 0.355262859944105 0.04931264723851332 0.35530715920072 0.053692462400370504 0.34928388018772694 0.05375338403366454 0.34923958114029574 0.049373569078953405
3 0.34871711839025465 0.05030785526076502 0.35889553055926626 0.05109747192053063 0.3583750086543205 0.057807160475483704 0.3481965964912206 0.057017543859651375
3 0.3495934604645754 0.05547048572788365 0.35437888741682855 0.05684405921931937 0.35293997547637446 0.06185711517431102 0.3481545485502693 0.06048354174698325
3 0.35472791084771416 0.06287906958518259 0.3519776350996153 0.06646301787134226 0.34555419367268314 0.061533757220410656 0.34830446929822756 0.05794980921048335
3 0.34749238876588606 0.06312394815147386 0.3525946578982939 0.06642167858522476 0.3499638493730117 0.07049207629762888 0.3448615803681605 0.06719434602613746
3 0.344116440478615 0.07064619403618123 0.34672797149130474 0.06657552850872676 0.35230018188985923 0.07015036877050052 0.34968865120583814 0.07422103400865822
3 0.36951754402855386 0.07346491228070177 0.36262718640352887 0.07346491228070177 0.36262718678210604 0.0690369890350877 0.36951754374092616 0.0690369890350877
3 0.3717151170640136 0.06650262289021673 0.3705372468920132 0.07160453580991538 0.3631885438825293 0.06990795497330377 0.36436641433067507 0.06480604245754144
3 0.365676992324552 0.062338633771937435 0.370614035085282 0.06128923244473889 0.37130625110160054 0.06454584733426218 0.36636920835155706 0.06559524862772274
3 0.3666290526315379 0.05811403508774008 0.36662905302068793 0.05339237604425817 0.3728070176849769 0.053392376516239536 0.37280701754389156 0.05811403531167954
3 0.38786026535092333 0.0372807017544315 0.3878602655793202 0.03016824773015918 0.3914473685182429 0.03016824787155326 0.39144736842104066 0.03728070176533057
3 0.3834753059985587 0.029777911705231065 0.3871772699229723 0.02917804185960248 0.38830859958204655 0.036159790166940806 0.3846066356627489 0.03675965999124053
3 0.36657737938594437 0.05372807017539211 0.36657737993380124 0.04766069179816976 0.37390350897589997 0.04766069242656606 0.3739035087719458 0.05372807045974061
3 0.3892507829673377 0.04975527281727966 0.38758034815759856 0.054538753987613015 0.37924629530641596 0.0516284294117884 0.3809167302716787 0.04684494856916409
3 0.3802618641467461 0.04926675209233776 0.3882374196850833 0.051293689087316054 0.3867067178641719 0.057316662123342896 0.37873116236085025 0.0552897252300549
3 0.37848977185933563 0.05400982564235916 0.3869423388391624 0.05587315845926067 0.38561997936892567 0.06187172215312231 0.37716741241979435 0.06000838943714829
3 0.37719298211379737 0.06359649122809662 0.37719298256411093 0.058500807009456715 0.3837719299631317 0.05850080758655766 0.38377192982454744 0.06359649149123611
3 0.37499255336592796 0.06673382617121315 0.37699374339831593 0.0618104649341786 0.38527914870144286 0.06517821469494056 0.38327795919110486 0.0701015754894967
3 0.37297683947201676 0.07015094545046267 0.37603449342111617 0.06532548355258586 0.3836502661642953 0.0701512109094137 0.3805926127454313 0.07497667234094145
3 0.37268020867827545 0.07528143125044673 0.3740530822368555 0.07051697478064753 0.3814730159182318 0.07265501794290788 0.38010014284498084 0.07741947399734916
3 0.35818305263160255 0.03289473684212008 0.35818305286579744 0.02457417099271172 0.3618421053639622 0.024574171127710775 0.361842105263122 0.03289473684471702
3 0.3628230611524259 0.025401669448516274 0.3665051377987538 0.024958619909875267 0.36732807193698136 0.031797823205609727 0.3636459952929272 0.03224087273094169
3 0.3716989014758383 0.026775898671136302 0.37183205346775594 0.03508577203050407 0.3678785027128697 0.035149121013336955 0.36774535087715776 0.026839247807057535
3 0.37386313144372707 0.03770014845961732 0.37005949591048193 0.03641987749876297 0.37306921633478396 0.02747811816173494 0.37687285153060657 0.028758389059890397
3 0.3727365499808002 0.7182017522284123 0.3675622869019435 0.7193880500251525 0.36499705853532305 0.7082010309677923 0.370171309210491 0.707014734649133
3 0.3596491236064594 0.3991228070175439 0.35452600154894753 0.3991228070175439 0.3545260023653327 0.396520961622807 0.35964912280701355 0.396520961622807
3 0.4134807702411081 0.15553563582515129 0.40958756956808884 0.15415377767830446 0.41233096763028243 0.14642467652127034 0.41622416695940956 0.1478065344061314
3 0.35337064420764364 0.5194845488503677 0.35816426666076495 0.5191049568048984 0.3590793545105271 0.5306600448732115 0.3542857320987878 0.5310396365668626
3 0.35150496713492885 0.5421794937727754 0.356288928355184 0.5420800807045323 0.35655370524614227 0.5548205288260305 0.35176974402907035 0.554919941788475
3 0.3534475200999623 0.4093610880422443 0.3520778496525736 0.40258752202511217 0.36197619841118467 0.4005860943070358 0.3633458719735927 0.4073596560988179
3 0.3542645727167155 0.4117420897063553 0.36182268519905847 0.4138222043539946 0.36004973258798145 0.42026390157389676 0.3524916204546571 0.41818378780731497
3 0.3513859462718756 0.4254385964912411 0.3513859534252788 0.41852078609921806 0.361842107765483 0.41852079588533436 0.361842105263122 0.4254386016246135
3 0.3497490026508103 0.4300180878219429 0.35213331188458596 0.4239886311125622 0.3608052125081258 0.4274176867636624 0.3584209076100251 0.43344713979717264
3 0.3585526358808693 0.4375 0.3493304560250863 0.4375 0.34933046070693763 0.4301296546052632 0.35855263157895934 0.4301296546052632
3 0.35635965259564273 0.4429824561403508 0.3478809528077136 0.4429824561403508 0.34788095679414255 0.4364249287280702 0.3563596491228509 0.4364249287280702
3 0.3552631604512726 0.4484649122807018 0.34843914232237694 0.4484649122807018 0.3484391451568172 0.44264728618421045 0.3552631578947967 0.44264728618421045
3 0.3475877192982456 0.447747274122807 0.3574561403508772 0.447747274122807 0.3574561403508772 0.45394736842105265 0.3475877192982456 0.45394736842105265
3 0.3585526291985843 0.4511251715804789 0.35990585155059307 0.4607984802808371 0.3464489764381824 0.4626808642318454 0.3450957642543244 0.4530075646929898
3 0.3459906206140886 0.46820175438595146 0.34599062886286447 0.4598981631354059 0.3552631607009289 0.4598981720972333 0.3552631578947967 0.4682017579044525
3 0.3547193948900258 0.47556933548805436 0.3540269050851066 0.4826028529356129 0.34423481744590845 0.4816388281176203 0.34492731172758795 0.47460531572034614
3 0.3450405723684753 0.48574561403511285 0.345040577599093 0.4800461138370133 0.3530701773019018 0.4800461206121597 0.35307017543857455 0.4857456174423173
3 0.3529758784079604 0.5568374144569155 0.35768961704923186 0.5584923268018763 0.3541614056589424 0.5685408757472801 0.34944766776311553 0.5668859649122696
3 0.32961009811197073 0.7708333339511935 0.3296101074561193 0.7594548366228474 0.3344298275141 0.7594548423956652 0.33442982456142545 0.7708333333333117
3 0.3947368420961084 0.031067703797945403 0.395251228852203 0.03944208863759841 0.39144302144279663 0.03967600308836439 0.3909286348683736 0.03130161842109207
3 0.3478243656824134 0.5833582156902549 0.35265755882028316 0.5831065125690065 0.353240002686789 0.5942894013561273 0.34840680956858705 0.5945411042246668
3 0.37698389892636897 0.42530047671505294 0.3715273643219916 0.4243088177922911 0.37426429252354865 0.4092498947231797 0.37972081676957714 0.4102415526811859
3 0.37186151973685355 0.4368362412280974 0.37362902665211095 0.4279010443431161 0.3778308853956105 0.42873218457350953 0.3760633813601544 0.43766737893030455
3 0.3760867613161736 0.4388715849629584 0.3763360044310957 0.44736138997474006 0.3715400944565772 0.44750217726513697 0.3712908541666593 0.4390123749999477
3 0.38161212351985796 0.5458075259767832 0.3773589703946527 0.5449561403508667 0.3793103940282663 0.535208565359075 0.38356354039876805 0.5360599502885939
3 0.3886084998206343 0.5449186298964339 0.3837473932849207 0.5453232909095737 0.38278111763133893 0.5337165959329311 0.3876422149123755 0.5333119353070132
3 0.40681674049369576 0.5334654936718387 0.411383410349913 0.5351976933210807 0.4065317361415737 0.5479872266059522 0.40196506731126647 0.5462550289091045
3 0.3456710045178397 0.605263158036051 0.3456710087718875 0.5972347489034968 0.3497807029868909 0.5972347517832978 0.3497807017544119 0.6052631578947477
3 0.3469064231392167 0.6112264455424682 0.3515704907141526 0.6131222014414123 0.34725259275046483 0.6237441551696639 0.34258852631580794 0.621848401315799
3 0.34051166480162465 0.6368801959265197 0.34556663166790713 0.6357570865883566 0.3485624528508424 0.6492391940789467 0.34350748647750606 0.6503623018977172
3 0.3543748791998951 0.6377565386890288 0.34953972829771374 0.6370249423269624 0.3512936617835294 0.6254345729278017 0.35612880195435537 0.6261661684634814
3 0.33250115201019526 0.7405331882500025 0.33744980581866457 0.7420245808756871 0.3339352581840558 0.753684373014674 0.3289866052632533 0.752192982456153
3 0.38145502113502516 0.02848410486822045 0.38486626537996926 0.029436886466251252 0.38245244912070575 0.03807907074987205 0.3790412048917915 0.037126289194826946
3 0.3732909292931481 0.7203947378255762 0.373290936403464 0.7086348377193442 0.37719298457227524 0.7086348417294177 0.37719298245610844 0.7203947368420651
3 0.3591349232456196 0.7055013103070088 0.36529100709594786 0.7043245762945892 0.36792219403776016 0.7180875171964033 0.36176611068776765 0.7192642494209052
3 0.341008769355426 0.9785153777977142 0.3422503663266525 0.9877423459816911 0.3330259313958095 0.9889832239451818 0.33178434868420936 0.9797562686403269
3 0.33928843421051624 0.9071905010964716 0.340871479985708 0.9010797364001661 0.34779235392193186 0.9028722020863662 0.34620931514621134 0.9089829607596138
3 0.42863547719298367 0.6692029605877644 0.43103168964080396 0.681571311188405 0.42644691620967023 0.6824594247094022 0.4240507105263305 0.6700910800438984
3 0.40729264475157834 0.7472871825471575 0.4050181788070404 0.7542582631036621 0.39496229939550176 0.7509778681844337 0.39723676973687816 0.7440067960526797
3 0.3212277573393294 0.8393499089070955 0.32692799507856307 0.8396846685886246 0.32612206553744727 0.8534049345271465 0.3204218278508506 0.8530701754385974
3 0.32127192975963226 0.883158866131356 0.3213869365735036 0.8969288644043463 0.3164808868334603 0.8969698235443736 0.3163658892543708 0.8831998344298315
3 0.29411236934038243 0.9276282417331181 0.29795598135967793 0.9203372861842025 0.30648145546172145 0.9248305354478151 0.30263785500585527 0.9321214810785289
3 0.29934211337570105 0.9517543859649124 0.29250513000226874 0.9517543859649124 0.29250513864462846 0.9432655701754386 0.299342105263122 0.9432655701754386
3 0.3019602627950917 0.9537306026331871 0.3007787725160824 0.9616464739101511 0.29129020563539143 0.9602306335571641 0.2924717049691026 0.9523147733503514
3 0.30287316615022064 0.9630723483410805 0.3003999189991191 0.971617639992626 0.2893842627235017 0.9684302917588988 0.2918575183929306 0.9598850145207617
3 0.28901046362170746 0.9711866809178298 0.30058622369779187 0.9713789780597564 0.30043644648503687 0.9803925447253731 0.28886068641520524 0.9802002478411914
3 0.33312284550731874 0.9539830000478104 0.34423891976200593 0.9512934665491294 0.34643571382287064 0.960370482719136 0.3353196408511394 0.9630600125564714
3 0.32596905811408305 0.9550438607438411 0.3259690737230585 0.9415486015879025 0.3311403564052853 0.941548610571763 0.3311403508771491 0.9550438596491508
3 0.3528489645710806 0.9105587395943183 0.3488653213729549 0.9219454536697954 0.3345017588767405 0.9169216151335359 0.3384854136189688 0.9055349251711315
3 0.33926495833338777 0.891126178728061 0.3425533041045128 0.8830784528250087 0.35244520353364805 0.8871193690541592 0.349156871508967 0.8951670833041423
3 0.9694948606523894 0.7579512629475258 0.9676914583230882 0.7636833793832952 0.9551506444551023 0.7597385474240789 0.9569540515350354 0.7540064396929967
3 0.3514623101165171 0.8599473615985735 0.3531180912407308 0.8683166500236074 0.34111968349691324 0.870689859355126 0.33946391776316887 0.862320584429867
3 0.35365807570133256 0.8503963620275998 0.3549216590421338 0.8584339673952461 0.3437739768977508 0.860186078199918 0.34251040679828293 0.8521484846490893
3 0.33051710096799525 0.8041265105639254 0.3255089734057037 0.8037158590707508 0.32662398228535494 0.7901204387225172 0.3316320933273573 0.7905310895345813
3 0.3439783876419824 0.8281611731624284 0.3550946743421264 0.826235226973683 0.3566627151084276 0.8352838364854871 0.3455464289779684 0.8372097804347829
3 0.3541331230154583 0.83491494465342 0.3561007083858385 0.8423909720733288 0.3461087385354631 0.8450201407201782 0.3441411646613233 0.8375441231819278
3 0.2954315567175172 0.2744275387454863 0.29967223723440384 0.2710625174301437 0.30646624155633617 0.2796242865915861 0.302225562432227 0.2829893063521857
3 0.33051974237264403 0.2939545315960856 0.32530524932565186 0.29677788639785974 0.3210073195646146 0.2888401826124873 0.32622180921055133 0.2860168289473445
3 0.3781685019773704 0.22225299009822025 0.3822981516105983 0.2228919696931497 0.3812305874143931 0.22979140406812365 0.3771009378161807 0.22915242462688581
3 0.38609498686548704 0.19923438692000675 0.39034727879129605 0.20166059355244603 0.3840941606565593 0.21261998169036433 0.37984186942765064 0.21019377601873535
3 0.3670863372955182 0.2684769460940167 0.37046770020367603 0.2701070078006757 0.3672219061573969 0.2768398566916186 0.36384054357245077 0.2752097954908291
3 0.37117904770002497 0.38516749664176264 0.37570257096126625 0.38573758297882366 0.37463471289981953 0.39421043692521535 0.37011118969292056 0.3936403508771924
3 0.36513158244099486 0.39144736842105265 0.35559397249312497 0.39144736842105265 0.3555939759927469 0.3852500910087719 0.36513157894739834 0.3852500910087719
3 0.35716523407575096 0.3899055546872821 0.3642162672528002 0.3915937877632051 0.3626886672520868 0.3979736232800193 0.3556376343051397 0.3962853908687048
3 0.39871436008252203 0.7216818243354715 0.3941436491228387 0.7203947368421165 0.39725643822009715 0.7093423382712976 0.4018271384061336 0.7106294241574279
3 0.4095795374200861 0.3461089128132129 0.40763359918503284 0.35264078349532296 0.39671376893284105 0.3493877252757801 0.39865970942980766 0.34285585855263534
3 0.5458592150927188 0.8590794283460453 0.54191409518603 0.8574561393626777 0.5465471480263204 0.8461988278508759 0.5504922569022028 0.8478221142671749
3 0.5463828572478633 0.8314476238323395 0.5511852331929958 0.8317095765302446 0.5504282706926915 0.845583998844017 0.545625894785303 0.8453220466112497
3 0.5429092761993388 0.44786548051064207 0.5385141063644596 0.4518108030271828 0.5312479808305852 0.44371667923652647 0.5356431469298286 0.4397713596491395
3 0.4074865686832254 0.35421172821761693 0.41121102741226423 0.3491485208333775 0.4195056413502698 0.35524974610546134 0.41578118573340817 0.36031295067268587
3 0.5280201499119812 0.15021929829676853 0.5280201502192767 0.14428956907898327 0.5296052632543251 0.14428956923876315 0.5296052631579187 0.15021929824561908
3 0.541079894094878 0.14912280707929415 0.5410798947368676 0.1419044956139986 0.5438596493200976 0.1419044959969957 0.5438596491228509 0.14912280701752295
3 0.5248694725877385 0.17214912285447045 0.5248694738277209 0.16344983441002245 0.5285087723605102 0.16344983517218725 0.5285087719298645 0.17214912280702943
3 0.5247884180233768 0.1727770446470763 0.5285513323520945 0.17416769329501744 0.5251942609703519 0.18325140434075834 0.521431346828308 0.1818607560581498
3 0.5213201754859256 0.19015339526588268 0.5250319171964293 0.19216092081524863 0.5206608821704322 0.20024249406753397 0.5169491408437352 0.19823496906700655
3 0.44570732068189045 0.47163286768484136 0.44124514473685394 0.471491228070174 0.4416163117184624 0.4597989800204248 0.4460784802631679 0.4599406195175441
3 0.44154802656953507 0.5075958577943284 0.43717376535084895 0.5061005975877034 0.4417565575882918 0.49269505678113196 0.44613081013494593 0.49419031537221586
3 0.43666664886279705 0.48293167740913656 0.441806177156991 0.4848414662649537 0.43745174119271724 0.4965590519266115 0.4323122138191593 0.49464926485268484
3 0.4341872632164723 0.5959769137728064 0.4296342901443495 0.5942250335613688 0.4336549698981571 0.5837767853276663 0.43820793475015307 0.5855286637772179
3 0.5116784177300815 0.42416698831131694 0.5067577331999473 0.4277013026827687 0.5010114733338469 0.4197014458973112 0.505932153508752 0.4161671337719197
3 0.5228780949688598 0.4328950723893141 0.5183730839520422 0.43721974895307 0.510578124095673 0.42910020405816846 0.5150831315788764 0.42477553070177126
3 0.5314961449190605 0.4397127616926675 0.5265899530311344 0.443114856597015 0.5207558216736743 0.43470188972437274 0.5256620087719739 0.43129979714910427
3 0.5546389291960168 0.45601191731397916 0.5497944397009178 0.4600851952078389 0.5429472594053095 0.4519421169891528 0.5477917445175535 0.44786884210524985
3 0.3625895602729088 0.24691326822760665 0.3643404276315323 0.24122921162285835 0.3730745857811826 0.24391955623468084 0.3713237207016391 0.2496036108955977
3 0.562744205224476 0.46245420961264944 0.5580926837931202 0.46612734986793825 0.5519820002919005 0.45838951599671135 0.5566335175437871 0.4547163782894885
3 0.4271908410087235 0.6250000482456142 0.43220696778416823 0.6244163347229317 0.4337969811391531 0.6380784221943926 0.4287808544968357 0.6386621349447943
3 0.4495614151049949 0.7357456140350876 0.43678069683062404 0.7357456140350876 0.43678070866974394 0.7275213377192982 0.4495614035088238 0.7275213377192982
3 0.46113404166669625 0.739035087719342 0.4611340490434941 0.7329392832324674 0.46820175693255806 0.7329392914282695 0.4682017543859729 0.7390350910851671
3 0.48317945717792554 0.7420806689576421 0.4862748750000492 0.7347356326754435 0.4963552773756419 0.7389831069613353 0.49325987024235474 0.7463281341790984
3 0.5094537197944646 0.742603008274282 0.5076754385964932 0.7499038059210575 0.4974761891081698 0.7474199467385577 0.499254476140095 0.7401191577663919
3 0.5258924634520099 0.7470118522679604 0.5225610502824338 0.7544400708818633 0.510960666916958 0.7492383999990915 0.5142920830987805 0.7418101921611094
3 0.5395036442149603 0.7500616951688936 0.5369409558504685 0.7564928459166373 0.526924264743343 0.7525020693334563 0.5294869561403175 0.7460709265351347
3 0.5657643405343151 0.6881986712149442 0.5701355297018154 0.6900249510507657 0.5658456736856579 0.700291189968305 0.5614744857456344 0.6984649122806958
3 0.558605491228036 0.7194095416666679 0.563745501314088 0.7192158148567075 0.564244608552599 0.732456140350878 0.5591045984826906 0.7326498668768515
3 0.5496674600620963 0.8152491531700717 0.5543131321189776 0.8173199259028083 0.5486824331139815 0.8299495098684135 0.5440367632149901 0.8278787407229278
3 0.5102014292494914 0.23869042854872255 0.5139146769741956 0.23984851302725904 0.5117553100866417 0.2467721192558193 0.5080420624999533 0.24561403508771135
3 0.8222757528670854 0.1973046598316872 0.8256544745574956 0.19632747370309309 0.8281503851311527 0.20495723666960694 0.8247716635522693 0.20593442252934455
3 0.7811024459197142 0.07017543863904248 0.781102446271916 0.06187272587719027 0.7839912281810939 0.06187272607567802 0.7839912280701355 0.07017543859647567
3 0.5347785236274376 0.23688917877337107 0.5328858711901603 0.24215858680695304 0.5257406194745045 0.2395922164049493 0.5276332725812836 0.2343228098193145
3 0.49143656982050743 0.324299703144531 0.4946431206140005 0.31514248355260566 0.4988553496585837 0.31661741976995994 0.4956488012187492 0.3257746373623577
3 0.4911582682035487 0.3238653440092446 0.4953481865317144 0.3236636299528356 0.4957605979973323 0.3322297861713816 0.49157067967541934 0.3324315001413708
3 0.4850194000880492 0.35573570722928344 0.4894462395185428 0.3559907025025407 0.48878703010836944 0.3674344388320225 0.4843601906918593 0.36717944371989986
3 0.4852665243623733 0.37245507254161886 0.48947296817118513 0.3744432867069171 0.4851638559601952 0.38355963348548183 0.48095741287852434 0.38157142047483394
3 0.49342105249888846 0.3645659459850428 0.4942042771851902 0.3727318991763244 0.4907305157173596 0.37306506452987326 0.4899472927631905 0.364899112938602
3 0.4927029682017974 0.38815789485869373 0.49270297153350384 0.378814984556365 0.4967105274604364 0.37881498662181123 0.49671052631583734 0.3881578947368376
3 0.4337596919014004 0.3729743539725071 0.4382539232456111 0.36910339692984184 0.4450050225242421 0.3769411771383319 0.44051079331256915 0.38081213189414564
3 0.4424362689996997 0.3805596893383634 0.44594619078952746 0.3750394846490791 0.45548738076320205 0.3811058094775221 0.4519774630924758 0.3866260105471764
3 0.5297755152070067 0.21779574230478255 0.5379361542746892 0.21891797684746414 0.5371635904746199 0.22453580480997082 0.5290029514500247 0.22341357048170643
3 0.5221678527220774 0.308011476007402 0.5197337167421665 0.313603671450054 0.5117800604153899 0.3101417519314921 0.5142141970998182 0.3045495587701976
3 0.535087720462684 0.22807017543859648 0.5288367191120642 0.22807017543859648 0.5288367204630049 0.2222043103070175 0.5350877192981898 0.2222043103070175
3 0.5369372776953014 0.22742670208229523 0.5361332935899554 0.2327961944018025 0.5282274390106068 0.23161245353385057 0.5290314243420653 0.22624296271926844
3 0.5347210815205017 0.2377939652735635 0.5273744397612745 0.23458984725335613 0.5299565723684054 0.22866944298246533 0.5373032111878047 0.23187356026617675
3 0.5266233938103824 0.24079393197923893 0.532449820614147 0.242847530238456 0.5305613652749344 0.24820531931466067 0.5247349386850146 0.24615172148971043
3 0.4984370685054955 0.2954874922432764 0.5013867965363943 0.29590558624598323 0.5 0.3056894166666616 0.4970502720084369 0.30527132285306535
3 0.5296052643951725 0.2609649122807018 0.5227603165303663 0.2609649122807018 0.5227603179894231 0.25596188377192985 0.529605263157805 0.25596188377192985
3 0.5219247586402389 0.26028362279489864 0.5290160788323419 0.26093639284916326 0.5284599933261234 0.26697725994531085 0.5213686731553935 0.26632449005014486
3 0.5200975670387606 0.2702741482858558 0.5223043322367857 0.26472244188597743 0.529910360213762 0.2677457194473257 0.5277035972135309 0.27329742398400764
3 0.5263157904146283 0.2741228070175439 0.5202682720869234 0.2741228070175439 0.5202682730789547 0.2702688574561403 0.5263157894736423 0.2702688574561403
3 0.520348263953565 0.2745119494917101 0.5263322508056945 0.27589843626193195 0.5250234417738966 0.28154703813607923 0.5190394550359088 0.2801605517063689
3 0.5182033034616325 0.278937753242745 0.5249927039932345 0.2801287021006603 0.5239459962962201 0.2860956630038511 0.5171565958439714 0.2849047144564588
3 0.5161139791666756 0.2949561403509338 0.5161139819721257 0.2890048549718377 0.523026316764799 0.2890048581281126 0.5230263157894797 0.2949561416765626
3 0.5219298238291685 0.29466879221522085 0.5231123759227785 0.30086586676558 0.5152504815445127 0.3023660635199362 0.5140679320174968 0.2961689912280569
3 0.6622098647848134 0.20971057219490183 0.6656294098037279 0.20898446738703216 0.66732415460217 0.21696565246711502 0.6639046096431684 0.21769175708275143
3 0.6557017543573238 0.20786702245801644 0.6560552420563681 0.21489450029079515 0.6531852238604188 0.2150388620506177 0.6528317368421312 0.20801138486842727
3 0.6864156512898489 0.03471561950825412 0.6911769828075194 0.0364168706643104 0.6895442963095775 0.04098630665108322 0.6847829648148718 0.03928505554262503
3 0.5968481243329506 0.7856884884922483 0.6018281724385588 0.7876694834489206 0.5972684192980751 0.7991301148147161 0.5922883728070474 0.7971491228070209
3 0.6782142499999964 0.6743421059899166 0.6782142569684311 0.6626775466363855 0.6820175463104761 0.6626775504270074 0.6820175438596152 0.6743421052632012
3 0.4953246966978213 0.3125000000870584 0.49532469846485583 0.30510203947367864 0.49890350929376837 0.30510204063168844 0.4989035087719458 0.3125000000000429
3 0.49833934302228045 0.2938596493032351 0.4983393442983015 0.2862746874999757 0.5010964915801424 0.286274688243137 0.5010964912280542 0.2938596491228262
3 0.7828947368203671 0.07182933870308524 0.7838085284590761 0.07657856500566948 0.7814472059651507 0.07703290270837809 0.7805334144736662 0.07228367653506233
3 0.6560944472203118 0.07628121817445574 0.6599500596880716 0.07699206848221814 0.6584481497174011 0.08513832855428675 0.6545925372690817 0.08442747831906673
3 0.5860103749417931 0.0830107927547296 0.5917295558347178 0.08383911358503833 0.5909374640438045 0.08930813705339043 0.5852182831636128 0.08847981628323781
3 0.65448773944388 0.019528925476492036 0.6547222172223428 0.02411682975277991 0.6507730500834441 0.02431866298704017 0.6505385723684185 0.019730758771961024
3 0.6475081785380326 0.04824561407274945 0.647508178728117 0.04022354385965143 0.6502192982890165 0.04022354396804942 0.6502192982455881 0.04824561403503433
3 0.6538445657843113 0.0015220350864764258 0.6572698809369513 0.0023510468134088137 0.6557837573990355 0.008491420070336913 0.6523584422477597 0.007662408347425913
3 0.6466906743421532 0.054824561410526836 0.6466906745350798 0.048769401271276436 0.6491228070942725 0.048769401380362024 0.6491228070175339 0.054824561403559305
3 0.6473906786311545 0.05499458879398436 0.6506555308809538 0.05572876221129276 0.6490429022449007 0.0629000770675177 0.6457780500107901 0.0621659036988355
3 0.6450292400782018 0.06907894737996365 0.6450292401316347 0.06469007894738404 0.6458333333507653 0.06469007897186815 0.6458333333333712 0.06907894736846575
3 0.6666666666660603 0.012654326723088912 0.6667910752709076 0.018637764154650648 0.6641860840054505 0.018691927525942266 0.6640616754385746 0.012708490131561972
3 0.6632746591924388 0.045170600412054916 0.661849470062748 0.052281406016100596 0.6581258048245218 0.05153508771932798 0.659550994101437 0.04442428231514193
3 0.5617204098847424 0.3403588782889019 0.5655903968334997 0.34171277676093414 0.5623748215937212 0.3509038519906131 0.5585048349851149 0.34954995421267554
3 0.656814675438568 0.05365377631578942 0.6606881966621359 0.05314250700772332 0.6617683967949688 0.06132640154254482 0.6578948755784495 0.06183767081370408
3 0.6564993256579328 0.06798245614854682 0.6564993256885145 0.06202688376414852 0.6567982456269874 0.06202688377420394 0.6567982456140271 0.06798245614035482
3 0.656512502134774 0.06935517872295553 0.6597123846094064 0.06963617430605404 0.6589912280702492 0.07784844736842528 0.6557913455989137 0.07756745181128205
3 0.654706233331467 0.09284041658635651 0.6585022153451519 0.09421905173240379 0.6560080278298983 0.10108661492976723 0.6522120458914742 0.0997079799324465
3 0.5017587015021263 0.2828947370156463 0.501758702850907 0.2746389078947156 0.5043859653400204 0.274638908642461 0.5043859649123306 0.28289473684215943
3 0.6511011487767746 0.11074561406221038 0.6511011491228373 0.10476126973686048 0.6535087720393449 0.10476126994624015 0.6535087719298645 0.11074561403512943
3 0.6403508774830016 0.1206140350877193 0.637464880148741 0.1206140350877193 0.637464880497987 0.11442977192982456 0.6403508771929864 0.11442977192982456
3 0.6359641752944754 0.13333034098332722 0.639561937527219 0.13396528965120852 0.6383272434030687 0.14096130506164348 0.6347294811947677 0.140326356487997
3 0.6488997412280924 0.12828947372796337 0.6488997417565088 0.12129536061602543 0.6513157896808934 0.1212953608930879 0.6513157894736423 0.12828947368415403
3 0.6491228072318336 0.14473684210526316 0.646591860745616 0.14473684210526316 0.646591861184902 0.13867801754385964 0.6491228070088937 0.13867801754385964
3 0.6443061937027323 0.16337719306175585 0.6443061940789221 0.15631857346493322 0.6458333334470581 0.15631857364785642 0.6458333333333712 0.16337719298247938
3 0.6434257456140813 0.17214912284474498 0.643425745888635 0.16720954598743196 0.64473684221241 0.1672095461169691 0.644736842105317 0.17214912280701303
3 0.6420049758771711 0.18311403516818 0.642004976393423 0.176110702731867 0.6436403510800801 0.17611070296441955 0.6436403508771491 0.18311403508773744
3 0.5671399850405123 0.35300320522831896 0.5630280720824885 0.35106550416976445 0.5679673015350772 0.3405845668859414 0.5720792102097221 0.3425222667601254
3 0.5221308870393386 0.31201656619365 0.5206446515987864 0.31876641390735694 0.5097779484167404 0.3163737651524167 0.5112641864035368 0.30962392105268477
3 0.6759480292099624 0.2554824561396221 0.6759480307017611 0.2484801282895002 0.679824561853593 0.248480129335003 0.6798245614035068 0.25548245614365256
3 0.4527372767831821 0.3859819606049773 0.4568500197368621 0.3819260098684067 0.4628747744421844 0.3880348478189053 0.45876203352872835 0.3920907965038305
3 0.5030137938596226 0.26616894846491324 0.5070266441719014 0.26553716894965673 0.508361386014144 0.27401481211234846 0.5043485357534792 0.27464659140461123
3 0.6760527774123375 0.6901247006578878 0.6806006411027283 0.6895517252688379 0.6821192318370777 0.7016034301730787 0.677571368284589 0.7021764048246849
3 0.6727234188596185 0.7445175441442758 0.6727234284199994 0.7331108791535846 0.6776315822066863 0.733110885170508 0.6776315789473983 0.7445175438596698
3 0.6742861480830697 0.7481060161815061 0.6793813996333711 0.7505217224496229 0.6729722869185935 0.7640375881218338 0.6678770379991192 0.7616218860164411
3 0.5905487745402525 0.703947368324383 0.5905487839912666 0.6966239364035197 0.5986842136213681 0.696623946776998 0.5986842105263577 0.7039473723407847
3 0.6663566622806911 0.413500699561399 0.6714228257056902 0.41225481361856686 0.6751107370849923 0.42725021826395043 0.670044574097119 0.42849610297347857
3 0.6665757308117009 0.441262782244556 0.6682138783364735 0.4537443170494875 0.6635838865548749 0.4543519431193199 0.661945743421029 0.44187041228072826
3 0.6687381765350437 0.45833333334611814 0.668738179360048 0.4510140594441717 0.672149123902841 0.45101406115996945 0.6721491228070136 0.458333333333366
3 0.6677373815789474 0.46194005921052633 0.6710526315789473 0.46194005921052633 0.6710526315789473 0.47149122807017546 0.6677373815789474 0.47149122807017546
3 0.6665756524331528 0.4824561409206998 0.6665756567982726 0.47218801535091126 0.6710526326017998 0.4721880181222341 0.6710526315789593 0.48245614035089945
3 0.6690530388057141 0.4851746128358511 0.6732278177402122 0.48692456087066777 0.6693112419910676 0.49626749056962816 0.6651364638158839 0.4945175438596674
3 0.6653499925785127 0.5076754389681467 0.6653499945175554 0.49985114473688336 0.6677631583850143 0.4998511458137213 0.667763157894683 0.507675438596466
3 0.5791225666048376 0.5638715075340094 0.5836422326702859 0.5643355204696274 0.5822505669366365 0.577889544826353 0.5777309009556575 0.5774255324408921
3 0.5789203341796565 0.5792459657243991 0.5828123497839215 0.580764305926409 0.5789184605590663 0.5907446115080071 0.575026445734693 0.5892262727559281
3 0.7004547615974843 0.565527167817546 0.7054962532894251 0.5616855164473982 0.7126507167279215 0.5710735717199825 0.7076092284648894 0.5749152191643977
3 0.5853203796201569 0.5256355048248498 0.5889209396179922 0.5268442535728844 0.586115589195515 0.5351999759576024 0.582515029605247 0.5339912280701913
3 0.5734649122807017 0.603585740131579 0.5778508771929824 0.603585740131579 0.5778508771929824 0.6151315789473685 0.5734649122807017 0.6151315789473685
3 0.5756578946877653 0.6195175414442498 0.575657898184545 0.6315789497407908 0.5709247118765006 0.6315789467283288 0.5709247138157707 0.6195175438596414
3 0.5921962431524435 0.7032306049311176 0.6002493240005151 0.705189475316988 0.598410319337404 0.7127486240630246 0.5903572390678846 0.7107897553208103
3 0.6864035073194827 0.751096491482202 0.6864035155424517 0.7395114238563156 0.6907894761366151 0.7395114293786129 0.6907894736841627 0.7510964912280407
3 0.5876551937777776 0.7166096530121054 0.5910429353070867 0.7100110888157647 0.5991284188619375 0.7141615793845335 0.5957406849727249 0.7207601370423896
3 0.5952193382846644 0.7188556447246826 0.5957822802190549 0.7247436556130012 0.5878079933389699 0.7255059355243445 0.587245057017526 0.7196179298245903
3 0.5941578879882172 0.7271312418679382 0.5945625186036523 0.7333837945140023 0.5861424377577578 0.733928600056586 0.5857378133556495 0.7276760532807562
3 0.5839576523991354 0.7412280700958553 0.5839576628943632 0.7340782224246856 0.5932017574523343 0.7340782365283813 0.5932017543859729 0.7412280767608566
3 0.5947302118676134 0.7448233938812434 0.5917804782872054 0.7505814161015026 0.5839697582164263 0.7465807934213236 0.5869194926282262 0.7408227769348008
3 0.03426554385964664 0.12390350877191221 0.034265544689219496 0.11701707111387717 0.03837719329237643 0.11701707169606851 0.03837719298246611 0.12390350883508934
3 0.5665988629385765 0.08333333333338519 0.5665988633727466 0.07844786620634742 0.5712719299772289 0.07844786663570973 0.5712719298245474 0.08333333348096304
3 0.5812027015408603 0.38011135659064715 0.5778357462518215 0.3855761746338643 0.5655285067457498 0.3779938299147619 0.5688954616227875 0.37252901644734526
3 0.4246824933496782 0.37061403486908 0.4246824967104885 0.36277221271932314 0.432017544004907 0.3627722164152904 0.4320175438596152 0.3706140353430826
3 0.5744031275650059 0.47212803214157095 0.5699283163113478 0.4754646809555436 0.5625702872994225 0.4655974177993264 0.5670450932018412 0.4622607719297943
3 0.7103498844073783 0.5747576513179559 0.715742362938613 0.569732564692982 0.7248531119919335 0.5795084275913317 0.7194606391814204 0.5845335083121196
3 0.5687285844298913 0.6343561140350819 0.5732405400697189 0.6332758155202678 0.5761561303989993 0.6454515079300617 0.5716441752171022 0.6465318051266629
3 0.7661245909799845 0.001409385099177541 0.7649481768297619 0.007130600239340269 0.7576706121636789 0.0056341646140007275 0.7588470263302725 -0.00008705050242177289
3 0.6546052631171051 0.4792672554644434 0.6547652924293743 0.48793564243299364 0.6510009544965669 0.48800513017808145 0.6508409276315206 0.4793367456139923
3 0.6546052650699039 0.4758771929824562 0.6507694405319171 0.4758771929824562 0.6507694439634406 0.4660544396929823 0.6546052630853865 0.4660544396929823
3 0.6564265635566926 0.4514799830432148 0.6603929407397118 0.4533932243577833 0.655654050459475 0.46321688319722354 0.6516876742067552 0.4613036433362866
3 0.6552462576754579 0.44846491252635745 0.6552462598957618 0.44030703285051015 0.6578947376000315 0.44030703406739 0.6578947368420813 0.4484649122806762
3 0.6876754155222216 0.7219008749135934 0.6926043091020802 0.7222730066471265 0.6917244593145142 0.7339247628301734 0.6867955657894527 0.7335526315789437
3 0.6907715967543027 0.6803750383462976 0.694622412126364 0.6805177954117442 0.6940751837158814 0.6952769469090171 0.6902243683559846 0.695134190064614
3 0.6935106184211008 0.6425438602778688 0.6935106248070042 0.6312852838950155 0.6973684232248161 0.6312852874798885 0.6973684210526017 0.6425438596490867
3 0.6845180078918247 0.7697368441505009 0.6845180230262713 0.752670418859604 0.6896929873500994 0.7526704270546268 0.6896929824561084 0.7697368421052603
3 0.6831140334838892 0.7927631578996734 0.6831140412149352 0.7824617538541805 0.6875000023090934 0.782461759275773 0.6875 0.7927631578947841
3 0.5884400191090435 0.6430713786121602 0.5898399682017725 0.6333864002192957 0.6044065323533232 0.6354917110826549 0.6030065987240505 0.6451766755859623
3 0.600877196643637 0.6567982456140351 0.592873803682437 0.6567982456140351 0.5928738076077025 0.6520446951754384 0.6008771929824661 0.6520446951754384
3 0.600877195937187 0.6644736842105263 0.5929310723684011 0.6644736842105263 0.592931078468041 0.6576484342105262 0.6008771911042459 0.6576484342105262
3 0.6542410065790136 0.9433627719298223 0.6590467454649342 0.9425819414821894 0.6613940129104776 0.9570245975662153 0.6565882744212104 0.9578054263603827
3 0.5842667706328939 0.47587093644357153 0.5807157432161603 0.4813520012067979 0.5730083448886489 0.47635893720004163 0.576559371710573 0.47087787609647086
3 0.6740608909348111 0.9445247148996202 0.6791406654266439 0.9467447042063294 0.6730494085769578 0.9606788568657526 0.6679696369857311 0.9584588724581463
3 0.6508826940789731 0.9890350887208176 0.6508827043686551 0.9777287604800969 0.654605267142756 0.977728765780966 0.6546052631579187 0.9890350877193534
3 0.6276037570721655 0.8981506366331913 0.625649252524795 0.9050986462185732 0.6147074614863186 0.9020214220024966 0.6166619725877354 0.8950734232455849
3 0.6799762858995564 0.8645179789753391 0.685018807555025 0.8667229692609227 0.6797928321891504 0.8786713219456656 0.674750312796391 0.8764663354788221
3 0.6756794632552783 0.8936403525385591 0.6756794747807362 0.8815473650736975 0.6809210555910568 0.8815473719725891 0.680921052631561 0.8936403508772026
3 0.5714693257289127 0.8923206359300321 0.5737706096491593 0.8844517774122339 0.5843408917144188 0.8875423606889776 0.5820396215451638 0.8954112074535285
3 0.5714571186786088 0.9112344307365177 0.5750713432017847 0.9037023179824553 0.5854627623307351 0.9086873018314202 0.5818485519297383 0.916219402555612
3 0.594270412431456 0.8942563270920385 0.6004540137364529 0.8965540132870699 0.5981545412038258 0.9027408996845072 0.5919709409702136 0.9004432155648171
3 0.6836362773691462 0.7954843600328774 0.6895983805177366 0.7968818825767262 0.6853746855946383 0.8148974427872773 0.6794125835265277 0.813499923415262
3 0.6778994440790029 0.2225877194587577 0.6778994455505654 0.21304709095549507 0.6809210531466761 0.2130470917515641 0.680921052631561 0.2225877192982834
3 0.6853070182905867 0.22368421052631576 0.6817141687175763 0.22368421052631576 0.6817141702149456 0.21422215131578942 0.6853070175117182 0.21422215131578942
3 0.6874999999150759 0.5963302802005349 0.6876999563353365 0.6052586803782303 0.6830685139566413 0.6053623898130864 0.6828685614035521 0.5964339934210198
3 0.6820252535784448 0.6223542104743042 0.6865677047301233 0.6226467685090423 0.6858322548486058 0.6340644875390941 0.6812898037280775 0.6337719298245594
3 0.6809795844297923 0.6458333336686767 0.6809795913237622 0.6351559623692387 0.6853070199297235 0.6351559665423947 0.6853070175438916 0.6458333333333465
3 0.5809798730606417 0.7530424372209679 0.5846322258771579 0.7460066885964889 0.5942971989101125 0.7510230468129023 0.5906448563433742 0.7580587866578602
3 0.5955838538363878 0.48262135637696746 0.592389181412841 0.4881685411358803 0.5836927453329963 0.48316054030192324 0.5868874177631369 0.47761335964908347
3 0.5932677904319235 0.48975460175156527 0.5963311041666657 0.48438473245615876 0.6057484168546807 0.4897565723847954 0.6026851081401219 0.4951264373380613
3 0.5833333332093389 0.08115778528807807 0.5840621272061526 0.08642370222389832 0.5768157221748424 0.08742658968411325 0.5760869287280457 0.08216067324558088
3 0.624830573442523 0.08125155682958204 0.622804814926667 0.08662865356098261 0.6143459945157019 0.08344189764937572 0.6163717532895134 0.07806480153503775
3 0.5861125526315618 0.0789473684210752 0.5861125533698441 0.07398350317519056 0.5942982458784627 0.07398350424198608 0.5942982456140271 0.07894736901397816
3 0.7020144121435123 0.2287349139759768 0.6950417355600393 0.22597849385463398 0.697355252193006 0.22012628618420668 0.7043279261005182 0.22288270571268012
3 0.6706837608777505 0.3026315794896461 0.6706837626911692 0.2927631568226314 0.6743421054397913 0.2927631579152618 0.674342105263122 0.3026315789474088
3 0.673227358204258 0.3031500550235976 0.6733546307278857 0.3103050784544976 0.6695836813294136 0.3103721526534437 0.6694564100877187 0.3032171304824184
3 0.6842105263032181 0.30159358587467255 0.6842925641233251 0.31359593053359763 0.6803033020090652 0.31362319548484147 0.6802212664473473 0.30162085307020164
3 0.6789077346491013 0.3141509791666799 0.6828879022721139 0.3130054787719154 0.6855615732233673 0.32229515943308007 0.6815814058206797 0.32344065929097865
3 0.6839474825134175 0.33535443338668447 0.6798085374272205 0.3358924945029381 0.6785442653621203 0.3261676016603302 0.6826832064182327 0.3256295408089995
3 0.6776421769875469 0.33812416818571583 0.6816488094831357 0.3373356210400352 0.6829818229712146 0.34410846546608764 0.6789751905571393 0.3448970123291097
3 0.6765350875888316 0.3566603131068965 0.6771376175222485 0.3639855292577249 0.6731615380815583 0.3643125643270169 0.6725590098684506 0.3569873497806685
3 0.6729056557016975 0.37609649153875874 0.6729056586542583 0.36732456037386707 0.6765350888706507 0.3673245618601142 0.6765350877193441 0.3760964912280621
3 0.6663073639542745 0.3793859652680448 0.6663073663800105 0.3706140338799188 0.6699561409485568 0.370614035351041 0.6699561403509051 0.37938596491225346
3 0.6754182804418178 0.3776112086602777 0.6757122406907001 0.3848573204416384 0.6716547775547497 0.38502191489861837 0.6713608190789273 0.37777580482457124
3 0.6743421051299947 0.3898284270279148 0.6748949364707642 0.3968865258427649 0.6709250192327545 0.3971974567797352 0.6703721896930119 0.39013935964910373
3 0.6631822440566566 0.3603318920447836 0.6672132602025158 0.36162363543579334 0.6642695892948041 0.37080928655717726 0.6602385734649943 0.3695175438596633
3 0.6062151735228554 0.39652134000084494 0.609093317982456 0.3880478782895272 0.6250951388124122 0.3934828891217924 0.6222170045020903 0.4019563422084892
3 0.5857696234882042 0.3541666666659987 0.5857696260965213 0.3463168530701824 0.5899122815752662 0.34631685486321584 0.5899122807018102 0.35416666672413755
3 0.8004385973750914 0.14364035087719298 0.7919602633816112 0.14364035087719298 0.7919602643044072 0.13868710416666666 0.8004385964911762 0.13868710416666666
3 0.5719014895039436 0.3530011246757249 0.5682425226950727 0.35117909731625696 0.5720147571402094 0.34360403974865933 0.5756737211987684 0.3454260662893014
3 0.5963436982409576 0.3561647767604331 0.5924789816514249 0.35695840907075715 0.5906261149140164 0.34793591740926477 0.5944908278127059 0.34714228548939635
3 0.5965555581140052 0.35526315793389424 0.5965555599550498 0.3482429670279694 0.5997807023823043 0.34824296820170925 0.5997807017544119 0.35526315789469104
3 0.5994153021249531 0.3642431146728537 0.6022170772109803 0.35837500157887014 0.6090704178853912 0.36164705086192284 0.6062686456930351 0.36751516149145774
3 0.6604799256766682 0.38048245672141645 0.660479928728023 0.37090639473686465 0.664473685074995 0.3709063963374685 0.6644736842105203 0.38048245614030485
3 0.6084494931848212 0.37041268160356583 0.6085261973684055 0.37500000000001743 0.5978439963117808 0.37517860399122205 0.5977672949561565 0.370591288377217
3 0.5979345186403862 0.38048245614036336 0.5979345225750876 0.3743485381149726 0.6052631592443731 0.37434854269790696 0.605263157894683 0.3804824581367876
3 0.5844045922834766 0.39419031818437994 0.5771193791010774 0.383402107964576 0.5822439013157918 0.37994170942981853 0.5895291136126843 0.3907299157090894
3 0.6661419109785811 0.33391355920115884 0.6700030719116512 0.33569371768084794 0.6654624881666678 0.34554189103315147 0.6616013278508035 0.3437617335526154
3 0.6643014381819512 0.3457240256918426 0.6681117076816463 0.3472973625734361 0.6645839540622092 0.35584047161400956 0.6607736850008905 0.35426713550987154
3 0.6717521918833427 0.2872807018913084 0.671752192982467 0.28026822916663996 0.6743421055773524 0.28026822981460314 0.674342105263122 0.28728070175433196
3 0.6734366016116837 0.2774122808209555 0.6734366030701722 0.26965730921052034 0.6765350881765926 0.26965731009241595 0.6765350877193441 0.27741228070175705
3 0.792324595088644 0.1206140350805548 0.7923245964911985 0.1142557039473559 0.800438596970821 0.11425570562155665 0.8004385964912899 0.12061403583127403
3 0.685464923553468 0.29586332144170974 0.6819237998726067 0.2949314715346915 0.6844340798659232 0.2853924072524507 0.6879752006079798 0.28632425675239387
3 0.6024025282863477 0.39469011941082555 0.5980531761557586 0.3979033053784853 0.5910348889143506 0.38840382952552177 0.595384236842051 0.3851906458333331
3 0.6855375877192955 0.2586329407894757 0.6896863164935212 0.258026647812315 0.691228062778805 0.2685762557295023 0.6870793340602859 0.26918254844706074
3 0.7448087610019911 0.008749261271695103 0.7482761897196042 0.009431225541127424 0.7468107774612918 0.016882073836823913 0.7433433487461798 0.016200109577474264
3 0.7828947368371928 0.08155456889079231 0.7830543760879891 0.08771516153640911 0.7804206763169077 0.08778340822532554 0.7802610372807521 0.08162281578942546
3 0.7813603822172581 0.08932735756240984 0.7849840485499726 0.09042902501948756 0.7824838951271431 0.09865264776312832 0.7788602288522952 0.09755098044188364
3 0.7807570085652742 0.10589244074550122 0.783825349067115 0.10654529168068852 0.7821769256131574 0.11429270488265221 0.7791085851383741 0.11363985403436477
3 0.7977693705406637 0.07030141884489084 0.8036894768844149 0.07149140094889539 0.8025107887948479 0.07735531039980575 0.7965906824742888 0.07616532837600624
3 0.8219977005107921 0.041666666684160185 0.8219977006579029 0.03475754166663234 0.8245614035527069 0.03475754175215464 0.8245614035088238 0.041666666666627085
3 0.8217846749337241 0.09780623448510162 0.8255544453734274 0.09903083990438369 0.8222531106280258 0.1091934879628586 0.8184833402825689 0.10796888275037657
3 0.8187260905345966 0.1337719298971281 0.8187260910087844 0.12573508223686589 0.8212719298935554 0.12573508257149785 0.8212719298245474 0.13377192982460595
3 0.7778696913661634 0.16259894064481234 0.7814195491777127 0.163586900749504 0.7790223636660585 0.1722001995539712 0.7754725059453449 0.17121223967478394
3 0.7808372719432555 0.18088236650962236 0.7773101792913621 0.1818892436672478 0.7755481348683588 0.1757168563596569 0.7790752263601917 0.17470997937803034
3 0.7763157894736423 0.18749999969867223 0.7763157900656097 0.19517543868917528 0.7744813521552487 0.1951754385800342 0.7744813519736908 0.18750000000001568
3 0.8361147543300831 0.17214912298549026 0.8361147554319359 0.163377192388988 0.8399122809526034 0.16337719305989598 0.8399122807018102 0.17214912280697667
3 0.8190789479606337 0.19956140350877197 0.8157359417886028 0.19956140350877197 0.8157359430659881 0.19009624561403513 0.8190789473518407 0.19009624561403513
3 0.7428153135964521 0.030701754388962745 0.7428153137423124 0.02358820280725086 0.7456140351511067 0.023588202886021425 0.7456140350876694 0.03070175438597136
3 0.8210725259464198 0.20912542120377334 0.8173020702186022 0.20976846071438096 0.815686240120499 0.2002941730542393 0.8194566936457477 0.19965113373510224
3 0.8423898639297249 0.007404712713901799 0.8455198134322472 0.0085439204730138 0.8431152334858325 0.0151504533627586 0.8399852839900177 0.014011245617286974
3 0.8422096786983957 0.014355037272737488 0.8451943774130086 0.015154784279575778 0.843458524366838 0.02163308032550125 0.8404738256579094 0.02083333333333707
3 0.8361720426869397 0.029886552608292243 0.8396544150448335 0.03095122040205128 0.8375116256080446 0.037959968265517674 0.8340292532669764 0.036895300512131156
3 0.8433259028621478 0.06397923803363245 0.8394351376275608 0.06343106914554575 0.8405291558202634 0.055666013318616106 0.8444199205109726 0.05621418216799215
3 0.8387381677631538 0.08771929826461873 0.838738167887982 0.08274643418380159 0.8399122807508093 0.08274643424035864 0.8399122807018102 0.08771929824560731
3 0.7620614035525932 0.019736842105263153 0.7576067982092809 0.019736842105263153 0.7576067982590757 0.015919333333333334 0.7620614035087101 0.015919333333333334
3 0.7620614035649851 0.025219298245614034 0.7581304527982411 0.025219298245614034 0.7581304528557666 0.021136006578947368 0.7620614035087101 0.021136006578947368
3 0.7565893212719175 0.03289473684215068 0.7565893213386516 0.028865048236985734 0.7587719298498996 0.028865048281978018 0.7587719298245474 0.032894736845840426
3 0.7955841348683634 0.08442982456143099 0.7955841354083759 0.07973190785415299 0.8015350879094285 0.07973190849839144 0.8015350877193441 0.0844298248556562
3 0.7938609570967401 0.08707958686326252 0.7965610592104895 0.08249288267542758 0.8038965347251406 0.08681112230515275 0.8011964332062007 0.09139782597572903
3 0.8015350881366885 0.10307017543859649 0.7943475479173685 0.10307017543859649 0.7943475483846214 0.09908386513157896 0.8015350877193441 0.09908386513157896
3 0.8004385968829411 0.1107456140350877 0.7938344941393325 0.1107456140350877 0.7938344945642939 0.10702138486842105 0.8004385964912899 0.10702138486842105
3 0.7444412816505519 0.03557996264522897 0.7484001451862241 0.037565980463031 0.7445496248374184 0.04524147904281329 0.7405907613709815 0.043255461330688125
3 0.7932599265351428 0.12390350877188115 0.7932599273467531 0.1192360821405122 0.7993421055489307 0.11923608312177307 0.799342105263122 0.12390350922713746
3 0.8325144024122437 0.35745614074173065 0.8325144052843143 0.3464912266915464 0.8355263168909914 0.3464912280701382 0.8355263157894797 0.3574561403508987
3 0.5811403511212347 0.07675438596491228 0.575132004165539 0.07675438596491228 0.5751320044196291 0.07312861184210526 0.5811403508771491 0.07312861184210526
3 0.8064183168127101 0.5695706998066635 0.810920489194018 0.5711490630402297 0.8062130619981644 0.5845753164112935 0.8017108905861505 0.5829969551520254
3 0.8113004954590224 0.42721543177054006 0.8158908430228848 0.42900587321321443 0.8114514663027421 0.44038693122595335 0.8068611195175208 0.43859649122805944
3 0.8114035087055527 0.45154610295803427 0.8116304270907904 0.45942328822587203 0.8074497976153907 0.4595437103942265 0.8072228815789231 0.45166652741226637
3 0.8058192138157665 0.4835526317538648 0.8058192194880576 0.4729895607786728 0.8103070197622628 0.4729895640556629 0.8103070175438916 0.48355263157896416
3 0.8059089486951052 0.5054824566579393 0.8059089506579085 0.4962253157895103 0.8081140354931904 0.4962253168285646 0.8081140350876694 0.5054824561403233
3 0.8046766644303034 0.5175438596491017 0.804676667368085 0.5101922184610053 0.8081140360465042 0.510192220612674 0.8081140350876694 0.5175438598194699
3 0.8309249138729911 0.4096811937203027 0.834695575156502 0.40888737470536174 0.8365201955606381 0.4175539213127767 0.8327495344136651 0.41834773988499546
3 0.8306342402532891 0.42353311538297883 0.8349494120667487 0.42298531416130575 0.8362240561821181 0.4330254585903236 0.8319088844366433 0.4335732594506306
3 0.8321625048753276 0.4448789261709585 0.8360535944788126 0.44608183622550235 0.8334762597212375 0.4544183071372188 0.8295851704342567 0.45321539780140147
3 0.8295324758771585 0.4780701758414072 0.829532480753528 0.4672124515188378 0.8333333352385353 0.4672124540854783 0.8333333333333712 0.47807017543857333
3 0.8310453393880834 0.48500548790610276 0.836059559961086 0.48531632610194025 0.8354018740585616 0.4959248730366319 0.8303876535087511 0.4956140350877186
3 0.8333333331970607 0.506944042952625 0.8338283085637386 0.5142207195650419 0.8301552045151084 0.5144705506249365 0.8296602313596395 0.5071938760964703
3 0.8286013475876643 0.544956140350877 0.8286013509471104 0.5377535675451132 0.8322368433053953 0.537753569767205 0.832236842105317 0.544956140413837
3 0.8141691228847776 0.5526315797564656 0.8141691271929403 0.5399467938596032 0.8168859663528565 0.5399467959181827 0.8168859649123306 0.552631578947421
3 0.8041316150539615 0.585243727757109 0.8091021975725425 0.5859290720794207 0.8072488257674877 0.5993695540098127 0.8022782434210285 0.5986842105263174
3 0.8153012280702114 0.2269736842742211 0.8153012290543984 0.2198616677614347 0.8179824564755336 0.21986166834706936 0.8179824561403848 0.22697368421048017
3 0.826820756578968 0.6052631582558224 0.8268207631747373 0.5944411694055214 0.8311403532015902 0.594441173315374 0.8311403508771491 0.605263157894716
3 0.7644273779366131 0.6055515325414225 0.760751393745295 0.6116068184679881 0.7522796039073683 0.6064644174404816 0.7559555877193134 0.6004091370613878
3 0.7642782482515713 0.6165132285681048 0.7676798442982999 0.6111715109648784 0.7772780556915677 0.6172829272357774 0.7738764661452251 0.6226246391266864
3 0.817573533530549 0.7363070766731006 0.8223463049798738 0.7361513755462372 0.8227619658487129 0.7488906702604577 0.8179891944103019 0.7490463711628396
3 0.8179824561403509 0.7682062554824561 0.8223684210526315 0.7682062554824561 0.8223684210526315 0.7774122807017544 0.8179824561403509 0.7774122807017544
3 0.8154873004041292 0.7826613645030877 0.8210844102718511 0.7816859422386437 0.8239500495408265 0.7981262720580331 0.8183529401751457 0.7991016923631383
3 0.8153151425437954 0.8150531250000066 0.8205843807335214 0.8138443338296157 0.8235425349286061 0.8267365789425821 0.8182732974048577 0.827945368113145
3 0.8174621964111566 0.8891212248334477 0.8228564328455832 0.8904569561471893 0.8189318478625864 0.9063021774680314 0.8135376124967024 0.904966449135893
3 0.6870529236557559 0.2576754388220529 0.6870529254385929 0.24945435307020553 0.6907894742818144 0.2494543540259537 0.6907894736841627 0.2576754385964753
3 0.6747520361842589 0.25917378399122537 0.6783722022686334 0.25897890980297805 0.6788853956696812 0.2685122723717323 0.6752652295912185 0.268707146485186
3 0.5107927553278842 0.255732346208112 0.5071840109649202 0.25548245614035275 0.5076708401732049 0.2484521495746949 0.5112795825889407 0.24870203957476247
3 0.6662460482333472 0.004605747804601636 0.6696920604689467 0.005281667056654476 0.6682400867952083 0.012684206525920796 0.6647940745613141 0.012008287280691558
3 0.5230052121464723 0.334827678167506 0.527260185307 0.3282159703947189 0.5422730409882206 0.33787718166572533 0.5380180747010854 0.34448888338683825
3 0.8113824341915006 0.40403268585033186 0.8156524159364835 0.4056929493267845 0.8118497557635465 0.4154723973241489 0.807579774602118 0.4138121349353287
3 0.8228905723663047 0.0048476611841664135 0.8247525446989812 0.004885649186977621 0.8245607573763891 0.014286055983249682 0.822698785043599 0.014248067980975962
3 0.8112653492902382 0.9235242367613029 0.8186066876012319 0.9238980439177649 0.8177962947435162 0.9398094567674529 0.8104549564980061 0.9394356504567261
3 0.8085637927631524 0.9594298263819852 0.808563802058984 0.9446709448065783 0.8114035119896243 0.9446709490634492 0.8114035087719458 0.9594298245614566
3 0.8310837130493383 0.224151908747569 0.8351159487317545 0.22543384682493092 0.8323764097517596 0.2340507146431015 0.8283441742523792 0.23276877697052162
3 0.835138922149099 0.2390506918859778 0.8386471121724526 0.2379781495570295 0.8402770770742336 0.24330952517931217 0.8367688871461496 0.24438206728863673
3 0.8381184796537582 0.26235058753202484 0.8399063773046009 0.27059688612217137 0.8357369739522937 0.27150084244389955 0.8339490779418384 0.263254545280797
3 0.8161740249810236 0.27789370349050485 0.819893557039336 0.27916685470424407 0.8166804221468738 0.2885538524232683 0.812960890350837 0.2872807017543755
3 0.8154841081684481 0.2888592176340631 0.8194486050908836 0.29037916331016483 0.8159136996055167 0.29959906731369945 0.8119492030393758 0.29807912231037614
3 0.833648930921072 0.2927631581657327 0.8336489322829266 0.28226505468352714 0.8355263162882238 0.2822650552754096 0.8355263157894797 0.2927631578947072
3 0.815789473633231 0.3087236547804125 0.816239396354149 0.31686108933312407 0.8133462658386179 0.31702104636776196 0.812896344298224 0.30888361293863364
3 0.8116661987685347 0.3289473686797579 0.8116662017544058 0.31876102412285506 0.8157894745982048 0.3187610259357655 0.8157894736841627 0.3289473684210512
3 0.8152380491159192 0.3391505821274826 0.8112240517335749 0.33861311170878605 0.8125046240319307 0.3290497389250072 0.816518617510269 0.3295872090781693
3 0.8111269939842032 0.34868421085369306 0.8111269956140177 0.3394712412280168 0.8135964916655212 0.33947124209269414 0.8135964912280542 0.3486842105262941
3 0.813176877212868 0.35548525255061897 0.8175342269108796 0.35696675892504737 0.8138089558133288 0.36792294793253194 0.8094516065674497 0.3664414425033478
3 0.7985692827104458 0.16939426780861494 0.7915744146638417 0.1708925532404189 0.790370008941295 0.16526972929011197 0.7973648749999711 0.16377144407895197
3 0.8202647945860235 0.3566123043875739 0.8237851971732653 0.35766126255279174 0.8209872895134822 0.3670509309717815 0.8174668871662334 0.3660019733734298
3 0.8126299761407836 0.3686616440522867 0.8169667078904013 0.3702003723826117 0.813275067130121 0.3806044003708523 0.8089383358604891 0.3790656730101743
3 0.8096942379386292 0.39144736866213714 0.8096942392885467 0.38315835062880177 0.8114035092861513 0.3831583512229362 0.8114035087719458 0.39144736842104777
3 0.8347427576753716 0.33011432675439095 0.838853707119938 0.3296527077142469 0.8396364067982631 0.33662280701754616 0.835525457381209 0.3370844258933043
3 0.8341458648459366 0.3738572520156959 0.8382681072530431 0.3752318890980837 0.8348143800543539 0.3855884245853686 0.830692138054701 0.3842137883707002
3 0.8333333333326891 0.38590521122810073 0.8333333341103071 0.3925438598819146 0.8316320165557727 0.39254385960800653 0.8316320164473154 0.38590521162284347
3 0.8322368413921595 0.4046052631578983 0.8322368434075997 0.3976296193129757 0.8355263164025928 0.3976296207344885 0.8355263157894797 0.4046052631760743
3 0.8826754389438065 0.05921052631578946 0.8750070215836558 0.05921052631578946 0.8750070219539339 0.05378031030701755 0.8826754385964932 0.05378031030701755
3 0.883071187228893 0.10845413226157909 0.8742090505947999 0.10695436028871895 0.875479160087707 0.09944932894736602 0.8843412946192757 0.10094910073778954
3 0.8665066637925065 0.09164184885453037 0.8637036891608432 0.09723719737601327 0.857288398082801 0.0940234828161332 0.8600913728070054 0.08842813486841523
3 0.8818775420567135 0.7037443944657613 0.8851643969297811 0.6981248322368675 0.8938172271492704 0.7031850706585429 0.890530379236111 0.7088046268496011
3 0.8971112086151152 0.7155409176981711 0.9010798131039337 0.7102630351638669 0.9085760728887635 0.7158988306920379 0.9046074743341705 0.7211767078296112
3 0.9233403859669806 0.7537735534909149 0.9185207422830217 0.757373721462255 0.9111521144119479 0.747510824084244 0.9159717489035302 0.743910661184221
3 0.8084819967104977 0.9923245629722572 0.8084820093467897 0.9786359006871109 0.8125000043794444 0.978635907374545 0.8125 0.9923245614035041
3 0.8089032927307471 0.9769736862015411 0.8089033026316201 0.9633350482455686 0.8125000026514044 0.963335053502782 0.8125 0.9769736842105026
3 0.9554770271799953 0.7846361606736444 0.9589084188596644 0.7791902028508861 0.9688730371624388 0.7854675371279737 0.9654416542309718 0.7909134872766344
0 0.332986714279059 0.2141477264076021 0.3273495782826785 0.22087909647805765 0.3125739115721444 0.20850548972868407 0.31821104495622876 0.20177412390346852