3 0.4710986627148941 0.8281892830893736 0.4735348179824541 0.8265403103070249 0.47793373235788295 0.8330378048895656 0.4754975784240969 0.8346867760347363
3 0.05263158056732209 0.5526315789473685 0.04886283087068932 0.5526315789473685 0.04886283363327948 0.5453776666666666 0.05263157875174329 0.5453776666666666
3 0.07887637671990433 0.8533489818833613 0.08074845529972663 0.8565268017674393 0.07168553950566547 0.8618646330040778 0.06981346595307514 0.8586868174843078
3 0.09702574522816576 0.8503305534884069 0.10022771983290113 0.8519895394983614 0.09671236879978551 0.8587729365986448 0.09351039531156857 0.8571139522389022
3 0.09787146266444324 0.006369012042406442 0.10256503384027837 0.007994995485242878 0.09909044949063173 0.018024745977205568 0.09439687832934851 0.016398762566766104
3 0.11944741868501296 0.02932951089404738 0.12340759074891139 0.030936509037504976 0.11931762483095554 0.04101552673525132 0.11535745281878462 0.03940852868622454
3 0.12576085788407454 0.4512478207325632 0.12933529438214464 0.4532912201469817 0.12395851754376963 0.46269600219296164 0.12038408216585594 0.4606526043189245
3 0.07456140149486146 0.5192074893328071 0.07750049011190185 0.5219734380475631 0.0722840958113693 0.527515897919203 0.06934500882823613 0.5247499508828922
3 0.04057017269565222 0.5621907578547577 0.044001468919418585 0.5647097887434747 0.03863990774834747 0.5720123179175881 0.03520861321112534 0.5694932890012084
3 0.12719297796274986 0.8434367633958234 0.1291817223908538 0.846728531588596 0.12138388518019383 0.8514386113293714 0.11939514519644945 0.848146847007447
3 0.07807401848083373 0.8952874335242006 0.08150086456009831 0.8970588166948064 0.07785313757472068 0.9041138214198943 0.07442629279694302 0.9023424401772923
3 0.03131404571195162 0.5707226723454611 0.03565920362905217 0.5722663841180136 0.03188394123253602 0.5828917180618454 0.02753878407645516 0.5813480078185381
3 0.06462884323400431 0.5876467088938758 0.06760916355676727 0.591019675525449 0.060768754426135274 0.5970631446569341 0.05778843701330061 0.5936901808025588
3 0.09825270144972365 0.5317169556344852 0.10173272296992764 0.5343300878469649 0.0957914793539203 0.5422416031325069 0.092311459665666 0.53962847303399
3 0.1189274262633262 0.5159649502567354 0.12214497761658549 0.5179200387463804 0.11789287991894071 0.524917273504474 0.11467532952758575 0.5229621862836145
3 0.12719297857279344 0.7966521670750555 0.12909810683743217 0.8002173484408328 0.12106137973864861 0.8045110942905144 0.119156256086967 0.8009459168859456
3 0.06140350546945683 0.8695012541554484 0.06358697282382764 0.8725535296968457 0.057228016333397136 0.8771013935584479 0.05504455250991214 0.874049121191064
3 0.1087708549856643 0.8630842277741594 0.11136196723941794 0.865685628705764 0.10475237992693565 0.8722675609520313 0.10216127088494886 0.8696661632273126
3 0.4868085027463849 0.35664188507518874 0.49030604953236434 0.3591808544669773 0.4839128126692458 0.36798747822690825 0.48041526717793204 0.3654485103597505
3 0.11622807310584449 0.9824561403508771 0.11006194608114583 0.9824561403508771 0.11006194930121183 0.9791186096491231 0.11622807017545256 0.9791186096491231
3 0.2854595539359934 0.6158972443999737 0.28248457224094636 0.61459366995099 0.2852948005803455 0.6081809811091723 0.2882697788960513 0.6094845547071663
3 0.2961212500588317 0.5980772497486817 0.2989664209972034 0.6016602955969101 0.28998017058324876 0.6087951653449631 0.2871350037399907 0.6052121232763202
3 0.30008239312530804 0.5878335033925781 0.30364027445523334 0.5891386602261309 0.29999976608712586 0.599061689733004 0.2964418853953248 0.597756534146905
3 0.05734621345186497 0.888889097693321 0.05936843835047512 0.892578683962143 0.05068829760159588 0.8973350169142421 0.04866607847418436 0.8936454356136998
3 0.07236841601468313 0.9048507687649368 0.07477903688914012 0.9084637906625285 0.06682825397422221 0.9137672370145493 0.0644176384982984 0.9101542198999275
3 0.12045721537208465 0.9797962553396411 0.1266465519711346 0.9811846178904693 0.1255648103525573 0.9860056159309061 0.11937547408933824 0.9846172544071614
3 0.11097035412103651 0.9792048213917752 0.10954884423006206 0.9838826206656595 0.10080294154954572 0.981225649244632 0.10222445504382449 0.9765478563596377
3 0.09608304014182067 0.8832429545068168 0.09248402954210633 0.8813751224040023 0.09676110004807015 0.8731358448319335 0.1003601032809911 0.8750036746156001
3 0.09334230093361384 0.9743528716115569 0.09842293771043842 0.9751888961603531 0.09754596687298545 0.9805168191676366 0.09246533025964254 0.979680795291047
3 0.062079783803483224 0.9362417483779711 0.06534707494756731 0.938183774246535 0.06092023043947847 0.9456295490650778 0.057652941095625465 0.9436875256073101
3 0.027170049364258375 0.9575848908485234 0.03249882754460032 0.9543671170940179 0.03881507079336188 0.9648241660836753 0.03348629696108674 0.9680419340807161
3 0.01644736421530979 0.9172489400480416 0.01931757639601983 0.9199998470923004 0.013679730754347474 0.9258806767256486 0.010809521662167754 0.9231297728271669
3 0.02805289977254688 0.9027601251374469 0.03080887481667105 0.9045576493302812 0.02553975160378741 0.9126342730330226 0.02278377846573676 0.9108367512369956
3 0.09117814119315426 0.8835649423735717 0.09325743107888229 0.8865676138263959 0.08534149679655911 0.89204791742185 0.08326221129016176 0.8890452498776468
3 0.10975832387418905 0.8235002376372174 0.10617964279117587 0.82226364003772 0.10989925428350489 0.8115013985731326 0.11347792605477025 0.8127379944149979
3 0.1073979454771461 0.8381823919253335 0.11075549347594915 0.8401096853119832 0.10677481645382159 0.8470429437774198 0.10341726989781819 0.8451156523687402
3 0.02476065728149024 0.5881618422664039 0.022140244660249664 0.5861433361606696 0.026349834429879593 0.5806790427631571 0.02897024492312994 0.5826975476291464
3 0.3080280325929152 0.03917301871745886 0.31178508991229137 0.036966296052650824 0.31573887071567697 0.043697805204972934 0.31198181347713216 0.04590452776097929
3 0.3752012951543975 0.5348559777206071 0.37792450949586964 0.5380618391148817 0.3709766048821166 0.5439632007116602 0.36825339309041283 0.5407573417191249
3 0.3574425795791285 0.4203320059234458 0.36129449985014617 0.42194929128520703 0.3577547741114131 0.43037946157650614 0.35390285439029867 0.42876217717323695
3 0.11868924704754136 0.8753620520801619 0.12087350089382198 0.8786245843413307 0.1122109993328877 0.8844227243515557 0.11002675062979961 0.8811601966493711
3 0.2923305141376886 0.01699052749781188 0.2902571332891739 0.02022522097273304 0.28357778253939614 0.01594387652170546 0.2856511633772243 0.012709183113987764
3 0.3007097688257545 0.02860029838838308 0.29659884259831415 0.030652088497949048 0.29131894579859363 0.02007339308398399 0.295429871710553 0.018021603070188796
3 0.3092837919759859 0.03679678238524598 0.3061762537682853 0.03910723588149753 0.3006632495425947 0.03169229959246217 0.30377078754770537 0.029381846207008594
3 0.3349379232423644 0.03659376379712241 0.33202513907610864 0.03851697306960572 0.3269015055137743 0.030757009618081334 0.3298142894736884 0.028833800438616015
3 0.39865858875384674 0.4776007134604948 0.4019961806062611 0.4797495919031614 0.3972921303457042 0.48705530321816526 0.3939545395737696 0.48490642614702395
3 0.09765482110890389 0.8936614004993926 0.10155458688359431 0.8957401914347018 0.09652292784335259 0.9051771462417247 0.09262316417289185 0.9030983583527188
3 0.3340150360389771 0.03877595680014389 0.3374806115231195 0.037303389081452296 0.34170053733726036 0.047234656359275616 0.3382349619123488 0.048707223973104646
3 0.33248939280861123 0.06100671728029376 0.3297578173430793 0.06403035523258976 0.3224769971114938 0.05745281860288916 0.3252085723684104 0.05442918092102389
3 0.33817999157497525 0.07307998033398581 0.3345930290973911 0.07488313529443014 0.32973518579569827 0.06521958588391208 0.33332214758831924 0.06341643113026556
3 0.3536083206163312 0.15727159959245243 0.3579912728328054 0.1585301413374014 0.35509732788329984 0.1686084089060461 0.3507143758009761 0.16734986748911007
3 0.3541264928646797 0.1512733091664582 0.35730007735776326 0.1546290989358419 0.34966748006536363 0.16184722336444712 0.34649389643004724 0.1584914344349889
3 0.35801320326856967 0.5568860369406778 0.3611553097567821 0.5584475465551808 0.3567368262603168 0.5673376685527238 0.3535947206411265 0.565776160265153
3 0.3734091872603358 0.5599029751236961 0.37685437377604103 0.5620975339012241 0.3708844878456148 0.5714686043081577 0.3674393029747307 0.5692740476316857
3 0.3403060960656603 0.5562234432335385 0.3439015744527296 0.5581028253705538 0.33863790759983203 0.5681718683920512 0.3350424304586568 0.5662924880842786
3 0.356685132024154 0.5419826853347313 0.3540152509521022 0.5404515246385561 0.3574561403509051 0.5344521885964942 0.3601260190199582 0.5359833484206938
3 0.3486377977412758 0.5268172542509647 0.35047743362838446 0.5291528765783886 0.3435081946156515 0.534641673488392 0.3416685605469638 0.5323060528354407
3 0.3358009751636928 0.542019586027106 0.3386841186489846 0.5448178606200748 0.3316346264107324 0.5520804924884133 0.3287514852552249 0.5492822202549497
3 0.3261816376708566 0.5529734348376195 0.3294499402169322 0.5539422656680792 0.3270281971293798 0.5621111233005197 0.32375989488014056 0.5611422931711988
3 0.3162662939788561 0.5721753383652828 0.3137232233383429 0.5692479621834441 0.32127192982454744 0.5626908947368785 0.3238149987283805 0.5656182683814991
3 0.3125900558650301 0.57059068008317 0.31605143776153 0.5718802609072813 0.3127485075463028 0.5807448079225304 0.3092871262033441 0.5794552281684937
3 0.3311403479998489 0.5720015963654278 0.3339891562033017 0.5742973685574287 0.3287861842491111 0.58075304591554 0.32593737755166785 0.5784572753945937
3 0.350831581634111 0.5764363145437751 0.3544587538757469 0.5780524599516265 0.35064752963182855 0.5866052444018329 0.34702035819509547 0.5849891003345845
3 0.3403804480266217 0.581844636046166 0.343486158112114 0.5845174599019589 0.33736768385711 0.591626125055648 0.3342619758635692 0.5889533034404622
3 0.3475877147036499 0.5981646752551566 0.3499556573284508 0.6016498405071249 0.34074167323274196 0.607909442321476 0.3383737346180169 0.604424280635861
3 0.33608657780177964 0.6088565319831492 0.339988023131923 0.610442777752935 0.3365641433916835 0.6188630035735136 0.3326626988142607 0.6172767591524388
3 0.3072482282349256 0.603812642597939 0.31037831527874005 0.6054213939398073 0.30643725807476585 0.6130884964986322 0.30330717189610823 0.6114797464425552
3 0.10558313708997957 0.8853065185185879 0.10888585801546924 0.8865403905596042 0.10565734593819798 0.8951801053168137 0.1023546258143142 0.8939462348194072
3 0.09100876694822091 0.9042312157248407 0.09386276229440682 0.9075348341232214 0.08679358452570796 0.9136403522761785 0.08393959369072945 0.910336738151042
3 0.4188596494614103 0.1162280701754386 0.4151776622624084 0.1162280701754386 0.41517766276001566 0.1091619254385965 0.4188596490589589 0.1091619254385965
3 0.47537748619606646 0.3460807263274817 0.47894241854680786 0.34740272315808646 0.4753167810466721 0.35717934774361365 0.4717518490764405 0.3558573516517077
3 0.36147773346078793 0.39005604591264986 0.3649232715706603 0.3883604106712052 0.3694632084435625 0.3975851486442387 0.36601767101433325 0.39928078283894197
3 0.2728270938169999 0.6919884210840631 0.27604992340332046 0.6938358925054595 0.2708826913451503 0.7028485581302633 0.2676598632428977 0.701001088747151
3 0.3079073339089291 0.8976590392444648 0.31078804899379975 0.8963135711418013 0.31525681573975817 0.9058790613071511 0.31237610187258724 0.9072245274579437
3 0.26432122655035073 0.26804677335474986 0.2678889791942538 0.26984976239162173 0.26325550781234597 0.27901826152421605 0.2596877556813979 0.277215273259678
3 0.3104989391674735 0.8953570966772113 0.313681446249916 0.8934869424593115 0.3191639779691968 0.9028144681991518 0.31598147294039336 0.90468461964591
3 0.3217265736467425 0.8991228083688075 0.3217265792868602 0.8877421186715967 0.32456140475801476 0.8877421217104813 0.3245614035088238 0.8991228070175961
3 0.25566158500373604 0.719887054599806 0.2531576991475504 0.7176372286454084 0.25924940789479933 0.7108586787280808 0.2617532909068814 0.7131085024470919
3 0.26634844624857124 0.7001003047014399 0.26977309657149817 0.7029049608965255 0.263044633118966 0.7111195623651755 0.2596199857082411 0.7083149093707738
3 0.27166268410189787 0.6706066183885493 0.27528246332553863 0.6733014918202791 0.2669395579689535 0.684506191086276 0.2633197820954365 0.6818113215389708
3 0.2943654473957622 0.9166666676071288 0.29436545211729026 0.9073206058791784 0.29714912391420967 0.907320608552708 0.29714912280701355 0.9166666666666621
3 0.2823101160737451 0.6821582199739412 0.28507092918653143 0.6850810413886733 0.27770755206142894 0.6920352720161098 0.27494674211845904 0.6891124536999892
3 0.2867616931403063 0.6723022389861724 0.292197911214771 0.6745911331597125 0.2870239804120729 0.6868777054608741 0.28158776415421016 0.6845888144477699
3 0.2997118250748372 0.6615135925956713 0.30248201576318934 0.6642943117811841 0.2940710673108242 0.6726722749527031 0.2913008799822592 0.6698915591215496
3 0.30782723971253745 0.6579551280428326 0.3038120264945974 0.6569092067394465 0.30715783473760894 0.6440665931385017 0.3111730378958555 0.6451125130632658
3 0.3208599944885009 0.6330646117546919 0.3231911584307454 0.6354569955721906 0.31811850178553414 0.6403992330351909 0.31578733950368587 0.6380068508609236
3 0.29854181626581067 0.6403708609904469 0.30083822456924736 0.6434473080847185 0.2929584744864542 0.6493283840288334 0.29066206945674367 0.6462519399070582
3 0.29734931648238216 0.9053024907385319 0.30030269352425876 0.9039487662080956 0.30367335856340105 0.9113005940749384 0.3007199824538702 0.9126543170905576
3 0.2927631610878052 0.9166666666666666 0.2898337501627566 0.9166666666666666 0.2898337535856399 0.9085448881578947 0.292763157894683 0.9085448881578947
3 0.40382048159324313 0.15035998583147558 0.4010609156462124 0.152233016266123 0.3968070345176784 0.14596574612225877 0.39956659978065545 0.14409271600877122
3 0.28562726824520723 0.24269087600785214 0.28898648081110423 0.2453598046633073 0.2827789750623424 0.2531726545349126 0.2794197633975273 0.25050372688593237
3 0.8910988766239143 0.4498232603657352 0.88865017869432 0.44726843836681235 0.8958333333333712 0.44038408114033756 0.8982820297040917 0.44293890140848424
3 0.9871198493581232 0.4421060433977283 0.9832825156804574 0.44346721710666714 0.9794415839596695 0.4326397351671178 0.9832789122806389 0.4312785625000027
3 0.24310936250890336 0.2967717689404002 0.24646703862595132 0.2985239849886147 0.24229198743933011 0.30652418644690016 0.2389343118160241 0.30477197112517
3 0.573293619035212 0.22095110757732775 0.577428402485225 0.2235053497175537 0.571516105665637 0.2330759704019849 0.5673813229792586 0.23052172925637285
3 0.5997807009173357 0.22907329731460513 0.6022475343680753 0.23181721324978924 0.596788039190983 0.23672532279790276 0.5943212064839827 0.2339814075774661
3 0.2783297790542747 0.2506385160430497 0.2811365483494228 0.25319547071742166 0.2747009714456681 0.26025966249516186 0.2718942030614926 0.2577027087707714
3 0.32006752828988283 0.2396474073446159 0.3239132383885135 0.24125573659151106 0.3198708691780894 0.2509213544895655 0.3160251594388228 0.24931302587261361
3 0.28610840085013933 0.923914798070821 0.28268579385303383 0.9263781598219302 0.27637226974025 0.9176083799450778 0.27979486951755916 0.91514502192984
3 0.31467675636372405 0.2024769155529667 0.31757202706160115 0.2049352024110236 0.311420535179991 0.21218008486885795 0.30852526516434864 0.20972179874771354
3 0.32428220648819206 0.18923978688862514 0.32766577420511567 0.19101175699995518 0.32379606308165876 0.19840086565102413 0.32041249566202623 0.19662889597627536
3 0.33007481953359274 0.18136520151706678 0.33317270098211793 0.1825106602962843 0.33001301862123 0.1910558986871351 0.3269151373249315 0.1899104402043202
3 0.33791267023798355 0.1693908187529184 0.34132517026853293 0.17075644123636716 0.3373652631803452 0.18065160488324425 0.33395276336386814 0.17928598278770755
3 0.24997927408526266 0.9344466234632537 0.2533155104911202 0.93370081676675 0.25580172270406365 0.9448194703817698 0.25246548669394997 0.9455652758614975
3 0.26703880482455133 0.9353070184205566 0.26703881086893944 0.9250626888468505 0.26973684423330724 0.9250626918860431 0.269736842105317 0.9353070175439003
3 0.3135474592945684 0.6196957602631328 0.31584787046267593 0.6231131789762779 0.30793956590252947 0.6284359620414445 0.3056391582233573 0.625018546424606
3 0.2915475715815319 0.6489722410126527 0.29374368798346495 0.6515552587626146 0.28778701672968054 0.6566190408635006 0.28559090245789776 0.6540360251204738
3 0.259015627976396 0.6417883203666493 0.26147942797513224 0.6439072466478273 0.25546328543407526 0.6509016771155692 0.25299948723170473 0.6487827527591004
3 0.4467677111935018 0.03417973200499261 0.4439010811842081 0.031135738010747756 0.4522300977687337 0.02329202926467451 0.455096727640921 0.026336023100855664
3 0.45589571411869656 0.37441355283331806 0.45946182109855727 0.37610175588775197 0.45507100362851816 0.3853763732714884 0.4515048972821205 0.3836881712200668
3 0.4616228081757754 0.375 0.45782354203652176 0.375 0.45782354405321257 0.3676400263157895 0.4616228070175339 0.3676400263157895
3 0.4703947352686555 0.3579611196062247 0.4725596196249171 0.3608564092634993 0.46585328086678146 0.36587071322893305 0.4636883979811728 0.3629754249081985
3 0.4638157894281676 0.008413079999321282 0.4665599751760965 0.011100177904065645 0.4608235455476688 0.016958478590528656 0.458079359841463 0.014271380729077857
3 0.4795861182818726 0.028095934149391225 0.4834787259148925 0.02980625284320146 0.4795596152887356 0.03872596755446062 0.4756670077074432 0.03701564894614668
3 0.45614035067899295 0.03161506661513609 0.45861854525992385 0.035000810620357224 0.450926910381213 0.04063069856376313 0.44844871599593716 0.03724495473625586
3 0.4444026653358151 0.03260852827845984 0.447399605355713 0.035553920871487336 0.44070195367135057 0.04236878532741409 0.43770501381027316 0.039423392894674045
3 0.31850470175436385 0.9002192989158581 0.31850470712083734 0.8908355453737943 0.32127193164876644 0.8908355482456269 0.32127192982454744 0.9002192982455626
3 0.4353070174131517 0.04433537488582231 0.43807371338323264 0.04675129158799541 0.4334634458735991 0.05203094345727058 0.43069675001993346 0.04961502687999566
3 0.2807017520486852 0.6180656168957148 0.282611011568747 0.6211030401461461 0.2756203999152831 0.6254966681201712 0.27371114310324174 0.6224592472449548
3 0.4410379678067784 0.08192068928340618 0.4434176503737035 0.08438851006095609 0.4375353486351514 0.09006071235464552 0.4351556663362999 0.08759289184130578
3 0.4309210521122395 0.10675255744795543 0.43358750638094534 0.110172455354653 0.42673228233411464 0.1155173722597163 0.4240658286125836 0.11209747485618592
3 0.39407090073939344 0.12710674301323582 0.3908944504785268 0.12995587440528258 0.38340300885977285 0.12160382704825241 0.3865794583332445 0.11875469627196562
3 0.3909686639672145 0.14488284660392303 0.3881212563876488 0.14765255210556394 0.380063140322477 0.1393684219043261 0.3829105471490948 0.13659871710525753
3 0.4818214066343671 0.39341404409917535 0.47901067799739394 0.3903256959889466 0.4869874210526177 0.3830663377192914 0.48979814814560996 0.386154683858107
3 0.4919976422829677 0.3993258861726014 0.4953321888805249 0.40222034956371994 0.4877971206924485 0.41090063704017177 0.48446257601847265 0.40800617570179437
3 0.4770557522458603 0.3929675735263997 0.4809215273070322 0.39483715380348045 0.4766696468545888 0.4036284419571486 0.4728038725030501 0.4017588627880905
3 0.4624943612473089 0.3925279459212322 0.46512026182028876 0.39521660615737714 0.45830799138093425 0.4018695410922349 0.45568209237251267 0.3991808824050278
3 0.4622927891609834 0.41924831256161205 0.46489837981187065 0.42260485461160757 0.4569576953761043 0.4287686475671927 0.4543521071013856 0.42541210769703225
3 0.44047719779189265 0.3991937777438983 0.4431276329373759 0.4019291690866473 0.43556090246840995 0.4092605239436198 0.43291046911986086 0.4065251343752228
3 0.4298698518293804 0.41814727047106026 0.42680565819387084 0.4162006834872188 0.4323715273945936 0.4074397056176112 0.4354357180163788 0.4093862913271643
3 0.42643302276678696 0.41803802852965205 0.42884673730361555 0.4212549691893788 0.4213821935212536 0.4268554113340626 0.41896848110809515 0.4236384726049732
3 0.40461905737686266 0.4443975353180057 0.40815862632825883 0.446069546631851 0.4044248884558783 0.4539732075142534 0.4008853201333977 0.4523011972005531
3 0.4517037538270188 0.4304417077540739 0.4550509205113258 0.43247994892733355 0.44971056463907644 0.4412492871733215 0.446363399010238 0.43921104738986283
3 0.4631682091571747 0.4393218829391723 0.46704468561222257 0.44261466608760996 0.46000135231042805 0.4509060293297571 0.45612487810853963 0.4476132486107886
3 0.4477033494317766 0.45782637700498213 0.4511411340466793 0.4595636117582384 0.44672923669952525 0.4682936709496781 0.44329145287895244 0.466556437395055
3 0.43691990753484333 0.47222250711932817 0.44057475543343116 0.47361804432354554 0.4373890665582394 0.4819606393667982 0.43373421913838683 0.4805651030685909
3 0.4275700337007038 0.46285519640387696 0.4310833965089387 0.46595396870776756 0.4237510153694757 0.4742668045693589 0.4202376548786333 0.4711680347177126
3 0.25620790571827 0.32665226900595334 0.2592247295027619 0.32918524500105606 0.253194726896254 0.3363668542996833 0.25017790421713926 0.33383387950381727
3 0.28943402149275244 0.2830073775125883 0.2932123373810782 0.2849214583278998 0.28852771015078815 0.2941684831365618 0.2847493948436295 0.29225440319430407
3 0.2563447199897837 0.27706434913056144 0.2604157053333438 0.278827166988912 0.2565275585283189 0.28780608924716206 0.2524565736197246 0.2860432721309626
3 0.34539473729194015 0.1699561403508772 0.34188589126688385 0.1699561403508772 0.34188589247708023 0.1603458563596491 0.3453947367903538 0.1603458563596491
3 0.3494055764456334 0.05470483054875054 0.34610588341797666 0.05751877960257982 0.34004385771891066 0.05041033260899908 0.3433435504385898 0.04759638377192722
3 0.910911594104391 0.4232463462781482 0.9127281090014776 0.4259120182765982 0.9048095279537165 0.4313078110008759 0.9029930149255279 0.4286421406650522
3 0.4849121980784048 0.5213838421134982 0.4876551402919631 0.5225410362704349 0.4839008788968613 0.5314391575593341 0.481157937198077 0.5302819642986694
3 0.3826754362954716 0.5009291570850167 0.3855471503367198 0.5033081450562894 0.38055780376464554 0.5093303943736489 0.3776860910325013 0.5069514078338315
3 0.390213483823004 0.5117534181900183 0.39374614322366597 0.5129837989828799 0.39074435199643176 0.5216018179500894 0.38721169302755243 0.520371438041191
3 0.40351817347266206 0.5172106723515069 0.40691162807218006 0.51875405126224 0.40348970102411386 0.5262772794384999 0.4000962470443028 0.5247339015416921
3 0.38706140065096406 0.5437745988011442 0.3895756818494647 0.5465657638700149 0.3830295587811179 0.5524619680968959 0.38051527971879295 0.5496708050812504
3 0.3823238657290631 0.5266650009973244 0.3844970472401883 0.52986680989474 0.3757829577536995 0.5357808596839226 0.3736097793122326 0.5325790535150211
3 0.4671052655760377 0.8388157894736842 0.46423703119023685 0.8388157894736842 0.4642370343880202 0.8311202971491228 0.467105263157805 0.8311202971491228
3 0.4778851691520458 0.5455236519239378 0.48081885681142467 0.5462774521937623 0.4784288025651904 0.5555783610664626 0.4754951151315936 0.5548245614035212
3 0.42958291162074147 0.7142674590890581 0.4324522168033127 0.7157082458590931 0.4277229652669803 0.7251249956323416 0.4248536611842155 0.7236842105263013
3 0.4681582587719504 0.5778508776735082 0.4681582638153259 0.5674029995496233 0.4714912300760261 0.5674030021053641 0.47149122807013555 0.5778508771930169
3 0.4511489648599536 0.6370614036461802 0.4511489667039541 0.628659053579275 0.4528508776570561 0.6286590548245083 0.45285087719298645 0.637061403508826
3 0.4483344619610534 0.6408275677061448 0.452258522769057 0.6414121536103002 0.4505562259987528 0.6528374490637762 0.44663216533729155 0.6522528638255222
3 0.4401300870878231 0.6737479729975159 0.44481822988188924 0.6748877630261647 0.4420017373280416 0.6864708295713949 0.43731359503215117 0.6853310409508756
3 0.43121736842101654 0.7083333336589585 0.4312173706798603 0.7010258234040007 0.43311403585869357 0.7010258245660795 0.43311403508766944 0.7083333333333154
3 0.47042331872955856 0.5290048026145027 0.473514870479562 0.5291558886987064 0.47305679625924313 0.5385282789513846 0.46996524451753885 0.5383771929824578
3 0.38706140091278485 0.4732537940240366 0.3893919356571587 0.476059377994127 0.3822883715504304 0.48195973397681163 0.3799578388204736 0.47915415189184885
3 0.41591453241630916 0.7183312696336018 0.4142447712866897 0.7219932622416372 0.4074675560633523 0.718903534575647 0.40913731798252684 0.71524154495609
3 0.5688974966814158 0.028338605265467408 0.5726695474642156 0.02692739751748526 0.5763371034480542 0.036730492248658195 0.5725650527019752 0.038141699922800636
3 0.43739209875457163 0.8125136402366463 0.4407131288666051 0.8120492498979055 0.44215119745911124 0.8223313327757953 0.43883016747122383 0.8227957225140771
3 0.4760296100441792 0.8220423245822813 0.47951046010405207 0.8216293510131631 0.48086528529552197 0.8330464560165841 0.4773844353411505 0.8334594289869544
3 0.47933389368779444 0.822677789876063 0.4822914316692959 0.8209910268313342 0.486766656092982 0.82883617448898 0.48380911950266636 0.8305229356173652
3 0.4893191123918541 0.813451727879656 0.49278339923102976 0.8119427025359663 0.49745420404133256 0.8226633450443726 0.49398991850068796 0.8241723681889351
3 0.495215871222058 0.8118135318427898 0.4984548987922608 0.8105784937536424 0.501620558926561 0.8188791210105923 0.4983815320767917 0.8201141577371094
3 0.4527401250315961 0.8018946733278616 0.4564002202771462 0.7998077709099608 0.46260576045631296 0.8106891557180644 0.45894566754191146 0.8127760549248159
3 0.44011535472907326 0.8122035144059381 0.4425518782894642 0.8109236820175671 0.4462400669959834 0.8179437770609711 0.443803544297225 0.8192236081892048
3 0.4296044605263205 0.8289473693216275 0.42960446573431454 0.8179174251940257 0.43201754572919526 0.8179174276315448 0.4320175438596152 0.828947368421025
3 0.4220313002693956 0.7429618520648836 0.42588765466109635 0.7451441738265878 0.42053103873922737 0.7546081684194459 0.41667468630123494 0.7524258493648605
3 0.3897913354484217 0.8092058540307379 0.38717680034676505 0.812723486771446 0.3818198903508119 0.8087426715144236 0.3844344243420892 0.8052250416666433
3 0.3927116541964324 0.8033765530055001 0.3897366821735204 0.8067838391781673 0.3834510040733221 0.8012967563817707 0.38642597368425413 0.7978894736842059
3 0.3879148012803171 0.7846181975610886 0.38972661293860256 0.7813056962718977 0.3952548820022912 0.7843288821393918 0.3934430732422243 0.7876413809341147
3 0.41089493255196885 0.7811448624833996 0.41430928670808953 0.7825204131202744 0.4106844326557848 0.7915162333639179 0.4072700793834656 0.7901406843251739
3 0.4055066973743351 0.8030901245809474 0.4026117781965013 0.8014892589763882 0.40721221600881563 0.7931716973684209 0.4101071298083525 0.7947725611227022
3 0.3996483030375657 0.7453512783674182 0.40227011293859505 0.741697400219254 0.4086729047812696 0.7462908935923359 0.4060510985169685 0.7499447684690761
3 0.4074459355933868 0.48801159996005833 0.41113843401240047 0.489787768043359 0.40714417590629637 0.49809086726834184 0.40345167827285877 0.49631470041466474
3 0.4686265723684073 0.8388157899008869 0.4686265784059742 0.8284239341511439 0.47149123032272655 0.8284239374999306 0.4714912280669523 0.8388157894658098
3 0.3902007604606297 0.9391386712686566 0.3935093708256545 0.9380733205357248 0.39638673778131306 0.9470070100067525 0.39307812807066966 0.9480723593029342
3 0.43277110075894143 0.18371666914057586 0.4298891550282633 0.18558775658257995 0.4249444139006755 0.17797168565414204 0.4278263585525792 0.17610059868423142
3 0.4054662822741193 0.9712411772913638 0.4019249729039984 0.9722696179467175 0.3993345593879667 0.9633523756509592 0.40287585964915706 0.9623239364035073
3 0.409393034524669 0.9823201570127007 0.4058694671275589 0.9835126375611815 0.40313560202878307 0.9754369011801551 0.4066591611842796 0.9742444221491183
3 0.41798876394295803 0.9776103341714605 0.4218297458263578 0.9763038693061812 0.42552458148134065 0.9871634335387955 0.42168360067182675 0.9884698961615657
3 0.4056913341314612 0.9886472739563331 0.40830879046473 0.9863993010265579 0.41380166050373646 0.9927930879214032 0.41118420683835666 0.9950410579919523
3 0.4199566946539335 0.16839123715169274 0.4234115176280966 0.16718376306706348 0.42671206593365696 0.1766272022576307 0.42325724311490376 0.1778346760242878
3 0.3863495189573314 0.9249703451459023 0.3900737913005514 0.924259039353177 0.3922943953078857 0.9358826769104803 0.38857012329901863 0.936593981510221
3 0.44349419066804785 0.20267243597492038 0.4401176156391102 0.20384984361473701 0.4372242171931475 0.19555224065777738 0.4406007905702154 0.19437483333332684
3 0.5562204882322703 0.04301553802116325 0.5528759622641246 0.04496147768049329 0.547907202427723 0.03642157330957761 0.5512517280701559 0.03447563377194898
3 0.44996954693158386 0.21362772862142837 0.44683141129462456 0.21507369198970522 0.4426864395392158 0.20607809010096026 0.44582457346484716 0.20463212719300072
3 0.4560566321401893 0.22190240739750972 0.453277316942831 0.22378308417411066 0.4492712109877175 0.21786283860619549 0.4520505252193061 0.21598216228069264
3 0.4554585146768204 0.22838159898292035 0.4576753588264637 0.22606016604410142 0.4643563002089195 0.23244000445259225 0.46213945682575286 0.2347614366380373
3 0.4697196591772581 0.24049135094257695 0.4675095487870067 0.24316055482598162 0.4597355217663335 0.23672374347035843 0.4619456315789421 0.2340545405701465
3 0.4749620126051468 0.2528448326839149 0.47160230176029927 0.2540139223058536 0.46813694621789637 0.24405542468059827 0.4714966546052892 0.24288633552631878
3 0.43128628176680195 0.18637774240417665 0.43432716417078154 0.18524800996224614 0.4380758516400647 0.1953381805902056 0.43503496941866615 0.1964679126785724
3 0.4021925658174723 0.9596370176427133 0.39883275618615244 0.9613575737423874 0.39341879868777596 0.9507884226368322 0.39677859868425003 0.9490678695175188
3 0.48037272892815963 0.260168678926067 0.47736478443948727 0.2621545014615135 0.4733266543753416 0.25603803029576544 0.47633459758765184 0.2540522083333561
3 0.48798531704585457 0.27013148618528027 0.48531079196152405 0.27227895886574865 0.4799666877306663 0.2656234006587861 0.48264121162276297 0.2634759287280859
3 0.477391267407711 0.29294070082389456 0.47371906122202745 0.29421684408285625 0.4703917058142224 0.28464234882694994 0.47406390899129747 0.2833662061403326
3 0.4630870309161992 0.27288324002514597 0.46676169021441183 0.2714195530836091 0.47051332633077436 0.28083800532925507 0.4668386673757823 0.2823016916444395
3 0.464995520990783 0.26828013879458623 0.4627744748886471 0.2710226314667129 0.45562260248266284 0.2652307120392244 0.4578436480262553 0.26248822039473985
3 0.4582856756661613 0.26029110007876965 0.4553381405420396 0.262184713241482 0.45040633816552145 0.25450818814136683 0.453353871710533 0.25261457565789935
3 0.44276579735071664 0.24383938790337648 0.44561838991285185 0.2411116516043385 0.4524139939088627 0.2482181803027739 0.4495614023329608 0.25094591559799634
3 0.45698244241248176 0.2918290064114849 0.46008649786790556 0.29418336982837306 0.4541550656739446 0.3020033174053681 0.45105101113085766 0.29964895503422934
3 0.4410531968253508 0.278046085565642 0.4439035669099667 0.27653402816731615 0.44802580734847197 0.28430465309918435 0.44517543765664414 0.28581670992840985
3 0.44580783653373146 0.28899202066621565 0.4430128289411641 0.2915433434872498 0.43691261536230286 0.28486064637121516 0.43970762171056776 0.2823093245614043
3 0.4063651246434574 0.3282273341672436 0.40925119929056564 0.32589705316960527 0.41505023416982567 0.3330789739196647 0.4121641605009927 0.3354092538336573
3 0.41871593388020756 0.20669321570020122 0.4210836533379734 0.20419645933926867 0.4281838843672858 0.21092964842039286 0.42581616570282677 0.2134264040035597
3 0.4215522550601918 0.19987187090384 0.4187932997037933 0.20271561209044378 0.4108713744629995 0.19502996831625452 0.4136303289473062 0.19218622807019445
3 0.5365634023708026 0.031230443892487775 0.5332557412959886 0.03250313969109286 0.5295025968590608 0.022748941356944895 0.5328102576753508 0.02147624561404917
3 0.533250627626785 0.036270829550978545 0.5300077367811582 0.03755567387606951 0.5267509076535362 0.02933558220755145 0.5299937982455276 0.028050737938609203
3 0.5211099735084872 0.037410652582793615 0.5244636862654488 0.03656612508393737 0.5266689020958211 0.045323278392151625 0.5233151893560262 0.04616780584255344
3 0.5653699527887284 0.0339027334008417 0.5626709193928718 0.036562404503746496 0.5552476476759693 0.029029272932658175 0.5579466809210771 0.026369601973680778
3 0.5722002189320392 0.019477867475934392 0.5686755397813386 0.020461184491431146 0.5665604119889167 0.012879553838166913 0.5700850910087638 0.011896236842120109
3 0.5876009820103718 0.22245139575026382 0.5905627114042318 0.2247165394813911 0.5847704788976671 0.2322899017430437 0.5818087501583022 0.23002475875948258
3 0.5842238479041271 0.4348394814234866 0.5803140761690884 0.43609556926339604 0.5767314301161832 0.42494463950274225 0.5806411962719267 0.4236885526315673
3 0.5939645072472786 0.4838684724257788 0.590453756508623 0.4851267151895689 0.5870168527159194 0.47553772976188696 0.5905275986841616 0.4742794879386142
3 0.5998984590469263 0.4935430778551463 0.5965166791203274 0.4949692139933114 0.5925041775003592 0.48545510762777544 0.5958859528509493 0.48402897258770006
3 0.6224258914040774 0.4956220979526267 0.6192412963199558 0.49717477965173784 0.6150119734994632 0.48850095469520793 0.6181965646929939 0.4869482741227895
3 0.6171279728741865 0.48533315162655993 0.6141001923758722 0.4876216679706312 0.6089691343289587 0.48083359495335604 0.6119969122806879 0.47854508004382995
3 0.5970200689621379 0.4551598665487166 0.5937238731720527 0.456288955882096 0.5907067280486444 0.44748142632680743 0.5940029199560968 0.44635233771930916
3 0.5910806646143101 0.4435430139820445 0.5880665456105589 0.44561387839344613 0.582604246744495 0.4376640352146826 0.5856183629385896 0.43559317214912696
3 0.5700288571018746 0.41690245983062946 0.5731386489103443 0.4148817392286642 0.5785345683051446 0.42318535572917026 0.5754247775122394 0.4252060750505751
3 0.5068758740792418 0.777412281019629 0.5068758750315965 0.7694324710573716 0.5076754387971505 0.7694324714914186 0.5076754385964932 0.7774122807017246
3 0.5719842754440378 0.415832577448544 0.5688129840194733 0.41692655017876096 0.5659630396248758 0.40866533945189426 0.5691343278508612 0.4075713673245525
3 0.5659356667872544 0.4039211864160416 0.5626032884189271 0.4057556043119038 0.5578799669480077 0.3971757007892145 0.5612123421052502 0.39534128399123963
3 0.5492647093020651 0.38764639286458147 0.552062731414594 0.384640333111261 0.559206120218164 0.39128904995817637 0.556408099896089 0.39429510797055395
3 0.5048017653596162 0.3833485972091774 0.5072074650199738 0.3861807907684924 0.5001551416547727 0.3921708437247426 0.4977494436379857 0.38933865171359583
3 0.5108579273885425 0.36113740721344445 0.513259703387348 0.36397125305625344 0.5056726817148274 0.37040123516227597 0.503270907383353 0.3675673908890992
3 0.6206285409627981 0.15697143154724186 0.6244397549216956 0.16028823326537997 0.6158113689510856 0.1702027099199094 0.6120001560109358 0.16688590928904812
3 0.5669583353767393 0.44524736458233427 0.5702702343631927 0.4433300596647211 0.5756760350278682 0.45266731884238925 0.5723641370791483 0.45458462234504826
3 0.5550501983061622 0.4266580851269193 0.5578464682017739 0.42467159100876384 0.562006794460217 0.4305275096943886 0.5592105253469981 0.43251400288124014
3 0.5592538368124451 0.7815101880478544 0.5562735053752021 0.7833553908719084 0.5503422974353498 0.7737771959738372 0.5533226228070589 0.7719319956140391
3 0.584898915533131 0.7161163166468889 0.588129710379576 0.7156006159838799 0.5895759002855812 0.7246593726989671 0.5863451055614632 0.7251750728428797
3 0.4324495656611589 0.48157074340816275 0.43589106698220803 0.48489604990045676 0.42844473955256035 0.4926020117475201 0.4250032408398283 0.4892767079011012
3 0.3920517267337118 0.4885245451036603 0.39503669383304896 0.4910341059697117 0.38894012772664155 0.4982850539322569 0.3859551622754225 0.49577549485344624
3 0.5091805631070656 0.7665061895467996 0.5123811159513707 0.7653052234460319 0.516093712013344 0.7751974403425742 0.5128931599457474 0.7763984049534025
3 0.5150751260964626 0.7719298251453839 0.5150751301983973 0.7625759496393338 0.5175438610521041 0.762575951754317 0.5175438596490949 0.7719298245614017
3 0.5592105297196213 0.756578947368421 0.5530081574854648 0.756578947368421 0.5530081618169334 0.7511547817982458 0.5592105263157237 0.7511547817982458
3 0.552241606208554 0.7386803227826148 0.555326682355826 0.7383640487996321 0.5562910243704664 0.7477690890421753 0.5532059482748082 0.7480853626866084
3 0.5935349133771979 0.7214912289133251 0.593534919055628 0.7099818425283625 0.5964912300389642 0.7099818453947744 0.5964912280701355 0.7214912280701606
3 0.5496691142816417 0.4147752841498244 0.5531864779727584 0.4137981105140224 0.5564518779340233 0.42555138138302223 0.5529345145470188 0.426528554255999
3 0.6067004970830112 0.7170197445925576 0.603787435136951 0.717750630177756 0.6015008121480605 0.7086383300148975 0.6044138684210338 0.7079074451754507
3 0.605585152573326 0.7032764406962752 0.6085135274122422 0.701462350877195 0.6139859114259707 0.7102947479153776 0.6110575381472927 0.7121088357048829
3 0.6125401906442676 0.7083333342362691 0.6125401943868383 0.6977651777944649 0.615131579757076 0.697765179824527 0.6151315789473983 0.7083333333333892
3 0.6156541631863774 0.696117864909059 0.6189625921691686 0.6954991648296888 0.6211025127288394 0.7069404418356601 0.6177940839577332 0.7075591411456901
3 0.6247796670680827 0.7040154982386672 0.621128880482388 0.7039473684210521 0.6213662356900613 0.6912307250358186 0.6250170124230863 0.6912988547615556
3 0.5523101782181357 0.41292978399520053 0.5495818987646999 0.4159039676114653 0.5408532903056766 0.40789744675220896 0.5435815679824145 0.4049232653508829
3 0.5877844159671213 0.47158420503204274 0.5845678193426238 0.47407521579147865 0.5782379317319055 0.46590209334349253 0.5814545252193284 0.463411084429801
3 0.5307017508723675 0.7691946062247318 0.5333647683539766 0.7726210468392838 0.5269585901576193 0.7775989938830177 0.5242955762441852 0.774172556543082
3 0.5394736814997714 0.7737016225559091 0.5409579088092187 0.7780416023475007 0.5322883229199533 0.7810059557930666 0.5308041011547857 0.7766659807100348
3 0.5798822342545691 0.014995944325830065 0.5763267911331695 0.015952595854627258 0.5736641359492296 0.006056705238401937 0.5772195789473926 0.005100053728067873
3 0.5046847657972648 0.8062132456149098 0.5076607038444081 0.8056067526193393 0.5096838370232035 0.8155318738319869 0.5067078992022971 0.8161383660685199
3 0.5120614058895399 0.8081140350877193 0.5094396707265787 0.8081140350877193 0.5094396735521514 0.8000089506578948 0.5120614035087101 0.8000089506578948
3 0.5175438624420394 0.8070175438596492 0.5148057484012725 0.8070175438596492 0.5148057513762296 0.7984053936403508 0.5175438596490949 0.7984053936403508
3 0.5196837901290792 0.8059210548119603 0.5196837947169115 0.7945342049877246 0.523026315785728 0.7945342074402596 0.523026315836205 0.8059210526315211
3 0.5280035516392445 0.8022692004822244 0.5246245664758362 0.8029947004537442 0.5222428319406163 0.7919040044554645 0.5256218081141242 0.7911785054824446
3 0.5354607322930178 0.796052632071593 0.5354607361741728 0.786711121267268 0.538377193558631 0.7867111239034608 0.5383771929630257 0.796052631420267
3 0.5394469629050036 0.782559533139586 0.5426652815411899 0.7824376105433929 0.5430975948871719 0.7938469793483777 0.5398792762605353 0.793968901777481
3 0.5059140540890894 0.8166504419155306 0.5033417107497371 0.818481770145137 0.497618477963897 0.810444351204506 0.5001908168859472 0.8086130252193062
3 0.5547271598319412 0.7717554093577783 0.5573968060663219 0.7699010306129849 0.5637622510936353 0.7790633353206255 0.5610926068827666 0.7809177116213276
3 0.5654641591995642 0.7770345028046204 0.5622087585555846 0.7775386071124295 0.5604301870502013 0.7660550246703233 0.563685578947343 0.7655509210526362
3 0.5679824578869557 0.7730263157894735 0.5662030760943253 0.7730263157894735 0.5662030779644738 0.7643478695175439 0.5679824561402711 0.7643478695175439
3 0.5745824220527993 0.7582350787502721 0.5782454743753078 0.7564894308575986 0.5826491132092997 0.7657283598769348 0.5789860622019205 0.7674740056959495
3 0.5844298275031861 0.7642543859649124 0.5815109599484458 0.7642543859649124 0.5815109629188555 0.7555060219298245 0.5844298245614254 0.7555060219298245
3 0.5933091505404491 0.7584867124505329 0.589945386915474 0.7592836339775764 0.5880588904707338 0.7513222036723874 0.5914226480263096 0.7505252828947401
3 0.591164704758512 0.7462887195847218 0.5944691962046136 0.7458948624123917 0.5957223547635522 0.7564071546150036 0.5924178634018062 0.756801011309878
3 0.6020906437220219 0.7413286491434322 0.6050608286456054 0.7399739531234624 0.6091556290811013 0.7489503314336666 0.6061854450863393 0.7503050259365536
3 0.6080771878748692 0.7365295052656359 0.6112889213518429 0.7356660106861358 0.6143870842388424 0.747187579745087 0.6111753512124096 0.748051073160451
3 0.6108642812566814 0.7358248842735002 0.613753908991157 0.7342592324561662 0.6179045757553467 0.7419185944332133 0.6150149490953254 0.7434842447152776
3 0.616922574979526 0.7303388725741723 0.6200678300439222 0.728705060307012 0.6246432117170571 0.7375116964831795 0.6214979578822977 0.7391455069374979
3 0.6208261694050634 0.17834776470714134 0.6236577243946613 0.1813385793266941 0.6154882465639275 0.18907295531711585 0.6126566925363477 0.18608214163886935
3 0.6124701029476682 0.17070751318577151 0.6154201642299313 0.17329352090366265 0.6085913567859507 0.18108360168744664 0.6056412961812612 0.17849759468854673
3 0.6110567988115463 0.19766157947509766 0.6077197616607464 0.19575673800160648 0.6114854233295546 0.18915986016762606 0.6148224592936913 0.1910647012136515
3 0.6182575319019179 0.20021395243994367 0.6215216978458784 0.2015649595115638 0.6178498018676919 0.21043650765827826 0.6145856361526967 0.20908550099255457
3 0.6055448257551461 0.19668386796445914 0.6092872889439604 0.1983940130640774 0.6052852045580721 0.2071520228570819 0.6015427416789407 0.2054418782642523
3 0.6043021858461088 0.17817133201969984 0.6078473957581991 0.17955236318256945 0.6050822919382881 0.1866505189037784 0.6015370821828583 0.18526948803335197
3 0.5958949659209338 0.19728403963275049 0.5931749865708298 0.19470578682045372 0.5996967050439252 0.187825648026332 0.6024166835803726 0.19040390012093192
3 0.5981274236206673 0.20570624976189952 0.6019695127881732 0.20697421085913184 0.5991193111331086 0.21561058108289113 0.5952772221381792 0.21434262035599214
3 0.5866228059987861 0.20490376957531498 0.589229876794434 0.20812299025659597 0.5827248057845509 0.2133910201044206 0.5801177359123812 0.21017180028126575
3 0.5789473675050658 0.2139155158766454 0.5820527109505065 0.21585042089830853 0.5775204859169207 0.22312411617146438 0.5744151428968962 0.22118921170270597
3 0.5932017550913997 0.22368421052631576 0.5895490974188533 0.22368421052631576 0.5895490985990364 0.2155640087719298 0.5932017542801304 0.2155640087719298
3 0.6072323703909888 0.21720973488879258 0.6104190791279507 0.2192790041009795 0.6050385998721595 0.22756490587824607 0.601851891684646 0.2254956373590475
3 0.9034754029579517 0.4330484606133893 0.9050734035840833 0.43618874405198876 0.8973274172235506 0.4401302236923006 0.8957294187191565 0.43698994206827885
3 0.9155701740943414 0.4163136602273864 0.9185446759979641 0.4184309473382738 0.9140858071535831 0.4246947161576778 0.9111113061258038 0.42257743009028437
3 0.007675441401715943 0.9418859649122807 0.004171431636109446 0.9418859649122807 0.004171435751572972 0.9349872850877192 0.007675438596493223 0.9349872850877192
3 0.5749635839044913 0.2997557789666878 0.5774870430230976 0.3024555050305925 0.5709605692060222 0.3085556875147548 0.5684371112334929 0.3058559625676782
3 0.5949062126683202 0.27050316086050685 0.5982351781020725 0.27261000683613473 0.5920197461960015 0.2824305994050088 0.5886907815666973 0.28032375446116764
3 0.5877192966867142 0.281192301200081 0.5907666012043364 0.2839904972972493 0.5849927474899914 0.29027820854390657 0.5819454439719038 0.2874800134861893
3 0.6006634258088752 0.28433949636388567 0.6028658791591397 0.28740829118734684 0.5950494872064382 0.2930179187491388 0.5928470352986324 0.28994912522323013
3 0.5916139086817793 0.29247839507799794 0.5949370877926867 0.29426372472023693 0.5908206980814157 0.3019256889674619 0.5874975194573153 0.3001403600280591
3 0.5796042210114365 0.28995923272440516 0.5831511313245983 0.2918228376991477 0.5786091405294655 0.30046716216308156 0.5750622307740514 0.29860355800671184
3 0.5853467283358214 0.2989940715216365 0.5892391372062775 0.30070419475530075 0.5845968334887175 0.3112702358414803 0.5807044251621392 0.30956011352565055
3 0.5787772550748969 0.3097643676722118 0.5823043607887257 0.31152040647925905 0.5781373598402979 0.31988981685294265 0.5746102546435168 0.31813377883363564
3 0.6118421036259178 0.26640068167346814 0.6146287641863637 0.26885256749723146 0.6085914505672463 0.27571404696323704 0.6058047908783237 0.27326216206470255
3 0.5623978500974545 0.24234842530001488 0.5598864937218195 0.23947723287965142 0.5679744898674244 0.23240299865066869 0.5704858454544137 0.2352741899453003
3 0.58760418150041 0.24375219692638028 0.5904331193922872 0.24644958089702484 0.583688462520513 0.2535230467920507 0.5808595256073659 0.2508256638200443
3 0.5788421969516548 0.2529644412589933 0.5826797059844466 0.2545544463804563 0.5786243101773607 0.2643420259826264 0.5747868015203039 0.2627520215251599
3 0.5742873803980046 0.26315206686814424 0.5768844310094892 0.2658411682749302 0.5702221421382774 0.2722752583441621 0.5676250925561135 0.2695861579526133
3 0.5731908216570218 0.24372226216884746 0.5763588980983059 0.24737696374246307 0.5679659793133851 0.25465222214291794 0.5647979044967997 0.2509975221100679
3 0.5603070165650479 0.24102066889378673 0.5625652007749977 0.2434715143772159 0.5571644246804226 0.2484476430320017 0.5549062411621435 0.24599679821915735
3 0.605263156752244 0.2764515466561217 0.6074646730771747 0.27951434456080093 0.6008101959085934 0.2842974169345665 0.598608680774305 0.2812346201023604
3 0.6057819043203381 0.2561253489355881 0.6088207379776804 0.25798439378282834 0.6038834328053326 0.26605484858115114 0.6008445996815226 0.26419580443383733
3 0.6747665964194312 0.1804740292103754 0.6772239235920097 0.18361097966255222 0.6695713659521516 0.1896055398194975 0.6671140397146473 0.1864685902271652
3 0.655557564027049 0.1539465681515112 0.657962993276783 0.15729672029226527 0.6513673658851076 0.16203238328366876 0.6489619373625146 0.1586822317971416
3 0.6423556831778114 0.20574368677343716 0.6455104147736392 0.20796313651207893 0.6405344185537842 0.215035934589333 0.6373796874696609 0.21281648546544385
3 0.6389755506863821 0.22859295765619564 0.6419724878458055 0.23132558085535207 0.6346929138861697 0.2393091401738809 0.6316959777373086 0.23657651802727428
3 0.6300350321988617 0.23856222050921794 0.6336765226787975 0.24055739510621527 0.6281191691368804 0.2507002072087829 0.6244776792625544 0.24870503347223297
3 0.6728005733049258 0.2444046930113539 0.6682637389770889 0.24619698042358912 0.6632943791172465 0.23361820866968808 0.667831209429778 0.2318259221491419
3 0.6529328351668937 0.24599130775792385 0.655652051571451 0.2435591115812961 0.6635831692047987 0.2524260028058558 0.6608639538435455 0.25485819788336395
3 0.668859647874001 0.18972093680898927 0.6711665994397435 0.19302295889139717 0.6627367660437358 0.1989123767850008 0.6604298156011055 0.19561035570811786
3 0.659613916016383 0.14460170686955579 0.6633160960930127 0.14669273300992056 0.6589093412791271 0.15449487776313872 0.6552071615109298 0.15240385205008639
3 0.6118421039561781 0.24640761309219933 0.6149725280212124 0.24866588727571834 0.6097586616469926 0.25589321920966995 0.6066282382333839 0.25363494579710205
3 0.6666666660920555 0.13800669871268523 0.6689262866665331 0.1413440949867128 0.6620847581823455 0.14597619711876494 0.6598251382789613 0.1426388014418402
3 0.7107860885040509 0.04098745271552122 0.7151481766849201 0.04288120975167954 0.7102747671349334 0.05410663482657392 0.7059126790531991 0.05221287795922842
3 0.7438458913489967 0.03232887717028565 0.7474091752409322 0.033151383502400315 0.7451715970435089 0.0428450754454158 0.7416083131676032 0.04202256916072241
3 0.708885350458786 0.001616865295101688 0.7122472915712024 -0.00009305750034740779 0.7170379718689901 0.009326072421205407 0.713676030767374 0.011035995202157077
3 0.6184210518338205 0.23997852745376244 0.6205293291271801 0.24276664022088226 0.614767099816163 0.24712376473071937 0.6126588233429402 0.244335652711167
3 0.6221858768676611 0.25035187192110897 0.625389956660797 0.25234828661873365 0.6204922114567353 0.2602086047038813 0.6172881322181638 0.25821219072527707
3 0.6596459012715741 0.03765588601827908 0.6563286153700574 0.039615027099620455 0.6513018920106788 0.031103606982809836 0.6546191776316164 0.029144466008747816
3 0.5653246720415837 0.2507560650271201 0.568956329667003 0.25305545939626106 0.5640715144257911 0.26077037009146736 0.5604398574383822 0.25847097654066176
3 0.5509617097783348 0.25055962256720304 0.5547980498030256 0.25178960975828435 0.5520695362889683 0.26029969699802297 0.548233196459023 0.25906971023493863
3 0.6743421046835465 0.10583734249752202 0.6770033647458149 0.10907060158862124 0.6696215059554333 0.11514650511009203 0.6669602464509126 0.11191324654041299
3 0.6604670059119826 0.12330646104491934 0.6633524881935955 0.12580677976392912 0.657254513764542 0.13284408588056826 0.6543690319088 0.13034376761633226
3 0.6464226460111604 0.1232223359540712 0.6495784338337671 0.12551954285255287 0.6431330017411483 0.13437390972448188 0.6399772143382734 0.13207670331975574
3 0.6541808491758729 0.11178411834855459 0.6575242160112111 0.11379126694257606 0.6518416582969166 0.12325683180997961 0.6484982917589832 0.12124968361197064
3 0.6666666660914871 0.11625587201175026 0.6690616596770269 0.11956736985796983 0.6622651293772606 0.12448284098952557 0.6598701363558348 0.12117134365218436
3 0.6627646561740903 0.10221284046115499 0.6654128990309118 0.10453643073292135 0.6592710817427587 0.11153635951472461 0.6566228392176754 0.1092127695953289
3 0.6666666669077586 0.10307017543859649 0.6630269164890024 0.10307017543859649 0.6630269170045722 0.09632901535087718 0.6666666666666288 0.09632901535087718
3 0.7006578941458201 0.12947842890041317 0.702946987952032 0.13305746121183856 0.6957889667145309 0.13763559522082036 0.6934998736114721 0.13405656352843112
3 0.5460526302872495 0.25921099780095613 0.5493750380497886 0.26204698448511937 0.5433972547892836 0.2690499114474022 0.540074848003087 0.266213925815009
3 0.6931687671763029 0.05948746794021031 0.6966282633619585 0.061949219585543676 0.6910691489431429 0.06976142529881814 0.6876096529523466 0.06729967388620449
3 0.6874718725974844 0.06795020728708571 0.6900748952813274 0.07093464546075326 0.6831971195410915 0.07693342160411516 0.6805940971729569 0.07394898373079961
3 0.7129661355161261 0.07279185940040447 0.7166694472862218 0.07484436979222507 0.7118687605044443 0.08350615626684339 0.7081654489061293 0.08145364611718271
3 0.7069855006021726 0.08257626153492155 0.7094668720870914 0.08521929808367004 0.7026355121058714 0.09163279307334649 0.7001541409572383 0.08898975685295533
3 0.700478224020344 0.08949038433683697 0.7037772693234956 0.09179697752262161 0.6976378658840758 0.10057794249943577 0.6943388208770784 0.09827134967105336
3 0.6872826147083515 0.08477802612438574 0.6906505971845718 0.086301128072015 0.6866675387404939 0.0951087054106299 0.6832995563873965 0.0935856036650194
3 0.6720034093541472 0.1264971169590807 0.6757098578505065 0.12834381911214585 0.6710367649213822 0.13772296364667197 0.667330316681614 0.13587626188366342
3 0.6905835598474823 0.13750113801027838 0.6945311607217945 0.13876910094619083 0.691538229397338 0.14808705896923344 0.6875906286466034 0.14681909630379125
3 0.7110859051265379 0.12808389987676844 0.7141341031571073 0.1298989411254534 0.7100942570255029 0.13668346201263076 0.7070460592104837 0.13486842105262642
3 0.7061403496413732 0.1393214632077897 0.7085497156356269 0.1426445940181304 0.6989152906962772 0.1496297848782966 0.6965059256660879 0.1463066549387411
3 0.6940106821922427 0.15347880064526537 0.6966546207307829 0.15603112091153726 0.6905993838212225 0.16230366884118871 0.6879554458079156 0.15975134910887018
3 0.6879242971122039 0.1608661863442978 0.6907666859113988 0.16376452342813982 0.6835357744200792 0.1708557921994275 0.6806933863681479 0.16795745585722732
3 0.6711628954328717 0.16417318189932115 0.6742394936482015 0.16508137763668648 0.6719863331572924 0.17271410442120613 0.6689097350201791 0.1718059088694948
3 0.6798245602586803 0.1559485999154281 0.6830819322586876 0.15868523824730912 0.6760446270371858 0.16706155016476487 0.6727872557156616 0.1643249125709118
3 0.6867090426378581 0.14616759938678317 0.6890878842300481 0.1490695482266915 0.6806994582450443 0.15594582217535474 0.6783206174308134 0.15304387406018527
3 0.706140350424107 0.06212527685440515 0.708823673530901 0.06542935246893145 0.7010860230921026 0.07171328437655988 0.6984027003450137 0.06840920909757307
3 0.6437259937538329 0.043169859563702506 0.6455443289473806 0.03753925986838384 0.6546623857381064 0.04048382621508797 0.6528440509479196 0.04611442556749141
3 0.7810032728245915 0.4203572864770921 0.7770518295776583 0.4214785840929455 0.7743073411203341 0.411807533739458 0.7782587796052667 0.41068623684209377
3 0.5609574953084575 0.2593995049212127 0.5635989724115689 0.2625226511372805 0.5566235415066103 0.2684221654135526 0.5539820656226766 0.2652990203443946
3 0.5653521234881964 0.32712415407246614 0.5691165850447533 0.3284508251379745 0.5656868274934368 0.33818251865787663 0.561922366279191 0.3368558482865778
3 0.5523936057858236 0.2890495942786577 0.5563376719132975 0.29024539575152597 0.5534251199626397 0.2998515016439839 0.5494810540675417 0.2986557007093452
3 0.5608436247664486 0.2801780847690561 0.564191773847142 0.2820844076129642 0.5596406833270748 0.2900774670201287 0.5562925347976488 0.28817114493800466
3 0.5679824547588623 0.2728950027559834 0.5704216596833476 0.275773058932112 0.5636663961587374 0.28149813188742046 0.5612271923765775 0.2786200767876149
3 0.6514606460383447 0.20738639775239234 0.6552096242212428 0.2085383598375068 0.6521196776399165 0.21859423161869446 0.6483706996291403 0.21744226992730453
3 0.6481210953500067 0.16184754278831798 0.6509421719615602 0.16449595098543796 0.6437369353169515 0.17217088197995678 0.6409158593953634 0.16952247449194383
3 0.6793651874334046 0.08590134578823343 0.6760810094492626 0.084281990783686 0.6798959095431201 0.07654509293322322 0.6831800869338167 0.0781644477630433
3 0.6353639047372326 0.5499718874534404 0.631494257236568 0.5511063270394069 0.6288479853743638 0.5420805329968672 0.6327176271929602 0.5409460942982413
3 0.6613863603398613 0.5934069981339972 0.6573729144804474 0.5943881764792314 0.6546617462209952 0.5832994799701554 0.6586751842104377 0.5823183026315871
3 0.6545781730625322 0.581465958040951 0.6503708229378162 0.5829634373315481 0.6460652670714353 0.5708676705850335 0.6502726085526547 0.5693701929824474
3 0.6412507519920609 0.5629611674951348 0.6444931696568119 0.5617348644100583 0.6477853051416105 0.5704386162930306 0.6445428879933388 0.5716649183926328
3 0.6744070618113938 0.5748535178631319 0.6723266598734199 0.5774705483492205 0.6645325049197481 0.571275222286857 0.6666129057017542 0.5686581940789881
3 0.6669597282889299 0.5664014285503441 0.6639524105950159 0.568313965882831 0.6586786216348628 0.5600221370718212 0.6616859355245879 0.5581096013488941
3 0.6610692744480957 0.5554592977856554 0.6580615572877377 0.5577146676515236 0.6520493728910424 0.5496976804613122 0.6550570866228327 0.5474423124999717
3 0.6524339412887912 0.707454799082569 0.6558541045823176 0.7060162227658069 0.6605004942313144 0.7170611466654522 0.6570803320101959 0.7184997211120386
3 0.6708150712585166 0.6124968845639367 0.6741588951091444 0.6106860435470709 0.6797738006197278 0.6210531003454174 0.6764299781719956 0.6228639393571953
3 0.6464812488146663 0.5350877187145303 0.6431266040306127 0.5356995215956235 0.6416270931963481 0.5274780831688708 0.6449817335526404 0.526866280701757
3 0.6339524678793396 0.5161506637013448 0.6301935080718977 0.5170240196067938 0.6283650973787189 0.5091550856180035 0.632124052631525 0.5082817302631587
3 0.6218670298861753 0.49819172265775885 0.6253128421204792 0.49648074692084 0.6305940550214473 0.507116009030932 0.6271482438053226 0.5088269832121863
3 0.7410172087631963 0.38717996754768114 0.7433853053337316 0.3847412475496331 0.7501088936439828 0.3912698261681977 0.7477407984450792 0.3937085448113228
3 0.7451127767274102 0.3817997060273574 0.742272809419319 0.3847658331704111 0.7333071738530634 0.37618191120200783 0.736147139254399 0.3732157861842005
3 0.750306240832856 0.36908705703997524 0.7467381724338793 0.37030996038817615 0.7436065184660947 0.3611730923801331 0.7471745833332761 0.3599501896929837
3 0.6657348471388786 0.6005971303672413 0.6628284106424189 0.6012425538574857 0.6612760934683592 0.5942529954385137 0.6641825263158125 0.5936075723684233
3 0.691912599382249 0.6476584804517457 0.6957610507822665 0.6499128306854686 0.6862421142552648 0.6661606852572037 0.68239366599596 0.6639063392720256
3 0.6783037418291542 0.17059922574216455 0.6818661383590552 0.17157023209379318 0.6794592120079415 0.180400602744538 0.6758968155709226 0.1794295966309255
3 0.9268829409227237 0.3405137096123447 0.9228460019156728 0.34192949374597975 0.9186674089830831 0.33001513957146816 0.9227043432017581 0.32859935635965515
3 0.6273841628441232 0.5359752079539398 0.6239655056406264 0.5377609159981419 0.6176257185616123 0.5256247225043261 0.6210443695175627 0.5238390164473865
3 0.6128912744618447 0.5139725017446928 0.609658435465235 0.5160492822092553 0.603892578394948 0.5070745199658993 0.6071254133771617 0.5049977412280788
3 0.5979984127818625 0.49583380145911576 0.6012801218428194 0.4936798711861181 0.6065576989152532 0.5017201343287857 0.6032759911116727 0.5038740630273464
3 0.6130624351188771 0.5183885242745574 0.6166168099482547 0.5164462421664546 0.6210846978424343 0.5246217996020062 0.6175303240238463 0.5265640802726823
3 0.37604502874830814 0.5080268335117705 0.37989919321546495 0.5105725581113261 0.37396509472011985 0.519555913988719 0.37011093197247646 0.5170101915343737
3 0.8764353616442122 0.25418878877005535 0.8724829023990424 0.2550159844615621 0.8703483574023494 0.24481701005330747 0.8743008135963919 0.24398981469299297
3 0.6271929814018904 0.1705879054756763 0.6298935182945797 0.17397568198365082 0.6215246130974492 0.18064681856891282 0.6188240772532936 0.17725904303117165
3 0.7199714267228501 0.6469298255996285 0.7199714288943824 0.637443191593801 0.7225877192983035 0.6374431929825013 0.7225877195546673 0.6469298245613365
3 0.6282969519190829 0.024141383080259066 0.624766504899867 0.02587080382809042 0.6196338064833071 0.015392892176516406 0.6231642532894739 0.01366347149122117
3 0.36807400728093853 0.115971603478466 0.3717991710345814 0.11376170961290984 0.3792304692245807 0.12628841176204028 0.37550530591499864 0.1284983050327565
3 0.06183124763185788 0.03191244175322227 0.06512719572708647 0.03441075420606456 0.059142494226989584 0.04230618654669345 0.055846546253405904 0.03980787423435277
3 0.6577257165698711 0.7053561809326095 0.660395996476268 0.7044999685810445 0.6632263197809607 0.7133255833064788 0.6605560402638275 0.71418179480029
3 0.7290929649122807 0.6365337620614034 0.7302631578947368 0.6365337620614034 0.7302631578947368 0.6458333333333334 0.7290929649122807 0.6458333333333334
3 0.7236508618421054 0.6374769364035088 0.7258771929824561 0.6374769364035088 0.7258771929824561 0.6458333333333334 0.7236508618421054 0.6458333333333334
3 0.7363014151044354 0.3509981582976471 0.739486058265129 0.34935164575520067 0.7439875876817723 0.3580580591253829 0.7408029451078164 0.35970457079601387
3 0.7330775616800338 0.33956860485855145 0.729786509484029 0.34138871466036175 0.7255405214593793 0.333711546481469 0.7288315712719395 0.3318914374999735
3 0.717013874250938 0.34451261300440006 0.7202342438426967 0.34302170763051243 0.7236446224492283 0.3503878882167383 0.720424253254123 0.351878792950102
3 0.6852425691663484 0.2612249640902559 0.6822579329810878 0.26393532453560486 0.6756440252153197 0.2566522683814656 0.6786286600877247 0.2539419089912303
3 0.7278191004652399 0.32975938040176817 0.72497921547631 0.33177893964055855 0.7202438194874503 0.32512028758112227 0.7230837028508859 0.3231007291666569
3 0.7226324830967314 0.320250329891157 0.7203166159608827 0.3229988784104176 0.7133925557692464 0.31716499577041796 0.7157084221490777 0.31441644846491884
3 0.7103763588504535 0.3020621030468854 0.7067638842320321 0.30448341363192466 0.7000623594193485 0.2944853432421014 0.7036748311403471 0.2920640339912248
3 0.702495587832118 0.29336823873552975 0.6992009571943072 0.29433602715059837 0.6962535619134087 0.28430249629984006 0.6995481896930187 0.2833347083333188
3 0.6984309259937618 0.28203787815173825 0.6953709359084996 0.28474059209280944 0.6879895905661897 0.27638369291228276 0.6910495789473998 0.27368098026315585
3 0.6902571426264785 0.2740221646378708 0.6864547988586764 0.2756731178323535 0.6818609367860518 0.2650931333334098 0.6856632774122318 0.2634421809210632
3 0.6759530321658076 0.2720368520835021 0.6729614298249089 0.2747011449723875 0.665712340005939 0.2665616809424307 0.6687039407894417 0.26389738925437106
3 0.7181534276827506 0.3415700983014138 0.7151236946704103 0.34387512190458186 0.7101241590672771 0.33730394038104 0.7131538903508954 0.3349989177631846
3 0.6683507319801265 0.2630569722445959 0.664486767581252 0.2645161323284488 0.6605171505341332 0.2540045037332536 0.6643811118420899 0.2525453442982641
3 0.7447044094615194 0.6760807095230553 0.7415035286335296 0.6772139955441765 0.7387254978070814 0.6693687335526292 0.7419263736553603 0.6682354484977802
3 0.7462197333109089 0.6682290499216789 0.7495207630548748 0.6689299011513467 0.7472913781886064 0.6794289206329157 0.7439903486841786 0.678728070175442
3 0.6337719291452686 0.18242359455273077 0.6363489843220123 0.18561768317162208 0.630603693678836 0.19025304962904518 0.628026639223549 0.1870589616799187
3 0.6249020772060021 0.1904100984614525 0.6280646415196998 0.19150256349033654 0.6253089048324227 0.199480021505492 0.6221463406508292 0.19838755675059933
3 0.6649180661027003 0.17339092616572835 0.6679031223153515 0.1747985606370739 0.6639311198878204 0.1832215825642418 0.6609460638997007 0.18181394844939003
3 0.7002607720918377 0.3061356662933645 0.703207540526364 0.3040725448767627 0.7089362179980299 0.3122546115557321 0.7059894503701116 0.3143177320010701
3 0.7117698623723072 0.3337685043414045 0.7081377646446754 0.3348536804632757 0.7051422227402782 0.3248278926545506 0.7087743168859788 0.32374271710525954
3 0.6994048188489614 0.31030060633216877 0.6961017241693526 0.31277490439471695 0.6900358811324168 0.3046774646457624 0.6933389736841491 0.3022031677631784
3 0.6828939234151221 0.29365372633644815 0.6851320504385967 0.2906861239035142 0.6919311071535503 0.2958137488170936 0.6896929813767656 0.29878135011538276
3 0.6773677343007876 0.2847487222583234 0.6798443248395643 0.2817758777092941 0.6872191810221011 0.28791950364814745 0.6847425918124372 0.2908923469525311
3 0.680028934281836 0.28190278098900745 0.6763407285316134 0.2831156615434989 0.6732023059284984 0.27357236468500934 0.6768905087718622 0.272359484649136
3 0.8225244694003777 0.16199285908360564 0.8189603077141783 0.16409329546280418 0.8142692660976536 0.15613328130254503 0.8178334265351168 0.15403284539473425
3 0.7758239644213063 0.4109570213200209 0.7713438957747485 0.4126403024235791 0.7670337883713501 0.4011694804810748 0.771513850877227 0.3994862006578767
3 0.6408027093608553 0.7137546945502042 0.6443074529765909 0.7130483559818311 0.6462148003630546 0.7225108393160862 0.6427100569671893 0.7232171771385028
3 0.6452698063257003 0.7127783017633292 0.6486773380319164 0.7117725832899888 0.6520054431753124 0.7230469614072808 0.6485979120143384 0.7240526785873511
3 0.6495533581226027 0.7203947384994527 0.6495533612311419 0.7100003942623453 0.6524122807014692 0.7100003958364783 0.6524122808291395 0.7203947368420471
3 0.6325084068483875 0.5190922957523577 0.6349260978537359 0.5164828469527183 0.6427475959100093 0.5237289761177388 0.6403299071820356 0.5263384227067196
3 0.6535087712181848 0.13161722647231974 0.656769404470424 0.13391422685891644 0.6517681235890223 0.1410135941251981 0.6485074906805721 0.13871659415307624
3 0.6494619362561025 0.14086710464110835 0.65205590975836 0.1444509089495174 0.6426839662942712 0.1512343179571182 0.640089993816332 0.1476505145721018
3 0.6393206196488563 0.16013323354389306 0.6360643953568115 0.15878797231671415 0.6399888464192145 0.14928885423844793 0.6432450693114333 0.15063411513738292
3 0.6379867867136682 0.13237689561173172 0.6416249344666767 0.1337986205617066 0.6380566125892528 0.14292978728340025 0.6344184649937006 0.14150806262625668
3 0.6321207600761909 0.1399137111826553 0.635990996640885 0.14183045594522392 0.6309552830433631 0.15199835991830254 0.6270850467947184 0.15008161563984482
3 0.6995233045464602 0.049222963689150113 0.7033633992123214 0.0509717375416348 0.6991743751992772 0.06017031640606467 0.6953342806236833 0.05842154270129845
3 0.6835207458474315 0.11753167308015582 0.6807533530213732 0.1150005048581507 0.686403508699641 0.10882306572340687 0.689170901071293 0.1113542335749733
3 0.9237000472984391 0.40934811053481357 0.925819028576484 0.4118404873086498 0.9192782585344048 0.4174010602531061 0.9171592786851761 0.41490868482605275
3 0.8664818141349997 0.46353823399489685 0.8631986955000457 0.4619221370897063 0.8669861502193044 0.4542283804824402 0.8702692655442661 0.45584447641717335
3 0.7560535793935514 0.6470921334409357 0.7531141669414865 0.6460322034669127 0.7563034913367801 0.6371886479061621 0.7592428988677966 0.6382485769036426
3 0.7761439649123076 0.6447368425092644 0.7761439702459256 0.6351620850009242 0.7796052652610115 0.6351620878258535 0.7796052631579187 0.6447368421052215
3 0.78598608817083 0.6363943068036886 0.7889077099496262 0.6472965576487613 0.7853642290681364 0.6482460287369893 0.782442611842157 0.6373437817982813
3 0.7957922094298245 0.6356630833333333 0.7982456140350878 0.6356630833333333 0.7982456140350878 0.6458333333333334 0.7957922094298245 0.6458333333333334
3 0.8061370712719054 0.6343428059210483 0.8098977760236039 0.6332101821760949 0.8129945859108147 0.6434913949427052 0.8092338816666143 0.6446240175039839
3 0.86036751562051 0.46217071732942216 0.8637539367354066 0.4637066059373372 0.86021260193138 0.4715142393036185 0.8568261813870777 0.46997835163218116
3 0.8234643576197413 0.4903682517801767 0.8193646304409867 0.4914981045874912 0.8163570907229314 0.48058587378915496 0.82045681140346 0.47945602192982956
3 0.852892598350877 0.6672489981976845 0.8562774422375696 0.6681946635417129 0.8536827174153814 0.6774807521296686 0.8502978739035143 0.6765350877193015
3 0.81363860065278 0.4958281250398031 0.8105349198433487 0.4984281978693578 0.8044248098663047 0.49113516087547576 0.8075284879386118 0.48853508991228645
3 0.8547526437274655 0.5413201348179807 0.8503257736408614 0.5430063707126795 0.8455129946441957 0.5303724942288345 0.8499398559436031 0.5286862601947827
3 0.8477224855903387 0.5510821589147715 0.8452172449801765 0.5539270694524027 0.8370937086025378 0.5467741042238159 0.8395989473684722 0.5439291962719025
3 0.8358707566184194 0.18750338879625747 0.8395187818903196 0.1866902746752787 0.8416195869259582 0.19611540296013696 0.8379715617278407 0.19692851685137747
3 0.8402172026428616 0.541932487197764 0.8370450655670538 0.5443733086690418 0.8304109116414793 0.5357522008620924 0.8335830449561854 0.5333113815789202
3 0.8618060966988423 0.5849494347983064 0.865043641002444 0.5830618575552853 0.8692794205070413 0.5903262428595881 0.8660418772514049 0.5922138186821794
3 0.7488678970065621 0.6447368430182934 0.7488679004792402 0.6353196086068198 0.7521929828760676 0.6353196107455907 0.7521929824561084 0.6447368421052135
3 0.8661916038886375 0.6671598420388318 0.8695813913276425 0.6664289782674759 0.8714837622344476 0.6752510769009473 0.8680939750081507 0.6759819399983504
3 0.21772944085012114 0.7372948707883993 0.21962381834350708 0.7400999086329251 0.2117878948681664 0.7453909956910417 0.20989352074764156 0.7425859608414124
3 0.8215209234382428 0.1666946564895786 0.8249397774861791 0.1652475498382425 0.8275263022311492 0.17135827752033767 0.8241074483258899 0.1728053839245061
3 0.2248211681836665 0.7474132138205785 0.2290277659739104 0.7490139144145924 0.2258155520183891 0.757454070516989 0.22160895510182854 0.7558533715802018
3 0.2357456095157886 0.7378220886938589 0.2384193696005923 0.7404890711918741 0.231935976256068 0.7469878455377711 0.22926221893567345 0.7443208658082674
3 0.2091100338409433 0.7692532933607598 0.21220349506677394 0.7710890024024393 0.20720113677919016 0.7795172305637927 0.20410767713713085 0.7776815236444412
3 0.975417393781413 0.6748133722677558 0.9712836117239476 0.674206576537892 0.9730067619095735 0.6624692922002284 0.9771405341108448 0.6630760871937161
3 0.9646601940789878 0.6721491229387375 0.9646601984854897 0.664249183759249 0.9682017559449605 0.6642491864745699 0.9682017543859729 0.672149122807074
3 0.9461472660739219 0.6645814828077659 0.9495345340236554 0.66556457220335 0.946866939700044 0.6747546059796163 0.9434796721491239 0.6737715175438677
3 0.748665361836629 0.6809210537358453 0.7486653694832057 0.6677631543211289 0.7521929853351139 0.6677631579825574 0.7521929824561084 0.6809210526316211
3 0.8533487123695522 0.6771684470897872 0.8496148219106772 0.6784260820490777 0.845704987938575 0.6668194594298137 0.849438869781352 0.6655618260478081
3 0.7530346129385634 0.6776315793393719 0.7530346186147199 0.6681941900828477 0.7565789496160278 0.668194193117587 0.756578947368439 0.6776315789473822
3 0.7658129214943301 0.6673036401000958 0.7691064602181541 0.6677752698783451 0.7674718345072051 0.67918880342562 0.7641782959016155 0.6787171742050978
3 0.7685793673331318 0.6682511217316519 0.7722264283702316 0.6673419330844303 0.775010154745587 0.6785068603675013 0.771363094096273 0.6794160479419737
3 0.7832615204783906 0.6681541826433032 0.7868735164041709 0.6693276282011502 0.7834734229488731 0.6797920483987726 0.7798614276315448 0.6786186041666515
3 0.8009485263157785 0.6776315795873034 0.8009485310160471 0.6674725932421386 0.8037280719829596 0.6674725954939569 0.8037280701754526 0.6776315789473636
3 0.8308997181339919 0.674342105641194 0.830899719327931 0.667092130967018 0.8322368423089301 0.6670921315789147 0.832236842105317 0.6743421052631329
3 0.8533516947254611 0.6340807667192649 0.8562742111092803 0.6339787228976053 0.8565730518358805 0.6425364083955983 0.8536505354564952 0.6426384521323233
3 0.8464949833914943 0.6324061682122306 0.8496932339962768 0.633547896875773 0.8455801210092204 0.6450682667969578 0.842381871083262 0.6439265394919093
3 0.8300438594907291 0.6356725682502808 0.8307844402041837 0.6446759329807645 0.8279416394317423 0.6449097394192789 0.8272010614034571 0.6359063771929954
3 0.9334972928945717 0.3504463403030722 0.9301566063238624 0.3519743004398611 0.9261958075595658 0.34331484313532734 0.9295364912280775 0.3417868837719077
3 0.923245613183326 0.6436403512018356 0.9232456176442838 0.633771926987391 0.9265350890212858 0.63377192982455 0.9265350877193441 0.6436403508771965
3 0.8818039829805002 0.6089103971706685 0.8779528502460607 0.6110631571607489 0.8726699161859415 0.6016134190226401 0.8765210427631018 0.5994606611842276
3 0.8836487820049115 0.5905963223612088 0.879729290246587 0.5913159280009525 0.8776768537212547 0.580138027057546 0.881596337719202 0.5794184221491319
3 0.8793859629736289 0.4572546811299743 0.8820687519649937 0.4600002470389801 0.8762827177845338 0.4656536155648366 0.8735999303684139 0.46290805121735806
3 0.8856043966859488 0.45820537039072556 0.8824744221927858 0.45675044125618713 0.8865561282894987 0.4479700635964795 0.8896860991999347 0.4494249917571277
3 0.8663366987962036 0.23380707275518742 0.8629627370461321 0.23626086959753112 0.8567236266236478 0.22768225425238103 0.8600975866228282 0.225228458333323
3 0.9400023783389315 0.3581490797527413 0.937721142927785 0.3605830953525916 0.9318462194413542 0.3550771461125944 0.9341274539473261 0.35264313157897303
3 0.8290109723617434 0.6458205294468955 0.8247539948334861 0.6466774866055379 0.822313022334697 0.6345533244578663 0.8265699899166066 0.6336963683299474
3 0.945461445491901 0.3723061472588515 0.9415893922792975 0.37344431167063274 0.9386859126215086 0.3635670299785928 0.9425579616228106 0.36242886622807274
3 0.9216659574028654 0.3641692486895548 0.9182863402945713 0.3655049274628707 0.9144985321487411 0.3559211571803136 0.9178781458332423 0.3545854791666849
3 0.9479052849683285 0.4092151242550413 0.9441190085349263 0.4107115052133741 0.9403562267564212 0.40119105215663065 0.9441424989034886 0.39969467214912496
3 0.8538000098786824 0.2150564831716306 0.850054537326173 0.21674923249074854 0.846306642294735 0.20845654048452764 0.8500521129385561 0.20676379166668707
3 0.9757211053081392 0.4170447532764522 0.972979490114426 0.42009506587529005 0.9649208129302451 0.41285232037005215 0.9676624265350711 0.40980200986840903
3 0.9967107115035105 0.45652502904287967 0.9918231145819618 0.45833683109738194 0.9873866334487502 0.4463695208519323 0.9922742225876391 0.4445577203947492
3 0.9269463706140186 0.642543860175293 0.9269463748207727 0.632977802070255 0.9298245629356643 0.6329778042179794 0.9298245614035068 0.6425438596490766
3 0.953809881748839 0.6403508758881948 0.9503677873717606 0.6411454494630368 0.9479692192983293 0.6307561151315675 0.9514113068468077 0.6299615423765583
3 0.9531654309211035 0.6392543864099164 0.9531654349303835 0.6301429427840044 0.9561403522660612 0.6301429449590554 0.9561403508771491 0.6392543859648793
3 0.9657983026778538 0.6425747942108927 0.9620826557152213 0.6417590960974942 0.9647981039802289 0.6293913124590692 0.9685137421206491 0.6302070095668665
3 0.9681131231772042 0.6307258122616487 0.9715210728477359 0.6298048970151698 0.9740482898686196 0.6391560024805688 0.9706403405339188 0.6400769168644387
3 0.9791666664762033 0.629740453168872 0.9798439163330386 0.6403074774861577 0.976233403838819 0.6405388473732767 0.9755561578947436 0.6299718267543528
3 0.9848551774756515 0.6302936415955662 0.9889885372357412 0.6309046140932524 0.9872201027897063 0.6428669806751542 0.9830867431863908 0.6422560088938772
3 0.9936048651994724 0.6410141815655966 0.9902692022160409 0.6421427928103371 0.9866905533052659 0.6315672289313999 0.9900262096587085 0.6304386189060102
3 0.8957178552631578 0.6655190054824562 0.8991228070175439 0.6655190054824562 0.8991228070175439 0.6721491228070176 0.8957178552631578 0.6721491228070176
3 0.913813627193008 0.6644364967105317 0.9175994859061802 0.6629480449256568 0.9220220530157803 0.6741952639648945 0.918236195297709 0.6756837139169347
3 0.9255249687141713 0.6636602494643289 0.9290949024809834 0.6643488569778736 0.9266677002930237 0.6769304344736743 0.9230977667810976 0.6762418278614046
3 0.9368557187564193 0.6754385975777554 0.9368557227312522 0.6641817050654099 0.9396929831723355 0.6641817072368464 0.9396929824561084 0.6754385964912769
3 0.8601838177640957 0.22457724343577626 0.8573091319985906 0.22710284053145183 0.8500405885188229 0.21882976062550824 0.8529152730262695 0.21630416447370066
3 0.8486909438148587 0.20327626253221895 0.8457270140528408 0.20565794917298402 0.8405606128632144 0.19922861366849134 0.8435245416666248 0.19684692763158063
3 0.8586660235320096 0.47945747896123886 0.862257409863787 0.48113710097234913 0.8579896507380909 0.4902618178074834 0.8543982651868873 0.4885821970460712
3 0.8660165314134929 0.5673738540499184 0.86910606030699 0.5652514956140408 0.8737035610641897 0.5719434446564132 0.8706140334006705 0.5740658015975556
3 0.8170774454596312 0.6363706282184127 0.8199596978682848 0.6366227607471946 0.819078947368439 0.646689800438596 0.8161966949920725 0.646437668158769
3 0.2181697471177131 0.7584389677682949 0.22092990495809772 0.7602609945366674 0.2158246065196181 0.7679935524947519 0.2130644502517498 0.7661715276890115
3 0.20614034796278702 0.7495105299655026 0.20942430939726364 0.7515756651793236 0.20519873150351486 0.7582939798290711 0.2019147715299141 0.7562288464983445
3 0.7070901747915741 0.11799890936586303 0.7094447142279705 0.12062564822985114 0.7027424654166907 0.12663333936173213 0.7003879264391344 0.12400660093802322
3 0.16923779047385779 0.10975321909541763 0.16616424589074086 0.11225029243898137 0.1599060086815598 0.10454731306785765 0.16297955263155472 0.10205024013157861
3 0.13396402555088116 0.4435270591182244 0.13677790252268096 0.44674417672700095 0.12939032162148578 0.45320538369449226 0.12657644691728365 0.4499882682422133
3 0.14434555741524946 0.42686102459919806 0.14756409899803202 0.4287716195168319 0.1423017631265111 0.43763591752292186 0.1390832225114309 0.43572532390221175
3 0.2048993281038065 0.34730813140288247 0.20867920299906473 0.34978756120145205 0.20330100101637072 0.35798628451054043 0.1995211271636208 0.35550685601836285
3 0.21604104584810102 0.3311874457514031 0.2196793059272295 0.33264311446305145 0.21621920130121453 0.3412909116074953 0.21258094160486962 0.3398352435908062
3 0.127565115436596 0.7968899337469851 0.1259304032870432 0.7940653153875149 0.13267543859649322 0.7901624605263318 0.13431015073615526 0.7929870762226704
3 0.170495280740397 0.16276698388887229 0.17395461717353555 0.16525322779840804 0.16822671023260227 0.17322291487166003 0.1647673743274254 0.17073667158685168
3 0.15057462779827802 0.09600041634765384 0.15388323329887044 0.09340799398735262 0.15956770977959422 0.10066284423496248 0.1562591045968702 0.10325526623709817
3 0.145832109952039 0.4819817661364799 0.14912785168110076 0.4847448281805535 0.1427563843298003 0.4923440739494043 0.1394606444717965 0.4895810139378275
3 0.14215273243451065 0.08581708243182384 0.1458292428085315 0.08325371712908436 0.15209789410084795 0.09224451806067739 0.14842138404253546 0.09480788298101664
3 0.13461712142645865 0.07485570373928137 0.13172666493539964 0.07768214800755326 0.126347162188722 0.07218082121607598 0.12923761842102977 0.06935437719301174
3 0.13410826425081268 0.05701754386826968 0.13410826454548896 0.04852359753174606 0.13706140360045538 0.04852359772900303 0.1370614035088238 0.05701754385962923
3 0.19449743180427959 0.08897888574416378 0.19062351145907996 0.09126039889006546 0.18498145335342997 0.08168042508895469 0.18885537280698372 0.07939891228072447
3 0.2115752015193948 0.07781370305994875 0.21466749127671392 0.08022840707102141 0.2068649593812779 0.09022037163868185 0.20377266996990784 0.08780566801941345
3 0.19175978132204818 0.07092310374693876 0.19418371600875162 0.06848607565790957 0.19827107060598337 0.07255146392980182 0.19584713607355297 0.0749884918649412
3 0.15649871778191482 0.4567152919989809 0.15950218765101454 0.46011460084208033 0.15240836296186444 0.46638196234267787 0.1494048954655227 0.4629826557635324
3 0.20425621359970592 0.6046901334928779 0.20124808864625265 0.6066975105802 0.19597196330789757 0.598791922486406 0.19898008442987702 0.5967845471490957
3 0.19956139980729404 0.7586355937946481 0.2021021907382874 0.7619919231076108 0.19473259914707342 0.7675698182903691 0.1921918121724957 0.7642134925826497
3 0.8673245594366108 0.4732913973646627 0.86974611617768 0.4768058785493756 0.8629019430268272 0.48152133738657843 0.8604803886677246 0.47800685832649953
3 0.7204248785034224 0.11870340016943942 0.7229207526631853 0.12194543863044643 0.7145244960410082 0.1284092419741619 0.7120286225873542 0.125167204160772
3 0.6786653401326248 0.10431848214742342 0.6756128880343795 0.10274946849505127 0.6797457108315257 0.09470925560861808 0.6827981622338939 0.09627826904437986
3 0.6738926451619136 0.08634697864088679 0.6770721296952615 0.08883695796328311 0.6703393683162631 0.09743407956458032 0.6671598841217019 0.09494410062345245
3 0.6810553729981166 0.11676011106173789 0.6844789459037202 0.11971075578421034 0.6774169971213269 0.12790455314215576 0.6739934247732435 0.12495390901577512
3 0.6929824565328317 0.10635964912280703 0.6881042455410125 0.10635964912280703 0.688104246158332 0.09988009100877195 0.6929824561403848 0.09988009100877195
3 0.5802354248971824 0.2325246316640633 0.5835833164369433 0.23459195105504757 0.5778852500324092 0.24381944564625993 0.5745373591175849 0.24175212706948265
3 0.8541666645802479 0.4701440092430591 0.8574656020845168 0.4728665050478995 0.8519351866066245 0.4795674285079492 0.8486362506652085 0.47684493441511605
3 0.21772386702730273 0.6901558566512473 0.22058247508266504 0.6926550282467802 0.21382658638503926 0.7003814240625487 0.210967980886835 0.6978822551841427
3 0.16286958607020097 0.7745836226926545 0.16679161107572327 0.7764160435808146 0.16200608910753544 0.7866568436822883 0.1580840656415603 0.784824425257736
3 0.16310567213497507 0.765244869916747 0.16659988100184364 0.7681048021989734 0.15973221759486478 0.7764940572699588 0.15623801204083065 0.7736341286280485
3 0.1998133767561967 0.7310074675080422 0.20350739844082 0.7327821640500437 0.19913222565674005 0.7418875598763274 0.19543820525620959 0.7401128653458002
3 0.1842105237077476 0.7299845397481778 0.18686051023416894 0.7319339173293108 0.18275763986173388 0.7375104484468126 0.180107654626795 0.7355610723739685
3 0.19334593835560554 0.7187999914293677 0.19616794228920753 0.720392071844524 0.19159554789086997 0.7284954674756284 0.18877354513381306 0.7269033886936329
3 0.20610782166875197 0.7014288364281948 0.20921639454843444 0.7028163007521574 0.20573453113070173 0.7106161290322465 0.2026259590177233 0.7092286659828363
3 0.20376559677549722 0.06590298671201024 0.20030486341295273 0.06782475499780653 0.196382901943025 0.06076206857257298 0.1998436348684436 0.05884030043861149
3 0.20624932934197204 0.056887003405769423 0.20456532425441765 0.060132895354389565 0.19905716045877853 0.057275200982979856 0.20074116557020716 0.05402930921051744
3 0.9202030087096773 0.32420097134572234 0.9174971927699289 0.3270327305009566 0.9098448575265365 0.31972096491739116 0.9125506721491092 0.31688920723687375
3 0.16337718940997092 0.7999446752848793 0.16600614135438718 0.8024785080552624 0.1607504496761294 0.807930419833769 0.15812150004364867 0.8053965894126229
3 0.25344221270881917 0.9454208734258835 0.25020552679632146 0.9476259126601313 0.24433971800306153 0.9390180589616353 0.24757639692984412 0.9368130230263022
3 0.1304069265028147 0.8576815766476855 0.134079560473765 0.85994331487671 0.1284697083010542 0.8690505817033655 0.12479707676607177 0.8667888466563878
3 0.1392543824670156 0.8495948401220567 0.14195013985545302 0.8519682649077669 0.13667018299713618 0.8579639529468895 0.13397442793655046 0.8555905306276367
3 0.1546756316797655 0.832940757124785 0.15684511731853945 0.8362569059807027 0.14861709802983114 0.8416386711807121 0.14644761710189869 0.8383225264830755
3 0.23355263321377606 0.6984649122807017 0.2300002990153871 0.6984649122807017 0.2300003008335807 0.6938875120614035 0.23355263157895934 0.6938875120614035
3 0.2434210496101059 0.730010225991199 0.2455996559393725 0.7330904778288833 0.2389249890351266 0.7378105701754565 0.2367463858448673 0.7347303211522209
3 0.16834476948804422 0.800324749656439 0.1652164995913381 0.7983412056548347 0.16972511853009564 0.7912319892114169 0.17285338361875802 0.79321553118699
3 0.8969707812108254 0.2933206559961027 0.9006113802308846 0.29181252159654014 0.9050860010662518 0.3026138555646134 0.901445402499121 0.3041219891629596
3 0.18530701348299772 0.7853474216129802 0.18757994674774636 0.7887161402898968 0.17955218355973557 0.794131576587172 0.17727925471467643 0.7907628618348296
3 0.18966769037399445 0.794674794036286 0.1916182782983924 0.7981666509321081 0.18295604223612827 0.8030045199083594 0.18100545919776323 0.7995126672267953
3 0.17509125676338044 0.8103928027935007 0.17773739641449993 0.8141454871567277 0.16883000397854175 0.8204250987924138 0.16618386999516588 0.816672419507865
3 0.1647978828293617 0.818533200181714 0.1683923841167143 0.8203360574245806 0.16465448829603702 0.8277870622434104 0.16105998825230472 0.8259842068851895
3 0.9846491224910778 0.6732456142338334 0.9846491269521493 0.663829130811933 0.9879385977967559 0.663829133771965 0.9879385964911762 0.6732456140351131
3 0.15899122553219058 0.8261149530129189 0.16133949219670285 0.829008546152354 0.1559502443835754 0.8333812156857604 0.15360198045129891 0.8304876250843114
3 0.24136335155083088 0.9404866899990671 0.24437684942324722 0.9390409234621216 0.24785679728745436 0.9462924262293345 0.24484330048119318 0.9477381910952182
3 0.23480794822955886 0.9445939729621773 0.23803932406940476 0.9431936226475138 0.24246793509394138 0.953410060645929 0.23923656057911558 0.9548104087063555
3 0.23700828314247246 0.9549871328010501 0.2338310425615191 0.9560717225043769 0.23099634687969228 0.9477699337190536 0.23417358004394373 0.9466853453947218
3 0.23342872554974292 0.9594298221605003 0.2298091091124661 0.9603406638082528 0.22716580452731705 0.9498392700380521 0.23078541008771936 0.9489284298245609
3 0.20651823711239103 0.9694223355890351 0.2097527904884373 0.9684654721170346 0.2123874045539651 0.9773688806543259 0.20915285173487064 0.9783257428087428
3 0.20878052045372897 0.9791647644189855 0.20589199140204073 0.9810136921915756 0.20072593325778598 0.972945240923478 0.20361445614037166 0.9710963157894773
3 0.15275228446375877 0.9887524508913097 0.15032129007886397 0.9929419643020808 0.14388318985413662 0.9892073201182018 0.14631418421049602 0.9850178114035117
3 0.1353388169303571 0.9877869461997582 0.13759507242582458 0.9834403948728752 0.14370361673570642 0.9866103461409315 0.14144736649177503 0.9909568929709615
3 0.1265848412961077 0.9890350875230153 0.12658485197368918 0.9832390910088284 0.13486842451800385 0.9832391048065072 0.13486842105260166 0.9890350941091962
3 0.14912280582132098 0.17498208071577012 0.15186798723834727 0.17847262859091814 0.14402469144442875 0.18464101631033064 0.14127951106218006 0.18115046938894785
3 0.14760632120101036 0.20008184966755527 0.15011901060347554 0.20268537607832465 0.14366496110812932 0.2089141637475769 0.14115227244496964 0.20631063806528074
3 0.14583332868892285 0.8229090096282448 0.14763391642850365 0.8264028721745535 0.13855160745617923 0.831082524122839 0.13675102496927138 0.8275886660725317
3 0.13486841799181093 0.808833066005929 0.1375917100967854 0.8115672481986237 0.131995511766263 0.8171400312967032 0.12927222233975044 0.8144058517787512
3 0.12920867163325056 0.8154016409351936 0.13196212155878584 0.8173590531237896 0.1270051265097436 0.8243305234762989 0.12425167834032891 0.8223731133789751
3 0.15831183418515593 0.15709213379636427 0.161930959986762 0.15998501054454944 0.1552057412159229 0.1683985092534204 0.15158661610803392 0.1655056332779238
3 0.892910639541924 0.28007014675966396 0.8881348827549118 0.2823070560930055 0.8820457766593108 0.26930723143928814 0.8868215285086762 0.26707032346493575
3 0.8985469680882261 0.2911100526618279 0.8946706469557739 0.29244426605698765 0.8916906038662091 0.28378649246550025 0.8955669221491007 0.28245227960527214
3 0.224780699323901 0.32111562842699026 0.22790113915436905 0.32375465342400844 0.22154854579798666 0.33126585113410334 0.21842810715827454 0.32862682742656557
0 0.6723376700005019 0.6715300748361284 0.6765113745171902 0.6770645753682818 0.6564086315020177 0.692222380486907 0.6522349428729513 0.6866878944236973
0 0.680921033810364 0.6826090619450116 0.6832487579792996 0.6894581680804373 0.6598709164204593 0.6974021222657109 0.657543213171607 0.6905530338944877
0 0.34946343733724916 0.8862501565201798 0.35363465551199624 0.8904693262448564 0.34468503673201667 0.8993150757699316 0.3405138258159468 0.8950959132678235
0 0.6386901486644092 0.14439534949068256 0.6420457924535867 0.1473876579001472 0.6337736470424034 0.15666416815797762 0.6304180040647225 0.15367186060233817
0 0.6326052979153474 0.2154487121577131 0.6362061189653332 0.2168659954299308 0.6319505367883949 0.22767778028799096 0.6283497160402476 0.22626049757203154