2 0.9130859375 0.3037109375000215 0.9127027849546039 0.2929823925840773 0.9404296875 0.2919921875000347 0.9408128530440081 0.3027207189012984
3 0.7289746662373773 0.7772537428892479 0.71875 0.7744140625000062 0.7241503792259891 0.7549728262930132 0.734375 0.757812500000014
3 0.9189453115635615 0.34863281244797956 0.9287349771055915 0.34917666131371666 0.9277584154986016 0.36675478584412285 0.91796875 0.36621093750000083
3 0.9140625083966825 0.3652343767676473 0.9013153597106793 0.362550868178782 0.9052216265835114 0.34399618166067 0.91796875 0.34667968749999634
3 0.9296874904126753 0.2783203119879878 0.9296875 0.26953123354037134 0.9482421875 0.2695312499999559 0.9482421847166052 0.27832032164374476
3 0.9413534025507033 0.24543394060355397 0.9453125 0.2509765625000207 0.9307169056789917 0.2614019930592198 0.9267578125 0.25585937499998074
3 0.8837731021345689 0.8312305588344351 0.87109375 0.8300781250000044 0.8730629038128654 0.8084178817954859 0.8857421875 0.8095703125000004
3 0.877975545269237 0.7888560986792722 0.8876953125 0.7910156249999939 0.8837431215415563 0.8088005139121656 0.874023355860345 0.806640992378419
3 0.39356319205046475 0.7050143166069106 0.4013671875 0.7060546874999979 0.39940555761768337 0.7207669317163627 0.3916015625 0.7197265625000066
3 0.41308594861834536 0.7294921889822108 0.40419450226931986 0.7283068499517469 0.40614764464760356 0.7136584128941661 0.4150390625 0.7148437500000028
3 0.43164062639618805 0.6855468756107396 0.4236486433957225 0.6820508664968538 0.4304846039281074 0.6664258720248862 0.4384765624998863 0.6699218749999785
3 0.5084282149990713 0.6044470815895273 0.5107421875 0.5859374999999729 0.5196364276439454 0.5870492971105051 0.5173224717328821 0.6055588636394165
3 0.6162109536602429 0.4287109317966775 0.6066075125178259 0.4321002009563916 0.6005859375 0.4150390624999911 0.6101893582705316 0.4116497972773047
3 0.6649609274302293 0.4008202405947645 0.6748046920081379 0.39941406185601014 0.6778125105032586 0.4204688236573056 0.667968746321435 0.42187500052548366
3 0.669921874051056 0.3749999999441823 0.6787378784824796 0.375518564955132 0.6777343758230927 0.392578125048412 0.6689183714371438 0.39205956055548086
3 0.5507812496576889 0.2900390624511012 0.5723828239338218 0.2931249197325287 0.5714062615735429 0.29996085632382646 0.5498046875 0.29687499999999833
3 0.43191406234416263 0.004921874597603415 0.4306640625 0.013671875000014913 0.4098828124750753 0.010703125183905577 0.4111328125 0.0019531250000519693