2 0.9139584096657245 0.30596170671189526 0.9119016139014775 0.2954252177968818 0.9390525153509088 0.29012530811408516 0.9411093210241006 0.30066178374491487
3 0.719928146929874 0.7741228070175197 0.7199281800767494 0.7565719301073706 0.730263169895693 0.7565719533219388 0.730263157894683 0.7741228090978508
3 0.9194883947459402 0.3481658836733628 0.929236263587768 0.34904951489947467 0.9278970858484854 0.36382222700678385 0.9181492171052241 0.36293859649122656
3 0.9128762662376175 0.3657849963428175 0.9005511566593896 0.3615680558963561 0.9066383528070219 0.34377736924975133 0.9189634393663937 0.34799430539960535
3 0.9294849160809235 0.2763157891976375 0.9294849232455817 0.268916993421059 0.94517544093992 0.2689170059109698 0.9451754385964932 0.27631579686647684
3 0.9389671234567913 0.24428362576124563 0.9444452084762816 0.24833154233018923 0.933965744926013 0.26251322411710654 0.9284876622807587 0.2584653103070262
3 0.883375710789096 0.8317360373007708 0.8707740361842298 0.829921730263158 0.8738735310873835 0.8083981812074745 0.8864751382573104 0.8102124833135179
3 0.8785131487816216 0.7887227317163029 0.8879082107699787 0.7915102706364483 0.8827313537916552 0.8089548592425907 0.8733362944230976 0.8061673264932028
3 0.3939696228948151 0.7053380098041359 0.4017542759313528 0.7065143996082184 0.39953672717228983 0.7211865622492553 0.3917520745613956 0.7200101743421002
3 0.4077729390578497 0.7129849885780841 0.416020201055062 0.7165073052951214 0.41029235698749744 0.7299165323875303 0.4020450982774264 0.7263942213178939
3 0.42322662555284296 0.6814806658477071 0.43160035058235735 0.6667213887860375 0.4391180117291924 0.670985974486999 0.43074430192598356 0.6857452383875672
3 0.511756399202909 0.5862526263946822 0.5199206373152947 0.5882893402884437 0.5153877793881065 0.6064574968471199 0.5072235425270719 0.6044207864204293
3 0.6158769663793464 0.4280780300389349 0.6062735261556327 0.4314672980828953 0.6004231776315692 0.41489129276315434 0.6100265980643371 0.4115020285448585
3 0.6790510227292543 0.41895764652696216 0.6695483884222995 0.42188635684665715 0.6633911587609873 0.40190930513371975 0.6728937697367883 0.3989805986842221
3 0.6720511292616038 0.37440700306144226 0.6805245535207405 0.3768953656698878 0.6757906263708264 0.3930147132993964 0.667317203138623 0.3905263531361447
3 0.5510443153607412 0.28988437821286733 0.572093884150263 0.29364518581407856 0.5708793469935927 0.3004428755124709 0.5498297785087516 0.29668206907895667
3 0.4298245615819951 0.010964912280701754 0.40964054150515494 0.010964912280701752 0.40964054168898656 0.002586149122807014 0.4298245614035068 0.0025861491228070218