4 0.721371344500426 0.4108808338939953 0.7313596491228509 0.4085749758771913 0.7339958027025659 0.41999342961221736 0.7240074986567606 0.4222992859176032
4 0.6263388609863796 0.35172354159574193 0.6388778854418433 0.3497376332024353 0.6407111031146542 0.36131212581546784 0.6281720789459087 0.36329803294693896
4 0.6019736842105263 0.32346491228070173 0.6140350877192983 0.32346491228070173 0.6140350877192983 0.3344298245614035 0.6019736842105263 0.3344298245614035
4 0.6303545977046952 0.3321135324591748 0.6398699486161377 0.3343102471496714 0.6372337993457222 0.3457286672429976 0.6277184488770899 0.34353195388055224
4 0.651599252193023 0.35197368421056485 0.6515992577196812 0.3438905403807204 0.6600877211885745 0.3438905460936908 0.6600877192981898 0.3519736862873011
4 0.6765510221405293 0.35332495272638853 0.6855382306533784 0.354587971985501 0.6840432080182381 0.3652256196408151 0.6750559996570473 0.3639626011243917
4 0.6966944578233552 0.3656368177997196 0.70720192331612 0.36340348111160775 0.7096091960555668 0.3747288185614554 0.699101731011865 0.3769621537928396
4 0.7248312290830654 0.37442176838952484 0.7334282460561781 0.37624904039939766 0.7313978506763306 0.38580130021382675 0.7228008340259748 0.3839740292379041
4 0.5814779572368707 0.33991228070181045 0.5814779625085293 0.3319200292439356 0.5899122825240966 0.33192003471085557 0.5899122807018102 0.3399122827193926
4 0.6054411933845358 0.33971115934589563 0.6148039662122073 0.34136200847086406 0.6129385964912899 0.3519410493421114 0.6035758239025881 0.35029020114983805
4 0.6509138232819396 0.36223579003940126 0.6611866674957128 0.35909519644454174 0.6648984202255406 0.3712358036909794 0.6546255769707159 0.374376395059579
4 0.7006578947368421 0.3992347149122807 0.7094298245614035 0.3992347149122807 0.7094298245614035 0.40899122807017546 0.7006578947368421 0.40899122807017546
4 0.6740878937753223 0.370941858501649 0.6841828874329394 0.3693430385108045 0.6860161052840112 0.38091753356586083 0.6759211118757094 0.38251635248425053
4 0.7092194271092467 0.3933799098735239 0.699526582015551 0.39218984694510445 0.7009547303491672 0.38055842519940436 0.7106475621314985 0.38174848729855365
4 0.7237810600784087 0.38980810505329067 0.7353555475933717 0.3916412367285709 0.7335329093575638 0.40314891985932594 0.7219584221491004 0.4013157894736812
4 0.581744278508772 0.3476455438596491 0.5899122807017544 0.3476455438596491 0.5899122807017544 0.3574561403508772 0.581744278508772 0.3574561403508772
4 0.602629009868421 0.35678153947368424 0.6151315789473685 0.35678153947368424 0.6151315789473685 0.3673245614035088 0.602629009868421 0.3673245614035088
4 0.6266719014238333 0.3683429693753314 0.6370950276120766 0.36574430308541345 0.6399300656877358 0.3771150295841544 0.6295069401243154 0.37971369414519096
4 0.6600877252625423 0.3892543859649123 0.6504946296322487 0.3892543859649123 0.6504946359648329 0.3782894736842105 0.6600877192983035 0.3782894736842105
4 0.6748039827489265 0.38750361168588765 0.6872660682581682 0.38992588109624704 0.6852383936782189 0.4003573642804083 0.6727763086092864 0.39793509641437247
4 0.5817618190418443 0.31198196936602657 0.5899122807016965 0.31183970614035095 0.5900960050460071 0.32236521421529796 0.5819455433879739 0.322507477368628