4 0.7239401552599247 0.40836061376386473 0.7345191625926191 0.4102258785951521 0.7324842246802064 0.42176659740106764 0.7219052177059666 0.41990133395225193
4 0.6261558787834929 0.3518481094608018 0.6386583360065288 0.34964367482910214 0.6406932777425709 0.3611844112384395 0.6281908208744653 0.36338884446932607
4 0.6035340612086202 0.32224915172396784 0.6159961406945058 0.32467145477378273 0.6137600945786517 0.3361749154871352 0.6012980154927163 0.333752613859674
4 0.6303545977046952 0.3321135324591748 0.6398699486161377 0.3343102471496714 0.6372337993457222 0.3457286672429976 0.6277184488770899 0.34353195388055224
4 0.651599252193023 0.35197368421056485 0.6515992577196812 0.3438905403807204 0.6600877211885745 0.3438905460936908 0.6600877192981898 0.3519736862873011
4 0.6756086687132665 0.3546914195971004 0.6862920155118672 0.3535685986672917 0.6873812864992033 0.3639323232238566 0.6766979397989417 0.365055143514088
4 0.6973639682017544 0.3638275307017544 0.7072368421052632 0.3638275307017544 0.7072368421052632 0.375 0.6973639682017544 0.375
4 0.7232456118421169 0.38157894736843373 0.7232456154879401 0.37454267749679804 0.7291666679133186 0.3745426807506818 0.7291666666666288 0.3815789482233064
4 0.5817071019737341 0.33991228070172497 0.5817071080842879 0.3315493338103002 0.5910087740618337 0.33154934038411826 0.5910087719298645 0.33991228329694234
4 0.6043130265835543 0.341170245067835 0.615014340185553 0.34023403616030634 0.6159393124488588 0.3508065281141759 0.6052379989135943 0.3517427364987118
4 0.6609673241287055 0.37416023886150257 0.6506412316614387 0.37119940710323707 0.6541405405702108 0.3589958695175386 0.6644666192257773 0.36195669916884493
4 0.6990320863332045 0.4017985408790259 0.708319793718033 0.3987809335440311 0.7113375658029781 0.40806868843033034 0.7020498592549984 0.4110862939468782
4 0.6777023536971001 0.3686216723288477 0.6887827026826017 0.37243677637514144 0.68496741249362 0.3835171884159474 0.6738870647577642 0.3797020869343864
4 0.6989314530296724 0.3824388065947662 0.7083643522216789 0.379911384508196 0.7113931730073091 0.3912151054678935 0.7019602744884423 0.39374252581254454
4 0.7220519473684135 0.4024122807017582 0.7220519573816091 0.3907386608071644 0.7313596525725643 0.3907386694420199 0.7313596491228509 0.4024122827735875
4 0.5806014228613776 0.3494705320603074 0.5898350423136662 0.34629126437304497 0.5931750330313434 0.3559913121164896 0.5839414144222701 0.359170578053004
4 0.6033870088270987 0.35612548829796503 0.6168905745741995 0.3582641574203903 0.614904579375775 0.37080323710044766 0.6014010139807624 0.3686645694812229
4 0.6282894736842105 0.36654028728070176 0.6381578947368421 0.36654028728070176 0.6381578947368421 0.37719298245614036 0.6282894736842105 0.37719298245614036
4 0.6600877252625423 0.3892543859649123 0.6504946296322487 0.3892543859649123 0.6504946359648329 0.3782894736842105 0.6600877192983035 0.3782894736842105
4 0.6759126191276437 0.38716807910382584 0.6878423799718121 0.3915099495966482 0.6838342841465419 0.4025221043515905 0.67190452485886 0.39818023692126575
4 0.5841736982123393 0.31104930074050163 0.5934613894941094 0.314066960877238 0.5895383097271178 0.3261409614864858 0.5802506193055024 0.3231233032098527