3 0.14271022259345045 0.8430089591131315 0.14282226535090103 0.8415527346490846 0.14610813631770725 0.8418054964915922 0.1459960942180487 0.8432617203398509
3 0.18505859429831162 0.24487304714911076 0.18631873819799694 0.24452937832405394 0.18705115916520754 0.24721492552849594 0.1857910152795057 0.24755859431770227
3 0.30245245325784254 0.3031839624891824 0.302734375 0.3046875000000557 0.29862176570907195 0.3054586150701498 0.29833984429819793 0.30395507785088915
3 0.48681640587574293 0.26757812493038824 0.48386987174615115 0.26875671192380585 0.48338159115166945 0.26753600907942676 0.486328125 0.2663574221491269
3 0.41815785855214926 0.31519401357994736 0.41796875 0.31396484429826416 0.4211976106489601 0.3134680966448183 0.4213867193570877 0.31469726573419105
3 0.4445969272100001 0.30668274780735766 0.4414399235249675 0.3079455120977156 0.4409179692983116 0.30664062499999495 0.44407497261420303 0.3053778607925048
3 0.45976050134925117 0.31246161978780523 0.4599609375 0.31396484429822075 0.45601098298334364 0.3144915049262137 0.45581054714921265 0.31298828070175794
3 0.447206733330745 0.3076400898102582 0.4465332028511284 0.30590820285087106 0.45098662532336675 0.30417631693668346 0.4516601559581659 0.3059082035103941
3 0.48095703070180207 0.28930664035085457 0.4812988356220558 0.2882812520208629 0.484375 0.28930664035091985 0.48403319525209554 0.2903320285344092
3 0.49731445285090103 0.25927734429824845 0.49836817116261045 0.25854786188731593 0.5007324221492127 0.2619628903508505 0.49967870393675184 0.2626923726415143
3 0.5393066401572923 0.2666015621128888 0.5398437594836878 0.26767577732340875 0.53691407200904 0.26914062076871764 0.5363769528507873 0.2680664057017358
3 0.5717773442983116 0.2583007807017332 0.572683437937485 0.25789808129775593 0.5737304692981979 0.2602539057017634 0.5728243756835809 0.26065660506475
3 0.5119628902075419 0.26611328048682564 0.5125263007196281 0.266958377281444 0.5103290354095407 0.2684232217037877 0.509765625 0.2675781250000052
3 0.5124511720188138 0.2670898441244496 0.5131836042534133 0.26806639923811715 0.5112304692983116 0.2695312500000328 0.5104980371706915 0.26855469498377893
3 0.544433590527774 0.26684569342471104 0.5458647651512365 0.266273236907201 0.546875 0.2687988278508715 0.5454438254116667 0.26937128430486496
3 0.5478027290191676 0.2660156136748032 0.549072265350901 0.26538085964912445 0.5503418015196075 0.2679199336049239 0.549072265236191 0.26855468755732487
3 0.5461425776045417 0.26171874999995237 0.546142577850901 0.26049804714911234 0.5495605472294756 0.2604980477060925 0.549560547149099 0.2617187503909367
3 0.1408691402509703 0.3215332028236309 0.142294548661539 0.32192193771203764 0.14156212768784826 0.3246074848351557 0.14013671929819793 0.3242187499999911
3 0.17724609429824562 0.30859375 0.1784667971491228 0.30859375 0.1784667971491228 0.31079101535087716 0.17724609429824562 0.31079101535087716
3 0.18920898456633495 0.32226562450351465 0.18942013992398188 0.3235325162027748 0.18649045229835792 0.32402079721579496 0.18627929714909897 0.3227539057017218
3 0.17477099872940016 0.32486699109744577 0.17529296929831162 0.3261718750000234 0.17264111070153376 0.3272326183666813 0.17211914035101472 0.3259277346491558
3 0.16925410382998507 0.26890652226855327 0.16772460964921265 0.2663574221491708 0.16912482642271698 0.2655172916843236 0.1706543205948492 0.2680663916343466
3 0.17301957334984763 0.7824577774390798 0.17309570285090103 0.7834472653509125 0.16975386372780576 0.7837043318144912 0.16967773464909897 0.7827148442982002
3 0.20950679668067096 0.7831982460390051 0.20971679714909897 0.7846679692982039 0.20626468728744385 0.7851611283488517 0.2060546875 0.783691405701724
3 0.154296875462137 0.7722167972261369 0.15136717294888058 0.7717286026575322 0.1516113138388846 0.7702637583674473 0.15454101535078735 0.7707519528508732
3 0.14426794944586163 0.5194516725600683 0.14355468749977263 0.5183105471491325 0.1457711131731685 0.5169252806766051 0.14648437509390533 0.5180664058521756
3 0.1523437506036771 0.5205078120170653 0.15124210485089407 0.5213890562217893 0.14916992214909897 0.5187988278509026 0.1502715675313766 0.5179175838775572
3 0.14819335964909897 0.5197753903508585 0.14924773912798628 0.5188528845486634 0.15112304714909897 0.520996094298263 0.15006866786620776 0.5219185998922199
3 0.16137304417509313 0.43821092444667936 0.16259765580673502 0.4379882806826694 0.16308984618387967 0.440695325590869 0.16186523456315172 0.4409179693138763
3 0.16259374702667628 0.44284959660769496 0.16381835964909897 0.44262695285088693 0.16431055002453832 0.4453339966512822 0.16308593741325694 0.44555664036665543
3 0.16601562211974397 0.4472656105987271 0.16747107991557186 0.44697453715768887 0.16796875 0.44946289035088155 0.1665132922189514 0.44975396374147825
3 0.17358398517023943 0.4650878900666365 0.17233527302175844 0.46576896171878357 0.1708704286388638 0.4630834158031571 0.17211914035090103 0.46240234429826016
3 0.19121096779019808 0.42612310593560493 0.1884765625 0.4274902346491068 0.18789062308235316 0.42631835686966396 0.19062502798396963 0.4249512282724289
3 0.15258789035078735 0.3364257807017196 0.15161131205024958 0.33544923509881336 0.15405271918757535 0.33300782973604254 0.15502929731610493 0.3339843751669941
3 0.15576171929819793 0.33447265570172385 0.15494735287313688 0.3333093138087291 0.15738875874671976 0.3316003306063953 0.15820312512209966 0.3327636723235239
3 0.17163085939887424 0.32373046875604444 0.17204531373010923 0.32462842438674405 0.1688714848503423 0.32609326797531907 0.16845703070180207 0.32519531249995787
3 0.563964844550128 0.2641601555506308 0.5629236506578081 0.2647848591534843 0.5614588062917392 0.26234345353156885 0.5625 0.26171874999999317
3 0.14355468757844392 0.3261718750156791 0.1423339817750957 0.3259277413585716 0.14282226535090103 0.32348632785088577 0.14404297086230144 0.32373046147792767
3 0.6437988278507873 0.22875976535090584 0.6446533263084575 0.2279052803325061 0.6469726559852234 0.23022460936560765 0.6461181576256649 0.2310790942860332
3 0.609130859649099 0.8823242192982331 0.6099333518293406 0.8812210559348951 0.6127929692981979 0.8833007807017772 0.6119904776993508 0.8844039435405943
3 0.5595873192040699 0.8559702566571616 0.558837890350901 0.8569335942982114 0.5566236184602076 0.8552113844379685 0.557373047149099 0.8542480471490818
3 0.5751953125 0.25244140570175494 0.5758415762018103 0.2513643209811522 0.5784983926553195 0.2529584116027013 0.5778521291010748 0.2540354961948388
3 0.1489257797911705 0.7868652346490762 0.14892578070168838 0.7854003903508314 0.15258789039557996 0.7854003921987187 0.1525878901273927 0.7868652358545746
3 0.7050781249998863 0.7023925778508953 0.705370313193157 0.7011266227647627 0.7085441403254435 0.7018590462654976 0.7082519526406941 0.7031250009106857
3 0.5966796877021352 0.17822265556024738 0.5954016323203177 0.17911728618509065 0.5936926476150575 0.17667588055277228 0.594970702850901 0.17578124999997705
3 0.575927734649099 0.09790039035090764 0.5770745364346794 0.09706635530974106 0.579027661325199 0.09975190255428848 0.5778808595752025 0.10058593755376491
3 0.5711230460542538 0.013974608201361921 0.5691601572206082 0.01659179610361854 0.5678710942983116 0.01562499999995916 0.5698339831280919 0.013007812107258793
3 0.6657714846462568 0.026855469296829432 0.6687988270302867 0.028369143527849222 0.6683105452302698 0.029345704925706734 0.665283202850901 0.027832030701767378
3 0.673583984649099 0.030761719298214817 0.6739484094342743 0.029972132314034654 0.6772460942981979 0.03149414035084188 0.6768816695291662 0.0322837273214249
3 0.6704101557959348 0.11108398458635917 0.6693396921236854 0.11179762425034838 0.667724609649099 0.10937499999998773 0.6687950732447234 0.10866136037089472
3 0.7500000003807372 0.5820312499365491 0.7473078464931859 0.5824798954112194 0.7470637064553785 0.5810150511174088 0.749755859649099 0.5805664057017608
3 0.7937012149816383 0.6018066601208291 0.793212890350901 0.6027832028508566 0.7897948781616151 0.6010741980899801 0.790283202850901 0.6000976557017867
3 0.7398682906994054 0.6749268829970206 0.7377929526893467 0.6770019358680538 0.736572265350901 0.6757812499999786 0.738647602992387 0.6737061974973778
3 0.6887207037084409 0.8066406238211191 0.6880027058738278 0.8076276764325192 0.685302734649099 0.8056640625000286 0.6860207323435361 0.8046770102931914
3 0.5888671877694378 0.2561035152610816 0.5873290979134254 0.25661620178140787 0.5863525354840249 0.2536865143097435 0.587890625 0.2531738278508805
3 0.5708007810499112 0.26269531236610894 0.569279303073813 0.2632804840082955 0.5680586002446262 0.2601066562120684 0.569580077850901 0.25952148464911906
3 0.6206054692983116 0.8898925778508452 0.6211840519999896 0.8888321009413147 0.6240234375 0.8903808596491367 0.6234448553387892 0.8914413360936608
3 0.6330566403016746 0.23291015561973327 0.6345215032097258 0.23535155136354677 0.6333008002654879 0.2360839734706123 0.6318359375 0.23364257785089246
3 0.6208496095994178 0.24389648456632862 0.6221421344425835 0.2460506569155035 0.6209214304132047 0.24678307793640564 0.6196289057018021 0.2446289057018
3 0.614990234649099 0.8869628903508673 0.6156013297642176 0.8859155514639324 0.6186523442983116 0.8876953125000184 0.6180412497598127 0.8887426508869993
3 0.671073430397314 0.8967757871500748 0.672119140350901 0.8977050778509119 0.6699910220672791 0.9000992124426438 0.6689453125 0.8991699221491538
3 0.6582031247789928 0.9055175776741489 0.6606447694806548 0.9074704043774362 0.6596682068227437 0.908691106983312 0.6572265625 0.9067382807017584
3 0.6708984387106511 0.91308593588613 0.6700486917225135 0.9142186459134677 0.6671190032426466 0.9120213816000018 0.66796875 0.9108886721491399
3 0.6704101557018021 0.9147949221490801 0.670825291657934 0.9135498345525891 0.674560547149099 0.9147949221491309 0.674145411996733 0.916040009062602
3 0.6035156251638227 0.1762695306198217 0.6022460915230567 0.17690429154065032 0.6010253886629471 0.17446288587456632 0.602294922149099 0.17382812500000594
3 0.6667480473108753 0.16943359415446382 0.6659600593781079 0.1701340216196941 0.6640069342852257 0.16793675526321153 0.664794922149099 0.16723632785085618
3 0.6828613278679541 0.18920898468338238 0.6813964717366616 0.18627930360529082 0.6828613159945007 0.1855468815589775 0.684326172149099 0.18847656250003272
3 0.685302734649099 0.20141601535089843 0.6850164976710857 0.20070043163845533 0.6875 0.19970703070177073 0.6877862370001822 0.20042261435573575
3 0.5923501168396115 0.2629932069604904 0.592041015350901 0.26196289035092557 0.5946616013491166 0.26117671437565243 0.5949707029019464 0.2622070308726891
3 0.6023454252340343 0.25989190715234506 0.602783202850901 0.26098632785082754 0.6000471524655495 0.26208074842114726 0.599609375 0.26098632785087933
3 0.5864257807016884 0.22900390570177565 0.587474445082421 0.22826985259771673 0.5893554692981979 0.23095703070175 0.5883068049877238 0.23169108372146585
3 0.5864257806678097 0.22631835956420562 0.5874023557810233 0.22875976075783042 0.5861816528328063 0.2292480414332009 0.585205077850901 0.22680664035090917
3 0.5902983538242097 0.2530896357154125 0.5913085942981979 0.25268554714913005 0.5923188346603183 0.2552111461608134 0.5913085942097496 0.2556152346845432
3 0.6101074221492127 0.242187499999976 0.6112475174126075 0.24155412526167921 0.612548827850901 0.24389648464912028 0.6114087326322988 0.2445298593245823
3 0.8696289057016884 0.8586425778509058 0.8711818628770516 0.8565724322122926 0.8721584260647433 0.8573048547523475 0.8706054692528369 0.859375000060584
3 0.6513671875 0.22631835964911623 0.6522686349497917 0.22571740434281742 0.6538085942981979 0.22802734429825758 0.6529071468950178 0.228628299546834
3 0.9858398442981979 0.40063476535085024 0.9850557058630329 0.3999626796314217 0.986572265350901 0.39819335964914143 0.987356403652484 0.39886544527328993
3 0.552490234649099 0.8549804692982307 0.5532039871842471 0.8539100796486571 0.5554012517532101 0.8553749237677781 0.5546874996338147 0.856445313049169
3 0.5827636728781727 0.8688964837119071 0.5819222069740135 0.8699781209754107 0.5795898442983116 0.868164062499956 0.5804313100053378 0.8670824256592049
3 0.6655819230642237 0.2344956301292775 0.6650390625 0.2336425778508863 0.6679141702707057 0.23181296336319274 0.6684570308210596 0.2326660155383751
3 0.6103515625 0.2233886721491228 0.6120605471491227 0.2233886721491228 0.6120605471491227 0.2263183596491228 0.6103515625 0.2263183596491228
3 0.6169433596594445 0.15283203072232454 0.6157226508748863 0.15039062741340492 0.6166992133540816 0.14990234675247147 0.617919922149099 0.15234375000002282
3 0.6801757807019158 0.23559570285091072 0.6807175205601652 0.23429554898510116 0.683837890350901 0.2355957028508375 0.6832961506785296 0.236895856558903
3 0.6850585945004468 0.23437499971115977 0.6843589353479729 0.23537449643168226 0.681884765350901 0.23364257785084414 0.6825844244730206 0.23264308123786911
3 0.6826171875 0.22314453070175977 0.6839743377342984 0.22088264951100164 0.6851950404449099 0.22161507179409345 0.6838378903358944 0.22387695287586426
3 0.6849365300978434 0.22058104891362038 0.6840820307016884 0.21972656249996925 0.6859130785759362 0.217895513707573 0.6867675778981948 0.21875000004732115
3 0.685546875 0.2182617192982452 0.6845098104632825 0.2173543006076493 0.6862792971492127 0.21533203070178886 0.6873163615777003 0.21623944931186612
3 0.13159179714909897 0.7875976557017021 0.13152704145852567 0.7863675087367102 0.13616571307875347 0.7861233712945485 0.13623046941529537 0.7873535175747556
3 0.13842773496787686 0.8366699209805453 0.13810089777973644 0.8378680705212692 0.1354153500483335 0.8371356491156934 0.1357421875 0.8359375000000383
3 0.13208007700620783 0.8378906235166375 0.13208007785090103 0.83935546929825 0.12890625025079316 0.8393554701878159 0.12890625 0.837890625
3 0.11035156249977263 0.00024414035054954434 0.11220941372653215 0.0025664538605784082 0.11098871087506268 0.0035430163599964367 0.10913085964921265 0.001220702850854074
3 0.6535644524318514 0.8979492185441744 0.6542094741537312 0.8991099710276353 0.6520122087584923 0.9003306742329976 0.6513671875 0.8991699221490819
3 0.5922851557018021 0.8749999999999657 0.592929784936814 0.8741406958818517 0.5948829092885717 0.8756055409137401 0.5942382803611963 0.8764648447521545
3 0.06713867193479928 0.8532714844777126 0.06984827279609362 0.8554386831420387 0.06887171011385362 0.8566593857231011 0.06616210964921265 0.8544921875000023
3 0.6326026682851307 0.8930851178150238 0.632080077850901 0.8940429692982199 0.6293602220371213 0.8925594135796383 0.6298828125 0.8916015624999828
3 0.03759764611231731 0.8227538577541615 0.038818359649098966 0.8225097653508844 0.039306650868638826 0.8249512202021473 0.03808593735413979 0.8251953125291585
3 0.005615234649098966 0.8234863278508792 0.006821054048373298 0.823352375884339 0.007080077850901034 0.8256835942982437 0.005874258458106851 0.8258175462253224
3 0.5468749999998863 0.8515625000000446 0.5474535738378563 0.8505020172762897 0.5502929692983116 0.8520507807017977 0.5497143959776167 0.8531112629805685
3 0.1287841799422722 0.020141600766311392 0.12670898464727998 0.018066405699899674 0.12744140570180207 0.01733398464914875 0.1295166009906552 0.019409179709463733
3 0.1272156016405006 0.35400108406905906 0.12744140570180207 0.3554687500000003 0.12424924127458326 0.3559598531747558 0.1240234375 0.3544921875000531
3 0.026513674639090823 0.15742186884210854 0.02407226485956926 0.15620117166214628 0.024658202850901034 0.15502929714912517 0.027099612503661774 0.15624999429105377
3 0.09790039035090103 0.17700195285092682 0.0980894957443752 0.17577278161693127 0.10131835964909897 0.17626953070174306 0.10112925437670128 0.1774987018276927
3 0.05859375006536993 0.19873046880795767 0.05840184695841799 0.20016972506345107 0.054739737108320696 0.19968144359418408 0.054931640350901034 0.1982421875000059
3 0.05688476541286036 0.21386718709685193 0.05669001455635225 0.21513304979473327 0.05322265570180207 0.21459960964916433 0.05341740667574868 0.213333747096212
3 0.0517578125 0.23095703070175438 0.05493164035087719 0.23095703070175438 0.05493164035087719 0.232421875 0.0517578125 0.232421875
3 0.08959960964909897 0.35986328070172874 0.09051557822385803 0.3588328572644692 0.0927734375 0.36083984429824395 0.09185746910395665 0.3618702675646611
3 0.09228515561335371 0.3540039056310851 0.09487546861851115 0.3560760725008417 0.09389890714578542 0.3572967763434654 0.09130859429819793 0.3552246096491394
3 0.12323598526256774 0.35718620081587704 0.123046875 0.3559570307017214 0.12627573392603608 0.355460283390941 0.12646484436538685 0.3566894532871392
3 0.1691894528508772 0.9047851557017543 0.17236328070175438 0.9047851557017543 0.17236328070175438 0.90625 0.1691894528508772 0.90625
3 0.09350585964909897 0.8764648442982453 0.09468750898088274 0.8762500496028726 0.09517578948964456 0.878935595765163 0.09399414017877916 0.8791503903821545
3 0.03330059497579896 0.8205079050193042 0.03452150028658707 0.8229492100728616 0.033447265350901034 0.8234863278508667 0.03222636046984917 0.8210450231643563
3 0.0012207028509010343 0.8142089846491216 0.002676168315247196 0.8139179501597786 0.0031644499431422446 0.816359355980315 0.0017089845051714292 0.8166503903796694
3 0.600830078064746 0.8798828126282966 0.5987475727512219 0.8786336025025716 0.5994799953007259 0.8774128997614137 0.6015625 0.8786621096491372
3 0.0778808603147354 0.8530273437160223 0.07696470525513632 0.8538288025122679 0.0751953125 0.8518066403508892 0.0761114671836367 0.8510051818342173
3 0.03812548665439408 0.8151789543231199 0.038330077850901034 0.8164062500000118 0.0353608406795729 0.8169011230686681 0.03515625 0.8156738278509319
3 0.031005859768924893 0.7907714829719035 0.03091785409435488 0.7920033399155152 0.027499884207713876 0.7917592007332194 0.027587890350901034 0.7905273442982996
3 0.015152998406279039 0.7956480343756296 0.015625000000113687 0.7968750000000212 0.012434891344014432 0.7981019651154148 0.011962890351014721 0.7968749999999655
3 0.07153320267570962 0.8586425778190337 0.07275782098270156 0.8588651852122898 0.0722656253308287 0.8615722654110235 0.07104100704532357 0.861349658098013
3 0.04516607198570455 0.8857421953980612 0.044921874989427124 0.8872070307651512 0.041992130389303384 0.8867187404815838 0.042236327850901034 0.8852539057017405
3 0.09350586012828899 0.8789062499521006 0.09227306640502775 0.8790295003063467 0.09202892637779314 0.8765880946120655 0.09326171929819793 0.8764648442982493
3 0.07299804688352651 0.41552734395680896 0.07386571359995742 0.4166428570437545 0.07153320285090103 0.4184570307017625 0.07066553636263961 0.41734151782414175
3 0.10668945354893822 0.881103515223987 0.1052285034813849 0.8813690797164323 0.10473632785078735 0.8786621096491319 0.10619727686730585 0.8783965452546041
3 0.1279296875 0.8742675778508738 0.12937731348119996 0.8739459580731516 0.1298828125 0.8762207028508715 0.1284351865512008 0.8765423225286795
3 0.12007587009532017 0.9350815484174224 0.11938476535090103 0.9338378903508782 0.1216233482826965 0.9325942330941451 0.12231445304917088 0.9338378907077021
3 0.12719726595446446 0.9223632807394692 0.12572292101026505 0.922271158034057 0.1259670623707052 0.9183649080468891 0.12744140570180207 0.9184570307017567
3 0.03623667423335064 0.9562555503495711 0.036865234649098966 0.9577636721491123 0.03383168456286967 0.9590276517783944 0.033203125 0.957519530701743
3 0.126953125 0.9572753903508351 0.12660635200040815 0.9548486463988759 0.12831533615837998 0.954604506750234 0.12866210966228664 0.9570312500922348
3 0.17504882785090103 0.9523925778508695 0.17647981204777352 0.9521724872444014 0.1769680936012037 0.9553463152320314 0.175537109427637 0.9555664057358133
3 0.19507836255854727 0.9488645764048119 0.1962890625 0.9489746096491227 0.19603491923362526 0.9517701889013537 0.19482421929819793 0.9516601557017542
3 0.190429687747951 0.8972167971987037 0.18920897166640316 0.8969727134097252 0.18969726535078735 0.894531249999993 0.190917980627205 0.8947753337060433
3 0.03558953066556114 0.8181236961826573 0.03540039030144726 0.8168945303801292 0.03862921902884864 0.8163977885198744 0.038818359798710844 0.817626953822578
3 0.06860351535087719 0.8598632807017543 0.06982421929824562 0.8598632807017543 0.06982421929824562 0.8623046875 0.06860351535087719 0.8623046875
3 0.0029296875 0.4453125000000078 0.0026622150794537447 0.44415352151358983 0.00583604287783146 0.44342110015830954 0.006103515475160748 0.4445800783892329
3 0.6511230473462319 0.22900390557034164 0.65005257943983 0.2297175399575595 0.6484375 0.22729492214910155 0.6495079677481499 0.22658128783406295
3 0.06616210964912281 0.7890625 0.06982421929824562 0.7890625 0.06982421929824562 0.7905273442982457 0.06616210964912281 0.7905273442982457
3 0.049376991086546695 0.42938950532070946 0.05029296929819793 0.4304199221491038 0.048035118348821015 0.4324269012732109 0.047119140350901034 0.43139648464909086
3 0.009521484649098966 0.44409179714909847 0.009157233216228633 0.44290804965133024 0.012451172149098966 0.44189453070173407 0.012815423735560216 0.4430782779242612
3 0.02247779875199285 0.44340152716473175 0.019320782343015708 0.4446642599911475 0.018798827850901034 0.44335937499999717 0.02195584372623216 0.4420966422934231
3 0.08911132785090103 0.47045898464910046 0.08996584902195082 0.46960452115733053 0.09228515576000973 0.4719238277925578 0.09143063479007196 0.4727782910831936
3 0.07177734429819793 0.457275390350894 0.07274078419436592 0.45652609655828635 0.07446289035090103 0.45874023464911673 0.07349945058456342 0.4594895282951019
3 0.09765625 0.4506835942982412 0.09845783760965787 0.44976755083825093 0.10041096223267232 0.4514765347888077 0.09960937479468157 0.4523925780854591
3 0.06079101495924988 0.52539062421679 0.06147465619824288 0.5267577896988576 0.05854496866970749 0.528222634421023 0.05786132785078735 0.5268554692982426
3 0.06186570883198783 0.5268177255519951 0.0622558596626277 0.5278320307365747 0.058983900492762587 0.5290904770478142 0.05859375 0.5280761721491471
3 0.07202148464909897 0.6660156250000355 0.07147121377477106 0.6648235312371216 0.07470703070180207 0.6633300778508858 0.07525730168504197 0.6645221711837154
3 0.04461360019718086 0.6825494170572293 0.04345703070168838 0.6821289057017478 0.044497728316741814 0.6792669887773138 0.045654297149098966 0.6796874999999881
3 0.04541015536449322 0.6914062498962362 0.04681695107728956 0.691839046235524 0.04584038994471484 0.695012874038419 0.04443359429819793 0.6945800778508675
3 0.021513667134513526 0.7126855783199358 0.02294921929819793 0.7128906249999937 0.022431646444715625 0.7165136408966261 0.02099609429819793 0.7163085942982468
3 0.052490234649098966 0.7885742192982336 0.05239686950471878 0.7873606972679311 0.05557069700739703 0.7871165572671782 0.05566406257560175 0.7883300788339186
3 0.05419921929819793 0.7910156249999983 0.05419922021360435 0.7895507805779294 0.057617187812638804 0.7895507823116774 0.0576171875 0.7910156261310967
3 0.07836914035090103 0.7897949221491536 0.07836914126494321 0.7883300777272857 0.08178710996128302 0.7883300794583642 0.08178710964909897 0.7897949232785041
3 0.7082519535357505 0.8493652333940881 0.70762672331864 0.8505112380689447 0.7049411754525181 0.8490463945723142 0.7055664057018021 0.8479003903508732
3 0.033935547149098966 0.7917480471491082 0.03393554801152732 0.790283201241309 0.037353515350901034 0.7902832028509144 0.03735351509192242 0.7917480481555035
3 0.6872558605176664 0.921386717809608 0.6867687503432762 0.9222215490309997 0.6838390619801658 0.9205125654732895 0.684326172149099 0.9196777346490931
3 0.9599609375 0.6533203124999617 0.9604928134474449 0.6523453339158918 0.9632467392419812 0.653847475898154 0.9627148636482161 0.6548224541777408
3 0.4338378909618541 0.7990722636401713 0.43347327433298233 0.800092993744088 0.43005530531058866 0.7988722921530931 0.43041992214909897 0.7978515624999676
3 0.9780273450240884 0.7490234366836122 0.9771247808397447 0.7500386491560276 0.974609375 0.7478027346490838 0.9755119388991034 0.746787522566148
3 0.931396484649099 0.8349609374999885 0.9321936569365334 0.8336326003935168 0.9346350616898462 0.8350974447352679 0.9338378899553845 0.8364257813606921
3 0.853515625 0.876708984649137 0.8526580334457776 0.8756372449176254 0.855099439741366 0.8736841208167501 0.855957031063781 0.8747558601015804
3 0.8521727514103077 0.8763428730664642 0.8530273442981979 0.8771972653508604 0.8516846705218768 0.8785399392167038 0.8508300778507873 0.8776855471491062
3 0.843750001108674 0.9987792956252293 0.8429157986546443 0.9999259772083963 0.8402302505975285 0.9979728531533081 0.841064452850901 0.9968261721491593
3 0.8984375 0.9946289057017538 0.899360265121004 0.9936039220159568 0.9018554692981979 0.9958496096490828 0.9009327047203897 0.9968745928132646
3 0.8862304692981979 0.9963378903509164 0.8867677108815997 0.995263734586071 0.8894042971492127 0.9965820307017605 0.8888670561285608 0.9976561859860529
3 0.9124610861912288 0.9916346753553869 0.9130859375 0.9926757807017493 0.9105369604202451 0.9942051673783169 0.9099121096492127 0.9931640624999709
3 0.9338378902594968 0.963623046601295 0.9342801052980576 0.9662755819059974 0.9328152615357794 0.9665197222257105 0.932373047149099 0.963867187499968
3 0.9296875007620429 0.9621582018714189 0.9290300842291117 0.9630032146077209 0.926832818276921 0.9612942316899651 0.927490234649099 0.9604492192982167
3 0.9091796875 0.8540039057017387 0.9098930226882658 0.8528628247231919 0.912109375 0.8542480471490864 0.9113960402546581 0.855389127739655
3 0.9589986474992429 0.5991603419258483 0.957763672149099 0.5996093749999916 0.9567728377419371 0.5968845801046804 0.9580078125 0.5964355471491242
3 0.9555664052558086 0.8010253899607535 0.9566035523700975 0.8019327149944051 0.9548945689925858 0.8038858400967329 0.953857422149099 0.8029785153508754
3 0.9517614954219198 0.7726262569885523 0.952392577850901 0.7734375000000314 0.9500939724764521 0.7752253052330565 0.949462890350901 0.774414062500041
3 0.9799804691657528 0.741943359569623 0.9828169343011268 0.7436449532538523 0.9820845120783588 0.7448656559099902 0.979248047149099 0.7431640624999757
3 0.7239174169862963 0.09249287925288509 0.7249371440425421 0.09362590607907245 0.722455274148956 0.09585958927192026 0.721435547149099 0.09472656249995826
3 0.9738771226330982 0.7551271220996656 0.9718017470825089 0.7572021374007099 0.970947265350901 0.756347655701754 0.9730226406126121 0.7542726406894152
3 0.6938476557940021 0.09301757778633153 0.6927989974686852 0.0937516365658697 0.6909179692981979 0.09106445285088925 0.6919666275550753 0.09033039410512672
3 0.38110351535087716 0.9689941403508773 0.3823242192982456 0.9689941403508773 0.3823242192982456 0.9711914057017543 0.38110351535087716 0.9711914057017543
3 0.9509277346492127 0.682373047149079 0.9517428611479772 0.6813251764941873 0.954345702850901 0.6833496096491267 0.9535305767436739 0.6843974799446528
3 0.9912245849175179 0.5924824258209704 0.9914550778510147 0.5937500000000037 0.9885117425449153 0.5942851516872736 0.9882812499998863 0.5930175778509258
3 0.9047851567278258 0.8498535138120744 0.9039211424804989 0.8511492513178124 0.9008789057016884 0.849121094298282 0.9017429198236186 0.8478253574054627
3 0.8903808589730033 0.8413085934532506 0.8913337285652005 0.8424994223132576 0.8888923219263916 0.8444525476803164 0.887939452850901 0.8432617192982499
3 0.8869628892773562 0.8415527332538778 0.8877979828654361 0.8426381190268412 0.8846241554780363 0.8450795255656383 0.8837890625 0.8439941403508998
3 0.757080077850901 0.29125976535082143 0.7570800780951004 0.2888183594748707 0.7585449222353873 0.28881835964908303 0.758544922149099 0.29125976536698434
3 0.763916015350901 0.18530273464916253 0.7633725466163241 0.18410711617976078 0.7660580938016892 0.18288641247037687 0.7666015625629825 0.18408203084085487
3 0.764404297149099 0.18701171929829016 0.7638608281407642 0.18581610045449867 0.7666015621804263 0.18457031179689273 0.767145031214568 0.18576593053880888
3 0.7297508310838339 0.16416160765458618 0.731201172149099 0.16430664035087703 0.7309425285640145 0.16689307983591287 0.7294921875 0.1667480471491283
3 0.717041015350901 0.155761719298279 0.7165527308144419 0.15478515761905706 0.7189941402023123 0.15356445255374326 0.7194824247495717 0.1545410141701916
3 0.7782958938723823 0.18083496194138024 0.7788085942981979 0.1823730471491118 0.7756591849084771 0.18342285041703005 0.775146484649099 0.181884765350889
3 0.8007812499453166 0.1748046870904931 0.8009454336892077 0.1760360509789955 0.7972833239600732 0.17652433306506798 0.797119140350901 0.17529296929826124
3 0.8033788064387863 0.17723494029730466 0.803466797149099 0.17846679714912259 0.7998926780828697 0.17872209138124195 0.7998046875 0.17749023464908784
3 0.818372567887991 0.17130753958328343 0.8188476557018021 0.17285156250002404 0.8154164933446282 0.17390730347277827 0.8149414057016884 0.17236328070172022
3 0.9594726564001803 0.7949218740024334 0.9587729147076516 0.7959213132531098 0.956298827850901 0.7941894528508971 0.9569985694403158 0.793190013965438
3 0.7202148442388534 0.12036132777164715 0.7209765650757163 0.12137695052894693 0.71875 0.12304687499998285 0.7179882792207763 0.12203125229507811
3 0.713623047149099 0.9348144528509117 0.714346990933791 0.9336771313401784 0.7172851557018021 0.9355468749999848 0.7165612125594407 0.9366841959465254
3 0.904052734649099 0.17138671929829838 0.9039517097843373 0.17017443410896824 0.9069824220799774 0.16992187416982008 0.9070834470315958 0.17113415926332853
3 0.9899902348703336 0.2321777345163675 0.9888772359342966 0.23284552317323234 0.9873046875 0.23022460964914915 0.9884176862505001 0.22955682106417044
3 0.9760742192983116 0.41870117214911856 0.977529676664517 0.41841009659428263 0.9780273442981979 0.4208984375000012 0.9765718869458624 0.42118951300760304
3 0.8195800777673412 0.13354492194874384 0.8201218124502248 0.13484507802428064 0.8171921249339675 0.13606578099079358 0.816650390350901 0.13476562499998107
3 0.8259277345284772 0.16723632767847774 0.8268223758382192 0.16851437553370735 0.8243809690511625 0.17022336025732626 0.8234863278507873 0.16894531249995387
3 0.7711181591048444 0.18835449748796632 0.7719726557018021 0.1892089846491556 0.7700195307396598 0.1911621096870559 0.7691650342110279 0.19030762259407544
3 0.762451172149099 0.19750976535088477 0.7633846545583083 0.1969496830132324 0.7648925778507873 0.1994628903509025 0.763959095478981 0.20002297263892457
3 0.7680664058804041 0.1987304692332712 0.7668314437701156 0.19917954050418907 0.7658548823807223 0.19649399338144416 0.7670898442981979 0.19604492214913527
3 0.986083984649099 0.593505859649139 0.9858139661521363 0.5922909064018491 0.9880371095244982 0.5917968744390539 0.9883071281976754 0.5930118274365961
3 0.7417335404263667 0.9502140312571734 0.7410522911829958 0.9514626471081965 0.7382812499998863 0.949951172149094 0.7389624992839572 0.948702556868335
3 0.9855957031601292 0.34155273430129235 0.984908728618052 0.3423255534219025 0.982666015350901 0.3403320307017908 0.983352989804871 0.33955921170155406
3 0.09740349365097245 0.05826631424904277 0.09667968749988631 0.05712890570179428 0.09961799102836721 0.05525907617638867 0.10034179717479219 0.05639648468940268
3 0.9760742192639782 0.41186523464531566 0.9773068321889014 0.412002184989225 0.9770507807274953 0.414306640353742 0.975818167805869 0.4141696900298123
3 0.9775390624502052 0.21801757776790556 0.9792839696491455 0.22092571184102403 0.9780632666887641 0.2216581339344499 0.976318359649099 0.21874999999997444
3 0.9633789055518491 0.24511718693816104 0.9636990294867473 0.24631762838109608 0.9600369208853863 0.24729419127236293 0.9597167971488716 0.24609375000004557
3 0.1140136721669478 0.04785156251071281 0.11139275025880124 0.04627900946092053 0.11212517243109232 0.045058306615107666 0.11474609429808424 0.04663085964910844
3 0.9560546875 0.18139648464911667 0.9571519529092711 0.18071070090039804 0.9584960942981979 0.18286132785088327 0.9573988289263298 0.18354711155136336
3 0.41088867214909897 0.7937011721491108 0.4113606735161284 0.7924742060513531 0.414550780701461 0.7937011721490927 0.4140787799331065 0.7949281377398819
3 0.733642577850901 0.1174316403508766 0.7343750008180905 0.11669922020258082 0.7365722671436288 0.11889648567533878 0.7358398442173666 0.11962890578267946
3 0.39990234535105174 0.7951660127943421 0.3993663030919379 0.796467581907421 0.39521591033997083 0.7947585991075963 0.39575195285090103 0.793457030701798
3 0.7446777315250301 0.12539062496480097 0.7451171874998863 0.12670898464910238 0.7418945337240075 0.12778320389620115 0.7414550778510147 0.12646484429825122
3 0.761962890350901 0.12060546929822125 0.761474606931074 0.11938476696465254 0.763916015350901 0.11840820285086762 0.7644042987925559 0.11962890512605102
3 0.9270019530059699 0.13427734421364507 0.9256677309424504 0.13500509746627165 0.9242028877193889 0.1323195503565996 0.925537109649099 0.1315917971491445
3 0.895751952850901 0.14160156250001193 0.8967116165181324 0.1403677166842558 0.8989257807016884 0.1420898442982751 0.8979661171158568 0.14332369003925657
3 0.894287109649099 0.14208984429825738 0.895246774062116 0.14085599739635044 0.8974440392602219 0.14256498111563984 0.8964843749282636 0.14379882794305748
3 0.912109375 0.10620117214912915 0.9131287073212206 0.10583050720331107 0.9141052697710847 0.10851605438481816 0.9130859374585043 0.10888671931331477
3 0.9911621090363951 0.04433593719703605 0.990478515350901 0.04296874999994931 0.9937011716780262 0.04135742252075079 0.9943847653692046 0.0427246096857111
3 0.7571777343590611 0.01704101601982216 0.7578125 0.018310547149146303 0.7552734377783281 0.01958007826839504 0.754638672149099 0.018310547149119918
3 0.7378621051968821 0.055847708861598115 0.7387695307016884 0.05688476535086625 0.7367472697775383 0.05865424396497629 0.7358398442981979 0.05761718750002939
3 0.8146972652987188 0.2111816402466193 0.8159179831247911 0.2136230402357823 0.8144531398235131 0.2143554623596685 0.813232422149099 0.21191406250000033
3 0.7571044949074803 0.18903808576897124 0.756738280227296 0.1879394534502609 0.7613525353990553 0.1864013683054768 0.7617187501572289 0.18750000047131318
3 0.7573405744592492 0.18480816203774006 0.7578125 0.18603515570180598 0.754622315751476 0.18726214924698936 0.7541503903507873 0.18603515570175008
3 0.7502946482187554 0.19031182792415421 0.750732422149099 0.19140625000002964 0.7479963681176969 0.192500671981847 0.7475585942981979 0.19140624999999875
3 0.47583007785090103 0.8164062499999774 0.47637301170198043 0.8155532425532079 0.47924804714909897 0.8173828125000363 0.4787051137097933 0.8182358195851359
3 0.37586452338803156 0.7849034912301465 0.3759765625 0.7834472653508926 0.3792624287758599 0.783700025663965 0.37915039027632247 0.7851562509699007
3 0.34643554714912284 0.9650878903508773 0.34790039035087716 0.9650878903508773 0.34790039035087716 0.9680175778508773 0.34643554714912284 0.9680175778508773
3 0.47283421864722186 0.8372309916673505 0.4716796875 0.8361816403509046 0.47418726704245273 0.8334233052670326 0.47534179757155925 0.8344726560857284
3 0.7651367192983116 0.7619628903508338 0.7656796431267594 0.7611098765985963 0.7685546875 0.7629394528508731 0.7680117640558137 0.76379246626552
3 0.7453613287145799 0.9499511712856742 0.7443846321111778 0.9509276004215872 0.7421875 0.9487304692982769 0.7431641961644573 0.9477540406010849
3 0.28686523464909897 0.7119140624999977 0.2879920636530642 0.7114446233980983 0.28930664035090103 0.7145996096491117 0.28817981144618443 0.7150690485767
3 0.45874023464921265 0.8093261721491516 0.4594575848924478 0.808096675240258 0.46240234429819793 0.8098144528508662 0.4616849946509092 0.8110439492429226
3 0.49267578052661065 0.8215332026757288 0.49487327508279577 0.8237302413644235 0.4938967134741006 0.8247068036592217 0.49169921929819793 0.8225097653508684
3 0.7516363987501791 0.18866791650154038 0.7519742400892255 0.1897658886247117 0.7486288565597761 0.1907952373630097 0.748291015350901 0.18969726535089296
3 0.5059984335230183 0.8233772926106192 0.5048828125 0.8225097653508855 0.5066968796645597 0.8201773953240155 0.507812500146315 0.8210449222629136
3 0.512939452850901 0.8266601557017794 0.5120848720432605 0.8258057518379228 0.5141601557018021 0.8237304692982416 0.5150147361939617 0.8245848728468878
3 0.5192871092650648 0.8269042968611034 0.5201074834182009 0.8275194490028136 0.5186426393398733 0.8294725741013863 0.517822265350901 0.828857422149128
3 0.5190429692981979 0.829345702850902 0.520630051462831 0.8277589558336133 0.521362472270539 0.828491378227685 0.5197753903133844 0.8300781250374618
3 0.5441894521239874 0.8256835934907892 0.5450028988354916 0.826587234198441 0.5425614934712257 0.8287844999828247 0.541748047149099 0.8278808596491183
3 0.541259765350901 0.8488769528508918 0.5419359505746115 0.8478628990140794 0.5448656368716911 0.8498160254979134 0.5441894521694621 0.8508300788727886
3 0.49414062489506705 0.9538574221403788 0.49537311628103 0.9539601010658539 0.4951289760297186 0.9568897885306686 0.49389648464909897 0.9567871096491211
3 0.5031738285923666 0.9763183595255738 0.5019465167190447 0.976522852108038 0.5014582363363616 0.973593164641389 0.502685547149099 0.9733886721491183
3 0.5048828117353423 0.9716796868884445 0.5061036524130031 0.9726560769694531 0.504150390350901 0.975097655701737 0.502929550079898 0.9741212660733466
3 0.30932617214912284 0.7802734375 0.31274414035087716 0.7802734375 0.31274414035087716 0.7814941403508773 0.30932617214912284 0.7814941403508773
3 0.28540039035090103 0.7319335942982744 0.28466793150380454 0.7314453676784015 0.2861328125 0.7292480471491214 0.28686527103241133 0.7297362736255216
3 0.862792969588213 0.8007812501739757 0.8602796272033402 0.7992735397049336 0.8610120486408732 0.7980528369414215 0.8635253903507873 0.7995605471490975
3 0.09448242220787506 0.052734374941274725 0.09350585957656676 0.05371093729406585 0.09130859309459538 0.05151367197787563 0.09228515570168838 0.05053710964913368
3 0.802734375 0.7683105471491685 0.8033591715045532 0.7672694078001097 0.805908202850901 0.7687988278508342 0.8052834067626691 0.7698399668376118
3 0.838466653178557 0.7865040973729285 0.8406933674787069 0.788173817362941 0.83984375 0.789306640350889 0.8376170359458683 0.7876369206446221
3 0.7470412801769726 0.9526754297229663 0.744384765350901 0.9506835942982571 0.7452929381373679 0.9494726970410731 0.7479494521768402 0.9514645320289228
3 0.07758792647757673 0.7090819606137588 0.07641601535090103 0.7084960942982519 0.07768551162996573 0.7059571031662308 0.07885742215762548 0.7065429693024872
3 0.07341947682562022 0.7086431666694858 0.07202148464909897 0.7080078124999839 0.07330903933188893 0.7051751931924917 0.07470703070180207 0.7058105471491444
3 0.24536132785090103 0.9628906249999992 0.24630034059521222 0.9627028754037349 0.24682617214909897 0.9653320307017608 0.24588715942638828 0.9655197802240982
3 0.19681011303669038 0.0688247174806869 0.19750976535090103 0.06982421929827907 0.19503558977805824 0.07155614213620526 0.1943359375 0.07055664035087411
3 0.3381922162959654 0.32835480316237853 0.3350327428994433 0.32914464477805655 0.33471679714921265 0.32788085964911234 0.33787627015283306 0.32709101808484387
3 0.33541587904881 0.33130597218875296 0.33515505720470173 0.33008884326582283 0.33862304714909897 0.32934570285087544 0.33888386914929924 0.33056283155658833
3 0.33447265570180207 0.33178710964911595 0.3358398517235628 0.33110353416963734 0.33715820285090103 0.33374023464913616 0.33579100689632924 0.33442381002647775
3 0.3681640625 0.3120117192982444 0.3684176005938298 0.31074406661046905 0.37207970987662975 0.3114764884370488 0.3718261720392775 0.3127441409000568
3 0.275390625 0.577148437500025 0.2753906254057483 0.5747070306481256 0.27661132799516963 0.5747070309163748 0.27661132785090103 0.5771484375068078
3 0.5161132807016884 0.9926757807017584 0.5186035904954451 0.9918459263481326 0.5190918721090156 0.9933107708714145 0.5166015624064357 0.9941406250311924
3 0.5174018488233969 0.9954254282114916 0.516845702850901 0.9938964846491328 0.5197075261055488 0.9928558231736816 0.5202636723965952 0.9943847660310334
3 0.4707031247115765 0.9738769521781744 0.4719536003996154 0.9767938806903241 0.4702446150886317 0.9775263027061772 0.46899414035090103 0.974609374999973
3 0.7907714842538098 0.7556152343855981 0.7917856612556307 0.7562912345459193 0.7903208171867391 0.7584884999544517 0.789306640350901 0.757812499999984
3 0.8220214845267719 0.7780761720574076 0.8247951059192928 0.780156003956022 0.8240626836312686 0.7811325662462781 0.8212890625 0.7790527346490957
3 0.2846972242159609 0.7287207580759804 0.2856738440840445 0.7294531041714265 0.2841796875 0.7314453125000143 0.28320306780767623 0.7307129666073493
3 0.8562011723773821 0.7976074223202517 0.8538181936040701 0.7958205327926181 0.8545506160013474 0.794843970386073 0.8569335942983116 0.796630859649143
3 0.8684082034077392 0.8024902340128599 0.8677275586021551 0.8032679617327726 0.8657226557016884 0.8015136721491485 0.8664033003303757 0.8007359446823076
3 0.7358398442983116 0.9458007807017121 0.7365269106907135 0.9450280425860831 0.7387695307018021 0.9470214846491198 0.7380824646588735 0.9477942224305136
3 0.784423827850901 0.7150878903508954 0.7836597272900008 0.7138873464733669 0.7863452748111968 0.7121783627367239 0.7871093753162768 0.7133789061987725
3 0.4765624996252882 0.984130858150529 0.4768785350431699 0.9853946244289781 0.4739488472538369 0.9861270464075681 0.4736328125 0.9848632807017181
3 0.7953011655140472 0.6383226169099359 0.7961425778507873 0.6394042971490795 0.793810161997385 0.6412183992259186 0.79296875 0.6401367192982311
3 0.7482911201387878 0.6076660935112845 0.7466503783564349 0.6098535059693503 0.7453613278507873 0.608886719298274 0.7470020695025141 0.6066993071667798
3 0.8610839846492127 0.6381835942982343 0.8625394460325424 0.6378925385664651 0.863037109649099 0.6403808596491274 0.8615816482868013 0.6406719153089818
3 0.9006347659567382 0.657714843346336 0.8999812694586353 0.6587416316191778 0.8972167971492127 0.6569824221490821 0.8978702936019545 0.6559556342130582
3 0.853759765350901 0.6137695307017266 0.8544327911175742 0.6126159059866669 0.8573624777751547 0.6143248917224343 0.8566894524304871 0.6154785160715267
3 0.859375 0.5881347653508728 0.8600747019983146 0.5871352975367475 0.862548827850901 0.5888671875000114 0.8618491261549934 0.5898666550435971
3 0.853705859716456 0.5603512496824564 0.852783202850901 0.5593261721491203 0.8552785157619383 0.5570803923422689 0.8562011724052354 0.55810546958271
3 0.9245605471491227 0.3364257807017544 0.9260253903508773 0.3364257807017544 0.9260253903508773 0.33911132785087716 0.9245605471491227 0.33911132785087716
3 0.9196441410817897 0.3560690095276487 0.9184570307018021 0.3557128903508794 0.9192230456416155 0.35315950587449363 0.9204101557016884 0.3535156249999847
3 0.8046875 0.2719726557017619 0.8058691424408835 0.27175781678582045 0.8063964846492127 0.2746582028508695 0.8052148422152641 0.2748730417404461
3 0.8039550778508773 0.2609863278508772 0.8051757807017543 0.2609863278508772 0.8051757807017543 0.263671875 0.8039550778508773 0.263671875
3 0.709716797149099 0.202636719298244 0.7123535230743983 0.20131837288774887 0.7128418037366373 0.2022949343407993 0.7102050778405555 0.20361328070692375
3 0.7211914122233338 0.1992187628079905 0.7185546862369847 0.20053710844293945 0.718017577850901 0.19946289035085255 0.7206543036766107 0.19814454476397814
3 0.775146484649099 0.7724609375000151 0.7763185311098368 0.770117273482822 0.7777833737168294 0.7708496962161421 0.7766113277842805 0.7731933597823049
3 0.7379631762682948 0.9949116377493352 0.737060547149099 0.993896484649089 0.7395758869456586 0.991660628495727 0.7404785156863909 0.9926757810791189
3 0.8518066410315441 0.8889160145731575 0.8509142178902493 0.8899356820350465 0.8486328125 0.8879394528508442 0.8495252353487786 0.886919785807278
3 0.77734375 0.9514160153508333 0.7788683978511699 0.949510732220672 0.7800891001270429 0.9504872952878182 0.7785644527423301 0.9523925779865653
3 0.733398436464654 0.99194335887283 0.7345313723554909 0.9927928046607933 0.7323341076318002 0.9957224924661996 0.731201172149099 0.9948730471491352
3 0.7412109375 0.9926757807017856 0.7402342701191174 0.991943499490301 0.7416992191454028 0.9899902345344929 0.7426758860401605 0.9907225154759995
3 0.8398437507047447 0.9956054691808294 0.8369140380339104 0.9960936067180699 0.8366698982702019 0.9946287624273733 0.839599609649099 0.9941406249999978
3 0.771886511389539 0.96372348362715 0.7705078125 0.9633789057017601 0.7710822395245032 0.9610812028959802 0.7724609375 0.9614257807017447
3 0.7774450527604131 0.9518255048388579 0.778076172149099 0.9526367192982408 0.7757776036642099 0.9544244948182253 0.7751464846492127 0.9536132807017789
3 0.7745018387636264 0.9537403860444152 0.775634765350901 0.9545898442982788 0.774082145608304 0.9566600050831422 0.7729492192981979 0.9558105471491005
3 0.7734374999998863 0.9370117192982396 0.7740235641350637 0.9358399060367824 0.7764649689370344 0.9370606100742332 0.77587890533664 0.9382324228792033
3 0.8342285160379106 0.8801269515919192 0.833649937926566 0.8811874293815615 0.8308105471492127 0.8796386721491236 0.8313891252929579 0.8785781948191017
3 0.7867400436234675 0.9425317917558165 0.7875976557845661 0.9436035154543447 0.7850372991148333 0.945651801044148 0.7841796875001137 0.9445800778509112
3 0.7966308589100208 0.9343261714101938 0.7974854652682097 0.9351805493653035 0.795288200278037 0.93737781507673 0.7944335942983116 0.9365234375000354
3 0.8029354101842046 0.9278185150230153 0.802001952850901 0.9270019528509134 0.8039981836617471 0.9247205479788082 0.8049316405252966 0.9255371098017215
3 0.8117675775172302 0.9172363275172892 0.8126221803478302 0.9180907099137025 0.811157337232089 0.9195555542979423 0.810302734649099 0.9187011721491013
3 0.8168947892617098 0.9133302498063203 0.8153545543837026 0.9156400153135114 0.814453125 0.9150390624999942 0.8159933598068392 0.9127292973411572
3 0.8190920130674613 0.9116213096327775 0.8172607268938918 0.9134521325439153 0.81640625 0.9125976557017241 0.8182375358661602 0.9107668330978899
3 0.8735351554004183 0.8549804689969913 0.8741455757512995 0.8555907529243839 0.8726807326860353 0.8570555962625686 0.8720703125 0.8564453125000111
0 0.410069534589411 0.31175831653317837 0.41015625 0.313232422149087 0.4058484343897817 0.31348582461128227 0.40576171929819793 0.31201171929825183
0 0.6452636730450649 0.8955078102608066 0.644808971569546 0.8966442893216399 0.6411468607921051 0.8951794477478259 0.6416015625 0.8940429692982225
0 0.936279296426278 0.5285644513148618 0.937026295704527 0.5301516874593301 0.9326171875 0.5322265625000193 0.9318701889559406 0.530639326980243
0 0.33251953098340437 0.3032226557017544 0.32739257755554263 0.3032226557017544 0.32739257785090103 0.3020019528508771 0.33251953070180207 0.3020019528508771
0 0.525146484649099 0.27832031250001504 0.5246337787004904 0.2767822289520357 0.5290283094574306 0.27531738667482925 0.5295410055003913 0.2768554699223428
0 0.5548437168657756 0.2685135767288261 0.555191593411223 0.26983547726441 0.5503967040829139 0.27109729061714155 0.550048827850901 0.26977539035090076
0 0.552978515147629 0.2736816394361227 0.5533117031935717 0.2751809491481036 0.5489171723701247 0.2761575122802017 0.5485839846492127 0.2746582028508322
0 0.948486327850901 0.5310058596491307 0.949907852425099 0.5304136092345809 0.952392577850901 0.5363769528508828 0.9509710534535998 0.5369692029544175
0 0.17871093727353582 0.3220214836866386 0.17906315115112648 0.32351834303216825 0.17491276066380124 0.3244949061804432 0.17456054714909897 0.3229980471490978
0 0.10364708501742825 0.0585186298422354 0.10424804714909897 0.05957031250002001 0.10069861778799805 0.061598557618417184 0.10009765570168838 0.06054687499996003
0 0.05517578070168838 0.18481445285084738 0.05533096249462233 0.18334024545065453 0.05996963437860359 0.18382852796250912 0.05981445279610398 0.18530273516965037
0 0.08886718743235633 0.17309570283637216 0.0902677220564101 0.17339581465153542 0.0895352999663146 0.17681378393634348 0.08813476535090103 0.17651367214912916
0 0.952880859649099 0.5266113278509024 0.9541105799344223 0.5251875639589695 0.9594816703845481 0.5298262391129974 0.9582519509576741 0.5312500021919114
0 0.8916018935976808 0.955078388741855 0.8894340335949664 0.9577874610448208 0.8881835942981979 0.9567871096491495 0.8903514539730395 0.9540780379777655
0 0.8773536056579587 0.8565623791004208 0.876220702850901 0.8557128903508763 0.8785057705116515 0.852666136980022 0.879638672560418 0.8535156253084034
0 0.6899414057018021 0.5505371096491144 0.6905962253124471 0.5493786915835065 0.6963481765214965 0.5526297984185443 0.6956933576552728 0.5537882158411349
0 0.35107421929819793 0.7841796875000229 0.3512842216258605 0.782709959581108 0.35815429714909897 0.7836914057017664 0.3579442961765835 0.7851611324028727
0 0.4978027346488716 0.9606933596491618 0.4981502617864635 0.9589562241257721 0.5042537743576077 0.9601769334264376 0.5039062490260449 0.9619140673680963
0 0.07885742214909897 0.47070312500000266 0.07746740763855087 0.4700544951913738 0.0791763919562527 0.4663923857666834 0.0805664057818376 0.4670410153882367
0 0.08276367163603027 0.3999023438278822 0.08379184927832739 0.40084479385230526 0.08110630242174466 0.40377448049691994 0.080078125 0.40283203070175083
0 0.02954101655257091 0.9812011721491227 0.02392578070168838 0.9812011721491227 0.02392578195679107 0.9797363278508773 0.029541015350901034 0.9797363278508773
0 0.9494628920492687 0.5371093746226084 0.9477309205001347 0.5374942237296298 0.9462660774337337 0.5309024267465599 0.9479980471492127 0.5305175778508657
0 0.4775390625 0.38378906250000744 0.4776998460723689 0.38234208170549483 0.48209437735408756 0.38283036485280947 0.4819335941898544 0.38427734527373963
0 0.14457308814417047 0.34319964970627115 0.14331054714909897 0.34179687499999856 0.14839566300781826 0.3372202738009369 0.14965820362556315 0.3386230480098123
0 0.02441406088723852 0.9870605471491748 0.0244140625 0.9855957028508884 0.029296875538079803 0.9855957070165468 0.029296875 0.9870605502403129
0 0.0571289044517016 0.4265136699376486 0.05803835105098187 0.4281225990275359 0.052423117963712684 0.43129642841201543 0.051513672149098966 0.4296874999999561
0 0.9150390642893171 0.8251953066857566 0.9145638917020733 0.8267393041273812 0.907958984649099 0.8247070307017546 0.9084341579839474 0.8231630346006693
0 0.6040901944049892 0.2545530032998701 0.6045668744633304 0.25639158753199387 0.5976446487601379 0.2581862394205474 0.5971679692981979 0.2563476557017028
0 0.4233398440006795 0.30908202957113107 0.42374781110220283 0.31063225623962404 0.4191091388415771 0.31185296096608356 0.41870117214909897 0.31030273464914837
0 0.499755860374421 0.962890619199132 0.49954546717492576 0.9645733061530299 0.49368609020757503 0.9638408883469807 0.49389648464909897 0.9621582028509142
0 0.5942382807016884 0.8764648442982655 0.5947872584729339 0.8752887403741548 0.5987700560249323 0.877147381390336 0.5982210790652971 0.8783234846240929
0 0.6606445336724391 0.9091796822454604 0.6598395568597653 0.9106035175935552 0.654224320301978 0.9074296937269225 0.655029297149099 0.9060058596490831
0 0.6198997937989361 0.2497458289175371 0.6203613278510147 0.25097656249998146 0.6164283309678922 0.2524514362356234 0.615966797149099 0.2512207028508891
0 0.502197265852601 0.3884277339801971 0.50140622742083 0.3894824042065525 0.49835936926149316 0.3871972616390825 0.4991504075984494 0.38614259164986736
0 0.9926156913109025 0.3483961833210339 0.992431640350901 0.3469238278509293 0.9963979795577416 0.34642803584317533 0.9965820307829745 0.34790039100179376
0 0.9726562506112941 0.3254394520729707 0.9716904513163627 0.3266686123253893 0.9682617192981979 0.3239746096491432 0.9692275184646633 0.32274544966172775
0 0.6418457044222805 0.8994140593580751 0.6413084886378329 0.9004882287947624 0.6369139562414148 0.8982909658633317 0.637451172149099 0.8972167971490927
0 0.6807933195775604 0.2524701264725367 0.680419922149099 0.25097656250001643 0.6844410553796934 0.24997128101654462 0.6848144529641331 0.2514648447521312
0 0.49584960964909897 0.3840332028508993 0.49693980261974957 0.3831412675136027 0.49926757785090103 0.38598632785086456 0.4981773850551008 0.3868782629958848
0 0.3398437501571152 0.7814941373649643 0.33976617839402934 0.7829677513348957 0.3351275053187237 0.7827236131545929 0.33520507785090103 0.7812500000000521
0 0.05710847007856046 0.8411111428189142 0.056884765350901034 0.8398437500000104 0.06129973252654963 0.8390646404209247 0.06152343781968739 0.8403320325128553
0 0.06192260903594615 0.8400534359431295 0.062255859649098966 0.8415527346491521 0.0577062967324764 0.8425637506616126 0.057373047149098966 0.8410644528508784
0 0.024658202850877192 0.9809570307017543 0.03149414035087719 0.9809570307017543 0.03149414035087719 0.9826660153508773 0.024658202850877192 0.9826660153508773
0 0.024658200409362507 0.9853515624999554 0.024658202850901034 0.9836425778509269 0.03100586046400622 0.9836425848263446 0.031005859649098966 0.9853515678486259
0 0.24731445352176706 0.9614257807017542 0.24584960964909897 0.9614257807017542 0.24584961044195097 0.9580078125000001 0.24731445285090103 0.9580078125000001
2 0.3583984366379127 0.03295897847870477 0.3590434298780565 0.03757576229003939 0.32584030475413783 0.04221443862735668 0.3251953125010232 0.037597655701719856
2 0.3588867192983116 0.036621094298244485 0.358419526246621 0.03351759543888534 0.3811246041885852 0.03009962908331158 0.38159179753699846 0.033203127580218185
2 0.3929655190208905 0.09588481168166241 0.40718534121947414 0.07291439600869902 0.41284179714909897 0.0764160153509126 0.3986219772458526 0.09938642901658648
2 0.22192382785090103 0.012695312500022664 0.23108347946310914 0.00636437781610213 0.24389648464909897 0.0249023442982657 0.23473683337488183 0.03123327857181862
2 0.23120117217717961 0.009033202836826707 0.22895507929308678 0.010156249498693247 0.22607421929819793 0.0043945307017623884 0.22832031215762072 0.0032714840473078936