0 0.4190804763154574 0.9556885086217825 0.4259754716537145 0.9602425619225179 0.4118864179499724 0.9815677850225968 0.4049914364034066 0.9770137489034787
2 0.13992198026312508 0.9429824561403888 0.13992200679479083 0.9281887182542083 0.14802632523458215 0.9281887362972243 0.14802631578947967 0.9429824571029755
2 0.16812445065784232 0.9440789473684461 0.16812446942969927 0.9387133967112414 0.18421053271060828 0.9387134402532592 0.18421052631572365 0.9440789785366434
2 0.16113839199954327 0.9263345239117609 0.15084856249995937 0.9242184539473707 0.15609278089357304 0.8987240740807338 0.16638253827386507 0.9008401363937841
2 0.1522056254184463 0.8682910668010856 0.16296095091217921 0.8724068599098389 0.1525764101676259 0.8995371410461366 0.14182109320177005 0.8954213640350821
2 0.1349538641492245 0.9131319073852884 0.1261610372806672 0.9122807017543849 0.1280894478582013 0.8923657801565102 0.13688222669338757 0.8932169834463124
2 0.10131250986842133 0.8947368421052994 0.10131256212207518 0.8731472002296647 0.11293861494721114 0.873147235776188 0.11293859649117621 0.8947368438645638
2 0.37821897891819845 0.36349243358117295 0.38700599635410526 0.3678304110606617 0.3767322329686067 0.3886400769755839 0.3679452192982353 0.38430210526316155
2 0.15668342278127056 0.4636545993598055 0.16575992684727225 0.46986046464390413 0.15075414881164306 0.49180591686999525 0.14167765460524606 0.4856000635965063
2 0.39146323479474177 0.5452919051674593 0.402207308138145 0.5490324895707823 0.3897002032867931 0.5849531730487184 0.37895613596492694 0.5812126008772078
2 0.48294759027146483 0.6021216529640975 0.4718375350877295 0.5996663311403583 0.47696171317318203 0.5764825876027425 0.4880717225769331 0.5789379041730566
2 0.5967161673968349 0.5969328095783927 0.6060184055527316 0.6006088447672726 0.5979922143594649 0.6209169016437682 0.5886899802632115 0.6172408739035163
2 0.7190199652615092 0.7079178084744606 0.7201612882719246 0.7184242044657305 0.690323399576414 0.7216649668685425 0.6891821140350203 0.7111586052631785
2 0.8377257938209368 0.8046608132943289 0.8440839586573929 0.8162765292570905 0.8123272792114449 0.833655745629158 0.8059691754385767 0.8220400822368688
2 0.8570135869565547 0.8234402499019514 0.8614859444721787 0.838986421231625 0.8176474654035246 0.8515951244709317 0.813175213815839 0.8360490438596261
2 0.9380347491238581 0.7217720438502757 0.9302409436437529 0.72564534112447 0.920766013157845 0.7065829396929831 0.9285597882811771 0.7027096514450022
3 0.2579284326747029 0.3240221737288627 0.2652343432635007 0.3291198332436317 0.25371393803686715 0.34563018717045 0.2464080317981825 0.340532532894723
3 0.025837223458665903 0.18533120889224572 0.03300841295197188 0.1918805540644554 0.0188636438543881 0.20736814916249088 0.011692458333300237 0.20081880811403563
3 0.008925889503075268 0.20241814720665682 0.0007863421052434205 0.1958510723683957 0.013124253075488923 0.18055905404535255 0.02126379452818128 0.18712612510148774
3 0.08912530582449563 0.21171449199164424 0.07712275598237284 0.22553993498859481 0.06986751676697622 0.21924138926038564 0.0818700635965115 0.20541595065787926
3 0.11052806432439866 0.23285336904713008 0.11676933042861037 0.23698593453938352 0.1077434413912215 0.2506171688862144 0.1015021772881255 0.24648460588366305
3 0.12525969559771966 0.23130716523261274 0.13308056879725427 0.23728772197368075 0.12000776814352321 0.2543829302669601 0.11218689912277569 0.24840237828944361
3 0.3073802105601544 0.30174820827887944 0.31164245217712505 0.3087607369416733 0.29663417024846694 0.3178825535429904 0.2923719353070737 0.31087003070170627
3 0.26361046941963195 0.22377327019750107 0.27280348205204064 0.2254062124887301 0.26977853267317187 0.24243556004782657 0.26058552030281135 0.24080261876176534
3 0.3899121629426645 0.38283331545694704 0.3957648915293248 0.38847780969092727 0.3834156886829305 0.4012819893300587 0.3775629660087816 0.3956375010964628
3 0.3982669793072091 0.38467324250444496 0.4066241931765262 0.38721180085853674 0.401119883346837 0.4053317399556523 0.392762670729212 0.40279318449297646
3 0.623647571103902 0.42835291075472015 0.6328090479948969 0.4327817546347632 0.6230677222562235 0.4529314062040047 0.6139062496429233 0.4485025689825369
3 0.7950998446768835 0.53626713105374 0.7867914111842538 0.5311442127193051 0.7967727350373934 0.5149577316847429 0.8050811492078083 0.5200806422149215
3 0.7649474220490902 0.4806935185274021 0.7710617215511775 0.48742085060443324 0.759033600245175 0.49835209475171466 0.7529193092104833 0.49162477083336803
3 0.878270956823826 0.5974332241672284 0.8792863282509416 0.6059049528736915 0.8606352961650146 0.6081400857950097 0.8596199407894574 0.5996683717104817
3 0.45978338156623977 0.9292092643199991 0.46500262004008164 0.9354067726804783 0.4496839575123204 0.9483039182442032 0.4444647379385742 0.9421064276315391