2 0.027126124665414864 0.6005183347026465 0.06634758487200543 0.5923139535065477 0.1217286568784175 0.8570255830784718 0.08250727127847313 0.8652297136768213
2 0.3114035104009645 0.8782894736842105 0.309195905701813 0.8782894736842105 0.3091959096211667 0.8688143640350877 0.3114035087536422 0.8688143640350877
2 0.30960515694334845 0.891020900853401 0.3064543186054607 0.8919220547534313 0.3032419286884078 0.8806927730935166 0.3063927576754395 0.8797916206140394
3 0.7152717600245069 0.14962274739271836 0.7185168877252863 0.15105232943911684 0.7141681913075217 0.16092372656244924 0.7109230638238841 0.1594941448810098
3 0.5992164232114874 0.04027636622109521 0.6040481514994553 0.04126292101626593 0.6029497681133762 0.04664233539621702 0.5981180398357537 0.045655780636994714
3 0.6072350877037707 0.008151753284754865 0.6131495170156995 0.00994690987106113 0.6114229470175587 0.0156353694975221 0.6055085177127921 0.013840212930573808
3 0.5712719294078852 0.07820595915455429 0.5740487356756603 0.08004065253142127 0.5693547017179981 0.08714505241062143 0.5665778956065424 0.08531035923068979
3 0.00586485665166947 0.7050882503016669 0.008495994517488725 0.7018347247807396 0.015355511959455725 0.7073811997342039 0.012724377421136523 0.7106347221664039
3 0.03300687370028754 0.7517931923396742 0.03604471077699145 0.7483435998493981 0.04445775349029191 0.7557511528113361 0.041419921070769306 0.7592007408620588
3 0.04686519342658357 0.76475789633604 0.04339269843467264 0.7672920081658472 0.03854084182114548 0.7606446806774014 0.04201333223693382 0.7581105712718972
3 0.052387488732506426 0.7802127917097118 0.04812485763318364 0.7812822543113611 0.045666815010122264 0.7714868440017899 0.04992943640343128 0.7704173826754463
3 0.05816296924126618 0.7911449984633205 0.054154874071514314 0.7928642973891162 0.05026524976608471 0.7837983626760535 0.05427333662271394 0.7820790657894907
3 0.03199599855827273 0.7918802564117473 0.03504267363541658 0.7894312429914997 0.04119184330329517 0.7970796013415199 0.03814517084720137 0.799528611853739
3 0.033615986134577724 0.7807503299505338 0.029682612084002358 0.7830178943438487 0.02500405608714118 0.7749038447704644 0.028937423245679383 0.7726362828947093
3 0.02744552302408465 0.7728580601095837 0.02851692543856643 0.7678963728069743 0.03712730069469217 0.7697553166349671 0.03605590417498661 0.7747169988022813
3 0.017701878700336238 0.749352154614838 0.013963985712962312 0.7521255015518521 0.007443104567983028 0.743338203135905 0.011180991228116 0.7405648596491146
3 0.046052628364464 0.7318620229963693 0.048100295861445375 0.735373522302497 0.04077932944142049 0.7396419027202767 0.03873166578978271 0.7361304067484707
3 0.023488308287596738 0.7333934991931141 0.027103112938675622 0.7306310888157671 0.03260914412078364 0.7378349262525934 0.028994341928409995 0.7405973338225221
3 0.02631578600494322 0.6972512616242458 0.028754436144595275 0.701412964136328 0.021218820275294092 0.7058279726307596 0.018780174611265466 0.7016662740020543
3 0.020325592851691 0.7191272598619854 0.015633093874612314 0.721265363494872 0.011019930765201025 0.711142417927908 0.01571241995611672 0.7090043168859724
3 0.018788398662422878 0.7204311517847741 0.02279608459514293 0.7190988875366606 0.025614040951836614 0.7275744489216689 0.021606355634503416 0.7289067118575246
3 0.04662962826762396 0.8096298522546614 0.042793665499857525 0.8119591641445889 0.03684781419133287 0.8021693393084968 0.040683768640406015 0.7998400307017296
3 0.053261777236230046 0.8315337527985887 0.04864395848665026 0.8327237686336042 0.04591966046325524 0.8221543990631599 0.05053746710530049 0.8209643848684173
3 0.10039170034417566 0.9616228077957659 0.1003917061428865 0.9519922314317462 0.10416666714047551 0.9519922357455748 0.10416666664252716 0.9616228068067053
3 0.12513217822959177 0.9773904423943992 0.12149697093082068 0.9798843610146066 0.11460035478910413 0.9698345566457441 0.11823555263151775 0.9673406425438907
3 0.5372117453972578 0.05780335300096452 0.5405366967556802 0.05886467616300274 0.5377495605841887 0.06759630621686451 0.534424609267262 0.0665349831480902
3 0.5409750041478674 0.0611028200866551 0.5439168464091608 0.0622000153342697 0.540942050546505 0.07017614252265177 0.5380002083333011 0.0690789473684241
3 0.54935902590978 0.06737043509037481 0.5524811033549213 0.06903654362299422 0.5476641092013779 0.07806296914170158 0.5445420318858396 0.07639686079814487
3 0.602679081706242 0.025800305680752266 0.6055342127192489 0.02141566666667054 0.6124373524447719 0.02591076068910288 0.6095822215939961 0.03029539956030303
3 0.7379385968278029 0.162280701754386 0.7363078867235799 0.162280701754386 0.736307887078965 0.1534646315789474 0.7379385964912899 0.1534646315789474
3 0.7492591736620398 0.1681694262900282 0.7523177652664117 0.16927164607817 0.7493030180091864 0.1776373072494037 0.7462444265350996 0.17653508771931262
3 0.7351272179680564 0.14129639333611507 0.7314663612370396 0.14245243545703207 0.7292036443490133 0.1352870945687464 0.7328645000000051 0.13413105263158073
3 0.7555748945451342 0.06335080760309621 0.7594806902013715 0.06181059671810631 0.7638052778474957 0.0727772331900841 0.7598994822932355 0.07431744388664348
3 0.6741115230263404 0.04009450767543771 0.6765104477580053 0.04000130936137596 0.6768728284716872 0.049328984023330094 0.6744739037403633 0.04942218233146105
3 0.6804765315995382 0.042232715944342185 0.6835433013238799 0.04322696017491308 0.6805274780260788 0.05252933187959122 0.6774607083333422 0.05153508771931171
3 0.6853528484755316 0.044699054703357353 0.688348378535693 0.04643932448811372 0.68437694445754 0.05327535740150202 0.6813814144737762 0.051535087719325905
3 0.664782484236639 0.0744939349921209 0.6618418901766745 0.07280086842396483 0.6677631570902349 0.06251656203681573 0.6707037505549351 0.06420962838579111
3 0.6718926699561507 0.07785087723825318 0.6718926701728378 0.06875498354714664 0.6732456141143075 0.06875498363940674 0.6732456140350678 0.07785087719295221
3 0.6758826337719483 0.07108268969298394 0.6786519882630273 0.07090219283683202 0.6791744493805254 0.07891827498566169 0.6764050948910381 0.07909877182523109
3 0.6892460460918528 0.046969448040155376 0.6931000646842449 0.04831047800854163 0.6891994326088025 0.059520589876412726 0.6853454140798476 0.058179560036900696
3 0.7872807017543859 0.00447209100877193 0.7905701754385965 0.00447209100877193 0.7905701754385965 0.015350877192982455 0.7872807017543859 0.015350877192982455
3 0.7861842105719461 0.02631578947368421 0.7836224407894861 0.02631578947368421 0.7836224408995349 0.017065266447368423 0.7861842105251071 0.017065266447368423
3 0.7667305607684511 0.019671952179758666 0.7701085427630687 0.01709701973686971 0.7770857448100514 0.026250215026097465 0.7737077629072928 0.028825147364174176
3 0.757761660116671 0.057905777714289654 0.7539445064027177 0.0583660255115421 0.7527798370311984 0.048706621662708886 0.7565969901315839 0.0482463739035063
3 0.7571230381191754 0.09750477267167096 0.7537648673180684 0.09885285282859636 0.750226538349466 0.09003862765494451 0.7535847083388489 0.08869054768135011
3 0.7357456150258486 0.17982456140350878 0.7318976876041461 0.17982456140350878 0.731897688748063 0.16941583004385966 0.7357456140351815 0.16941583004385966
3 0.7733405106633882 0.07296868848290132 0.7764227270976107 0.07412974860411779 0.7733444850116484 0.08230141087866338 0.7702622686404084 0.08114035087720932
3 0.8178927771964482 0.10055050563262517 0.8217457690650463 0.09924669077897819 0.8251934835923294 0.10943523310108846 0.8213404918310516 0.11073904773066953
3 0.7647135828267437 0.10526315800257988 0.7647135833333323 0.09612805592102257 0.7675438597590301 0.0961280562095146 0.7675438596490949 0.10526315789471337
3 0.7412243099134912 0.10006063002054857 0.744723679792969 0.09898116743628639 0.7477216058135809 0.10869972378271144 0.7442222360105006 0.10977918619186981
3 0.7451004516641433 0.11273173034473866 0.7418853323251824 0.1149155457525527 0.7365972903947977 0.10713026133020398 0.7398124089912699 0.10494644627193193
3 0.7620614038802387 0.1304824561403509 0.7594413340103756 0.1304824561403509 0.75944133442988 0.12225790350877193 0.7620614034689197 0.12225790350877193
3 0.7581257633984251 0.1318650226522895 0.7612024848687042 0.13320948457585824 0.7570151796290929 0.1427918300507398 0.7539384583333231 0.14144736842103547
3 0.7495201353391394 0.13063827851675056 0.7463788866057257 0.13229578589027988 0.741331766607118 0.12273071096963709 0.7444730142543676 0.12107320394735648
3 0.7467446677147791 0.13754829067262164 0.742762490701125 0.1391604821378257 0.7388260701144418 0.12943741809305528 0.7428082456140146 0.12782522697367632
3 0.7261783620804181 0.16447368454060562 0.7261783631065555 0.15250085459262547 0.7302631578839964 0.15250085528821788 0.7302631580392926 0.1644736840570013
3 0.8813340718249947 0.2634868192560183 0.8841664043167157 0.2650747654861472 0.8794656303382453 0.27345909379153027 0.8766332982924041 0.2718711481853067
3 0.0004404567749816124 0.6962554198499236 0.003734514254347232 0.693285536184194 0.009767530463250296 0.6999760883509869 0.0064734757027054 0.702945969170444
3 0.9357117236114618 0.037610983543003025 0.9392548762421029 0.03808009073402437 0.9379005996604519 0.048308895875670464 0.9343574470364047 0.04783978871648418
3 0.950466557238201 0.026296586725186824 0.954215293478228 0.026407300150856263 0.9538599757887596 0.038438288238258754 0.9501112395490736 0.0383275748191905
3 0.7233512477495196 0.16741170376684714 0.727007750024768 0.16751041304634454 0.7267318564407788 0.17773028820037273 0.7230753541666672 0.17763157894736872
3 0.7211993336965179 0.18859649136643328 0.7211993345352994 0.17565802218238177 0.7247807017544119 0.17565802302630884 0.7247807022042707 0.18859649091490172
3 0.7170249053151565 0.18517393247042133 0.7203928520866612 0.18367471595846388 0.7240325872818403 0.19185118914729749 0.7206646407422568 0.19335040527394998
3 0.7157723467138339 0.19347897399772404 0.7189564814308369 0.19170048225435843 0.7236848476121622 0.2001658459966511 0.7205007132648689 0.20194433722286886
3 0.7361438930116719 0.18422755605482427 0.7332562190473482 0.1863129152223946 0.7280806899573236 0.1791462402349094 0.7309683629385972 0.17706088157895428
3 0.7329290688376204 0.19558619515773787 0.7294225422791669 0.1964022977666802 0.7267619381523218 0.1849706722643173 0.7302684624128233 0.18415456993417534
3 0.7218817052430495 0.2096805607315026 0.7185638903506515 0.21180713384186928 0.7123642526986487 0.20213477189840323 0.7156820657894514 0.20000819956143304
3 0.7407598782895093 0.20394736860807788 0.7407598791310193 0.19261675322959956 0.7423245617095517 0.19261675357832805 0.7423245614035068 0.20394736842100294
3 0.7503363793665585 0.12272484209066782 0.7467109131456482 0.1228686127487447 0.7463214175005533 0.11304672045858886 0.7499468824489668 0.11290294982570113
3 0.8397308299644237 0.016986195152636153 0.8428167785473306 0.017871558201196958 0.8401401042724501 0.027201152493450422 0.8370541557018214 0.026315789473687037
3 0.8525077225876885 0.03289473685060333 0.8525077227529891 0.024835024104390445 0.855263157962213 0.02483502419387709 0.855263157894683 0.032894736842155284
3 0.8442982456140351 0.07834102192982456 0.8475877192982456 0.07834102192982456 0.8475877192982456 0.09100877192982457 0.8442982456140351 0.09100877192982457
3 0.8219091378566645 0.1594216406869261 0.8253357130436143 0.1612859439208157 0.8198056097394328 0.17145014720487903 0.8163790349327655 0.1695858445145572
3 0.710413792458553 0.21050766171050295 0.7135364810949341 0.2089773861655885 0.7188750728257673 0.21987119340542347 0.7157523845819469 0.22140146834106386
3 0.720138463877106 0.21087274472567896 0.7229364874513067 0.2088956862968026 0.7272681333760147 0.21502594595582938 0.7244701102043791 0.21700300390328747
3 0.7244812439965926 0.2791592492275077 0.7213238685728811 0.28086874907257986 0.7171797909295492 0.27321498605909106 0.7203371644736762 0.27150548684209985
3 0.7174435359037261 0.28075263216191476 0.7211467171017603 0.27992570186308274 0.7231417466986159 0.28885967746775615 0.7194385656076747 0.28968660743807234
3 0.7199223375793053 0.29972136953430994 0.717180481453056 0.3020542827732691 0.7112055279429796 0.2950321512946623 0.7139473826754283 0.2926992390350851
3 0.8295835327962777 0.26893679196131043 0.8259433800847091 0.26728214784403226 0.8314018733077546 0.2552739328539891 0.8350420227177437 0.2569285760997809
3 0.8217319273436487 0.2507848120095103 0.8252356111614745 0.25202618558282186 0.8215258269245851 0.2624965644493238 0.8180221433748329 0.26125519141535347
3 0.8031209682017106 0.24516257785087803 0.8067086219740531 0.24500650264480947 0.8071164810959317 0.2543816608057208 0.8035288273272272 0.2545377359560257
3 0.7860497763158492 0.2306972478070138 0.7883334929003922 0.23053788894422025 0.7890760683932285 0.2411793023250357 0.7867923518151656 0.24133866112672697
3 0.9490125074825073 0.03882222579994178 0.9525277715773655 0.04022949134439262 0.9489470864731402 0.04917382064481595 0.9454318224278495 0.047766555191531744
3 0.9382109678224424 0.08223684216893343 0.9382109682017017 0.07341863267545692 0.9407894737938705 0.07341863288149436 0.9407894736841627 0.08223684210524768
3 0.878847208315392 0.1318258456994311 0.8819172319206245 0.13400709774561603 0.8755285860117965 0.14299880513936017 0.872458562828001 0.14081755359712853
3 0.8833763537516006 0.3059210529380811 0.8833763563596904 0.29520921600874966 0.8870614043094065 0.295209217509936 0.8870614035088238 0.3059210526315482
3 0.9365535406449226 0.09592566215578241 0.9337073298141831 0.09412838767968268 0.9387145482456845 0.08619884649124462 0.9415607585159478 0.08799612073272195
3 0.8572063815789761 0.09868421061777961 0.8572063825558871 0.08730076067837167 0.8607456144411572 0.08730076115612515 0.8607456140350678 0.09868421052630366
3 0.8787067626619773 0.09133130567264335 0.8813868174925119 0.09267389572044515 0.8770188436024 0.10139314449250472 0.8743387888988536 0.10005055463711887
3 0.9159224674915549 0.13189723254332214 0.911903274013639 0.13048801213750583 0.9162648399858426 0.118048589401611 0.9202840316153242 0.1194578094523439
3 0.9322420404012064 0.10934858687905627 0.9357233543416896 0.1116600955400585 0.9287175340241447 0.12221136880497088 0.9252362204948668 0.11989986065984559
3 0.8922187541014637 0.13921060766245513 0.8958006408577148 0.14069720675915495 0.8916907541293995 0.1505997121271199 0.8881088675728961 0.1491131133818973
3 0.9059781107188201 0.16008771940836103 0.90597811183045 0.14949081747728607 0.9089912284273396 0.14949081812426876 0.9089912280701355 0.16008771929819435
3 0.9143617335527097 0.16901282017543595 0.916640615713959 0.1689025885560105 0.9171677539607117 0.17980032335865612 0.9148888718017361 0.17991055494606567
3 0.878520051713167 0.19087025517440018 0.8815960397198523 0.19190196145767047 0.8782225807370878 0.20195966703423102 0.8751465928851303 0.20092796107891453
3 0.9022400658934657 0.18369584753871832 0.9055272464802329 0.18549832120449794 0.8992850107126742 0.1968821939141462 0.8959978306038465 0.1950797209264754
3 0.9040093082650174 0.17214912292904327 0.9040093092105508 0.16308934539475084 0.9067982459141604 0.1630893459184487 0.9067982456140271 0.1721491228070328
3 0.8607645285087528 0.12457925328947482 0.8646835135830315 0.12422154236155039 0.8655517425454491 0.13373357880235226 0.8616327574801517 0.13409128966305023
3 0.7269736847736112 0.1708006447368421 0.7242798392049963 0.1708006447368421 0.7242798399878438 0.16091771381578954 0.726973684210634 0.16091771381578954
3 0.9133808954898086 0.05730028819238203 0.9163719150096767 0.05890928326374383 0.9116544921905643 0.06767866186730234 0.9086634727760838 0.06606966694879483
3 0.9230237456140458 0.09100877199380425 0.9230237461133584 0.08166084637295747 0.9254385966935388 0.08166084660563484 0.9254385964911762 0.09100877192982315
3 0.8969298246611288 0.05921052631578946 0.8947343662280218 0.05921052631578946 0.8947343664576692 0.05013512828947368 0.8969298245584696 0.05013512828947368
3 0.9436833749047082 0.009325157861538931 0.9474106022872775 0.010623768776070939 0.9434030929051005 0.022125980470260338 0.9396758655401527 0.020827369593769497
3 0.9037520291740293 0.21392896816093665 0.9077082377259558 0.2143033892715351 0.9065850807261313 0.2261707178318316 0.9026288721952369 0.2257962968711814
3 0.9007867918451211 0.22869705023689715 0.9048651956543381 0.22959307801453563 0.9024246736970554 0.2407012918785069 0.8983462700044811 0.2398052644655682
3 0.8992429072648065 0.24154481295421712 0.9027261800786164 0.2428406575732298 0.8985356530155286 0.2541047220134777 0.8950523805056037 0.2528088779827084
3 0.8952115406626717 0.2562957708657915 0.8988870087822534 0.2581576226941599 0.8933647963292515 0.2690587531480142 0.8896893288141428 0.2671969022305744
3 0.8895042028508442 0.27850877201424895 0.8895042044232468 0.2706509646941912 0.8925438602224176 0.27065096560885865 0.8925438596490949 0.27850877192985457
3 0.8767976473239969 0.28458494526340544 0.8799461398898529 0.28635014055901487 0.8750777263870759 0.2950334696554495 0.8719292343769212 0.29326827513565956
3 0.8844816611842816 0.24053464254385878 0.8859462859729774 0.24048213905055862 0.8862870719988223 0.24998845130523636 0.884822447211036 0.25004095477987665