4 0.1181640625 0.439453125 0.1806640625 0.439453125 0.1806640625 0.4931640625 0.1181640625 0.4931640625
0 0.46425785838232514 0.23515622587510643 0.4599609374998863 0.22656250000002898 0.4810546448466084 0.21601566493027505 0.4853515669231001 0.2246093838463913
3 0.9716796875 0.10742187499999453 0.9778041969173046 0.10523455917666458 0.9826870080438539 0.11890643511655437 0.9765624989005346 0.12109375039265292
3 0.47070311932293407 0.20898436364610565 0.4748047397946493 0.21718747330330765 0.457226614227352 0.2259765418254736 0.4531250000001137 0.21777343749999414
3 0.535156245789949 0.10742186917067229 0.5402807413545361 0.11451729063133612 0.5227026175112996 0.12721260621225045 0.517578125 0.12011718749999473
3 0.5126953076468226 0.1796874933821185 0.5170729399792435 0.1856569229443117 0.5024245038968047 0.1963991139573061 0.498046875 0.1904296875000148
3 0.3769531234971737 0.16113281009541075 0.38671881373022643 0.17675777266867104 0.3789063109459221 0.18164058381906795 0.369140625 0.16601562500001762
3 0.38410891472869935 0.20549906188306066 0.3876953125 0.2138671875000487 0.3658910776346147 0.22321186914045815 0.3623046875001137 0.21484374999997896
3 0.3986830202212559 0.2303676397319762 0.4023437500001137 0.23925781250001915 0.38549666034441543 0.24619485439039884 0.3818359375 0.23730468749997408
3 0.414062493882966 0.25488279873700526 0.41740502327331797 0.2624033157865668 0.3998268975775545 0.27021582376632985 0.3964843749998863 0.2626953124999717
3 0.3251953050863676 0.2568359218493958 0.3293115365219137 0.26552553849495436 0.31075684795973757 0.2743146094306054 0.3066406249997726 0.26562500000000905
3 0.38476561844288426 0.2558593626146051 0.38885142207652734 0.263576814198709 0.3720703125 0.2724609375000087 0.36798451573440616 0.2647434918084374
3 0.4519128316926526 0.21493537435113041 0.44888885838224724 0.2071595289673991 0.466796875 0.200195312500003 0.46982085021090825 0.20797115315639103
3 0.5517578197870989 0.25195312051573804 0.5447835308270896 0.2562449133621285 0.5361328125 0.24218749999997505 0.5431070948253591 0.23789570982442423
3 0.9683595308512167 0.2736327372860246 0.958984375 0.2548828124999756 0.9671874918531103 0.2507812576465556 0.9765626488785983 0.26953117556068756
3 0.5302734358745056 0.2441406230494121 0.5405194570140566 0.25643560895464923 0.5346600797844303 0.261318419795794 0.5244140625 0.24902343750003542
3 0.5322265728052571 0.2636718685593823 0.5255551814688033 0.2678414071570318 0.515625 0.25195312500001754 0.5222963838998567 0.24778358946544024
3 0.5117187591316679 0.2675781184775394 0.5051599039542225 0.27226292058601975 0.494140625 0.25683593750001493 0.5006994732286785 0.2521511389398024
3 0.4843750013527597 0.2841796896642839 0.47417030461576815 0.26785254373349127 0.48198280394376525 0.26296973534046836 0.4921875 0.27929687500003136
3 0.46582031411571734 0.2910156272619366 0.45480081748098655 0.2755887016245674 0.4616367551161602 0.2707058924089397 0.47265625 0.2861328125000118
3 0.6005859375 0.5537109375000343 0.5966794042333277 0.5458985466218901 0.6142578125 0.5371093750000475 0.6181643479450258 0.5449217531237142
3 0.333984375 0.58300781249999 0.34021702705422285 0.5791128239643495 0.3505859375 0.5957031249999813 0.3443532907348299 0.5995981066953189
3 0.9912109466317816 0.2763671835049309 0.9839363227364402 0.2795497627765114 0.9765625 0.26269531250001743 0.9838371143192717 0.25951273563611565
3 0.9761717559896397 0.3273435115227241 0.994140625 0.3183593749999858 0.9978515634809355 0.3257812624058979 0.9798826969150696 0.33476539521952137
3 0.4003906273616167 0.07910156115051088 0.3928185072594488 0.08342848050003547 0.384765625 0.06933593749998461 0.3923377429055108 0.06500901894110858