4 0.26096491241037256 0.3355263157894736 0.25936895930328774 0.3355263157894736 0.2593689594600619 0.33376646710526314 0.26096491228076957 0.33376646710526314
4 0.1855263612891349 0.1895413352944783 0.1929824561402711 0.18901996162281037 0.1933344925377014 0.19405433093199373 0.185878397694637 0.19457570452681572
4 0.1902556053337321 0.3201838009605627 0.19940603091481535 0.31756004050906783 0.20156344500173873 0.32508383662375123 0.19241301983345238 0.3277075960675414
4 0.300438598551068 0.29166666666666663 0.29330494535918206 0.29166666666666663 0.2933049476140468 0.2847823157894737 0.3004385964911762 0.2847823157894737
4 0.19956140350877194 0.18421052631578946 0.2050438596491228 0.18421052631578946 0.2050438596491228 0.18969298245614036 0.19956140350877194 0.18969298245614036
4 0.18737678819309167 0.19546225160585956 0.19292308513195167 0.19387189593236362 0.1947395910517571 0.20020680753611547 0.18919329424340958 0.20179716289362212
4 0.1962719298245614 0.19407894736842105 0.20175438596491227 0.19407894736842105 0.20175438596491227 0.19956140350877194 0.1962719298245614 0.19956140350877194
4 0.26437769846495485 0.3344298245614166 0.26437769879385087 0.3324276534283327 0.26644736853961604 0.3324276537620024 0.26644736842104066 0.3344298246846878
4 0.26425438598528217 0.3355263157894736 0.2634451436249492 0.3355263157894736 0.26344514364711813 0.3350105219298246 0.2642543859649322 0.3350105219298246
4 0.26050331250000003 0.3349536140350877 0.26096491228070173 0.3349536140350877 0.26096491228070173 0.3366228070175439 0.26050331250000003 0.3366228070175439
4 0.25657894739208587 0.3333333333333333 0.25581792541754567 0.3333333333333333 0.2558179254441484 0.3326848497807018 0.256578947368439 0.3326848497807018
4 0.2547377313596826 0.3322368421052295 0.25473773140504363 0.3314475164424858 0.25548245615607357 0.33144751648605025 0.2554824561403848 0.3322368421191018
4 0.25109649125022315 0.33223684210526316 0.25069569956133364 0.33223684210526316 0.25069569961567595 0.33034219627192984 0.25109649122794053 0.33034219627192984
4 0.2719298245860955 0.3366228070175438 0.27143107782410425 0.3366228070175438 0.2714310778515028 0.33560127960526326 0.27192982456142545 0.33560127960526326
4 0.2691868903508521 0.33552631578946784 0.269186890376659 0.3349445285013835 0.26973684211463933 0.33494452852576706 0.269736842105317 0.3355263157975362
4 0.26693450548248165 0.33552631580247827 0.2669345055901431 0.33344729931718087 0.2675438596922959 0.3334472993687507 0.2675438596490949 0.33552631578947784
4 0.20614035147002596 0.194078947368421 0.20067188773782618 0.194078947368421 0.2006718884069869 0.1901431502192982 0.2061403508772628 0.1901431502192982
4 0.213437778378875 0.3219315131510858 0.22148141583534198 0.32235304854723346 0.2211137306467208 0.3293689036703269 0.2130700932017362 0.3289473684210514
4 0.32874873398520776 0.3194076453625223 0.3343507308594553 0.31769499762473186 0.33606446937801593 0.32330038748932594 0.33046247271795437 0.32501303473592763
4 0.3351109411619291 0.3195095424114395 0.33959047085636485 0.3183092948324472 0.340900933243347 0.3232000122372823 0.3364214036635076 0.3244002595190095
4 0.18940373645341424 0.20166183483084266 0.1968320603069742 0.1992482543859677 0.19858656628036897 0.20464806494436938 0.19115824262053138 0.20706164496593954
4 0.2015185899122807 0.3193840833333333 0.20942982456140352 0.3193840833333333 0.20942982456140352 0.3300438596491228 0.2015185899122807 0.3300438596491228
4 0.34429824691608246 0.3267543859649123 0.34033631979480106 0.3267543859649123 0.3403363213606099 0.31940153837719293 0.3442982456140271 0.31940153837719293
4 0.23662157931198635 0.14075407487420014 0.2585476606325301 0.1466291076210533 0.2529884460999483 0.16737638169856756 0.23106236598334817 0.16150135192657442
4 0.37171052631583734 0.32565789457048955 0.3717105271471155 0.33223684259346287 0.36787998204204087 0.33223684202244314 0.3678799824725729 0.32565789526047967
4 0.23838696710527074 0.2050438596490824 0.23838696888162758 0.19756145712978182 0.24342105325285956 0.19756145850800103 0.243421052631561 0.2050438598724837
4 0.23245613965366374 0.18749999999995148 0.2324561462339716 0.17490335624643213 0.2456140370849198 0.17490336388310815 0.24561403508766944 0.18750000301453443
4 0.2056387631579355 0.21162280701753297 0.20563876457208607 0.20585086481889495 0.2105263163065274 0.20585086606749378 0.21052631578947967 0.21162280736929723
4 0.28580341877102455 0.25834329240084936 0.29420640551359156 0.260912288677134 0.29128053674378407 0.27048237385173757 0.2828775504525538 0.267913378611934
4 0.27889451300040946 0.27943079077522165 0.289631665835941 0.28271338566486626 0.28634897908216317 0.2934505713718066 0.27561182695103525 0.29016797808967904
4 0.2521929825135203 0.33004385964912275 0.2511732620614566 0.33004385964912275 0.2511732621758256 0.3283123103070174 0.25219298245076516 0.3283123103070174
4 0.24898413377195538 0.32894736842104394 0.2489841340025123 0.32750259648035274 0.2510964913060434 0.3275025967830112 0.2510964912280542 0.32894736857112344
4 0.24890350897180724 0.3333333333333333 0.24733449890345582 0.3333333333333333 0.2473344993208002 0.3293907269736842 0.24890350876466982 0.3293907269736842
4 0.1995614041998124 0.194078947368421 0.19444891826719868 0.194078947368421 0.19444891888417715 0.1896929824561404 0.1995614035087101 0.1896929824561404
4 0.3560841831140351 0.3289473684210415 0.3560841855747867 0.32235451003853843 0.36074561497230206 0.3223545117697151 0.3607456140350678 0.32894736863181034
4 0.2817982456140271 0.23903508769155715 0.28179824624146477 0.24561403579089014 0.2757166023134232 0.2456140349925223 0.2757166031617544 0.2390350883696695
4 0.352913285483055 0.3207337223998372 0.35762857947293014 0.3219971403036291 0.3557215449081923 0.3291142946360092 0.35100625109646444 0.3278508771929855
4 0.34765703660480085 0.3207196062036046 0.35147665051056265 0.3216014050001588 0.3497196456102074 0.32921183161950246 0.3459000318185872 0.3283300331640301
4 0.2576754385959248 0.3322368421052096 0.25767543873530485 0.3305590405122668 0.25877192987115905 0.33055904063077274 0.25877192982454744 0.33223684213078936
4 0.19846491228065588 0.2116228069940623 0.1984649128143019 0.21820175497600433 0.19256962873896555 0.21820175429062888 0.19256962947395095 0.21162280757799123
4 0.20457051644736843 0.20097788377192982 0.20833333333333334 0.20097788377192982 0.20833333333333334 0.20394736842105263 0.20457051644736843 0.20394736842105263
4 0.19948974890348836 0.20942982456143713 0.19948974932071906 0.2056051030523961 0.20175438610840501 0.20560510335420754 0.20175438596493223 0.20942982458946918
4 0.19131287390348461 0.2105263157894852 0.19131287534150943 0.20563882222693516 0.1973684215524827 0.20563882389981508 0.19736842105260166 0.21052631652411646
4 0.20227823903508124 0.20065789473684298 0.20227824017024432 0.19581126401690038 0.20723684251447594 0.19581126516248767 0.207236842105317 0.20065789515666219
4 0.19846491228070176 0.1996773881578947 0.20285087719298245 0.1996773881578947 0.20285087719298245 0.2050438596491228 0.19846491228070176 0.2050438596491228
4 0.3615836434822768 0.32444044895470736 0.36639110683177023 0.3235927915834202 0.3677099620771287 0.3310723966167517 0.3629024988110814 0.33192005366673427
4 0.287618589630938 0.2739903618597368 0.2953612541715529 0.27177024105798664 0.29771598823913337 0.2799821792817564 0.2899733240266187 0.28220229928341434
2 0.6863396674211799 0.4805789341960816 0.69824780108695 0.4859281463690896 0.6665662486267365 0.5564502836351971 0.6546581348684413 0.5511011041666554
2 0.7651136027226357 0.029216263458208554 0.7730723591141668 0.03171050368108829 0.7619541003753056 0.06718722200915786 0.7539953442982323 0.06469298245612559
2 0.13157894678579396 0.3403763767057305 0.13230891865691774 0.3423604620247287 0.12707529435942888 0.3442859135173714 0.12634532316997138 0.3423018287752012
2 0.3223684207475799 0.22368421052631093 0.32236842178247116 0.22088603378360452 0.3300438599563904 0.22088603628221626 0.3300438596490949 0.22368421229480281
2 0.39936787168085175 0.23903508573878057 0.3980738945582516 0.2414372246591923 0.39161172457340854 0.23795626109075924 0.3929057017544437 0.2355541228070012
2 0.3788008903508171 0.23135964912277374 0.37880089086183943 0.22977573458726683 0.3848684212259741 0.22977573607882049 0.38486842105260166 0.2313596502767155
2 0.3326446644736052 0.22842481688601163 0.3339654517691315 0.2258167554943226 0.3400598629754086 0.2289030680307293 0.3387390764061138 0.2315111288014929
2 0.16118421053442944 0.3267543859649123 0.16019291447366868 0.3267543859649123 0.16019291449003958 0.32650739364035086 0.16118421052635767 0.32650739364035086
2 0.14466100423987882 0.32747569719347763 0.14586680190757306 0.3289193070418243 0.14410482380640133 0.3303909781035038 0.14289902631583118 0.3289473684210876
2 0.250126224532778 0.5465454583998979 0.24956031188128236 0.5444156334427567 0.2561621083073078 0.5426616369566888 0.2567280217226653 0.5447914607077007
2 0.24625574064748434 0.5559303381553494 0.24722051218816432 0.5588372062294913 0.2379747621681645 0.5619055168075705 0.23700999345669516 0.5589986511448174
2 0.38706140368663 0.23464912280701752 0.3764386019737458 0.23464912280701752 0.3764386033720939 0.23164531688596487 0.38706140281135504 0.23164531688596487
2 0.3195559945176001 0.22558413048245546 0.32111390577540533 0.22275717699243086 0.32814981494914264 0.22663454934221922 0.3265919045999226 0.22946150204961846
2 0.33047026206168084 0.23144778399122143 0.33182401967235364 0.22784486187852254 0.3411520045885936 0.231349690195266 0.3397982484707427 0.2349526110422898
2 0.33626086185597615 0.2280701754325275 0.3362608629386159 0.22449255263159007 0.34210526351989756 0.2244925541723683 0.34210526315791867 0.22807017625269002
2 0.31684696052639083 0.23026315789471724 0.3168469625418311 0.22644238339839418 0.32675438666331047 0.22644238759819876 0.3267543859649322 0.23026316077716577
2 0.2564686801803191 0.5444794126084785 0.2572976495804369 0.5468052004848281 0.24963649139579047 0.5495355779355776 0.24880752385638516 0.5472097916343154
2 0.24451754355425237 0.5830308864431637 0.24475038265654803 0.5851744561194065 0.2396547689562567 0.5857278932595728 0.2394219309210257 0.5835843245613548
2 0.21153859997366453 0.46749557843053446 0.2155588634157084 0.47941020636254905 0.1779460571135587 0.49210064976819995 0.17392583434127573 0.48018605637712436
2 0.3825761144516946 0.3858818725217445 0.3817554693331431 0.3758720625580318 0.43514372677623214 0.37149518560088707 0.4359644000071512 0.38150496489253155
2 0.38729501761281426 0.49145433556447127 0.3948269106975886 0.49346367190742857 0.38500594999436544 0.5302741461712331 0.37747405921049904 0.5282648157894609
2 0.370136407232053 0.3604322198473905 0.37177968291086927 0.3691124107221525 0.31922321012905286 0.3790615484465597 0.31757996418866696 0.37038138375847024
2 0.4166666661300269 0.2464063396905514 0.416886604988008 0.24964327502335515 0.4029433211117066 0.25059065210830894 0.4027233840710096 0.24735371849050963
2 0.41694377469502797 0.24507869202338214 0.41645092986766485 0.24798095746247956 0.4037261953330926 0.2458201574698638 0.40421904126401387 0.24291789343006379
2 0.42982456278502923 0.24780701754385964 0.4170846151839669 0.24780701754385964 0.41708461657663065 0.24490731140350877 0.4298245614035068 0.24490731140350877
2 0.5707861295664998 0.407326481173782 0.5672518613632747 0.41589490144441627 0.5225698355262693 0.39746550000002256 0.5261041124934991 0.3888971055264132
2 0.43452764615744854 0.2477522925958948 0.4322994910645548 0.25237894515805803 0.4017669537212214 0.23767499804421732 0.4039951099503014 0.2330483514078148
2 0.589434456614299 0.4991326846682644 0.5975978321184812 0.5077548289301749 0.5648509993156949 0.5387566847623145 0.556687655264227 0.53013457126307
2 0.26096491534985944 0.5537280701754386 0.2492019379390058 0.5537280701754386 0.24920194108415217 0.5505876765350878 0.26096491228076957 0.5505876765350878
2 0.2654799053162833 0.5513418628950087 0.27141150463489794 0.5602939998149211 0.2673572782557585 0.5629800334438936 0.2614256831139983 0.5540279002192997
2 0.26535087977049443 0.5679824561403509 0.253748611838887 0.5679824561403509 0.25374861445345687 0.5653919002192983 0.26535087719298645 0.5653919002192983
2 0.26570180897101636 0.5675390950676629 0.2679994225840119 0.5707215976533221 0.25859078328403484 0.577513499366186 0.2562931732455809 0.5743309999999899
2 0.24843262896729357 0.5699060936445304 0.2505811574797008 0.5737370643321983 0.24014076837670473 0.579591767110964 0.23799224451749978 0.5757608004385685
2 0.4284809627290542 0.2422529979304504 0.4268261892461851 0.2458627345575386 0.39410059758768057 0.2308609320175398 0.39575537221719514 0.22725120018853615
2 0.5796933574561081 0.42150103837718156 0.5804548945400256 0.4073980729771423 0.6586408726071795 0.41161958228736206 0.6578794090988822 0.4257224780736269
2 0.26096967370915536 0.5454251114561427 0.2623093309206297 0.5485279866851597 0.2501260238719851 0.5537876011725476 0.24878637072208676 0.5506847293891189
2 0.15021929830811587 0.3256578947368421 0.1473621611625049 0.3256578947368421 0.1473621612253737 0.32521547039473686 0.1502192982457018 0.32521547039473686