3 0.11350707645942748 0.9644093918421399 0.10825503334262976 0.9731353756532883 0.08386498793856845 0.9584594638157525 0.0891170289017964 0.9497335165580086
3 0.6401046785426843 0.16067343021433614 0.6322460366557152 0.16855780871841394 0.6180040328947598 0.15436239912281854 0.6258626709058035 0.1464780245049648
3 0.6348805371889057 0.23069298592838502 0.6503660351829694 0.24994302636814703 0.6422773199344647 0.25644978623501485 0.6267918300438851 0.2371997532895106
3 0.6367170493421099 0.23030654605262604 0.6461085382795773 0.22460454733600238 0.65838729869904 0.24482796520520567 0.6489958134491189 0.2505299590278674
3 0.6735868758623837 0.23189185005673385 0.6669947279426651 0.24083951703839512 0.6484328673245727 0.22716437500002373 0.6550250124753347 0.21821671534252263
3 0.6856172764184976 0.21824959019152498 0.6842637273989567 0.23001994670786058 0.6594826942848613 0.22717024703506739 0.6608362519077673 0.21539990058360164
3 0.7176140032895546 0.17515452083330826 0.7263115271783818 0.1680646270586902 0.7412806928707596 0.18642786566897288 0.7325831731509425 0.1935177548147911
3 0.7286760867368685 0.19997134341469375 0.7192543948086723 0.20887491187371496 0.6980343695174724 0.1864202839912514 0.7074560519072293 0.17751672385461492
3 0.7303122399773656 0.18728676691409615 0.7240191345005087 0.1956012998949741 0.7078423563597198 0.1833575416666361 0.7141354597616782 0.17504301354461765
3 0.8306033397243482 0.3421052630852869 0.8306033497807448 0.32944665241223403 0.8410087752494064 0.3294466612606196 0.8410087719298645 0.34210526519751455
3 0.8585526392038219 0.3421052631578948 0.8484005483891224 0.3421052631578948 0.8484005561239201 0.3272697203947369 0.8585526315789593 0.3272697203947369
3 0.8739035073896275 0.3263334739537644 0.8765927251114363 0.34500748222264394 0.866174647305229 0.34650771422444904 0.8634854407894181 0.32783371600874556
3 0.2893910116748657 0.3352731223871219 0.27886512648740336 0.34066803948705177 0.2657674868420372 0.3151143760965123 0.2762933469171003 0.3097194667998389
3 0.2717009247751321 0.3324549994225855 0.26509519173828267 0.33971676701806097 0.2505588656293867 0.3264940970719007 0.257164593040784 0.3192323366624101
3 0.2601816684897358 0.34382466563631225 0.25184051345718217 0.349979410525911 0.23872092879639695 0.3321998391202597 0.24706207081942466 0.32604510125844965
3 0.2308380778508763 0.3340128892543846 0.23899462602321364 0.33043936647521777 0.24687518551525045 0.348426075192134 0.23871863949591443 0.3519995943192502
3 0.21549974774438851 0.3390612128802454 0.22348920626905056 0.3349578242389744 0.23376512885181455 0.3549647264831633 0.22577567359530804 0.35906811024616936
3 0.22501215574527578 0.35856014947848824 0.2168005141293179 0.3651787432954845 0.20453126754387085 0.3499569506579192 0.21274289805717217 0.34333836386760685
3 0.21379205536493373 0.3596162392359309 0.2078811987927338 0.36821962817663456 0.19344330811406962 0.3583006282894705 0.19935416259522754 0.34969724760657056
3 0.6410418575416088 0.2533750594944374 0.6341475714166336 0.26107557349493454 0.6174497532894065 0.24612626206141822 0.6243440343945394 0.23842575472559105
3 0.6056038146930405 0.16240829714908564 0.6143148837373928 0.153971000963722 0.6298636937331139 0.17002420631339427 0.6211526293815268 0.17846149771866032
3 0.17877407140770174 0.3897104815076436 0.1686066599405649 0.3972871213397306 0.1522730372806791 0.3753693103070334 0.16244042656001056 0.36779268266891324
3 0.6176884233337887 0.173876735721177 0.6120946876981179 0.18080551345199988 0.5960107500000049 0.1678207532895117 0.6016044835603225 0.16089197935413568
3 0.5521394254385541 0.1296642138158087 0.5604160197834744 0.12189750524215696 0.5790167205574335 0.14171923686449 0.5707401304340465 0.14948594105794125
3 0.5494382688240194 0.1604697869857768 0.5441088112058878 0.17092937539698175 0.516494246710522 0.15685906907898448 0.5218237053543362 0.14639948869667985
3 0.4733795436757191 0.22067814184273535 0.46580957971298176 0.22878905118551096 0.44811474780703975 0.21227458004385988 0.45568470626983526 0.20416367722607065
3 0.660848870437917 0.14459360311219158 0.6544808582464157 0.15254377999099267 0.6319892631578341 0.1345283399123003 0.6383572726493867 0.1265781680513166
3 0.6936250743526671 0.15211806385806395 0.685780248898368 0.16096997380599243 0.6644684265382921 0.14208292275892134 0.6723132478938396 0.13323101846005367
3 0.6811993256094411 0.1571365160508691 0.6766526916125031 0.16306766895425837 0.6574356887182375 0.1483366250844863 0.6619823211557332 0.14240547561154593
3 0.6702658967720936 0.1671938724109069 0.6625186362433624 0.1756765507699062 0.6455714331094669 0.16019873172565544 0.65331868973783 0.15171605827472198
3 0.6400735219298213 0.17022109210522227 0.6427831891801361 0.16376204017795026 0.6626884592369606 0.17211251586859422 0.6599787962571781 0.17857156417893486
3 0.6418697234890942 0.1842576831986488 0.6359329548606638 0.1916137575292565 0.6190810603070531 0.17801345614031705 0.6250178264963324 0.17065738627810456
3 0.587544372806974 0.2075901524122264 0.5894391809080162 0.19868004053103233 0.6092401988239544 0.20289083145882436 0.6073453971835079 0.21180093771672187
3 0.5747731940788299 0.21258058004382827 0.5774288229454214 0.2045119252916698 0.6002673283992408 0.21202863292439042 0.5976117068951226 0.22009728142838939
3 0.5488572225876851 0.2166017006578972 0.5551215126330362 0.20893847531318083 0.581366355236014 0.2303919479388154 0.5751020746350832 0.23805516444378483
3 0.5455286918859201 0.22689887938600364 0.5516034748674201 0.22064908141383552 0.5671861286841704 0.23579512451292448 0.5611113505278809 0.2420449176941054
3 0.5712958503569325 0.20755250804962128 0.5606312044598099 0.21273422934319672 0.551811234649108 0.19458181469299254 0.5624758693946887 0.18940009661171042
3 0.5661851326754004 0.18997099122809497 0.5713032522642152 0.18436214352522454 0.5883749295161351 0.19994000956322047 0.583256813893172 0.2055488534184614
3 0.5972702425819989 0.1920909762337574 0.5893428865784927 0.1987887240663076 0.5745581699561626 0.18128993201751473 0.5824855195379541 0.17459218862991233
3 0.6116162259627345 0.18254952335085073 0.6064939727773435 0.19084630685438506 0.5850606008772274 0.1776139353070269 0.5901828534874767 0.16931715760265528
3 0.20679438978083908 0.3705903015010446 0.20198656516288338 0.37780176033318247 0.18257649561405742 0.36486174013157535 0.18738431822043822 0.35765029081702926
3 0.1673321221145443 0.39289942152692964 0.15963986538133668 0.40082235569411956 0.14383781140350038 0.3854810789473777 0.15153005840386413 0.3775581552084728
3 0.8493837062580951 0.505406855086338 0.8470302291241296 0.5169161703768683 0.822738776403412 0.511949311668549 0.8250922697368424 0.5004400186403135
3 0.775354386578897 0.5187881847691058 0.7852600973697008 0.5237917968333863 0.7780079718324941 0.5381476943989733 0.7681022653508762 0.5331440888158068
3 0.7145864046052566 0.5409937686403873 0.7149554505811011 0.5323344361630971 0.7317269016967884 0.5330491376984646 0.7313578680913224 0.5417084582885809
3 0.7091043206019094 0.53480284605989 0.7062111715780475 0.5423967565779636 0.6837136787280542 0.5338263256579058 0.6866068339442108 0.5262324300793254
3 0.6805682593458187 0.5353232524415301 0.6998798485292355 0.5427859652442245 0.6967763684787087 0.5508162505443394 0.677464782168272 0.5433535430694639
3 0.6643126669470121 0.5621657497769621 0.6625855856815406 0.5522068245459911 0.6929824561403848 0.5469358574561802 0.6947095577008895 0.556894756667291
3 0.672657591332495 0.5873777723132737 0.6712540008019232 0.5952619847705796 0.6442113923536681 0.5904481901727983 0.6456149979218253 0.5825639972502127
3 0.6867809144737294 0.5717015734648776 0.690954335143374 0.5652579174909788 0.7110875546529769 0.5782964622783417 0.7069141493285542 0.5847401047203004
3 0.7288680143942656 0.5492534639187633 0.7242474779463919 0.5572734136849106 0.7056775339912065 0.5465756710525835 0.7102980704198671 0.5385557357064822
3 0.7033531963033965 0.5846227795954752 0.7017521059952969 0.5934983537975587 0.6812037302631779 0.5897919429824836 0.682804833345358 0.5809163854285971
3 0.762530493420968 0.604333175438642 0.7647169889684164 0.5950560371995468 0.789639447130412 0.6009292543974497 0.7874529767417471 0.610206370882154
3 0.7963372257090668 0.5875908604145577 0.7936122229680223 0.5990542447359983 0.7697342979962514 0.5933787066945425 0.7724593179494832 0.5819153477115696
3 0.8041103149422497 0.5714154983429692 0.8018801160901603 0.580471459622015 0.7797822987453173 0.5750299857152541 0.782012509552942 0.5659740425323713
3 0.8129607628776512 0.5577711084893012 0.8087085593605252 0.5663933293027719 0.7878701732455511 0.5561174528508935 0.7921223798994106 0.5474952490442294
3 0.7943814941858136 0.551792577503788 0.796376620614069 0.5427454682017285 0.818034893834124 0.5475212386247001 0.8160397867178517 0.5565683311372832
3 0.8030088026316662 0.5435391677631396 0.8063953323940041 0.5345398201607356 0.8303508796851702 0.5435536671815472 0.8269643723868967 0.5525529957569872
3 0.8075209550438558 0.5391105427631799 0.8076465423281434 0.5301068276552713 0.833458900781693 0.530466819113451 0.8333333326919501 0.5394705152898146
3 0.8105759525529947 0.5286110198612666 0.8119534813596374 0.519455938596457 0.8366591268725188 0.5231729737657941 0.8352816185407619 0.5323280366891022
3 0.8394489746864338 0.5181073745225399 0.8346678968151764 0.5264366003863425 0.8151826984649233 0.5152527532895036 0.8199637764080308 0.5069235422121036
3 0.7138545710179187 0.5207728829844163 0.7111837492520863 0.5299778130187018 0.6882181096798377 0.5233148409233358 0.6908889417203454 0.5141099285422699
3 0.7418035347769774 0.5187523411296949 0.7408932609587282 0.5268226462728649 0.7220562595065303 0.5246981260598073 0.7229665438766233 0.5166278331317186
3 0.12775896212576754 0.36016190260453307 0.13774140555517533 0.35748622566001104 0.14489732828565138 0.3841825109779768 0.13491488646423022 0.3868581837262385
3 0.6975320241226655 0.5130284989035507 0.7003907778789653 0.5048314444749461 0.719809613855773 0.5116032875783818 0.7169508755824836 0.5198003288748956
3 0.15408445158777795 0.3711698401691984 0.14771412493712432 0.3765197190743902 0.13501216118572756 0.3613955670473924 0.14138247916662294 0.35604569407893827
3 0.15377301661044385 0.3480225930613445 0.16176856057302302 0.36697301829807677 0.1515096980334647 0.3713012469347101 0.14351416776310089 0.35235083333329603
3 0.17462909806477 0.3573072186426245 0.16779047760758203 0.36303136082185933 0.152446638701349 0.34470078766967244 0.15928524836283486 0.3389766528317473
3 0.18332569441054147 0.3544324772771993 0.1736427327622323 0.3598333539217501 0.16285440021931663 0.34049219188595486 0.1725373435176607 0.33509132164889044
3 0.2021924410784095 0.34557234370418394 0.1914684834300715 0.3523525557429164 0.17715948574561935 0.32972142982454283 0.18788342083416865 0.3229412272750353
3 0.21613592842879825 0.33176647945143434 0.208472489572614 0.34122671382078273 0.18524715556725369 0.32241319778360195 0.1929105867677663 0.31295297750383416
3 0.21864443354365903 0.3353063849246998 0.20532818233778016 0.31943720054437114 0.21259456827215217 0.3133399879822345 0.2259108149022495 0.3292091648754776
3 0.24282820223197632 0.32826576124658363 0.2327441462441584 0.33564215440116635 0.2140595361842088 0.3100997401315873 0.22414357043851396 0.3027233585500289
3 0.2330870131578422 0.3089975866228173 0.24186005966691937 0.3026801111664493 0.25423036133122423 0.31985817691611845 0.24545732023102573 0.32617564595502146
3 0.2682890816311101 0.31539643804801 0.2597426051692082 0.31954723287804826 0.2504646107455528 0.3004444078947435 0.2590110726993089 0.2962936172562428
3 0.3503062916943236 0.36826724978530173 0.34382656323998617 0.3747695941224836 0.3253484409710836 0.35635647131311754 0.33182815999168724 0.34985413645463775
3 0.33045632228595423 0.37555012337013116 0.32229369603282976 0.37850567828367615 0.3156994035086882 0.36029434978071284 0.32386201363181044 0.35733879808388214
3 0.28889195065789863 0.3757952894736557 0.29411300646120253 0.36860945643319126 0.3112132347024499 0.3810335352649376 0.3059921885928816 0.38821935954788295
3 0.22339144587829196 0.41779273648829796 0.21697094664375527 0.42605539383465924 0.19800500877192917 0.4113186732456253 0.2044255020550736 0.4030560285717989
3 0.23670105623398285 0.40911745054138327 0.23114133818432947 0.4171122624825697 0.21352540021928235 0.4048624714912309 0.2190851152954565 0.39686767027418246
3 0.13611783344526884 0.48681572049688887 0.14800615253295746 0.49087513565212265 0.14069665673241616 0.5122799520231046 0.12880834100872107 0.5082205438596389
3 0.7229327545505839 0.5046139866981257 0.7206145327349986 0.5111364265634855 0.7033441547438315 0.5049986113849932 0.7056623808407494 0.49847618075019084
3 0.6297608914845796 0.10239544952102655 0.6266881210282236 0.112254170789707 0.5983645482450584 0.10342628947363205 0.6014373211667134 0.09356757291168577