0 0.33389347149125115 0.28203636403507626 0.3438829449150944 0.27489845910508925 0.3596253616883587 0.2969293648173145 0.34963589541155216 0.3040672612097606
0 0.29849247180902694 0.38938033742225825 0.29483873794060855 0.38223761678275187 0.31676729603793774 0.37102093648083173 0.32042103139519895 0.378163646917614
0 0.26562927255645263 0.37931539610203185 0.263231481884759 0.37081160379693895 0.28825409868420593 0.363756334429841 0.29065189690004445 0.37226011416964033
0 0.34305135064573733 0.3271052145148699 0.3432342322191744 0.33641869063914487 0.2865735779902252 0.33753118467373144 0.28639072368412144 0.32821773574558516
0 0.2734747138157445 0.5662325964912388 0.28475076665358756 0.5622066669374669 0.2924467358275251 0.5837598303859874 0.2811706870039643 0.5877857518709301
0 0.22117870736838086 0.5591604376740592 0.22783352731505602 0.565179271454945 0.21111462431906602 0.5836629468084049 0.2044598168859011 0.5776441260964621
0 0.29528527747561384 0.6256342515691075 0.30028501653225703 0.6318608949295149 0.2802887277947548 0.6479150916775721 0.2752890054824775 0.6416884638158104
0 0.33821737499999927 0.5958935076754354 0.348106879310194 0.5950378809685039 0.3499310946933747 0.6161201916230795 0.3400415905966838 0.6169758166596384
0 0.20235928354543375 0.7389610762637214 0.2082726644076729 0.7441071745609111 0.19302112996899723 0.7616296963875585 0.18710776194848222 0.7564836117611826
0 0.5947043021309355 0.5757243361639953 0.5942602289755996 0.5840457176863473 0.5648475245013742 0.5824762187253237 0.5652916180275724 0.5741548588994293
0 0.9596864154959803 0.18298602111186324 0.9573257549614027 0.17548181297258478 0.9802135427631811 0.16828187609647519 0.9825742059309732 0.17578607943457872
0 0.9504526453853259 0.17764157350603346 0.9476552597562886 0.169276987930304 0.9732854495614447 0.16070549999995895 0.976082838164757 0.16907007976547767
0 0.9682017585994345 0.1644736842105263 0.9451628026675962 0.1644736842105263 0.945162808242344 0.15580907236842104 0.9682017543859729 0.15580907236842104
0 0.9586884455322888 0.14214179916913053 0.9631722983679083 0.1509977558557214 0.9376666693517564 0.16391139042857725 0.9331828234650175 0.1550554396929924
0 0.9875278298862895 0.1789111174650856 0.9882441519839631 0.18732548404936075 0.9640807040924528 0.18938250880981944 0.9633643881579701 0.18096814802635686
3 0.40286595345548903 0.03291680113802418 0.4075372029361688 0.03972227032252989 0.39071504561457004 0.05126893100028593 0.38604379714911374 0.04446346271933567
3 0.7499187537107446 0.41259306092179615 0.7520730780358917 0.4050618655646518 0.7711788847524303 0.4105268606939096 0.7690245713965851 0.4180580466647146
3 0.7101099144874752 0.4172061601444867 0.7160368017493965 0.42178827267905417 0.7054701137772099 0.43545534871989 0.6995432310379783 0.4308732413234902
3 0.7168150452972668 0.4300635525728568 0.7208737881724119 0.4372074212273592 0.7052170618804894 0.44610215720881213 0.701158328947372 0.43895829714908624
3 0.7157310891083171 0.4389364463680925 0.7224540415902538 0.4439158592144229 0.7096531522901159 0.46119790659553805 0.7029302061404223 0.45621850109649675
3 0.7845253667359202 0.47677771178670286 0.7800252927631846 0.46989010526316793 0.7951498533853965 0.4600090104580307 0.7996499258389349 0.4668966081234591
3 0.7805616328477072 0.4293703797450073 0.7766060631299752 0.4239273636558128 0.7926061257223864 0.41230036537930925 0.7965616930636088 0.41774337456563665
3 0.7876558621990171 0.3994317039242796 0.7936472545320612 0.40402740554245364 0.781703868725117 0.4195971374266381 0.775712481337905 0.4150014414374847
3 0.7940621180922562 0.44869661720158016 0.7978316741606477 0.4543682748704769 0.7848422771943433 0.46300086862775364 0.7810727280702849 0.45732921710527125
3 0.7569063629385937 0.45869246929823926 0.7598529086029657 0.45155646617466544 0.7769430787126339 0.45861275622898157 0.7739965439167236 0.465748750138848
3 0.7762352661660543 0.4486863150548664 0.7712688927413183 0.4551863524254892 0.7555018969297862 0.4431402543860022 0.7604682664909888 0.43664022584260975
3 0.752954434210551 0.4358880997806931 0.7545954252974525 0.4283560514843714 0.775276371100631 0.4328614972551861 0.7736353921280852 0.4403935350089397
3 0.7691140835135002 0.3919889599808849 0.7643392415587869 0.39803685417378093 0.7478105635225347 0.38498797658199585 0.7525854016889753 0.3789400899896205
3 0.10928966003746154 0.03503571975009745 0.1027559161411773 0.038320431071674176 0.09593674561403986 0.02475616337718878 0.10247048871008246 0.02147145230126782
3 0.7675187300193329 0.3749094555216308 0.7663784729304552 0.3831748413880565 0.7453898737687723 0.3802794557942818 0.7465301392543324 0.37201408004388065
3 0.8289494396930195 0.3160161951754236 0.8330836498308827 0.3096185246455204 0.8498134298140485 0.3204290661503172 0.845679226668608 0.32682673051396843
3 0.8155403881578422 0.3198401074561337 0.8185711504377196 0.3129942383541126 0.8360425123861432 0.3207288105953243 0.8330117576184648 0.32757467331811885
3 0.8061950867681844 0.3272826076110269 0.8020144981992416 0.33438743682167843 0.7828444244134971 0.3231078316310114 0.7870250127591589 0.316003010287265
3 0.7904034829771263 0.32992961076075683 0.7858783659518167 0.33683493332699765 0.7704521896815777 0.3267263541518095 0.7749773055529658 0.31982103798099926
3 0.7408092778496211 0.345084863556033 0.7306668026316174 0.34429824561403566 0.7320441122637931 0.3265402632574798 0.7421865690789673 0.3273268804824531
3 0.7110805712719639 0.34425013815789635 0.7201559306536183 0.3281674986695542 0.728224476486389 0.3327203876710158 0.7191491259952727 0.3488030194782566
3 0.714719048233178 0.3357957270099041 0.7050393020950878 0.35045587215186297 0.6973470832086832 0.34537705640690064 0.7070268280125447 0.3307169182684474
3 0.6884838313991395 0.33534160845023236 0.6971157788052551 0.3371775751189415 0.6938113296018855 0.3527131581239627 0.6851793826754147 0.35087719298245845
3 0.6225004876728235 0.2713141165251582 0.6269841022151468 0.2803998381647165 0.6063716084449879 0.29057141663743224 0.601888004387547 0.2814857039473893
3 0.7046347148569794 0.4074647139739636 0.711099402276659 0.41240684335823763 0.6998808643530765 0.42708077709215964 0.6934161820174722 0.42213865350874685
3 0.7023095507184962 0.3940088137669188 0.7099837869709518 0.3989166877670249 0.6995935935022999 0.4151625852683895 0.6919193618421104 0.41025471710528544
3 0.69942372026469 0.3850363641677728 0.7054500981674892 0.3915893843295311 0.6918171463715908 0.4041261034801311 0.685790776017484 0.3975730906209357
3 0.697688613473133 0.3763828988354875 0.7001781508109843 0.3835487512278806 0.682604431675486 0.389653870914788 0.6801149035088656 0.382488026315769
3 0.7940959168010977 0.43785934836202484 0.7975302184516977 0.4454446016786533 0.7805779941835453 0.4531194162176355 0.7771437038041995 0.44553417247732796
3 0.778150931754567 0.4351544192037311 0.7902600405701605 0.4227507807017938 0.7968214051990117 0.429155985225518 0.7847123039362032 0.4415596162420069
3 0.5774534831075471 0.9335003172564698 0.5800738481490271 0.9395965674761811 0.5633745349325636 0.9467725128638488 0.5607541885965475 0.940676278508814
3 0.1666666567887205 0.9022582972275838 0.16856164195064594 0.9098159198242408 0.1531764494861818 0.9136725807993085 0.15128148355267967 0.9061149747807262
3 0.4039118028181292 0.8027424110540969 0.41278248686001007 0.8065410402011641 0.40437649395710196 0.826167040143211 0.3955058157895337 0.822368421052651
3 0.514641260964936 0.7017543871807508 0.5146412850687057 0.6849214590398537 0.5230263249979998 0.6849214726845086 0.5230263157894797 0.7017543859649668
3 0.49616649581832917 0.7068504113219598 0.4879436613678081 0.7111184574516395 0.479406443562425 0.6946730617660756 0.4876292510964504 0.6904050241228081
3 0.44325772149124987 0.7181693300438432 0.45083272316333023 0.7148059160357936 0.4594331829945304 0.7341725764284268 0.45185818604261385 0.7375359825457944
3 0.42646306890787855 0.7171052638454426 0.42646308771929853 0.7013132927631522 0.4342105319097982 0.7013133052910132 0.43421052631583734 0.7171052631579209
3 0.013682977331995971 0.6363944814201135 0.018477940051184305 0.6432816591951024 0.004006241505749131 0.6533557936501247 -0.0007887078647854651 0.6464686278023347
3 0.04435292434209259 0.6974627510964778 0.04874583444120617 0.6904883058884433 0.06535229936810083 0.7009464614954479 0.06095940587727 0.7079208921336384
3 0.3591425931182357 0.6890380477035745 0.36257513930445384 0.695803730489745 0.3453793244110557 0.7045266553331233 0.3419467944135022 0.697760986386142
3 0.4809824256620914 0.6477244526263976 0.4718447496597946 0.6492435570109243 0.46920704824560744 0.6333792225877115 0.4783446961955633 0.6318601205813873
3 0.6321453573737017 0.5936553486828241 0.6514305183911802 0.5939797338087968 0.6513090305286369 0.6012015778951204 0.6320238695175249 0.6008771929824563
3 0.7344049702700204 0.584822488884329 0.7374806382977113 0.5934946201941022 0.7190524356461765 0.6000296641278949 0.7159767856466033 0.5913575481109716
3 0.7088032007661695 0.5795989020479021 0.707054931538778 0.5727432204787503 0.7287355559429898 0.5672149804214245 0.7304838338876607 0.5740706485757545
3 0.849277063313707 0.48661432206922084 0.8422550437370546 0.4921188717403826 0.8296125307017519 0.4759922532894971 0.83663453649865 0.47048771190254696
3 0.8520795039910354 0.4691918074007788 0.8489450703067405 0.4776171166309601 0.8293177149123494 0.470315708333307 0.8324521540562273 0.4618904117971115
3 0.8518226636308555 0.4601729868173988 0.8486094036576333 0.46675917737937617 0.8291751851718345 0.45727823945607143 0.8323884470598841 0.4506920589117869
3 0.850035044620995 0.45201745215536226 0.8454469600022776 0.4570226770404676 0.8306491809211138 0.4434589824561183 0.8352372600082845 0.43845376447056766
3 0.6915371498944296 0.3718517624705005 0.6865168755390414 0.3759811758395989 0.6753327888719696 0.36238484020284506 0.6803530570175553 0.35825543092106527
3 0.6432491805001064 0.3507798946179983 0.6622807017544119 0.3504044879385968 0.6624405061478456 0.35850558184806236 0.6434089848975191 0.3588809883629988
3 0.6484300192538512 0.3702493812224063 0.6481187124429653 0.363206215609536 0.6675512903509571 0.3623473248689564 0.6678626044517841 0.36939048286323267
3 0.6666666727315942 0.3793859649122807 0.647884308841185 0.3793859649122807 0.6478843153297476 0.3735602489035088 0.6666666666667425 0.3735602489035088
3 0.04491852827300136 0.6243660512936567 0.051358672434503205 0.6297392613041493 0.039438020944885466 0.6440251856596988 0.032997885675172256 0.6386519853170718
3 0.09795298749031645 0.6266375053396811 0.09395483643788793 0.6346889262747429 0.07494290131569414 0.6252491425438895 0.07894105524178485 0.6171977379361674
3 0.10200852446098452 0.6255737556939354 0.09543009826131765 0.629371376026197 0.08473101973686425 0.6108400504385834 0.09130942490639882 0.6070424378144008
3 0.09269980921055776 0.6080525975877232 0.09880667719016856 0.6025380500734336 0.11217112398094287 0.6173362937845766 0.10606426579636263 0.6228508310325857
3 0.1073839331140789 0.5978429287280366 0.11052149826707591 0.5904766756359356 0.12996413916789606 0.5987571215888793 0.12682659074221192 0.6061233604917144
3 0.08675813643799302 0.5712927192788388 0.08228474668032959 0.5774686126879581 0.06647960397560837 0.5660215824646212 0.07095299013155909 0.5598456995613866
3 0.09299984302538178 0.5674966236875089 0.08644430979052231 0.5712772834751241 0.07602264649358403 0.5532081974923189 0.08257816126524631 0.5494275444555241
3 0.10076702498099621 0.5408288462675596 0.10792264556164355 0.5375311413809085 0.11568484446536331 0.5543726468960244 0.10852922703134027 0.5576703466769266
3 0.10848727192978913 0.5410793333333537 0.11573598190989287 0.5348605652835675 0.12683979296139114 0.5478022100286549 0.11959109117390199 0.5540209692772213
3 0.14526894314326455 0.4980120708523219 0.1421850986218942 0.48955652227819557 0.15753887061407568 0.4839572171052616 0.16062271978546505 0.4924127553463804
3 0.1429788538463299 0.456588295101531 0.1460232984788945 0.4624838827979055 0.12813239047284242 0.47172201505739897 0.12508795564076536 0.4658264357502538
3 0.22094602850870615 0.4898122697368704 0.23634548832637847 0.4796454609341196 0.23974856109759912 0.4847996589633607 0.22434910501442573 0.4949664631038449
3 0.21960628618421651 0.48135964912275747 0.21960629717864322 0.4747820543676802 0.23464912659551374 0.47478207482358303 0.23464912280701355 0.4813596623733308
3 0.23148233374706706 0.460835626428675 0.23616024993054907 0.4687685000667468 0.21917610842228896 0.47878314745510786 0.21449820514055773 0.4708502850198276
3 0.03837719549630947 0.13048245614035084 0.01569357365565338 0.13048245614035084 0.015693576309445234 0.12463617763157893 0.03837719298246611 0.12463617763157893
3 0.040814313348391806 0.12969434894298476 0.044864843537880006 0.13441993768557883 0.03119297018361067 0.14613869002490004 0.027142441885985136 0.1414131030702139
3 0.12700130341522708 0.3254361107601192 0.13477294681410967 0.3210732444863544 0.1420630290358531 0.3340587603714313 0.13429138798403528 0.338421623377196
3 0.10691833771920756 0.32612766885965716 0.11464877262108075 0.32434188520067464 0.1184191241541157 0.340662721725747 0.11068868976315116 0.3424485038640525
3 0.03697870723692631 0.27749192434209546 0.044629239689015776 0.27583219809770976 0.04839404263657343 0.2931856883132673 0.04074351058784487 0.2948454132744141
3 0.050783952850906644 0.2977831589912298 0.0563886560348692 0.29349274255363983 0.06592015729961531 0.30594369397980076 0.06031545681946682 0.31023410732326817
3 0.41261808551325885 0.0435358114019051 0.4152803428568177 0.05109343478642759 0.39534745433752505 0.05811501028567521 0.3926851984650739 0.05055738815791117
3 0.4472085219298246 0.04459256907894737 0.45394736842105265 0.04459256907894737 0.45394736842105265 0.06030701754385965 0.4472085219298246 0.06030701754385965
3 0.07519200795582037 0.6223860332427104 0.08774446724032714 0.6371008702958681 0.08136274052071713 0.642544113528844 0.06881029385965576 0.6278292883771742
3 0.2713482660039972 0.5534174703604179 0.27373318011177616 0.5607004171609025 0.2539421255034995 0.5671806645522245 0.25155722661713753 0.559897730697345
3 0.670136271364413 0.3895389213754319 0.6719834233596202 0.3975163683749325 0.6558403785491009 0.4012540497639897 0.6539932357455882 0.39327661074566156
3 0.34826161951752965 0.5514925208333324 0.3560531190304346 0.550362846419898 0.358762573936815 0.5690485082775207 0.3509710748122643 0.5701781808694635
3 0.6793323391939339 0.41339254152434274 0.6783798405303969 0.42083859117959477 0.658073047828907 0.4182410694930675 0.6590255546717572 0.4107950295439928
3 0.6838842398090037 0.42986346244955914 0.6844085782081493 0.43858458467609185 0.6638612124353358 0.43981985809259294 0.6633368865699367 0.43109874774050944
3 0.6973684290504707 0.47807017543859653 0.6792308452601219 0.47807017543859653 0.6792308564415634 0.4703947368421053 0.6973684201692549 0.4703947368421053
3 0.6681562894292483 0.4583333314012379 0.6681563048246062 0.45021983333336135 0.6885964951386541 0.4502198674424793 0.6885964912280542 0.45833335397817526
3 0.6192988903675314 0.4632265664143131 0.6166517497898667 0.45790879330326983 0.6326053059210608 0.44996775328948974 0.6352524476640156 0.45528551982281457
3 0.6203611677631216 0.470394736842049 0.6203611812061354 0.46336467945518733 0.6381578992818504 0.46336470678572494 0.6381578947367643 0.4703947552738703
3 0.3618429945175876 0.6074561411258164 0.3618430134757773 0.5896001292642837 0.369517550324872 0.589600140981834 0.3695175438596152 0.6074561403508638
3 0.35710871554181267 0.6145412766064517 0.36513157894739834 0.6141157774122787 0.3659946629747992 0.6303874713078401 0.35797179962116843 0.6308129698441222
3 0.35156649890348035 0.5933437247807017 0.360201676316251 0.5922239387296268 0.3625911816016014 0.6106484760286041 0.35395600455285603 0.6117682601701999
3 0.48875229190866776 0.5943652614826473 0.4895707823466182 0.611723775200601 0.4793864646783277 0.6122039228440712 0.47856799122803295 0.594845425438603
3 0.4768567618320958 0.5977548262801582 0.4811406085073031 0.6156859205128813 0.47212963587969625 0.617838442827462 0.4678458070175111 0.5999073640350564
3 0.4590235692243141 0.6388352269043611 0.4628239197986659 0.6534977438628757 0.45410836286112044 0.6557564129351845 0.45030802741223397 0.6410939089911981
3 0.40276647904784113 0.6628180370680822 0.39103892058471956 0.6639882957979324 0.38886900109650924 0.6422453618421015 0.40059650889600107 0.6410751056622184
3 0.33991228070181023 0.6173245602247377 0.33991228681350094 0.6326754402646048 0.3330720049965521 0.6326754361478947 0.3330720088807766 0.617324566109858
3 0.3143323018607589 0.6466017389980654 0.31993447269690023 0.6521336494072768 0.30730599756486754 0.664920833582516 0.3017038366228917 0.6593889331140549
3 0.2944115666576863 0.6574123717540219 0.2911752549224502 0.6506176359998506 0.3092932796299692 0.6419891789453496 0.3125295943692663 0.6487839012198287
3 0.2800003979155008 0.6173056914622055 0.28288227714654113 0.6234143350432335 0.265426161003802 0.6316486224902811 0.26254429495611475 0.6255399901315873
3 0.2434011115329895 0.5837820208283167 0.24611319736663972 0.591716078311623 0.22763164285925086 0.5980329042599472 0.22491957346494473 0.5900988607456545
3 0.2898965352023879 0.564593558718871 0.2994725239308309 0.5627309788751075 0.3025780846575117 0.5786958653173789 0.29300209667474064 0.5805584425222036
3 0.4002192974157879 0.5451488680866869 0.40126521694571693 0.5635370059071064 0.39223450999543275 0.5640506160488522 0.39118860526320987 0.5456624923245544
3 0.3668726918859875 0.56359649122812 0.3668727083423846 0.5479689937857949 0.375000005703896 0.5479690049105833 0.375 0.5635964916011013
3 0.8337671493522976 0.4217113629292608 0.8316415931333268 0.4142990169268417 0.8518352837493239 0.40850859281294083 0.8539608458297607 0.41592092896571997
3 0.7879482982625632 0.37826313561079206 0.7917442820580618 0.38396336157944627 0.7761358747146687 0.3943570760370815 0.7723398980263028 0.38865685635963854
3 0.7916908279880772 0.390520339526889 0.7948183549583518 0.39769052125268206 0.7797420547346974 0.404266253525661 0.776614536184411 0.3970960789473216
3 0.22526790145400355 0.8405912821540278 0.22184209565750734 0.8487754652535627 0.20406834268192142 0.841337159764611 0.20749415535556182 0.833152996936708
3 0.629672808362443 0.44507038776353175 0.6293833946807581 0.45292059344285024 0.6110560542841768 0.4522449468559038 0.6113454774240381 0.44439475105032955
3 0.6272316520094137 0.42921458711904487 0.6307209958304156 0.4366076519823767 0.6092690603297797 0.4467318250863761 0.6057797302631798 0.43933877192983417
3 0.6623305495713794 0.42767900844066997 0.6632900175438863 0.4194997467105733 0.6828311833800171 0.42179189090573277 0.6818717268331511 0.42997114220974697
3 0.7726980545992319 0.4213833410280563 0.7695705092943399 0.4300239448004836 0.7521276732455817 0.4237106820175462 0.7552552232418748 0.41507008856615707
3 0.7836145162881394 0.3661355398804416 0.7891540086717441 0.37243049193155603 0.7736786293213527 0.38604806961949995 0.7681391447368924 0.3797531250000142
3 0.5966962632609238 0.2869887478988627 0.6007343213913146 0.2946586843933378 0.5815476261333288 0.30475978973277934 0.5775095767543235 0.29708986074566246
3 0.6516516704180049 0.3781130223962629 0.6694593315355633 0.38459418709842424 0.6664532953876687 0.39285320192867507 0.6486456359647264 0.38637204057016383
3 0.6898694911176335 0.21162280679126613 0.6898694989034766 0.20443685197369063 0.7116228088353864 0.20443686937491662 0.7116228060064032 0.21162281926155196
3 0.7656495528107143 0.21262606036362064 0.7741228070176476 0.21120241666665782 0.7770281077015397 0.22849395770453604 0.7685548537048135 0.22991760056058794
3 0.7708711081600086 0.20107641224743888 0.7702815396103233 0.19195758046840852 0.789469001448083 0.19071704621140015 0.7900585748607227 0.19983587277246675
3 0.7829668103950098 0.18059193043377886 0.7866970533362974 0.18699466121048808 0.7696113023290536 0.19694873809071703 0.7658810635965665 0.19054601096493928
3 0.8202326746795734 0.15848847132174526 0.82186493053905 0.16613172135692636 0.8021410704981236 0.17034381412413316 0.8005088190790275 0.16270056798246654
3 0.8096131352519933 0.18215701628212283 0.8042746096491555 0.17642467653507388 0.8188945383051305 0.1628092700800949 0.8242330613967397 0.1685416068085464
3 0.8258955948605262 0.17176695044805323 0.8297778403176608 0.17798883554990605 0.8134580750419218 0.18817171076782258 0.8095758333333833 0.18194982894739353
3 0.8361640247364903 0.2015548517036287 0.8320385635129242 0.21882478786951187 0.8248402335526634 0.2171052631578989 0.8289656975321122 0.19983533105204423
3 0.8751878954059293 0.19053961411967563 0.8725865561974615 0.18414298857216943 0.8913422247807148 0.17651562719300015 0.8939435653304599 0.18291224913949447
3 0.8870614067755014 0.1776315789473684 0.8700830984965933 0.1776315789473684 0.8700831017811197 0.17037236293859648 0.8870614035087101 0.17037236293859648
3 0.8596491224889178 0.15460526315791048 0.8596491260125276 0.14955190952078468 0.8793859661240049 0.14955192000697012 0.8793859649123306 0.15460527133035049
3 0.8938009346668423 0.18492178937606574 0.8964702458972624 0.1919615971118055 0.8761425822443698 0.19966922160185208 0.8734732763088005 0.19262941835727812
3 0.9814881163620157 0.01893897477935805 0.9881547800644057 0.03570000958474867 0.981008570080462 0.03854239724184453 0.9743419070741766 0.021781363040684197
3 0.9817734385965196 0.03926609320174214 0.9912178565613203 0.03564781616780816 0.998525739831507 0.054722823784717836 0.9890813221308008 0.058341100284458644
3 0.7254037253517254 0.551655192933746 0.7080084387076795 0.5613110621070985 0.7034153124994873 0.5530371787280598 0.7208105768753512 0.543381317261999
3 0.04044971150244692 0.9168353951645245 0.03932365303546703 0.9088615453008665 0.059127637061465066 0.9060655350877634 0.060253713894553584 0.9140393628390021
3 0.8620250663443585 0.12070950059336802 0.8606037903348351 0.12739606062786424 0.8433144708334339 0.12372110616416834 0.844735748425137 0.11703454835618961
3 0.03299358885703896 0.6902037895845399 0.0312240866379625 0.6968067779078672 0.012052111397338194 0.6916696991617448 0.013821622289810875 0.6850667246345419
3 0.1764124824561577 0.09667895942983497 0.1829029010340264 0.09185853825711643 0.19393188233345882 0.10670837950317887 0.18744146494304914 0.11152879929282179
3 0.24030124232513117 0.14810988904836214 0.2331556441891962 0.15382633470189297 0.22100294736844717 0.138635468201724 0.2281485415971929 0.13291902498465913
3 0.12190540123560822 0.14544619955382598 0.108965898699239 0.16019811949382232 0.1016926809211327 0.1538185285087343 0.11463218113397033 0.1390666118529767
3 0.08406190460527796 0.28508771971044955 0.08406191067808777 0.26920550849892055 0.08991228285117359 0.26920551201142984 0.08991228070169655 0.2850877192982261
3 0.13542299327446017 0.47856717041226254 0.13517042010528257 0.47027014730337163 0.15434179946953464 0.4696865750044992 0.15459438377195056 0.4779835866228503
3 0.21820176504729716 0.44188596491228066 0.19989235665093474 0.44188596491228066 0.19989236740696015 0.4331181951754386 0.2182017543859729 0.4331181951754386
3 0.16900526760082357 0.5005781959067341 0.17149801171842682 0.5084712141683472 0.15294331899156077 0.5143306083629364 0.15045058881582918 0.5064376019737284
3 0.1631029276315985 0.5230263157895015 0.16310293896594885 0.5180185334129266 0.18201754768392675 0.5180185657497652 0.18201754385961522 0.5230263406170175
3 0.1506569068293402 0.5540787187847707 0.14438978947362102 0.5503586271929714 0.15302528028155393 0.5358120328782721 0.15929238397961853 0.5395321192661686
3 0.16814057897124712 0.5339912268687321 0.1681405921052601 0.5279145197368709 0.18640351292992818 0.5279145500943015 0.18640350877194578 0.5339912482514532
3 0.14112142099600078 0.5292599065445707 0.14736824644796798 0.5332590755050399 0.13814438024849096 0.5476657664186765 0.13189755921052893 0.5436666030702013
3 0.04461837452515738 0.5780586122474322 0.0507660246589694 0.5708206211937119 0.06534036270420529 0.5831981973000043 0.059192725563548265 0.5904361761118644
3 0.3194500234268389 0.6192019340879036 0.3140945950827927 0.6030198373081679 0.32343592625193196 0.5999286987590735 0.3287913621974212 0.6161107807273932
3 0.2530400999912672 0.656359188444392 0.24120180904264998 0.6718417433863588 0.2330396085526445 0.6656015723683898 0.24487789251872982 0.6501190334771346
3 0.33537000854732923 0.6658895087964705 0.34060048158460177 0.6718940598485891 0.3253821895799547 0.685148623483798 0.32015172967237504 0.6791440849031919
3 0.37535822363815896 0.6545076665133233 0.3823197412281161 0.6499110285087736 0.39241677509608053 0.6652007711271581 0.38545526428458743 0.6697974006631513
3 0.38284515447264766 0.6060383311653332 0.3741189475236979 0.6082527291855961 0.3701890570175692 0.5927679824561378 0.3789152396894906 0.5905535876667461
3 0.38257920723685857 0.5889372269736862 0.39172307895330505 0.5875903640273876 0.3944135593367264 0.6058541040457366 0.3852696881116344 0.6072009647287662
3 0.3810843010816143 0.5467338203574683 0.3890454523068456 0.5455400388975892 0.39158573798761154 0.5624792513916863 0.383624587142549 0.5636730311232778
3 0.40950547664567694 0.5629530342620623 0.40033320138400086 0.5482963478565072 0.40702511318556844 0.5441088916324801 0.41619738736812906 0.558765568254432
3 0.4243783117849489 0.6445725377384804 0.4317819089911836 0.6399438234649254 0.44058474740813836 0.6540221069090283 0.43318115607485197 0.6586508135773584
3 0.9754905830145617 0.13683491879208995 0.9659583242241752 0.13987614684965777 0.961155947368411 0.12482390899122914 0.970688200558925 0.12178268189815065
3 0.8378011995614543 0.11732456140352239 0.8378012014563865 0.11074561314042275 0.8574561403247571 0.11074561690124732 0.8574561406760495 0.11732456290552626
3 0.7703019562998179 0.39944085401260687 0.768220087921236 0.4070884393461194 0.7479003305891183 0.4015571401293289 0.7499822050439207 0.39390956469296345
3 0.7163847774123724 0.17884484649124713 0.7180919472607457 0.17120910972474795 0.7392511450843813 0.17593975637789386 0.737543980381929 0.18357548867671636
3 0.7160087757102929 0.1962719298245614 0.6974031041665967 0.1962719298245614 0.6974031080452505 0.18928735197368424 0.7160087719297508 0.18928735197368424
3 0.629706497690222 0.1844740362424019 0.6365964477953412 0.19112750268782383 0.6228632949325856 0.20534860398402707 0.6159733486841787 0.19869514144735756
3 0.6870667225877014 0.20376763048241353 0.6875435816148183 0.19694834595347444 0.7076280561875592 0.1983527934216523 0.7071512016353836 0.2051720737161815
3 0.8027504270576173 0.1745709967939163 0.8042941006491446 0.18113152807466174 0.7867084856227393 0.1852693251660931 0.7851648157895852 0.1787087971491413
3 0.8055355135987838 0.1815039173146339 0.807644166408636 0.18914103093444712 0.7897834737465246 0.19407241549342225 0.7876748256579731 0.1864353059211013
3 0.9277280522396723 0.1701869527684642 0.9455481487598263 0.17393407628023883 0.9439280052606591 0.1816388771051711 0.9261079089911846 0.17789175438597413
3 0.9386433614429279 0.19584960660458903 0.9318162162360295 0.19917939213331978 0.9245501249999961 0.18428169736842212 0.9313772646221423 0.18095191346246542
3 0.918499030784119 0.18595400259545483 0.9300392372109627 0.19574413620224695 0.9232057090455328 0.20379912175277742 0.9116655054823468 0.19400899122803664
3 0.9145263354738518 0.20089858101515712 0.9091847774243433 0.20440587590536724 0.9007830548246147 0.19161032565788771 0.9061246092197734 0.18810303239763865
3 0.869024177959318 0.20273784556148058 0.8667482495727654 0.21020316199198033 0.8394467057200927 0.2018799176655898 0.8417226377456473 0.19441460794381552
3 0.8122778815397851 0.20424034758755474 0.8213441864195374 0.20427840592647445 0.8212717879158618 0.22152503324214262 0.8122054830361094 0.22148697492456484
3 0.8049842528175759 0.20278300920235756 0.8151601082480511 0.20639256797628236 0.8085596141434053 0.22500003562272444 0.7983837598684431 0.22139047916666724
3 0.7970631349525092 0.2053216466945804 0.8039945374032413 0.21125515928442598 0.7921976673553672 0.22503581346703824 0.7852662682042819 0.21910230441332226
3 0.7800887604292939 0.2285913528049619 0.772459023026272 0.22381711732456636 0.7832387385636821 0.20659024507953727 0.7908684681610794 0.2113644773305921
3 0.7551952116227767 0.21310136293859708 0.7625333260009484 0.2124449993168392 0.7641955444946689 0.2310282500724507 0.7568574301707258 0.2316846132793677
3 0.7472026293289673 0.21465689500442853 0.7554483504021619 0.2177291296425217 0.7487022200165256 0.23583512185481417 0.7404564999999366 0.23276288925437086
3 0.738626625920233 0.21453692861093657 0.7463397169485688 0.2202317427635239 0.7351850608914674 0.23533944173133872 0.7274719730177139 0.22964463124883108
3 0.7278883334937518 0.21700757106378976 0.735150290435854 0.22318353994030105 0.7229346157758982 0.2375470005023658 0.7156726625788679 0.2313710356625718
3 0.7140365458218412 0.21249529123685382 0.7219563265418856 0.2160629208142048 0.7135697198398248 0.23468006654499385 0.7056499406256762 0.23111243945006085
3 0.8195498609828746 0.3220738591758242 0.8153330821139662 0.33076586576568323 0.7983359396929472 0.322520245613997 0.8025527201539262 0.31382824714963115
3 0.7449744353070855 0.32384090789473285 0.7535315239949796 0.3232040607547629 0.7549125341183753 0.34175958442426624 0.7463554454959649 0.3423964309625191
3 0.7280701742649853 0.1813579675486438 0.7286089370828677 0.18719468573283554 0.7081239350503665 0.1890855432590122 0.7075851758934277 0.18324882848159318
3 0.7275595230263434 0.1639994298245322 0.7337644082399493 0.15865373286420387 0.7464433278508977 0.17337034978068055 0.7402384451399939 0.17871604406000124
3 0.8510872990672169 0.05687342303642381 0.8560782927121409 0.06394896432654179 0.8378459742946234 0.07680978199720678 0.8328549824561833 0.06973424232453956
3 0.7536511217106181 0.16249426129427388 0.7497158655932026 0.17056267456138557 0.7343479846495029 0.16306726206143674 0.7382832414092491 0.1549988522565383
3 0.8610233736541204 0.0994527018952061 0.8591333553702043 0.09187226484623516 0.8771368914473214 0.08738348245617436 0.8790269110495501 0.09496391750392376
3 0.8798991690401863 0.1216076906804257 0.8775379956650795 0.11512361116370888 0.8951395855611963 0.10871402720965583 0.8975007599118499 0.11519810463285617
3 0.8844732916126077 0.12499999998845558 0.884473293859628 0.11742880263159075 0.9035087718754085 0.11742880674652272 0.9035087722953676 0.1250000014167035
3 0.9109349324315872 0.13200615691057654 0.892359127268719 0.1380866137041979 0.8899166607851612 0.13062490539259927 0.9084924605263041 0.124544449561418
3 0.916582090434531 0.13329227822442613 0.9177544094496852 0.13994077268519023 0.9006088217456636 0.14296400628225414 0.8994365054824129 0.1363155142543769
3 0.9217214403274738 0.14357126693106737 0.9208305544683526 0.14950560903560067 0.9039604653802371 0.1469730196900414 0.9048513530701712 0.14103867982454046
3 0.9287280701739746 0.15079015562880485 0.928729159321847 0.157690772854721 0.9107903713269252 0.1576935989661573 0.9107892850877306 0.1507929846491586
3 0.9324296012295008 0.1557444583178727 0.9355744027205901 0.16280508706568822 0.9198665628988465 0.16980129207144498 0.9167217649562645 0.16274066633400486
3 0.8685719740434479 0.17276812755396223 0.8669672958690171 0.16507648134699607 0.88781620175439 0.16072688815794708 0.8894208829648278 0.1684185302239494
3 0.8640030120614028 0.16285416776312933 0.8653394140446835 0.15429075666791764 0.8850520968294404 0.1573670827253698 0.8837156995139139 0.1659304896515736
3 0.8740898006841462 0.14228079863429247 0.8738955366350183 0.14941560247451166 0.8545735527170564 0.1488895080057673 0.8547678197412552 0.141754707236523
3 0.8691946957941354 0.07808392271401629 0.8711698338141787 0.08615040900563166 0.850011900731829 0.09133106842483116 0.8480367653507983 0.08326458442981587
3 0.8580499779471893 0.06528240765465226 0.8626052144428513 0.07168523488700905 0.8458264804316968 0.08362229941711656 0.8412712456140525 0.07721947368423243
3 0.8270438177989945 0.09990496820315116 0.8190154016747329 0.10523928339608749 0.8090792525827055 0.09028491135642411 0.8171076655702336 0.0849505975876906
3 0.7922264565582964 0.10132448540535241 0.8016741436404118 0.09866698574560767 0.80713467609894 0.11807967774384782 0.7976869893699359 0.12073717650805957
3 0.7928967824171878 0.14088680612214097 0.7734974638157155 0.12703022149119514 0.7785782284913694 0.11991715691237077 0.7979775423564206 0.13377373911170332
3 0.7658884100876548 0.13387557456141644 0.7710374014052377 0.1265221028213459 0.7895725810705017 0.13950058954165667 0.784423593601332 0.14685405782560423
3 0.8524108841365887 0.1346592865902004 0.8695175438596152 0.1331626567982436 0.8701872548215306 0.1408174908173618 0.8530805951294269 0.14231412036782898
3 0.8138782180500357 0.15236427685065962 0.8160379270631211 0.1598690036537027 0.7966794360926315 0.1654399380519411 0.7945197313596282 0.15793521491223095
3 0.7723362871607833 0.15104909200311872 0.7688699042416829 0.16003196813779355 0.7455030077863967 0.15101502129614972 0.7489693928214365 0.14203215033656622
3 0.7592105072857294 0.16041098924228733 0.7525772291598969 0.16649145141436048 0.741746334429763 0.1546759342105611 0.7483796096541937 0.1485954744134444
3 0.47100782325958335 0.0064288656420534015 0.47390198867219624 0.014688713302628192 0.45510445885827266 0.021275172966732713 0.4522102938589114 0.01301532565793578