3 0.3618953701627561 0.342046183818392 0.360577650573191 0.34350774664758865 0.358656118421095 0.3417753881578984 0.35997383786070714 0.3403138255254303
4 0.34484820833336016 0.13157894736842848 0.34484820871091415 0.12828947357531062 0.34868421065436905 0.12828947398135862 0.3486842105263577 0.13157894752508403
4 0.4144736846478736 0.1381578947368421 0.4094909535513125 0.1381578947368421 0.40949095405449043 0.1336054385964912 0.41447368421052033 0.1336054385964912
0 0.23355263158032358 0.1162280701754386 0.2329184451754145 0.1162280701754386 0.2329184451780293 0.11606784320175437 0.23355263157895934 0.11606784320175437
0 0.08314491675776026 0.3200794754053968 0.0842388591273675 0.3231414032379685 0.08277337740139501 0.3236649626868444 0.0816794353070236 0.3206030350876782
0 0.2718585679824628 0.32346491228074775 0.27185856801213504 0.3230303947081769 0.27277586185209657 0.3230303947626963 0.2727758618420921 0.32346491231566804
0 0.18460780581233394 0.2182017543854402 0.18460780592113224 0.21744717214915413 0.18750000003615241 0.2174471724652948 0.1875 0.21820175462916297
0 0.2795067060370684 0.235622515264242 0.2825318231281244 0.23816084307954763 0.2812002232750501 0.23974778376523975 0.27817510635964027 0.2372094561403273
0 0.1591210717691638 0.2684574202783567 0.15846542175643208 0.26938113430399874 0.1561900792750066 0.267766136871204 0.15684572925533757 0.2668424229508244
0 0.25548245616414533 0.3881578947368421 0.25458869846488597 0.3881578947368421 0.25458869851252075 0.3874818848684211 0.2554824561403848 0.3874818848684211
0 0.24780701755753398 0.3892543859649123 0.24701805372535546 0.3892543859649123 0.2470180537395663 0.38895541228070174 0.24780701754389156 0.38895541228070174
0 0.08441486702156453 0.5045390604285986 0.08347870315208183 0.5032894726225597 0.08662280701753389 0.5009341600877407 0.08755897073763208 0.5021837475181072
0 0.08881578972761872 0.49890350877192974 0.08677120504387403 0.49890350877192974 0.08677120555171314 0.4964481535087719 0.08881578947375601 0.4964481535087719
0 0.22930243307018827 0.18305455194646325 0.2277308758034451 0.18374309608432995 0.2251266712925144 0.17779922712862573 0.2266982280701768 0.17711068311403386
0 0.2853985778508559 0.24013157894735976 0.28539857827581727 0.23624185297243014 0.28728070191368715 0.23624185323896774 0.2872807017544119 0.24013157894839104
0 0.29276315792606056 0.22039473684210525 0.2917352543860261 0.22039473684210525 0.2917352544561709 0.21890158552631583 0.2927631578935461 0.21890158552631583
0 0.22727309738684198 0.18131203537652865 0.2260812478044727 0.1825750075760027 0.22042409473090174 0.17723648179754947 0.22161594407896246 0.17597350986843538
0 0.36622807002163427 0.3415001025701359 0.36663103244188733 0.3428096853461925 0.36376987555752294 0.34369003980836726 0.3633669133771491 0.34238045723687366
0 0.2894736842392831 0.22587719298245615 0.2887344046052931 0.22587719298245615 0.28873440466259126 0.22418223245614036 0.28947368421052033 0.22418223245614036
0 0.15212009747540378 0.27525513415946207 0.15413165380687133 0.27618756062118144 0.1516068960966095 0.28163418061036666 0.1495953399122527 0.2807017543859755
0 0.060307018033768145 0.5581140350877193 0.054622468201728225 0.5581140350877193 0.05462246918148139 0.5565920646929825 0.060307017543777874 0.5565920646929825
0 0.12996519314822308 0.5299258200200281 0.13117634715354143 0.5311822918385354 0.12809607680878798 0.5341512082250616 0.12688492324559775 0.5328947368421068
0 0.23965872568476243 0.5006069193271937 0.24051444832196012 0.5018841720330295 0.234620906064265 0.5058323704323076 0.2337651842104833 0.504555118421026
0 0.24561403513416735 0.5252192982456141 0.24427972697367295 0.5252192982456141 0.2442797270665551 0.5245655482456141 0.24561403508778312 0.5245655482456141
0 0.2884015905868864 0.23058510474317773 0.2901077616318162 0.23166560852216977 0.2882284209399586 0.23463313522351917 0.2865222500000755 0.2335526315789538
0 0.24342105263383473 0.5252192982456141 0.24319274122808565 0.5252192982456141 0.24319274123263313 0.5250343048245616 0.243421052631561 0.5250343048245616
2 0.04064460726931429 0.7960315403079223 0.02591898610842236 0.8358900740622156 0.014950274122838891 0.8318385043859542 0.02967592071127001 0.7919800285076424
2 0.5451329228837949 0.2394928549216574 0.5473483385950431 0.24167746077481284 0.5413121770789076 0.24779864024417125 0.5390967620613765 0.24561403508769522
2 0.6124311640234055 0.1918859639545263 0.6110960575398394 0.19386464146931787 0.6057623388157936 0.1902657708333371 0.6070974452180735 0.18828709368733998
2 0.6096031942314539 0.18982404848172799 0.6103183213226657 0.18823178936068855 0.6143671180728916 0.19005019462677142 0.6136519912223548 0.1916424535433907
2 0.6346537666821632 0.2162638542525662 0.6334595158250522 0.2198700055202133 0.6200103666028554 0.2154161052707307 0.6212046183167104 0.21180995570035818
2 0.6319435671732663 0.20495170054227885 0.6346120528553456 0.20789707778104197 0.6272474934834236 0.21456921292742642 0.6245790087718888 0.21162383662278364
2 0.6390030725823408 0.20946849340330997 0.6405071899072254 0.21136750127801504 0.6348266475434912 0.2158667365957985 0.6333225307017756 0.21396772916665216
2 0.608552631588509 0.19407894736842105 0.6079984956111275 0.19407894736842105 0.6079984956278395 0.19327852631578946 0.6085526315789593 0.19327852631578946
2 0.5997807014633736 0.1919342124598447 0.6007591944733122 0.19280675420785282 0.5978688953158553 0.19604798023257258 0.5968904024123276 0.19517543859651626
2 0.5910155567307811 0.2076989450704192 0.5927831994110875 0.20903094128039587 0.5884379689338175 0.21479725679412293 0.5866703265224942 0.21346526089342777
2 0.5942982450776526 0.2028699399983727 0.5954703161251018 0.20459861412834182 0.5906467625786718 0.20786902469194926 0.5894746918859255 0.2061403508771546
2 0.5899122808814354 0.20614035087719298 0.5867971874999967 0.20614035087719298 0.5867971878593607 0.20337235087719302 0.5899122807016965 0.20337235087719302
2 0.5704011051819862 0.2316837971181698 0.5740631669146978 0.23307997232964361 0.5731934246072115 0.23536120250251605 0.5695313629385055 0.23396502741226863
2 0.5526805452780081 0.2378949293875877 0.5513935761339326 0.2390426203020416 0.5500830811409969 0.23757311513160098 0.5513700501780932 0.23642542429885807
2 0.07587382558779154 0.17061208073075734 0.07721481967485033 0.1711078429048753 0.07624120020864211 0.17374137617270055 0.07490020614034165 0.17324561403507568
2 0.5614035088538003 0.22916666666666666 0.5564439627192996 0.22916666666666666 0.5564439630730931 0.227287788377193 0.561403508558783 0.227287788377193
2 0.5012576008772385 0.2542955120613976 0.5036108626813984 0.2538139627107843 0.5044004480042759 0.25767247491320755 0.5020471862221711 0.25815402418986066
2 0.5509830676926413 0.25059614536208324 0.5500203259749696 0.25341969527821245 0.5426464479858168 0.2509054817321911 0.5436091901200371 0.24808193265667003
2 0.5361611085526192 0.2707341600877293 0.5368451479175746 0.2691909541646362 0.5390612320961736 0.2701732307917538 0.5383771929127761 0.271716436560732
2 0.5819370696115129 0.21683028973459784 0.5838577667462914 0.2187822081474184 0.5822473177852316 0.22036687447844866 0.5803266207977913 0.2184149562123447
2 0.659904484006347 0.1881257333010528 0.6615061620293545 0.18683623150647477 0.6649050293200389 0.19105788661817844 0.6633033514791578 0.19234738821087138
2 0.6546052631796329 0.1962719298245614 0.6541567532894987 0.1962719298245614 0.6541567533328134 0.19383387280701755 0.6546052631579187 0.19383387280701755
2 0.6530667686403149 0.19517543860078534 0.6530667688732592 0.1918859647672833 0.6546052632415922 0.1918859649122729 0.6546052631579187 0.19517543859651987
2 0.6513399852705106 0.1883051905464667 0.6544791249203854 0.18991087880581692 0.6516642688422962 0.19541389410971216 0.6485251293860301 0.19380820614036626
2 0.6200761760960631 0.19594721733250478 0.6210024375055809 0.19848706504556865 0.6113443997293189 0.2020092274034806 0.6104181392544206 0.1994693804824452
2 0.6250000000104592 0.20833333333333334 0.621626411184252 0.20833333333333334 0.6216264112562158 0.2076921973684211 0.6249999999452029 0.2076921973684211
2 0.11757708671188993 0.2035273133438421 0.1168380400482647 0.20475665664263396 0.11461544566577686 0.20342051205972184 0.11535449232451356 0.20219116885966043
2 0.11544570283183475 0.20065789473312468 0.11544570287435363 0.20008019728111043 0.11713687172323262 0.20008019738301452 0.11713687171049969 0.20065789480518675
2 0.6768755618436444 0.15292080458467755 0.6764393850509123 0.1550787416423024 0.6714077999897654 0.15406173065809103 0.6718439769737188 0.15190379385968583
2 0.6126458145370179 0.18601243976570983 0.613288190095659 0.1873294919704066 0.611903970885578 0.18800462012939984 0.611261595394808 0.1866875679824752
2 0.6143110789473667 0.18532961842106307 0.6159114130260832 0.1828789989268237 0.6218256393972297 0.1867411401067046 0.6202253058746692 0.1891917591100525
2 0.6271929825314828 0.2050438596491228 0.623718055921131 0.2050438596491228 0.6237180560717661 0.20400068201754384 0.6271929824561084 0.20400068201754384
2 0.6343647990735235 0.198986219871614 0.635637019306273 0.2013257574633724 0.6285300550807733 0.20519041420156844 0.6272578355262795 0.20285087719300302
2 0.6326754385984259 0.19736842105263158 0.6314238925438076 0.19736842105263158 0.6314238925477866 0.19728924890350874 0.6326754385964932 0.19728924890350874
2 0.6391866655701506 0.21381578947366778 0.6391866655751528 0.2136083442924985 0.6396571600894276 0.21360834430182934 0.6396571600877223 0.21381578947981572
2 0.6403508772853002 0.19298245614035087 0.6386032192981475 0.19298245614035087 0.6386032194827749 0.19027411622807017 0.6403508771929864 0.19027411622807017
2 0.6271929815076192 0.19235175989855816 0.6282260596636888 0.19470733934566192 0.6199676514266912 0.19832915681691055 0.6189345740145882 0.195973578001093
2 0.10087719298245613 0.18659487390350876 0.10307017543859649 0.18659487390350876 0.10307017543859649 0.19078947368421054 0.10087719298245613 0.19078947368421054
2 0.11662516476701512 0.1994027609961524 0.11803239329174176 0.19874439835592547 0.11925752599256612 0.2013630474077041 0.11785029750410558 0.2020214099898503
2 0.09297805312087348 0.1754385961772235 0.09104048647941454 0.1766820063805883 0.08844827960524526 0.17264268969301247 0.09038584587904097 0.17139927964736887
2 0.08713105397782783 0.17326845598789384 0.0887716930001261 0.17297322866503256 0.0892027997074365 0.1753689553408338 0.08756216069025413 0.17566418264462613
2 0.12390350883390511 0.19407894736842105 0.12171259864601325 0.19407894736842105 0.1217125987086547 0.19311522697368416 0.12390350877194578 0.19311522697368416
2 0.1392543859799389 0.17543859649122806 0.13847186950181367 0.17543859649122806 0.13847186953364599 0.1743156677631579 0.13925438596493223 0.1743156677631579
2 0.1250000000501359 0.19736842105263158 0.12346216880882821 0.19736842105263158 0.12346216885964623 0.1962719298245614 0.125 0.1962719298245614
2 0.125 0.19846491228070176 0.12719298245614036 0.19846491228070176 0.12719298245614036 0.19956140350877194 0.125 0.19956140350877194
2 0.12378310929057079 0.1980562452661083 0.12418641450858559 0.1994813415752926 0.12284478212131944 0.19986102168757927 0.1224414769736768 0.19843592543860422
2 0.12073116666658734 0.19884205921055118 0.12198734452204008 0.198068248577415 0.12336924886471934 0.2003115579822262 0.1221130710567877 0.20108536855340498
2 0.11951754384983815 0.19923158110952738 0.11992792490309512 0.20052798924965756 0.11912545776851857 0.20078200898415233 0.11871507675436987 0.19948560087721087
2 0.11970391556758386 0.19956140350734367 0.1197039156243136 0.1987735339357968 0.12145729497080993 0.19877353405861353 0.12145729495614432 0.1995614035881834
2 0.6129519152646026 0.19507261433820156 0.6129147933289687 0.19535920496481826 0.6114321050280296 0.19516715530685294 0.6114692269737816 0.19488056469297205
2 0.6768583229875276 0.16306970060467021 0.6749306019182768 0.16490353363950996 0.6712260255029605 0.16100932226915088 0.6731537462986807 0.15917548947760088
2 0.31676085131744003 0.7877067050949602 0.3124629428762091 0.7914607979909744 0.29525609078882553 0.7717650176495554 0.29955398339268413 0.7680109364860385
2 0.07785087725608264 0.17872807017543862 0.07513705153507999 0.17872807017543862 0.07513705163319173 0.17763157894736842 0.07785087719264538 0.17763157894736842
2 0.0916758731484606 0.16951070921929354 0.09315252521935236 0.16942301425438466 0.09324913817158631 0.17104981756518411 0.09177248610103561 0.17113751252638984
2 0.44890946710529533 0.11842105263670882 0.4489094671462226 0.11622807015500747 0.4495614035241715 0.11622807017544948 0.4495614035088238 0.11842105263159863
2 0.06441029494487793 0.1692547741211938 0.06708815128297374 0.16963731967676215 0.06683986448354062 0.17137533623177947 0.0641620081490828 0.17099279069364018
2 0.07075793414264808 0.16523308329622055 0.07278103680789627 0.16606572588366905 0.0708371651038533 0.17078878282955198 0.068814062499996 0.16995614035086298
2 0.06844648348828741 0.1677631579132103 0.06844648355263416 0.1645778486841906 0.06907894738185405 0.16457784871675882 0.069078947368439 0.16776315789474835
2 0.0734649123185136 0.16885964912280707 0.0721033092105472 0.16885964912280707 0.07210330928035091 0.16722594298245613 0.07346491227428942 0.16722594298245613
2 0.0723684210980764 0.1699561403508772 0.07100654934208706 0.1699561403508772 0.07100654943315021 0.16801118640350876 0.07236842105260166 0.16801118640350876
2 0.11454037719295229 0.20501639364035998 0.11650608210572955 0.20449664203466725 0.11750774681797793 0.20828489732264568 0.11554204192964335 0.20880464886423036
2 0.692523619788517 0.1308022306405907 0.6936985503308506 0.13223340241514003 0.6891077362781743 0.1360022428738969 0.6879328059210366 0.13457107127196058
2 0.6578795564219035 0.18789758041174992 0.6595398442001397 0.19815472443380625 0.6568690949750362 0.19858702368820907 0.6552088081140255 0.18832988048243027
2 0.6950288804088132 0.13282033490476716 0.6955338517025211 0.1348933586893488 0.6884411354025133 0.13662107500891726 0.6879361644716937 0.13454805153512764
2 0.6611219001867994 0.1876512429665714 0.6630012329269448 0.19350411137599433 0.6600035126086823 0.19446665627466247 0.6581241804994988 0.18861378840290816
2 0.5339912280769568 0.2686403508771929 0.5325461633772193 0.2686403508771929 0.532546163409279 0.2681343278508772 0.5339912280493309 0.2681343278508772
2 0.6217105258940592 0.19069816148988344 0.6227947019546036 0.19273131040430155 0.61786515812787 0.19535995779118387 0.6167809824561346 0.1933268092104892
2 0.4405034901316185 0.11732456140346921 0.44050349014855783 0.11683371928598839 0.4418586140402567 0.11683371932671159 0.4418586140351408 0.11732456143232989
2 0.6673618065552773 0.14480882775553577 0.6662916422377521 0.14638604885466092 0.6628431030702586 0.1440461864035292 0.6639132673544736 0.14246896544860965
2 0.6717516228070508 0.17117281578944687 0.6737015480331365 0.17006346697496014 0.6764365712597282 0.1748708300801871 0.6744866461508536 0.17598017873292007
2 0.4539473684242239 0.1162280701754386 0.453464166666663 0.1162280701754386 0.4534641666753032 0.11552922149122807 0.453947368420927 0.11552922149122807
2 0.6646518980263636 0.16082937061406458 0.6657118682475129 0.15950609258021634 0.6683152650979309 0.16159144525277205 0.6672552949937653 0.1629147231782117
2 0.6485434148931972 0.1783379781975403 0.6500332755011868 0.18170351276468333 0.6411958568920682 0.1856156354673082 0.6397059973455725 0.1822501018020306
2 0.531254038377142 0.277171435307023 0.5328588603915705 0.27623921358673775 0.5346065652757943 0.27924782123049313 0.5330017433625471 0.2801800428133177
2 0.6879920195586919 0.1273782670531882 0.6892216004001739 0.12852863521506125 0.6857295226145652 0.13226115313335032 0.6844999418859743 0.13111078508771926
2 0.5942982457398784 0.2072368421052632 0.5921757741227793 0.2072368421052632 0.5921757744831666 0.20356822587719295 0.5942982456130039 0.20356822587719295
2 0.5964912263756332 0.207076934550914 0.5985522903303035 0.2106638773512825 0.5894513706687121 0.21589320913213397 0.5873903081139815 0.2123062675438806
2 0.6019736842108614 0.19298245614035084 0.6017999901315534 0.19298245614035084 0.6017999901321218 0.1929342028508772 0.6019736842105203 0.1929342028508772
2 0.5782028815789317 0.2185615186403459 0.578790942110345 0.2182001908835993 0.5795354289108445 0.21941182469019224 0.5789473683925053 0.21977315242978684
2 0.0975877193083079 0.17653508771929824 0.0969554013039442 0.17653508771929824 0.09695540131826874 0.1758178388157894 0.09758771929818977 0.1758178388157894
2 0.6005063855417347 0.19736842103992241 0.6005063859648772 0.19575119188591997 0.6063596492626857 0.1957511930634609 0.6063596491228509 0.19736842193393808
2 0.6234619762940383 0.22935467992678713 0.6214189861502746 0.23218846359716755 0.6097523392741095 0.22377763204035098 0.6117953289473235 0.2209438497806989
2 0.6080496644736968 0.22515827192980511 0.6103864052063273 0.2226638453962395 0.6189674884561782 0.23070234668427345 0.6166307487683298 0.23319677219893273
2 0.616142754045768 0.23377260183305187 0.6145504914263711 0.23585525926666664 0.6089336008772079 0.23156102521933025 0.6105258632685491 0.22947836830864066
2 0.608552631565999 0.21929824509607565 0.6085526325160799 0.2291666670652891 0.605760016457566 0.22916666664613433 0.6057600164473342 0.2192982456140436
2 0.6921779785391209 0.14296624885462408 0.6889976440836563 0.1465522819654455 0.6825679451753786 0.14085002850880457 0.685748279139716 0.1372639960693918
2 0.6002636472259155 0.21212766764399316 0.6036295910078024 0.21371157094174653 0.6002553031710249 0.22088214849809537 0.5968893596491398 0.2192982456140318
2 0.6117216290527949 0.19527023731879717 0.6099059460740364 0.19849526981443477 0.595501826014015 0.19038588586285232 0.5973175090354061 0.1871608549439007
2 0.5721465625000519 0.21683959868419783 0.5731204483265628 0.21512665740208617 0.5763593019379414 0.21696806816759895 0.5753854163554024 0.21868100923881717
2 0.5960823310836076 0.2084474750355032 0.5992917393976995 0.20970278563489642 0.5958025192102241 0.21862342845880936 0.5925931111078171 0.217368118250696
2 0.5870579418859734 0.1984649122807405 0.5870579421286948 0.19691547454113784 0.5905072840730554 0.19691547500820633 0.5905072839913146 0.19846491258667814
2 0.5942982456649588 0.20065789473684212 0.5929237697367853 0.20065789473684212 0.592923769832737 0.19884956688596495 0.594298245609707 0.19884956688596495
2 0.5932017543913162 0.20065789473684212 0.5922920109649112 0.20065789473684212 0.5922920109754841 0.2003699177631579 0.5932017543859729 0.2003699177631579
2 0.5866228070684656 0.2050438596491228 0.5849989210526019 0.2050438596491228 0.584998921154579 0.2035314791666667 0.5866228070175339 0.2035314791666667
2 0.6469298238492911 0.1806152474003645 0.6493267497021407 0.18198391148654963 0.6455797814144262 0.18854586609761537 0.6431828557718973 0.18717720230254647
2 0.642334976906227 0.18604189468504786 0.6437005315513034 0.18709113783962952 0.6424209295900027 0.18875647883733185 0.6410553750000645 0.18770723574562279
2 0.6015878739035543 0.2150558070175375 0.6048424708482116 0.2144411921979538 0.6065423744568079 0.2234426367608724 0.6032877775644465 0.22405725139274027
2 0.4526375565046692 0.11636922196516462 0.45346994834028465 0.11676676468605708 0.45250798161214334 0.11878096300390482 0.4516755897865323 0.11838342029889909
2 0.6888361247763441 0.12887507994228234 0.6903241731065464 0.12955082625400724 0.688100424382128 0.13444767606345348 0.6866123760964911 0.1337719298245614
2 0.6794025032894524 0.14934418530702445 0.6836034821428711 0.14659792081740491 0.688437454984296 0.15399242998259158 0.6842364765760749 0.15673869391210254
2 0.44563107659132584 0.11511438549815091 0.44653656140349085 0.11374972149126714 0.4497207817804565 0.11586251370062267 0.4488152970717465 0.11722717761589378
2 0.6513157895059294 0.14912280701754385 0.6493751644737813 0.14912280701754385 0.6493751645728025 0.14755709978070178 0.6513157894675032 0.14755709978070178
2 0.6570169016096088 0.14231743608392228 0.655697763150215 0.14368343578972828 0.6526074460737163 0.14069915152100454 0.6539265844170359 0.13933315194175544
2 0.6917474421170482 0.13111223979494493 0.6921406763329969 0.13295080741894336 0.6877174719260211 0.13389684029987323 0.6873242379025442 0.1320582728435038
2 0.6502192983167561 0.17653508771929824 0.6477462576754078 0.17653508771929824 0.6477462578176301 0.17492462390350882 0.6502192982457018 0.17492462390350882
2 0.6659720592105032 0.14237115570171782 0.6670122825338467 0.14047037936353113 0.6709963632921472 0.14265070331527294 0.6699561401870824 0.1445514794660219
2 0.6194457905701256 0.16706617543860988 0.6203041323353773 0.1654442863326008 0.6223615078274634 0.1665330885322825 0.6215031661743069 0.16815497754237735
2 0.6782256003450584 0.1713701742677857 0.6769452557316527 0.17304910796760234 0.6725976814152546 0.16973370338124624 0.6738780259260011 0.1680547699199945
2 0.6337719299569926 0.21271929824561409 0.6323652697309399 0.21271929824561409 0.6323652699378499 0.2089325197368421 0.6337719298212505 0.2089325197368421
2 0.6036982598690201 0.19066873574563395 0.6042044497241932 0.189190733647793 0.607940945150176 0.19047040373161758 0.607434755492477 0.19194840565996354
2 0.6355270284436756 0.208971304806697 0.6374122948185459 0.2094890905801394 0.6366840536375094 0.21214059274534305 0.6347987872807153 0.21162280701755884
2 0.6502192982474071 0.18201754385964916 0.6498709703947725 0.18201754385964916 0.6498709703984105 0.18173534429824564 0.6502192982455881 0.18173534429824564
2 0.651141109233663 0.18000073944922865 0.654123306922088 0.18134662189571646 0.6491982110893559 0.19225950306851497 0.6462160136783268 0.19091362107925108
2 0.6610494592609939 0.17448472056198616 0.664847935548778 0.18406209631078752 0.660960802485306 0.1856037532049502 0.6571623274917329 0.1760263785523342
2 0.6206140348377858 0.1931330159447444 0.6214908018810092 0.19489652924013254 0.6176395419988694 0.19681124004390704 0.6167627752192857 0.1950477269737101
2 0.526770398026315 0.27293613157893715 0.5282611873216183 0.2715016820274971 0.5307648071913036 0.2741035755659295 0.5292740181082536 0.27553802490162355
2 0.5343463665791433 0.27892030378569943 0.5331543952155471 0.2812192713170823 0.5290827192982306 0.27910823355263964 0.5302746907203755 0.2768092664687327
2 0.5392086764306896 0.27702248569370913 0.5422091214278453 0.2785141685455808 0.5411780260413934 0.280588115819269 0.5381775811404168 0.2790964331140576
2 0.06661849013153187 0.17324561403504404 0.0666184901373299 0.17272392982088186 0.06688596491437693 0.17272392982461351 0.06688596491233056 0.1732456140350942
2 0.6661619303893076 0.15946905722801805 0.664962168149259 0.16072337268230277 0.6622145700844158 0.15809529437772069 0.6634143322214641 0.15684097903862
2 0.6701516296755017 0.16096428669768256 0.6692491473734208 0.16197957159704707 0.6671774331140341 0.16013804824564046 0.668079915365638 0.15912276341512221
2 0.6782376359649334 0.14802631578952255 0.6782376360921489 0.14663501314644256 0.6809210526749894 0.14663501335731552 0.6809210526316747 0.14802631591656168
2 0.6800246164846158 0.1633771927583871 0.6784551433310071 0.16474777264044146 0.676024704154429 0.16196465975583732 0.67759417713944 0.160594079998804
2 0.6790235535303282 0.1640982843026831 0.6785348337028836 0.16607232100884947 0.673512126356627 0.16482884003055973 0.6740008463536924 0.16285480358106103
2 0.674342105263122 0.16443428070155883 0.6743421052815393 0.16652193530697598 0.6729896359270242 0.16652193525895195 0.6729896359796612 0.1644342807246611
2 0.6443833364029388 0.15863459511594916 0.6454656981663902 0.16000736439332283 0.6422319723587862 0.16255697966540938 0.6411496107456287 0.1611842105263189
2 0.642543859691159 0.17982456140350878 0.6410041699500653 0.17982456140350878 0.6410041699941758 0.17880273574561403 0.6425438596490949 0.17880273574561403
2 0.6403508771134057 0.1766040871930799 0.6404410403380325 0.1796847347168998 0.631213636114694 0.1799547947769952 0.6311234736841698 0.17687414802635715
2 0.6315789473766245 0.21052631578947367 0.6309869890350228 0.21052631578947367 0.63098698905128 0.2098817774122807 0.631578947368439 0.2098817774122807
2 0.25147590350877636 0.682707855263159 0.26375838944761654 0.678582410717404 0.28670419307650263 0.7468874209795655 0.27442172246185237 0.7510128330777838
2 0.18604132395307715 0.6421175481003093 0.18836670102098196 0.646378551600994 0.17388278748353514 0.6542819004408099 0.17155741848546313 0.6500209038843827
2 0.1842105250723307 0.6397246867742687 0.18456589385107236 0.6452594319007715 0.17179145485374647 0.6460795238284285 0.17143609341712818 0.6405447856405568
2 0.20254725549636987 0.6343002467175899 0.20439102262207598 0.6392338862696915 0.18848819060747246 0.6451762322615684 0.18664443311422474 0.6402426008772161
2 0.2017543895851759 0.6447368421052632 0.18843017647361648 0.6447368421052632 0.18843018014911195 0.6419440010964913 0.20175438596481854 0.6419440010964913
2 0.5379563157895291 0.26327949890350416 0.5388953172752053 0.26105391282338375 0.5469028129022036 0.26443229927582856 0.5459638123335253 0.2666578845780753
2 0.6695840252192511 0.13815789473684256 0.6695840252433527 0.13764312169653836 0.6711624484718186 0.13764312176035315 0.6711624484648837 0.138157894783574
2 0.6740373585525958 0.14802631578946748 0.6740373585566886 0.14790841227927917 0.6752212456154894 0.1479084123129736 0.6752212456140114 0.1480263158200197
2 0.09319061123710526 0.1681353037829423 0.09432561021833408 0.16684176886844085 0.09709317226349867 0.1692701169532219 0.09595817341107704 0.17056365174524754
2 0.44152959100881617 0.12061403509043812 0.44152959102609657 0.11903426753858766 0.44188596491937915 0.11903426754610134 0.44188596491233056 0.12061403508771325
2 0.6567982456200525 0.15021929824561403 0.6558730778508561 0.15021929824561403 0.6558730778629069 0.14979043969298247 0.6567982456140271 0.14979043969298247
2 0.638135844112071 0.17918909078968254 0.6386530604808058 0.1808735969591623 0.6335100110322855 0.182452719735671 0.6329927949561807 0.18076821381575167
2 0.6357164442175645 0.15832386138871463 0.6369323671284519 0.15925651185636633 0.6344309657827125 0.16251763422401164 0.6332150429540206 0.1615849838500083
2 0.6655701754506254 0.14802631578947367 0.6639633739035844 0.14802631578947367 0.6639633739156352 0.1476955537280702 0.6655701754385746 0.1476955537280702
2 0.43969298245792743 0.11732456140350876 0.43925070504383257 0.11732456140350876 0.4392507050489485 0.11687959868421052 0.43969298245599475 0.11687959868421052
2 0.1011069295678908 0.16438078650723617 0.09975612246694254 0.16492700719561845 0.09924290789319912 0.16365783470480894 0.10059371491229285 0.1631116140350883
2 0.6689905404714409 0.1786521313708352 0.6657217556469277 0.18054857145292558 0.6590616030216552 0.16906895366165214 0.66233038602752 0.16717251425066773
2 0.657230299342018 0.17587314583336472 0.6590126466456923 0.1733277164022207 0.668231463082293 0.17978280565872146 0.6664491166459356 0.18232823431342232
2 0.6546455448902861 0.18969298245552338 0.6546455449561108 0.1881752576754098 0.6557017544057544 0.18817525772805488 0.6557017543859729 0.18969298246202235
2 0.6475971405120617 0.17468408074558991 0.6484051153300925 0.17585523956094304 0.6457220569401443 0.17770624643211286 0.6449140822368236 0.1765350877192614
2 0.6444546299076137 0.17591457555024664 0.6447530363595888 0.1774362892931766 0.6411629040876505 0.17814030350478985 0.6408644978070015 0.17661858991230162
2 0.6687584937749307 0.16753941567187045 0.6728146413496461 0.168712070713251 0.6721491228070136 0.1710140416666527 0.6680929752619704 0.16984138669763152
2 0.6520804779597711 0.15570175437953787 0.652080478070161 0.1550383442981979 0.6567982456506343 0.15503834485841575 0.6567982456139134 0.1557017548656893
2 0.4190653329771976 0.2069872549550337 0.4179723974390299 0.20831347794873575 0.41496229269205287 0.2058328935920206 0.4160552281365426 0.20450667076091533
2 0.6315789471038897 0.15595250848455858 0.6330019388145729 0.15749800679205192 0.6297015880294339 0.16053672621058904 0.6282785964913273 0.15899122807020638
2 0.6580091721491499 0.15131578947369523 0.6580091721500594 0.15121951754252935 0.6582855131581482 0.15121951754470195 0.6582855131579208 0.15131578947524885
2 0.6553919681870184 0.14812965016650892 0.656516913695782 0.1493489395021943 0.653579391665744 0.15205914887346977 0.6524544462719177 0.15083985964913746
2 0.6406623010423118 0.1537291411204831 0.6424389230465977 0.15286402153538092 0.6450196532148311 0.1581638071465617 0.6432430312888755 0.15902892661034024
2 0.10270656684315327 0.1638324275823864 0.10372349185070107 0.1650022560567316 0.10242061026110605 0.16613483390612988 0.10140368530699106 0.16496500548246376
2 0.10307017543834718 0.16011436182522273 0.10308443196890948 0.1611840205155029 0.10247752734778715 0.16119210933215858 0.10246327083336837 0.16012245065785072
2 0.0888157895369659 0.16666666666666666 0.08710767214915904 0.16666666666666666 0.0871076722756925 0.16446796491228066 0.08881578947375601 0.16446796491228066
2 0.1008771930291914 0.18311403508771928 0.09913559867197819 0.18311403508771928 0.09913559872325095 0.18210464912280702 0.10087719298246611 0.18210464912280702
2 0.45267087257377625 0.10228663935390389 0.4535476123257922 0.10374892909349002 0.4519990247919168 0.10467740702256813 0.4511222850876493 0.10321511732454121
2 0.6781037901688478 0.15696598652453692 0.6776268647504367 0.15901144653721655 0.6721782433228327 0.15774103920377733 0.6726551689298503 0.15569557946526202
2 0.4561403508778312 0.10197368421052633 0.4559607500000311 0.10197368421052633 0.45596075000128167 0.10163643640350876 0.4561403508771491 0.10163643640350876
2 0.09838110316525217 0.16862658762071006 0.09616179342583564 0.16927852381133762 0.09450837390352262 0.16365002850877128 0.09672768302641543 0.16299809241447258
2 0.45415400147930995 0.11367771263897239 0.4533955762904043 0.11498942074926871 0.4491976866532923 0.11256222444837967 0.4499561118420843 0.11125051644733851
2 0.44360667543855925 0.1265098267543907 0.44476950761429634 0.12558271473961494 0.44656966491481853 0.12784055472498448 0.44540683278557935 0.12876766668789263
2 0.4424189923246331 0.12742097258770432 0.4429722898107684 0.12715156094832294 0.4435357536099218 0.12830875503997805 0.4429824561282203 0.12857816667259953
2 0.44054022706325213 0.11880553491469904 0.4399442448525406 0.11995314259176497 0.4368959125145011 0.11837007183652715 0.43749189473464867 0.11722246423081066
2 0.6399179806163602 0.16161973718124037 0.6417892526312698 0.16315310101143696 0.6370510656124679 0.16893539643662342 0.6351797938596064 0.16740203289473227
2 0.6572477050439147 0.14528734100876142 0.6587216833220282 0.14398376271868232 0.6607832026444385 0.14631474290894833 0.6593092244515901 0.14761832110893042
2 0.02850877294054044 0.6633771929824562 0.022473035627172067 0.6633771929824562 0.02247303664296396 0.661713936403509 0.028508771929750765 0.661713936403509
2 0.658281178332004 0.15056125844778326 0.6594125792422574 0.15145139902282373 0.6579562594196204 0.15330242122828439 0.6568248585526817 0.1524122807017382
2 0.6842105264380507 0.15789473684210525 0.6804693694896287 0.15789473684210525 0.6804693696155937 0.15651322478070173 0.6842105263158373 0.15651322478070173
2 0.6699561403511325 0.17324561403508773 0.6698124978070155 0.17324561403508773 0.6698124978074702 0.1731523311403509 0.6699561403509051 0.1731523311403509
2 0.03289473687414102 0.8103142171052632 0.03261291331580196 0.8103142171052632 0.03261291337992134 0.808928436403509 0.03289473684208133 0.808928436403509
2 0.6666504265350568 0.15655805921052718 0.6675956339387312 0.15605548709701766 0.6687083652249157 0.15814822947867904 0.6677631578410228 0.15865080156363495
2 0.6359649123107829 0.20394736842105265 0.6349891940789121 0.20394736842105265 0.6349891941391661 0.20245182346491225 0.6359649122806559 0.20245182346491225
2 0.12499999991871391 0.1932581839758273 0.12549660172373933 0.19469269463167632 0.12294219706473086 0.1955769732603377 0.1224455953947654 0.19414246271932287
2 0.10307017543857455 0.16336516118421573 0.10308094453478134 0.1633872409999839 0.10306901361366272 0.16339306007897855 0.10305824451756962 0.1633709802631427
2 0.6611842106085533 0.15350877192982457 0.6575893958333836 0.15350877192982457 0.6575893959980021 0.1520351524122807 0.661184210526244 0.1520351524122807
2 0.6600877193401402 0.15570175438596492 0.6586778475877964 0.15570175438596492 0.6586778476715835 0.15381464364035088 0.6600877192983035 0.15381464364035088
2 0.6644736842554266 0.15570175438596492 0.6619409638158231 0.15570175438596492 0.6619409639499736 0.15408808442982458 0.6644736841965369 0.15408808442982458
2 0.6538543574561118 0.15679824561400535 0.653854357479986 0.15654193310893796 0.6567767785149954 0.15654193332484315 0.6567767785086289 0.1567982458119958
2 0.6354169934210177 0.15538532017543627 0.6377830893088685 0.15431945450883006 0.639780795786578 0.15875409392773165 0.6374146999739878 0.15981995947030134
2 0.5432324361850078 0.28258442709284787 0.5423738507398639 0.2851582916998488 0.5343598690012641 0.2824850645064961 0.5352184549235517 0.2799112008355707
2 0.44594711513161656 0.11842105263158575 0.4459471151373009 0.11780644736685981 0.4462719298267075 0.11780644737062106 0.44627192982454744 0.11842105263178351
2 0.6689155029108633 0.1380189915224501 0.6683041946746471 0.1395392586282365 0.6641098024342682 0.1378526786623399 0.6647211107249404 0.13633241170063368
2 0.6526715969371253 0.15351935359856947 0.6510472433934638 0.15624997458394005 0.6429104943275661 0.15140973273204475 0.644534847847126 0.14867911234691872
2 0.09978070169893272 0.1762466249235536 0.10041798012923664 0.17712429682633943 0.09883070491423496 0.1782768078212827 0.09819342653531749 0.17739913596495743
2 0.6381578947856497 0.1611842105263158 0.6362422554824434 0.1611842105263158 0.6362422556004503 0.1593916447368421 0.6381578947358548 0.1593916447368421
2 0.6389358899109538 0.15949777452890154 0.6406524996270946 0.1606383338718875 0.6381181928127262 0.16445258595184137 0.6364015831999268 0.16331202673761927
2 0.6385497040508881 0.17926473614767732 0.640696870566785 0.18086493829394593 0.6367742682374455 0.186128269836465 0.634627101973706 0.18452806798246504
2 0.6381603980263435 0.18530701754388731 0.6381603980793216 0.18456913152068893 0.639829063614684 0.1845691316224226 0.639829063596494 0.18530701761090135
2 0.6738412534267582 0.1337719296580516 0.6725340417677899 0.1353571060642741 0.6700376282894922 0.1332984561403144 0.6713448398887749 0.1317132798378974
2 0.6761527571532042 0.13277013032024115 0.6748792122637042 0.13447933128120418 0.6676557685788111 0.12909708992110872 0.6689293133455294 0.12738788927088507
2 0.6644254967104644 0.13204527741230454 0.666312642818184 0.13024392042504798 0.6707467946133647 0.13488922256400473 0.668859648736543 0.13669057931610815
2 0.6618298980263262 0.13727878289471923 0.6628567267088101 0.13613077909169669 0.66512307284097 0.13815789420856056 0.6640962442349974 0.13930589793835785
2 0.6726595548245768 0.15021929824556848 0.6726595551102719 0.14855783548771834 0.6776315790449416 0.14855783617726043 0.6776315789473983 0.15021929874687284