0 0.25172096875 0.9649802390625 0.2610180234375 0.9673381781250001 0.2676991515625 0.9413519140625001 0.2578794265625 0.9395487453125 0.25172096875 0.9649802390625
3 0.7985410890625 0.3412269734375 0.79607615625 0.33272873281250004 0.77619473125 0.33771516562500004 0.779219759375 0.3467303671875 0.7985410890625 0.3412269734375
3 0.803022503125 0.578212259375 0.7948456390625 0.576888240625 0.7885936140625 0.5996404015625 0.79785324375 0.60092660625 0.803022503125 0.578212259375
3 0.83233455625 0.610452890625 0.8393538062499999 0.6096712531249999 0.8403604281250001 0.5919309453125 0.8333037515624999 0.59164085 0.83233455625 0.610452890625
3 0.8635120953125 0.8513346046875 0.8738732 0.8531188656250001 0.879005034375 0.8293327859374999 0.8692040234375 0.8280654843749999 0.8635120953125 0.8513346046875
3 0.9665966125000001 0.8230549 0.9556379859374999 0.8196819453125 0.9515889156249999 0.843430215625 0.9592805375 0.8463807390625 0.9665966125000001 0.8230549
0 0.651051665625 0.6811658125 0.6471510078125 0.6936419828125 0.6892865140625 0.7050470546875001 0.6937472671875 0.6930878453125 0.651051665625 0.6811658125
3 0.8292727359375001 0.383075390625 0.82843195 0.37452043281249997 0.8056564875 0.3742427296875 0.8065721265624999 0.384941153125 0.8292727359375001 0.383075390625
3 0.804089771875 0.3914660765625 0.8049118453125 0.39948516562499997 0.8281725515625 0.398136365625 0.8278918578125 0.3900983703125 0.804089771875 0.3914660765625
0 0.6469625640625 0.22258412343749998 0.7150256781250001 0.200356071875 0.7118883734375 0.1881256734375 0.644366640625 0.21033481874999999 0.6469625640625 0.22258412343749998
0 0.11413640625000002 0.533057628125 0.1296119234375 0.5260789734375 0.0896729109375 0.4378748578125 0.07473877500000001 0.44483460625 0.11413640625000002 0.533057628125
0 0.7160710156250001 0.19924652812500002 0.7544342734375 0.195760775 0.752958540625 0.1845453921875 0.71455785625 0.1869594125 0.7160710156250001 0.19924652812500002
0 0.604517975 0.3109825390625 0.61583085625 0.308977925 0.6004237328124999 0.240304890625 0.588606896875 0.24340014375000002 0.604517975 0.3109825390625
0 0.6786298546875 0.291225859375 0.6915481671875 0.28862866249999997 0.67724251875 0.22045368437500001 0.6638015390625001 0.2236056546875 0.6786298546875 0.291225859375
0 0.7332532796875 0.28770880781249997 0.7456863484375 0.286738115625 0.728262109375 0.20686860468749999 0.716370421875 0.2078203921875 0.7332532796875 0.28770880781249997
0 0.7205595203125 0.2967364015625 0.7328616 0.2920146453125 0.71416746875 0.20682428125 0.69815056875 0.213821840625 0.7205595203125 0.2967364015625
0 0.6511155296875 0.3259874328125 0.665079178125 0.3222806921875 0.6400555906250001 0.22658095937499997 0.6223958328125 0.2330993703125 0.6511155296875 0.3259874328125
0 0.777478828125 0.514185359375 0.7894640796875 0.51591290625 0.7921858281249999 0.46967715 0.77751238125 0.46858000000000005 0.777478828125 0.514185359375
3 0.7724057171875 0.5706971015625 0.7806012953125 0.5725569859374999 0.78485620625 0.5547032453125 0.7766606281249999 0.5528433609375 0.7724057171875 0.5706971015625
3 0.7806761468750001 0.5747004515625 0.770258903125 0.571308590625 0.7614683859375 0.598978075 0.7723895859375001 0.6012792984375 0.7806761468750001 0.5747004515625
3 0.733800484375 0.5827756234375 0.7367306546875 0.5735524625 0.7175764515624999 0.5683196234375 0.714123609375 0.57809755625 0.733800484375 0.5827756234375
3 0.8079065625 0.7180733874999999 0.805013815625 0.7283682828125 0.8295631265625 0.7328762 0.8324558718749999 0.72258130625 0.8079065625 0.7180733874999999
0 0.31843675625 0.90416980625 0.31860388125 0.8934335734375001 0.2453302078125 0.8906271484375001 0.244715265625 0.9040616171875 0.31843675625 0.90416980625
0 0.2616916859375 0.9866293671875 0.2715488359375 0.9895042671875001 0.2854898984375 0.9385845671874999 0.27406474375 0.9373739828125001 0.2616916859375 0.9866293671875
0 0.226977415625 0.6444689046875001 0.24142630937499998 0.639135659375 0.21532253906249998 0.5745917984375 0.20303917343750003 0.579849421875 0.226977415625 0.6444689046875001
3 0.3047350859375 0.9153786765625 0.3038768765625 0.921846884375 0.320790703125 0.9250118796875 0.3222090078125 0.9190606328125 0.3047350859375 0.9153786765625
0 0.332543653125 0.8269548421874999 0.334820165625 0.8145353890625 0.26464508124999997 0.8073285984374999 0.26294737343749996 0.8208008796874999 0.332543653125 0.8269548421874999
0 0.24298464218750002 0.7458486921875 0.3113845875 0.7332662375 0.309348759375 0.7215338921875001 0.24096752656249998 0.7346522156249999 0.24298464218750002 0.7458486921875
0 0.2663737546875 0.71713289375 0.2688948265625 0.727238734375 0.31571435000000003 0.7175559640625 0.314201190625 0.705268846875 0.2663737546875 0.71713289375
0 0.3345168859375 0.7592844328125 0.335673209375 0.7458310578125 0.26951235156250003 0.744922325 0.268859984375 0.7572850640625 0.3345168859375 0.7592844328125
0 0.39128712499999996 0.75515589375 0.3941424453125 0.7437892671874999 0.3357093453125 0.7313437578124999 0.33289144843749996 0.7437821171875 0.39128712499999996 0.75515589375
0 0.348211465625 0.8875709734375 0.3493865 0.874653465625 0.25061174375 0.8711279984375 0.2505381828125 0.8845435625 0.348211465625 0.8875709734375
0 0.3440462421875 0.8614269546875001 0.34574395 0.8479546734375001 0.2473608703125 0.8401233671874999 0.246727215625 0.8530219718750001 0.3440462421875 0.8614269546875001
0 0.3709991828125 0.8105893890625 0.373275696875 0.7981699359375 0.2803438609375 0.7912213078125 0.279168825 0.80413881875 0.3709991828125 0.8105893890625
0 0.3934926609375 0.787270065625 0.39685193750000003 0.7748128000000001 0.29876697343749997 0.759996328125 0.296471746875 0.771879915625 0.3934926609375 0.787270065625
3 0.8015809781250001 0.7542411125 0.7992296156250001 0.7645171015625001 0.8178050109375 0.7686971140625001 0.8179908484375 0.7584967453125 0.8015809781250001 0.7542411125
3 0.7954212296875001 0.7641135734375 0.794133915625 0.773815884375 0.814352171875 0.7784750453125 0.8161808671875 0.7687538296875001 0.7954212296875001 0.7641135734375
0 0.6021227515625001 0.6925318046875 0.6003689078125001 0.7043964875000001 0.6899414640625 0.7238023796874999 0.6928155 0.7129716187499999 0.6021227515625001 0.6925318046875
0 0.8491670734375001 0.533679265625 0.8463491796874999 0.546117625 0.93539906875 0.5660782890625 0.9387770578125 0.5541568890625 0.8491670734375001 0.533679265625
0 0.8471125328125 0.5214110546875 0.8458813578125 0.5327209640625 0.8960627406249999 0.5416989890624999 0.89944073125 0.529777590625 0.8471125328125 0.5214110546875
0 0.27129005 0.34568946875 0.27112292656250003 0.3564257015625 0.35979726562500003 0.35011000625 0.360449634375 0.33774726875 0.27129005 0.34568946875
0 0.33823879687499997 0.6175132171875 0.349607815625 0.6171162031249999 0.34392685312500004 0.5475670046875 0.330448446875 0.5496472390625 0.33823879687499997 0.6175132171875
0 0.3541259984375 0.622323621875 0.3681645 0.620760346875 0.361363346875 0.5501772265625 0.347343559375 0.5522763687500001 0.3541259984375 0.622323621875
3 0.4315074640625 0.6341074390625 0.4212960609375 0.6366101078125 0.4270480015625 0.661625678125 0.436139215625 0.6580890875 0.4315074640625 0.6341074390625
3 0.5444717171875 0.65591559375 0.5526672968749999 0.6577754765625 0.5558020171875 0.6388878140625 0.548147821875 0.6370090265624999 0.5444717171875 0.65591559375
0 0.4858798734375 0.5302699375000001 0.4983129421875 0.529299246875 0.4904664515625 0.45982566875 0.47807080781250005 0.46186809375 0.4858798734375 0.5302699375000001
0 0.5237204609375 0.52733895625 0.5371988671875 0.5252587203125 0.52875485625 0.45419645 0.5148099203125 0.45843905625000003 0.5237204609375 0.52733895625
0 0.47287896093750004 0.437369484375 0.4599045109375 0.43835908124999995 0.46973198437499997 0.533516434375 0.4826690078125 0.531455103125 0.47287896093750004 0.437369484375
0 0.45669364687499997 0.439544246875 0.444858096875 0.4421036328125 0.45464814374999996 0.536189253125 0.46760388124999996 0.5346637890625 0.45669364687499997 0.439544246875
0 0.44330880468749995 0.444303815625 0.43145454218749996 0.446327334375 0.44008697343750003 0.5383073 0.451959946875 0.536819646875 0.44330880468749995 0.444303815625
0 0.43781820937499993 0.6440809390625 0.4496911828125 0.6425932859375 0.4366341328125 0.548085234375 0.42479858437500007 0.55064461875 0.43781820937499993 0.6440809390625
0 0.4523793796875 0.6419628921875 0.4626469203125 0.6410678234375 0.45067263437499994 0.5465219578125 0.4393784671875 0.5490624390625001 0.4523793796875 0.6419628921875
0 0.46643659218750005 0.640935484375 0.47668542187499996 0.6395045484375 0.4637406484375 0.54821169375 0.4540144890625 0.54908785625 0.46643659218750005 0.640935484375
0 0.48043766874999994 0.6383004765625 0.49120916562500005 0.6363147671875 0.4792348796875 0.5417689046875 0.466895375 0.5454189281249999 0.48043766874999994 0.6383004765625
0 0.5099342671875 0.6447817109375 0.5207057640625 0.642796003125 0.5130625328125 0.54809889375 0.5006481765624999 0.5496054515625 0.5099342671875 0.6447817109375
0 0.546317834375 0.6311712125 0.5593109968750001 0.6307174812499999 0.5575668265625 0.5342048125 0.5451150453125 0.5346396390625 0.546317834375 0.6311712125
0 0.3098817359375 0.3953112046875 0.28611707656249996 0.39775064375 0.29129537499999997 0.4839495125 0.3167590328125 0.48359682187499997 0.3098817359375 0.3953112046875
0 0.48668645312500003 0.3515806578125 0.4996047640625 0.3489834609375 0.47415207031250006 0.25651783125 0.46076722812500004 0.2612774 0.48668645312500003 0.3515806578125
0 0.836375878125 0.49335043437500004 0.834640746875 0.5057509828125 0.9268079374999999 0.5218471484375 0.9291031625 0.5099635609375001 0.836375878125 0.49335043437500004
0 0.47399269374999997 0.3606082515625 0.4852868609375 0.35806777031250003 0.4593115 0.2661569140625 0.44587051874999994 0.2693088828125 0.47399269374999997 0.3606082515625
0 0.8554713625 0.46585761249999996 0.8537362312500001 0.47825816093749995 0.9181432453125 0.49103157499999994 0.9209237140625 0.47752148281249995 0.8554713625 0.46585761249999996
0 0.845596790625 0.478005878125 0.8433015656249999 0.48988946406249995 0.9327618453125 0.5060801578125 0.93393688125 0.4931626484375 0.845596790625 0.478005878125
0 0.836969525 0.448262034375 0.8346930109375 0.460681490625 0.9268976265625 0.47784938749999994 0.9307982859375 0.4653732171875 0.836969525 0.448262034375
0 0.8126796125 0.420138184375 0.8125686249999999 0.43248201875000003 0.9068813375 0.4324076640625 0.9064322296875 0.4195468703125 0.8126796125 0.420138184375
0 0.800207825 0.4044781140625 0.8000781281249999 0.4162860796875 0.8911238375 0.41578929374999996 0.8928402546875001 0.40285287812500004 0.800207825 0.4044781140625
0 0.66772995 0.320578565625 0.68118964375 0.31796246250000004 0.6621961062499999 0.22419823593750002 0.64929650625 0.2273313 0.66772995 0.320578565625
0 0.6213956671875 0.3286348328125 0.632671121875 0.3255584859375 0.616048953125 0.2376131671875 0.6031119281249999 0.23967449843750002 0.6213956671875 0.3286348328125
0 0.7719333640625 0.2777737515625 0.7755559109375 0.28837764843749997 0.8189400171875001 0.27344964374999997 0.8136558968750001 0.2618307328125 0.7719333640625 0.2777737515625
0 0.7466032796875 0.31299556875 0.74964701875 0.3225466375 0.8388427374999999 0.30011713906250004 0.8367881953125 0.28784892812499996 0.7466032796875 0.31299556875
0 0.772818034375 0.365195596875 0.7748164359375 0.3758562078125 0.8675411375 0.361351271875 0.8660466906250001 0.349600021875 0.772818034375 0.365195596875
3 0.9592082453125 0.42521516875 0.9661152203125001 0.42121833437499995 0.9573395421875001 0.4027465921875 0.9498724734374999 0.4062264671875 0.9592082453125 0.42521516875
3 0.89115093125 0.29238877812499997 0.8975165234375 0.2884108484375 0.8881994640625 0.2699580109375 0.881292490625 0.273954846875 0.89115093125 0.29238877812499997
3 0.36401862500000004 0.3778616265625 0.3648219890625 0.3853448515625 0.383658075 0.3814679609375 0.382873425 0.374520603125 0.36401862500000004 0.3778616265625
3 0.47236855 0.36066496875 0.46439752500000003 0.36523548125 0.4699249109375 0.38382065625 0.47793336249999996 0.38032187500000003 0.47236855 0.36066496875
0 0.44931239375 0.35234926718750004 0.458982415625 0.3498655046875 0.4385518609375 0.2615166578125 0.4272576953125 0.2640571375 0.44931239375 0.35234926718750004
0 0.1725417765625 0.8861942171875 0.1737168140625 0.8732767078125001 0.127139265625 0.8743667109375 0.1270657046875 0.8877822765625 0.1725417765625 0.8861942171875
0 0.130418525 0.79752985625 0.182520878125 0.7839069656250001 0.1805411875 0.7737822203125 0.127860028125 0.786352284375 0.130418525 0.79752985625
0 0.40146495312499997 0.34811841875 0.41324436249999996 0.343951434375 0.3969616078125 0.2967697734375 0.3872915875 0.2992535375 0.40146495312499997 0.34811841875
3 0.63267694375 0.6206442062499999 0.6302507265624999 0.6287767296875 0.6493862203125 0.6334737031250001 0.65183115 0.6258770453125 0.63267694375 0.6206442062499999
3 0.6527454968749999 0.6210164375 0.6540515250000001 0.6118499921875 0.6333480234375 0.6088173343750001 0.6320232859375 0.6174479140625 0.6527454968749999 0.6210164375
3 0.6754822421875 0.6046633765625 0.6778710328125 0.595459121875 0.656513875 0.5892301718749999 0.6530423203125 0.5984722375 0.6754822421875 0.6046633765625
3 0.681063184375 0.5937380890624999 0.6834706875000001 0.5850696984375 0.6626549125000001 0.57882184375 0.6597434515625 0.588580871875 0.681063184375 0.5937380890624999
3 0.6663013375 0.652197728125 0.6665058875 0.642533228125 0.6447944765625 0.6416818484375 0.6445899265625 0.6513463484375001 0.6663013375 0.652197728125
3 0.7283879578125 0.598523709375 0.7324196046875 0.589798603125 0.712107784375 0.5824601109375 0.7085988046875 0.5906304437500001 0.7283879578125 0.598523709375
3 0.7032863 0.686853015625 0.7084942765625 0.68076943125 0.692886475 0.668437990625 0.6876785 0.674521575 0.7032863 0.686853015625
3 0.7100184015625 0.6002382296875 0.703223703125 0.6074502640625 0.7205305015625 0.621868453125 0.7267838140625 0.6146753234375 0.7100184015625 0.6002382296875
3 0.6458959531249999 0.642179903125 0.6477995 0.6346021515625 0.628701434375 0.6309769125 0.6273579812500001 0.6390716249999999 0.6458959531249999 0.642179903125
0 0.20197319687499998 0.7821546359375 0.2120348984375 0.7753650359375001 0.1909171328125 0.72942525625 0.17973524375 0.735180934375 0.20197319687499998 0.7821546359375
3 0.6528939078125 0.6097443375 0.65477874375 0.6016307203125 0.6356619640625001 0.5974696140625 0.633217034375 0.6050662703125 0.6528939078125 0.6097443375
3 0.655878928125 0.5865697437499999 0.65826771875 0.5773654890625 0.6369479859375 0.572208271875 0.6345404828125 0.5808766609375 0.655878928125 0.5865697437499999
3 0.66039581875 0.576218134375 0.6628033234374999 0.56754974375 0.6431077359375 0.5623358109375001 0.6401588515625 0.57102310625 0.66039581875 0.576218134375
3 0.6741762140625001 0.613829821875 0.67660243125 0.6056972984375 0.654125084375 0.5984344265625 0.6517175796875 0.607102815625 0.6741762140625001 0.613829821875
3 0.6710040671875 0.6316457515625 0.6734489953125 0.62404909375 0.652708071875 0.6199447046875 0.6508232375 0.628058321875 0.6710040671875 0.6316457515625
3 0.712262653125 0.648983165625 0.716873109375 0.6413108859375 0.6964864390625001 0.6318289265625 0.6929400328125 0.638927528125 0.712262653125 0.648983165625
3 0.7099861390625 0.6614026187500001 0.715137978125 0.653711434375 0.697906034375 0.6414367109375 0.6921941 0.6486109359375 0.7099861390625 0.6614026187500001
3 0.6668472265625 0.48156535 0.6761068578125 0.48285155468749996 0.6785879203125 0.46076759999999994 0.6693282921875 0.4594813953125 0.6668472265625 0.48156535
0 0.9171643765624999 0.6182209656250001 0.9195157406250001 0.6079449765625 0.8867334250000001 0.6005054421875 0.8860623453124999 0.6123323140625 0.9171643765624999 0.6182209656250001
3 0.39842250468749996 0.35412638125 0.4020076265625 0.36365854531249997 0.4192195671875 0.359838371875 0.4172211640625 0.349177759375 0.39842250468749996 0.35412638125
3 0.50206840625 0.3419226703125 0.5101517078125 0.34056735625 0.505707084375 0.3219443703125 0.49818387656249996 0.3238166453125 0.50206840625 0.3419226703125
0 0.4114143765625 0.33811362031250003 0.4232686375 0.3360901 0.4074711265625 0.2872819359375 0.3978198171875 0.2903015640625 0.4114143765625 0.33811362031250003
0 0.4250611984375 0.34085618125 0.43747555312499997 0.3393496234375 0.417793515625 0.2724354328125 0.4060141046875 0.27660241874999997 0.4250611984375 0.34085618125
0 0.7368364765625001 0.49897250625 0.7259152765625 0.4966712828125 0.722015909375 0.5247064859374999 0.733963734375 0.525362296875 0.7368364765625001 0.49897250625
0 0.5598117140625 0.3656591828125 0.5711620187500001 0.3647263015625 0.56339038125 0.297396190625 0.550397215625 0.29784992187500003 0.5598117140625 0.3656591828125
0 0.5519652234375 0.29618560625 0.5638756234375 0.29576968593749997 0.5571867484374999 0.2284017640625 0.544734965625 0.228836590625 0.5519652234375 0.29618560625
0 0.5665825328125 0.295675159375 0.57845550625 0.29418750625 0.5701611984375 0.22741216562500002 0.558288225 0.22889981874999998 0.5665825328125 0.295675159375
0 0.573364971875 0.3657224125 0.5863581359375 0.36526868125 0.5785116453125 0.2957951046875 0.5649958125000001 0.2968036078125 0.573364971875 0.3657224125
0 0.5701592734375 0.42914370156250004 0.582032246875 0.42765604843749994 0.5717221140625 0.3652432625 0.5593264718750001 0.3672856875 0.5701592734375 0.42914370156250004
0 0.5833769906249999 0.4351203671875 0.5968928234375 0.4341118640625 0.5863768484375 0.3658045484375 0.5734398234375 0.367865878125 0.5833769906249999 0.4351203671875
0 0.1367195953125 0.9158807078125 0.126881159375 0.9135416749999999 0.11786867031249999 0.965898825 0.128229775 0.9676830859375001 0.1367195953125 0.9158807078125
0 0.183559125 0.9222928343750001 0.1731793046875 0.9199727062499999 0.1652308671875 0.9717561781249999 0.17505059218750002 0.9735593453125 0.183559125 0.9222928343750001
3 0.3335154296875 0.8392608640624999 0.33379483125 0.8317398296875 0.313128759375 0.8297789046874999 0.312307975 0.8373188453125 0.3335154296875 0.8392608640624999
0 0.266424728125 0.6565043703125 0.27822285 0.6528732515625 0.24754346875 0.5659553421875 0.2357827703125 0.5706581921875 0.266424728125 0.6565043703125
0 0.5173426140624999 0.6085761749999999 0.531437253125 0.6086205 0.5279218171875 0.5389956796875001 0.513864603125 0.5400230875 0.5173426140624999 0.6085761749999999
3 0.8743435828124999 0.44749342499999994 0.875201790625 0.441025215625 0.8555810562499999 0.43795474843750004 0.8552829421875 0.44493991718750003 0.8743435828124999 0.44749342499999994
3 0.7065894375 0.6727881515624999 0.7122452328125 0.6640063296875 0.69064480625 0.6508111171875 0.6849703 0.6590570734375001 0.7065894375 0.6727881515624999
3 0.665556696875 0.6774401671875 0.6668440109375 0.6677378546875 0.6444976546875 0.6642260484375 0.6432103390624999 0.673928359375 0.665556696875 0.6774401671875
3 0.71487470625 0.6306502734375 0.721146734375 0.6239930124999999 0.7032798421875001 0.6090578609375 0.697530484375 0.6151603515625 0.71487470625 0.6306502734375
3 0.7105055921875 0.8470203515625 0.7000696359374999 0.843092625 0.6917643609375 0.8691356046875001 0.70218160625 0.872527465625 0.7105055921875 0.8470203515625
3 0.6573295156250001 0.969594271875 0.645288125 0.9662591265625 0.6400065890625 0.9857582765625 0.6529997515625 0.9853045453125 0.6573295156250001 0.969594271875
3 0.6757739218750001 0.97002321875 0.664834009375 0.9671861296875001 0.659533759375 0.9861494125 0.6719855421875 0.9857145859375 0.6757739218750001 0.97002321875
3 0.6894394578124999 0.973301646875 0.67739806875 0.9699665015625 0.67416978125 0.9861748312499999 0.68608018125 0.9857589109375 0.6894394578124999 0.973301646875
3 0.7190283296875 0.96690318125 0.708088415625 0.9640660921875 0.7023216359375 0.9851917468750001 0.7142507484375 0.9853116921874999 0.7190283296875 0.96690318125
3 0.7207660437500001 0.9856206937499999 0.730529628125 0.9858162625 0.733795340625 0.9706796640625001 0.7245169984375 0.968857590625 0.7207660437500001 0.9856206937499999
3 0.749103734375 0.9744372421874999 0.7381076828124999 0.9699925546875001 0.7316311046874999 0.9863143171875001 0.7446242671875 0.9858605859375 0.749103734375 0.9744372421874999
3 0.764449553125 0.979266553125 0.753490928125 0.975893596875 0.7494967046875 0.9856904359374999 0.7619484859375001 0.9852556109374999 0.764449553125 0.979266553125
3 0.9778714078125 0.5871289562500001 0.9876911328125001 0.5889321234375 0.9876149890624999 0.5712296265625 0.9794755500000001 0.57097734375 0.9778714078125 0.5871289562500001
0 0.139760096875 0.6614641171875 0.1382843625 0.6502487343750001 0.083791928125 0.65751685 0.0858090453125 0.6687133265625 0.139760096875 0.6614641171875
0 0.14566045 0.6752075875 0.1436246203125 0.66347524375 0.09075633281249999 0.6706866437500001 0.091690684375 0.6819209328125 0.14566045 0.6752075875
0 0.1562848265625 0.700053009375 0.1526809921875 0.6899849812500001 0.1029312953125 0.7088909140624999 0.10761789375 0.7189211328125 0.1562848265625 0.700053009375
0 0.162670421875 0.712169978125 0.1590665875 0.7021019500000001 0.1092607515625 0.7194002828125 0.11340596875 0.7294494046875 0.162670421875 0.712169978125
0 0.16769385312500001 0.731845790625 0.1645565484375 0.7196153890625 0.1131078546875 0.7364345734375 0.11622644687499999 0.7481291078125001 0.16769385312500001 0.731845790625
0 0.181771071875 0.746913278125 0.17870861875 0.73682634375 0.12830526250000002 0.752535984375 0.131349003125 0.7620870531249999 0.181771071875 0.746913278125
0 0.176468240625 0.7347585015625 0.1881727984375 0.72844805 0.16543088749999998 0.6825649874999999 0.1543425625 0.690999996875 0.176468240625 0.7347585015625
3 0.692642575 0.8787622953125 0.6891335953125 0.8869326296875 0.7110882734375 0.894750271875 0.7134770640625 0.885546015625 0.692642575 0.8787622953125
3 0.727754959375 0.8442719109375 0.7168150453125001 0.841434821875 0.71127281875 0.868990875 0.7221940203125 0.871292096875 0.727754959375 0.8442719109375
3 0.8684213 0.619386590625 0.8591429578125 0.61756451875 0.854944184375 0.6370258578125 0.8636624312500001 0.63833096875 0.8684213 0.619386590625
3 0.737277859375 0.868619278125 0.7476576796875001 0.87093940625 0.75226684375 0.847708096875 0.7429697890625 0.8453501578125 0.737277859375 0.868619278125
3 0.8911806312499999 0.6502464890625 0.8801658671875 0.6452659359374999 0.8681644859375 0.674120584375 0.87970191875 0.6785463671875 0.8911806312499999 0.6502464890625
3 0.8717283124999999 0.65199881875 0.8634953078125 0.649067203125 0.85606695625 0.6691778421875 0.8659241062499999 0.672052740625 0.8717283124999999 0.65199881875
3 0.9087119828124999 0.6710950765625 0.9111194859375 0.6624266859375 0.8925440874999999 0.6582466734375 0.8901552984375 0.6674509296875 0.9087119828124999 0.6710950765625
3 0.8863843390625 0.6681191359375 0.8835290171875 0.6794857624999999 0.9092172312500001 0.6855634687500001 0.9120538375 0.673660975 0.8863843390625 0.6681191359375
3 0.9080047671875 0.6974092453125 0.9103748453125 0.687669121875 0.88959649375 0.682493 0.8872264171875001 0.6922331234375 0.9080047671875 0.6974092453125
3 0.8774628328125 0.6920375562500001 0.8746823625 0.705547646875 0.9025548156250001 0.7120855984375 0.905353996875 0.699111371875 0.8774628328125 0.6920375562500001
3 0.8241402687500001 0.6241520390625 0.8217327640625 0.6328204265624999 0.8414283515625 0.6380343609375 0.8438545671875 0.6299018375000001 0.8241402687500001 0.6241520390625
3 0.82190118125 0.6376432249999999 0.8195123921875 0.64684748125 0.83648235625 0.6516200765625 0.838871146875 0.64241581875 0.82190118125 0.6376432249999999
3 0.81762755625 0.6549610984375 0.8152387671874999 0.6641653546875 0.8348969281249999 0.6683075546875 0.8373044296875 0.6596391671874999 0.81762755625 0.6549610984375
3 0.8147535234375001 0.665791859375 0.8118046390625 0.6744791546875 0.8320228937499999 0.679138315625 0.833907728125 0.6710246984375 0.8147535234375001 0.665791859375
3 0.8124208703125 0.676603715625 0.8100320796875 0.6858079703125 0.8286074781250001 0.6899879828125 0.8304548875 0.6808026328125 0.8124208703125 0.676603715625
3 0.8070283500000001 0.7084466984375 0.8045834203125001 0.7160433546875 0.822580009375 0.7191705390625 0.823942175 0.7116116921875 0.8070283500000001 0.7084466984375
3 0.809230009375 0.693883778125 0.8063746890625 0.7052504046875 0.8265929453125 0.7099095671875 0.828925596875 0.6990977109375 0.809230009375 0.693883778125
3 0.7695549265625 0.8615904203125 0.7655607046874999 0.8713872593750001 0.7957671000000001 0.8826723843750001 0.799201228125 0.8723585843749999 0.7695549265625 0.8615904203125
3 0.7252926093750001 0.8668917328125 0.7356537140625 0.8686759953125 0.739758921875 0.8465353234374999 0.73049929375 0.8452491171875 0.7252926093750001 0.8668917328125
0 0.56201790625 0.6306229531249999 0.5750297843750001 0.6307050875 0.5753762874999999 0.5319733328125 0.5607776921875 0.5330196468749999 0.56201790625 0.6306229531249999