3 0.2380567078125 0.9342533625 0.2415552515625 0.9304274546875 0.23102015312500002 0.9235420624999999 0.2271172234375 0.92794755625 0.2380567078125 0.9342533625
2 0.0681445765625 0.48793250312499997 0.06973445 0.4910014703125 0.0784531328125 0.48682401875 0.0776628078125 0.4843916484375 0.0681445765625 0.48793250312499997
2 0.29659706875 0.7386441609375 0.296042509375 0.742409896875 0.3055515171875 0.7406648140625001 0.3051655796875 0.7376528578125 0.29659706875 0.7386441609375
3 0.672212778125 0.1598899234375 0.67447048125 0.16319009375 0.6845340484375 0.1576792734375 0.6817402359375 0.154553296875 0.672212778125 0.1598899234375
2 0.40781132500000006 0.1870858 0.406052828125 0.190794525 0.41821470156249996 0.193565796875 0.4194370890625 0.1900312625 0.40781132500000006 0.1870858
2 0.451554909375 0.16301238906249998 0.4538126125 0.1663125578125 0.4650801171875 0.16085875 0.46269069218750003 0.157153184375 0.451554909375 0.16301238906249998
2 0.23352632343750002 0.123150346875 0.2284286796875 0.1257030578125 0.2357379 0.1354293765625 0.241371653125 0.132702471875 0.23352632343750002 0.123150346875
2 0.044983771875 0.542518234375 0.042989509375 0.5400288546875001 0.0358791515625 0.54368373125 0.03733730625 0.5463473015625 0.044983771875 0.542518234375
2 0.254762153125 0.7558226984374999 0.250877671875 0.7566366484375 0.2519037625 0.7652671234375 0.2563243515625 0.76427898125 0.254762153125 0.7558226984374999
3 0.7691649046875 0.326938040625 0.7716860515625 0.33104900000000004 0.7826901125 0.3247844015625 0.78016896875 0.3206734421875 0.7691649046875 0.326938040625
3 0.6604419734375 0.2112230125 0.6621635703125001 0.214697375 0.67195446875 0.2101715390625 0.6702328734375 0.2066971765625 0.6604419734375 0.2112230125
3 0.7102667703125001 0.3317330078125 0.7058369578125 0.3345169234375 0.7115563015624999 0.3411742734375 0.715581728125 0.338969946875 0.7102667703125001 0.3317330078125