3 0.533449478125 0.12492269687499999 0.5257839718749999 0.12492269687499999 0.5257839718749999 0.1385281390625 0.533449478125 0.1385281390625 0.533449478125 0.12492269687499999
3 0.5125435546875 0.11873840468750001 0.520557490625 0.11873840468750001 0.520557490625 0.1057513921875 0.51358885 0.10544217656249999 0.5125435546875 0.11873840468750001
3 0.5275261328124999 0.072047 0.5202090593750001 0.072047 0.5202090593750001 0.0865800859375 0.5275261328124999 0.0865800859375 0.5275261328124999 0.072047
3 0.441811846875 0.0426716140625 0.442160278125 0.03494125 0.42125435468749994 0.032776746875 0.4198606265625 0.0408163265625 0.441811846875 0.0426716140625
3 0.4153310109375 0.2192331484375 0.40662020937500004 0.2192331484375 0.40662020937500004 0.233766234375 0.4142857140625 0.23438466249999998 0.4153310109375 0.2192331484375
3 0.422648084375 0.236549165625 0.4317073171875 0.23716759375000002 0.4327526125 0.2201607921875 0.4233449484375 0.2201607921875 0.422648084375 0.236549165625
3 0.43832752656249996 0.2217068640625 0.43902439062500004 0.2282003703125 0.45540069687500007 0.2275819421875 0.4547038328125 0.2207792203125 0.43832752656249996 0.2217068640625
3 0.420557490625 0.252319109375 0.42125435468749994 0.25850340156249996 0.4358885015625 0.257884971875 0.4358885015625 0.252319109375 0.420557490625 0.252319109375
3 0.42195121875 0.2581941875 0.42195121875 0.264378478125 0.436236934375 0.26406926406250003 0.436236934375 0.257884971875 0.42195121875 0.2581941875
3 0.40592334531249996 0.251391465625 0.4048780484375 0.257884971875 0.420209059375 0.25912183125 0.42125435468749994 0.2529375390625 0.40592334531249996 0.251391465625
3 0.3909407671875 0.257884971875 0.3912891984375 0.2517006796875 0.3766550515625 0.251391465625 0.3763066203125 0.25757575781250003 0.3909407671875 0.257884971875
3 0.390592334375 0.25850340156249996 0.3749128921875 0.25850340156249996 0.3749128921875 0.26499690781249996 0.390592334375 0.2656153375 0.390592334375 0.25850340156249996
3 0.1278745640625 0.812306740625 0.1191637625 0.8116883109374999 0.1191637625 0.8249845390624999 0.12648083593749998 0.825293753125 0.1278745640625 0.812306740625
3 0.1271777 0.7841682125 0.1198606265625 0.7841682125 0.11881533124999999 0.7977736546875 0.1261324046875 0.79808286875 0.1271777 0.7841682125
3 0.05783972187500001 0.7492269640625 0.05749128906249999 0.74273345625 0.042160278125 0.743042671875 0.0425087109375 0.749536178125 0.05783972187500001 0.7492269640625