0 0.5236893578124999 0.22736884062499998 0.52317679375 0.222100040625 0.47750595156250003 0.2331905296875 0.4791622734375 0.2385027515625 0.5236893578124999 0.22736884062499998
0 0.555964721875 0.21158362187500002 0.5543493140625 0.2071367703125 0.5226987140625 0.21570294687499997 0.5234783671875001 0.2210483328125 0.555964721875 0.21158362187500002
3 0.7675272203125 0.114894365625 0.767917046875 0.117567059375 0.77603323125 0.11647978750000001 0.7761775859375 0.11396026875000001 0.7675272203125 0.114894365625
3 0.8278911921875001 0.32171095781250003 0.83124064375 0.3201104859375 0.8282769171875 0.31129336875 0.8242424968750001 0.3132665203125 0.8278911921875001 0.32171095781250003
3 0.77262845625 0.349115584375 0.7743192578125 0.353299509375 0.7815932546875 0.3511171078125 0.77971075625 0.3465936703125 0.77262845625 0.349115584375
3 0.7754892921875001 0.3260340703125 0.7743326734375 0.32200331875 0.764736678125 0.32522717343749996 0.7659686890625 0.328994996875 0.7754892921875001 0.3260340703125
3 0.7656138984374999 0.2899104875 0.7646080656249999 0.2853538828125 0.7547449765625001 0.2885011484375 0.756627478125 0.2930245890625 0.7656138984374999 0.2899104875
3 0.7765108703125 0.288197865625 0.78024371875 0.287276421875 0.778005871875 0.2789519921875 0.7739305390625 0.28005977656250003 0.7765108703125 0.288197865625
3 0.7631434421875001 0.280381175 0.761377246875 0.276460178125 0.7525006999999999 0.27818305468750004 0.7536982328125 0.2830791765625 0.7631434421875001 0.280381175
0 0.653777140625 0.588199484375 0.6551254578125 0.5925697484375 0.6892897546875 0.5833016359375 0.68782513125 0.578328928125 0.653777140625 0.588199484375
3 0.62955155 0.854132328125 0.62593500625 0.8556562124999999 0.6279057609375001 0.863904053125 0.631714003125 0.8627196843749999 0.62955155 0.854132328125
3 0.624489675 0.8566644999999999 0.6204897359375 0.8575093562499999 0.6233716390625 0.8645957359375 0.626686609375 0.8641235593750001 0.624489675 0.8566644999999999
3 0.618344246875 0.8659996124999999 0.62207709375 0.86507816875 0.619914640625 0.8564908140625 0.61603100625 0.8579381109374999 0.618344246875 0.8659996124999999
3 0.7301403093750001 0.1414493421875 0.7260649781249999 0.142557125 0.7286517390625 0.1526888796875 0.7332612546874999 0.1517342703125 0.7301403093750001 0.1414493421875
3 0.7107975328125 0.1484229046875 0.7069138984375 0.149870203125 0.7090009562499999 0.15872048593750002 0.7135350796875 0.1580288046875 0.7107975328125 0.1484229046875
3 0.7354996546875 0.1247751796875 0.7324733953125 0.120208315625 0.7229183109374999 0.1242975390625 0.7246845078125 0.1282185390625 0.7354996546875 0.1247751796875
3 0.498805403125 0.1710070578125 0.49810757343749995 0.167392409375 0.48778569687499995 0.170123575 0.4884081328125 0.1740011515625 0.498805403125 0.1710070578125
0 0.7266459484375 0.180852853125 0.7314062515625 0.17937239062500002 0.7262391578125 0.161102546875 0.7215951625 0.163185453125 0.7266459484375 0.180852853125
0 0.649257871875 0.1916694921875 0.647944034375 0.18617093125 0.59847138125 0.2004394546875 0.5997443062500001 0.2050726484375 0.649257871875 0.1916694921875
3 0.767238509375 0.1199334046875 0.76801173125 0.12328512656249999 0.7757445187500001 0.12151882656249999 0.774820509375 0.11869295937499999 0.767238509375 0.1199334046875
3 0.767600284375 0.12572805781250002 0.7692501765624999 0.1290466140625 0.7761407765625 0.1261851828125 0.7755592515624999 0.12317297499999999 0.767600284375 0.12572805781250002
3 0.7748696265625 0.14573889375 0.77636873125 0.1495833046875 0.7863481218749999 0.1470384796875 0.7853078078125 0.14361016875 0.7748696265625 0.14573889375
3 0.788796959375 0.1616834140625 0.7895292703125001 0.16416976875 0.7980978140625 0.161504934375 0.79668053125 0.1593912609375 0.788796959375 0.1616834140625
3 0.801227515625 0.1626869078125 0.802500440625 0.1673200984375 0.8122127421875 0.1646986875 0.8110970343749999 0.16153330625 0.801227515625 0.1626869078125
3 0.790541534375 0.1707200375 0.7913556703125 0.174937128125 0.7998488203125 0.172535221875 0.7979318375 0.169140078125 0.790541534375 0.1707200375
3 0.790679459375 0.16620685468750002 0.7921785640625 0.170051265625 0.8002129234375 0.16723325625000002 0.7984876390625 0.16417762656249998 0.790679459375 0.16620685468750002
3 0.8089474421875 0.156933278125 0.8098714515625 0.1597591453125 0.818974178125 0.1572474875 0.8175159843750001 0.15426844374999998 0.8089474421875 0.156933278125
3 0.7985092593750001 0.15906200312500002 0.7994332703125 0.16188787031250002 0.8080018125 0.15922303437500002 0.80673531875 0.1565835078125 0.7985092593750001 0.15906200312500002
3 0.79559930625 0.1550975828125 0.7969067109375 0.15860247968750002 0.8052081640625 0.15586105781249998 0.8037499718750001 0.15288201562499998 0.79559930625 0.1550975828125
3 0.7957372312500001 0.1505844 0.7970446375 0.154089296875 0.80542148125 0.15108494687500001 0.8034291078125 0.14795273125 0.7957372312500001 0.1505844
3 0.7855445203125 0.157905334375 0.78707810625 0.16062145 0.794845375 0.1577268546875 0.7939213656249999 0.1549009875 0.7855445203125 0.157905334375
3 0.7749987921875 0.1503286640625 0.775237834375 0.1535272125 0.7844568640625 0.1516179921875 0.7832657625 0.1487155375 0.7749987921875 0.1503286640625
3 0.7861757171875 0.1526799578125 0.7864147578125 0.15587850625 0.7951749984375 0.1535531859375 0.794059290625 0.150387803125 0.7861757171875 0.1526799578125
3 0.7853206703125 0.1475974984375 0.78594310625 0.151475075 0.7935595890625 0.149106334375 0.79244388125 0.1459409515625 0.7853206703125 0.1475974984375
3 0.7812471109375 0.17289218281250002 0.7817532421875 0.17616731875 0.789218940625 0.17432443125 0.788562021875 0.1715751515625 0.7812471109375 0.17289218281250002
3 0.780165884375 0.16859850468749998 0.7814732906249999 0.17210340156249998 0.7896993484375 0.1696249078125 0.7887753390625 0.166799040625 0.780165884375 0.16859850468749998
3 0.779694234375 0.164195075 0.7803166703125 0.1680726515625 0.7877414546875 0.1653643953125 0.786016171875 0.1623087671875 0.779694234375 0.164195075
3 0.7773184625 0.1603838296875 0.7780507734375 0.16287018281250001 0.7858589546875 0.16084095468749998 0.78447615625 0.1575989859375 0.7773184625 0.1603838296875
3 0.7761209296875 0.1554877109375 0.7775791234375 0.1584667515625 0.7852709984375 0.1558350828125 0.7839291125 0.15345848281250002 0.7761209296875 0.1554877109375
3 0.6308244671875001 0.1732946921875 0.63421483125 0.1725595875 0.63240129375 0.16577955625000002 0.62886014375 0.1670405140625 0.6308244671875001 0.1732946921875
0 0.6756438109375 0.20549554531249997 0.6686369062499999 0.2077545359375 0.676205490625 0.2378102796875 0.684054584375 0.236646421875 0.6756438109375 0.20549554531249997
0 0.5660341437499999 0.23695010156250002 0.5610476625 0.2392193453125 0.5683362953125 0.265211175 0.575952778125 0.26284243281249997 0.5660341437499999 0.23695010156250002
0 0.2701364234375 0.518882328125 0.26832055781249997 0.523198915625 0.28554356875 0.5326902671875 0.2884278 0.5286800281249999 0.2701364234375 0.518882328125
0 0.3779633765625 0.30110818125 0.3787021171875 0.3055882 0.3938661203125 0.3031073078125 0.392819375 0.297685334375 0.3779633765625 0.30110818125
0 0.3909842171875 0.296020928125 0.3896358984375 0.2916506625 0.3707045671875 0.29618129375 0.37262797812500004 0.30157010156249997 0.3909842171875 0.296020928125
0 0.3890759921875 0.28352283125 0.386810096875 0.2783203609375 0.36525519375000004 0.2849441546875 0.3667952109375 0.28965393437500003 0.3890759921875 0.28352283125
0 0.38928698281249996 0.2898433375 0.387671575 0.2853964859375 0.368931940625 0.29026663125 0.3703965640625 0.29523933750000003 0.38928698281249996 0.2898433375
3 0.3057277546875 0.30202043125 0.3066172828125 0.30597459531250004 0.3216649796875 0.3028912625 0.3202003578125 0.2979185546875 0.3057277546875 0.30202043125
0 0.321074696875 0.30898200781249996 0.31953468125 0.304272228125 0.30757577343750003 0.307672165625 0.309040396875 0.31264487343749997 0.321074696875 0.30898200781249996
0 0.27797908437499996 0.5157248046875 0.2760124328125 0.520567246875 0.29426289843750003 0.529499578125 0.296496640625 0.524733725 0.27797908437499996 0.5157248046875
0 0.2631295171875 0.5211413171875 0.2605532890625 0.5260935124999999 0.27579035625000003 0.534446309375 0.2784828890625 0.5300965578125 0.2631295171875 0.5211413171875
0 0.3240184671875 0.21706419062500001 0.31982682812499996 0.21756953281250002 0.32234462812500003 0.22995787656250002 0.3274474140625 0.228291075 0.3240184671875 0.21706419062500001
0 0.25322551875 0.5234232140625 0.25114255937499996 0.5276632140624999 0.2681393921875 0.5379433484375 0.27071562031249996 0.532991153125 0.25322551875 0.5234232140625
0 0.24427357968750002 0.5254090203125 0.24257401875 0.5303280499999999 0.25884496874999996 0.54011549375 0.26168828906249997 0.5352398859374999 0.24427357968750002 0.5254090203125
0 0.2342941859375 0.5279538453125 0.2327454109375 0.5323470203125 0.24955054531249998 0.542287640625 0.25205138125 0.5375983718749999 0.2342941859375 0.5279538453125
0 0.2300744984375 0.5315811484374999 0.22764905624999998 0.5360074890625001 0.24094109062500002 0.5440871046875 0.24314035312499999 0.540449546875 0.2300744984375 0.5315811484374999
0 0.219136615625 0.5324284031250001 0.2169028703125 0.5371942562500001 0.23363261249999998 0.5473978015625 0.23590083593750003 0.5415036515625 0.219136615625 0.5324284031250001
0 0.2102600703125 0.5341512796875 0.208444203125 0.5384678671875001 0.224756065625 0.54912068125 0.22756490468749999 0.5453733703125 0.2102600703125 0.5341512796875
0 0.2019586171875 0.5368927015625 0.1998756609375 0.5411327015625 0.21584503906250002 0.5519718546875 0.2181950875 0.5478084421875 0.2019586171875 0.5368927015625
0 0.394871953125 0.30766391249999997 0.39352363437500004 0.3032936484375 0.379126425 0.307132596875 0.38039934999999997 0.31176578906249997 0.394871953125 0.30766391249999997
0 0.3308465359375 0.21845301562500002 0.326654896875 0.2189583578125 0.32944621875 0.2334169546875 0.33500779375 0.232166253125 0.3308465359375 0.21845301562500002
0 0.5274327375000001 0.24153134375000002 0.5224807390625 0.24267229375000002 0.527805046875 0.2624099453125 0.5323736515624999 0.2605899671875 0.5274327375000001 0.24153134375000002
0 0.43366827499999994 0.647154428125 0.4393806359375 0.6453778734375 0.43412528906250003 0.6233836296875 0.4282212296875 0.624820671875 0.43366827499999994 0.647154428125
0 0.5185217109375 0.24438251875 0.5142955921875 0.24601615625 0.5184071796875 0.267966978125 0.5244620265625 0.2660040828125 0.5185217109375 0.24438251875
3 0.49458727187499996 0.6242171671875 0.498737996875 0.62284645625 0.49661645625000006 0.61512446875 0.4923903375 0.6167581078125 0.49458727187499996 0.6242171671875
0 0.47009669218749994 0.6189018828124999 0.47580905468749995 0.6171253250000001 0.4702866171875 0.59505449375 0.464765953125 0.597170565625 0.47009669218749994 0.6189018828124999
0 0.46341941093749994 0.616987203125 0.468371409375 0.6158462515625 0.4623147890625 0.5936222484375 0.45736278906249994 0.594763196875 0.46341941093749994 0.616987203125
0 0.4559817640625 0.6157081296875 0.46115994374999997 0.6137783984375 0.4549525359375 0.5920802468749999 0.44973344531250004 0.5931446078125 0.4559817640625 0.6157081296875
0 0.44939916718750006 0.619511515625 0.45450195156250006 0.6178447109375 0.44829454531249996 0.5961465609375 0.44334254531250006 0.597287509375 0.44939916718750006 0.619511515625
0 0.44840796875000005 0.6431291406249999 0.4534353609375 0.6417252640625 0.4479538359375 0.6205198015625 0.44239226093750006 0.621770503125 0.44840796875000005 0.6431291406249999
0 0.42087183906250003 0.627266 0.42582383906250004 0.6261250515625 0.4206094046875 0.6049961749999999 0.4150478296875 0.606246878125 0.42087183906250003 0.627266
3 0.4491340734375 0.903696753125 0.44479165 0.9047279484375 0.44683779843749993 0.9127128640625 0.45110482812499997 0.91194459375 0.4491340734375 0.903696753125
0 0.41339971249999996 0.627115221875 0.4184271046875 0.625711346875 0.41233600312499996 0.6046156375 0.40738400312499995 0.6057565874999999 0.41339971249999996 0.627115221875
0 0.4062829328125 0.630765434375 0.4117282015625 0.6289122921875 0.4061368015625 0.609098053125 0.400232740625 0.61053509375 0.4062829328125 0.630765434375
0 0.39922868125 0.630165390625 0.4040298953125 0.6295502953125001 0.398890853125 0.60815849375 0.3936717625 0.6092228546875 0.39922868125 0.630165390625
0 0.3910435359375 0.633509253125 0.3966805046875 0.6319956234374999 0.39230825625 0.6119618796874999 0.386328803125 0.6136618484375 0.3910435359375 0.633509253125
0 0.37818634375000004 0.64205798125 0.38374791875 0.6408072796875001 0.3780746953125 0.619262303125 0.37278021093749997 0.6205895921875 0.37818634375000004 0.64205798125
0 0.3712355375 0.63807305 0.37553705000000004 0.6361764859375 0.370753353125 0.618585671875 0.3655342625 0.619650034375 0.3712355375 0.63807305
0 0.36422863125 0.6403320390625 0.3693314171875 0.6386652359375 0.3649655984375 0.62062515625 0.3589452328125 0.6214597546875 0.36422863125 0.6403320390625
3 0.7998768703125 0.1694132609375 0.8006500937500001 0.1727649828125 0.8095611203124999 0.169913809375 0.808486325 0.1676137953125 0.7998768703125 0.1694132609375
3 0.8128094562499999 0.1606016046875 0.8134318921875 0.1644791828125 0.82112376875 0.1618475140625 0.8195901828125001 0.1591313984375 0.8128094562499999 0.1606016046875
3 0.8192260796875 0.1644333625 0.8197322109374999 0.167708496875 0.8276157843749999 0.16541634375 0.8261575921875 0.1624373015625 0.8192260796875 0.1644333625
3 0.8391406265624999 0.3701794640625 0.8383931265625 0.3748024 0.8435432546875001 0.37599462968749997 0.8445987593750001 0.3723136484375 0.8391406265624999 0.3701794640625
0 0.165941421875 0.30262739375000003 0.160455240625 0.30361517031249996 0.167935571875 0.3299465125 0.1732300546875 0.3286192234375 0.165941421875 0.30262739375000003
0 0.1281676796875 0.41016700000000006 0.12314028749999999 0.4115708765625 0.12882870156249998 0.4260065625 0.1333219109375 0.4244495125 0.1281676796875 0.41016700000000006
0 0.123883684375 0.39385765625 0.118397503125 0.3948454328125 0.123017553125 0.4089747703125 0.12796955000000002 0.4078338203125 0.123883684375 0.39385765625
0 0.1591204484375 0.3979861734375 0.15451093437500002 0.398940784375 0.1636195359375 0.43370630937500004 0.168722321875 0.4320395046875 0.1591204484375 0.3979861734375
0 0.1187919859375 0.37532488750000004 0.11372368125000001 0.3758633953125 0.1170491859375 0.3904751671875 0.12245997500000001 0.38975031875 0.1187919859375 0.37532488750000004
0 0.1516840234375 0.4561775234375 0.1462732359375 0.4569023703125 0.1537535671875 0.48323371406250004 0.1589726578125 0.4821693515625 0.1516840234375 0.4561775234375
0 0.1635927046875 0.49629869062500004 0.15818191718750002 0.49702353749999995 0.16373240625000002 0.5159724078125 0.168951496875 0.514908046875 0.1635927046875 0.49629869062500004
3 0.8342470578125001 0.35397987343750004 0.8337257359375 0.357814028125 0.8440259937500001 0.36019848906249996 0.844355615625 0.35602481875 0.8342470578125001 0.35397987343750004
0 0.202509540625 0.294048565625 0.197598453125 0.2960548828125 0.20496247968749998 0.321783784375 0.2102569625 0.3204564953125 0.202509540625 0.294048565625
3 0.8811067859374999 0.48692591875 0.8805252609374999 0.48391371093749996 0.8736691390625 0.4856468453125 0.8749011531249999 0.4894146703125 0.8811067859374999 0.48692591875
3 0.88249834375 0.4810649359375 0.88111554375 0.47782296406249997 0.872279909375 0.48041121249999996 0.8735119234375001 0.48417903593749995 0.88249834375 0.4810649359375
3 0.8800687999999999 0.4724009921875 0.8786450875 0.4682936546875 0.8703027249999999 0.47016970625 0.871192253125 0.47412387031250003 0.8800687999999999 0.4724009921875
3 0.8777275093749999 0.46746144999999995 0.8771050718750001 0.46358387343749996 0.8681531328125001 0.46556967968749996 0.8683167796875001 0.4690311546875 0.8777275093749999 0.46746144999999995
3 0.866588615625 0.5123556640625 0.8658563031250001 0.5098693109375 0.855986784375 0.5110229140625 0.8571843171875001 0.5159190328125 0.866588615625 0.5123556640625
3 0.8657335671874999 0.507273203125 0.8652274343749999 0.5039980703125 0.8545630734375 0.5069155734375 0.8551445984375 0.5099277812499999 0.8657335671874999 0.507273203125
3 0.8641935500000001 0.5025634250000001 0.86307784375 0.49939804375 0.8545846953125 0.50179995 0.855625009375 0.505228259375 0.8641935500000001 0.5025634250000001
0 0.178475421875 0.300246 0.17303015156249998 0.3020991421875 0.1799009078125 0.32854023906249996 0.185996665625 0.3274427125 0.178475421875 0.300246
0 0.20989984375 0.29246860468749997 0.205214934375 0.293686140625 0.21242817500000002 0.319940896875 0.2182159296875 0.3179014140625 0.20989984375 0.29246860468749997
3 0.8609972140625001 0.49254142500000003 0.8592719296875 0.4894857953125 0.850436296875 0.4920740421875 0.8521615812500001 0.495129671875 0.8609972140625001 0.49254142500000003
0 0.43597241875000003 0.2742065 0.43121211718749997 0.2756869625 0.436995215625 0.2958407171875 0.44202260937500004 0.29443684062500003 0.43597241875000003 0.2742065
0 0.12430622031250001 0.371215153125 0.1189363421875 0.3728053703125 0.12703268125 0.401020625 0.1327450421875 0.3992440671875 0.12430622031250001 0.371215153125
0 0.41677399531250003 0.27866054375 0.410527453125 0.280283925 0.4165431609375 0.3016425625 0.422940490625 0.299493325 0.41677399531250003 0.27866054375
0 0.4088495109375 0.2800873296875 0.4021096953125 0.28242290625 0.4083171015625 0.30412105624999997 0.41524861562500004 0.3021249953125 0.4088495109375 0.2800873296875
0 0.3999320515625 0.2809448390625 0.39387720625 0.28290773593749996 0.4006597078125 0.30562442968750003 0.406906253125 0.30400104843750003 0.3999320515625 0.2809448390625
0 0.4732944671875 0.2629983984375 0.4667054390625 0.2648081203125 0.47302915 0.2871087140625 0.47931017656249997 0.2843570359375 0.4732944671875 0.2629983984375
0 0.4648767125 0.265137378125 0.45958222812500005 0.2664646671875 0.46476218124999996 0.28872183906250004 0.47047454375 0.2869452828125 0.4648767125 0.265137378125
0 0.45517084218750004 0.26975245625 0.4502942359375 0.270630478125 0.45573484999999997 0.29097057187500003 0.461563515625 0.28979645781249996 0.45517084218750004 0.26975245625
0 0.33318028593750004 0.2919659328125 0.33183196875 0.2875956671875 0.3048662765625 0.2949443078125 0.30640629375 0.2996540859375 0.33318028593750004 0.2919659328125
0 0.2223929328125 0.289221840625 0.21755723749999997 0.2909652328125 0.2243526 0.3176692546875 0.2295307796875 0.315739525 0.2223929328125 0.289221840625
0 0.3320733375 0.279697596875 0.3308004140625 0.27506440468750004 0.302464784375 0.28315840312499996 0.30408019375 0.28760525625 0.3320733375 0.279697596875
0 0.3323211359375 0.273793190625 0.330664815625 0.26848096875 0.3043087 0.2757198578125 0.30550623125 0.2806159765625 0.3323211359375 0.273793190625
0 0.327918509375 0.267978025 0.32633758125 0.2624028765625 0.2994472828125 0.2694885890625 0.30144608906250003 0.2746144703125 0.327918509375 0.267978025
0 0.6632825546875 0.592347846875 0.664480084375 0.5972439656249999 0.6756786296875 0.5944796343750001 0.674556490625 0.5893205874999999 0.6632825546875 0.592347846875
0 0.65729256875 0.57896386875 0.6590242828124999 0.5840131609375 0.6828667015625001 0.5774762124999999 0.6812103796875 0.5721639921875 0.65729256875 0.57896386875
0 0.4256409 0.6166825828125 0.43093538281250005 0.61535529375 0.42804061875 0.604281584375 0.422670740625 0.6058718 0.4256409 0.6166825828125
0 0.3832441140625 0.6264355265625 0.3883878125 0.6256340921875 0.3850342578125 0.61414428125 0.379931471875 0.615811084375 0.3832441140625 0.6264355265625
3 0.8609755953124999 0.49765705000000005 0.860051584375 0.4948311828125 0.8511750390625 0.496554059375 0.85259875 0.500661396875 0.8609755953124999 0.49765705000000005
3 0.8583888328124999 0.487525296875 0.8577319140625 0.48477601562499995 0.8491224609374999 0.48657548124999994 0.850505259375 0.48981745 0.8583888328124999 0.487525296875
3 0.7829379140625 0.1770761078125 0.7833686515625 0.1806141703125 0.7925122890625 0.17896787812499998 0.7908624 0.175649321875 0.7829379140625 0.1770761078125
3 0.8109374890625001 0.17116211406249998 0.8119024093749999 0.1748533484375 0.820053075 0.1726377828125 0.8185539703125 0.16879337187500001 0.8109374890625001 0.17116211406249998
3 0.7866403828124999 0.19037324375 0.7875643921875 0.1931991109375 0.7963246328125 0.1908737921875 0.794866440625 0.18789475 0.7866403828124999 0.19037324375
3 0.7969622578125 0.187642078125 0.798002575 0.1910703875 0.80561905625 0.1887016453125 0.8046196531250001 0.18613870625 0.7969622578125 0.187642078125
3 0.8059895921875 0.185393346875 0.8075640890625 0.188974828125 0.8157901484375 0.186496334375 0.8144073484375 0.183254365625 0.8059895921875 0.185393346875
3 0.8037301265625001 0.1821845421875 0.8045787421874999 0.1852733359375 0.8135651625 0.1821592359375 0.8123740609375 0.1792567796875 0.8037301265625001 0.1821845421875
3 0.8238268359375001 0.17258170781249998 0.8242575734375001 0.17611977031249998 0.8327098109375 0.17285249375 0.8311762265624999 0.170136378125 0.8238268359375001 0.17258170781249998
3 0.8204236093749999 0.1693294828125 0.8208134375 0.17200217499999998 0.8293065875 0.16960026875 0.8277730015625 0.166884153125 0.8204236093749999 0.1693294828125
3 0.8134295640625 0.1755758 0.8143535749999999 0.1784016671875 0.8225796328125 0.1759231734375 0.8213131390624999 0.173283646875 0.8134295640625 0.1755758
3 0.809589171875 0.1667918484375 0.8111636687500001 0.1703733328125 0.8180542703125001 0.1675119015625 0.81701395625 0.1640835921875 0.809589171875 0.1667918484375
3 0.797509303125 0.1917825828125 0.7993508921875 0.19544065156249998 0.8077277359374999 0.1924363046875 0.8064203296875 0.1889314078125 0.797509303125 0.1917825828125
3 0.8042514468749999 0.1783503859375 0.8057096390625 0.18132942968750002 0.8128673328125 0.1785445859375 0.8117516234375 0.17537920468749998 0.8042514468749999 0.1783503859375
3 0.8024443390625 0.1735640203125 0.8032175625000001 0.17691574375000002 0.810758653125 0.174809928125 0.8094921578125 0.1721704 0.8024443390625 0.1735640203125
3 0.7946618812499999 0.18356790625 0.7962363781249999 0.1871493890625 0.8038528609375 0.1847806484375 0.8024700625 0.18153867968749998 0.7946618812499999 0.18356790625
3 0.79396405 0.1799532578125 0.795079759375 0.1831186390625 0.8033058171875 0.1806401453125 0.8024571999999999 0.17755135 0.79396405 0.1799532578125
3 0.79215694375 0.1751668890625 0.7933135640625 0.17919764062500002 0.8018067140625 0.1767957328125 0.8000405171875 0.1728747359375 0.79215694375 0.1751668890625
3 0.785251153125 0.1851376109375 0.7858735890624999 0.1890151859375 0.7953187984375 0.18631718749999998 0.7943947890625 0.18349131875 0.785251153125 0.1851376109375
3 0.7844779296875 0.1817858875 0.78551824375 0.18521419687500001 0.793936 0.18307521875 0.7930873843749999 0.179986421875 0.7844779296875 0.1817858875
3 0.7877970015625 0.19440399531250002 0.7890290156249999 0.19817181718750002 0.7981662203125001 0.1945318625 0.7967834218750001 0.19128989375 0.7877970015625 0.19440399531250002
3 0.78857665625 0.19974938125 0.7900757609375 0.2035937921875 0.7975759375 0.20062260781250002 0.79641931875 0.1965918578125 0.78857665625 0.19974938125
3 0.8547208453125 0.47309986562499995 0.8531463468749999 0.46951838125 0.84438610625 0.4718437015625 0.8457344250000001 0.47621396718750003 0.8547208453125 0.47309986562499995
3 0.8125266218749999 0.20291782656250001 0.8129164484375 0.205590521875 0.8217929937499999 0.2038676421875 0.8207526796875 0.20043933281249998 0.8125266218749999 0.20291782656250001
3 0.8165972984375 0.22400328125 0.8155978953125 0.221440340625 0.8056594140625 0.2248505359375 0.8067751218750001 0.22801591718749997 0.8165972984375 0.22400328125
3 0.8058768359374999 0.2331647078125 0.8055624015625 0.2302290875 0.7974117374999999 0.232444653125 0.7993287171875 0.23583979687499998 0.8058768359374999 0.2331647078125
3 0.808560609375 0.2379179078125 0.80706150625 0.234073496875 0.8000201171875 0.2374607828125 0.8006016421875 0.240472990625 0.808560609375 0.2379179078125
3 0.8053297921875 0.229024203125 0.8039469921875 0.225782234375 0.79591263125 0.22860024375000002 0.796912034375 0.23116318281249998 0.8053297921875 0.229024203125
3 0.804304665625 0.21848660468749997 0.8033052625 0.21592366406250002 0.795346296875 0.21847874531249997 0.795852428125 0.22175388125 0.804304665625 0.21848660468749997
3 0.7962767359375 0.223298278125 0.7968582609375 0.22631048593749997 0.8046255296875 0.22341589062499997 0.8036261265625001 0.2208529484375 0.7962767359375 0.223298278125
3 0.8009102 0.2061314265625 0.8021766937500001 0.208770953125 0.8097177828125 0.2066651390625 0.8084103765625 0.2031602421875 0.8009102 0.2061314265625
3 0.7931967046875 0.21387871875000003 0.794045321875 0.21696751406249998 0.8023058593749999 0.21336072499999997 0.8013064578125 0.21079778437500002 0.7931967046875 0.21387871875000003
3 0.7983643500000001 0.1968650421875 0.799329271875 0.20055627812500001 0.8074799374999999 0.1983407109375 0.8063642281250001 0.195175328125 0.7983643500000001 0.1968650421875
3 0.7910815921875 0.20815039687499998 0.792697003125 0.21259725000000002 0.8006150578125 0.2091767984375 0.7987734703125 0.205518728125 0.7910815921875 0.20815039687499998
3 0.809157878125 0.19853730625 0.810999465625 0.20219537812500002 0.8198351 0.1996071296875 0.818335996875 0.1957627203125 0.809157878125 0.19853730625
3 0.8170502109375001 0.1871421984375 0.8184330093750001 0.1903841671875 0.8277619140624999 0.18708372499999998 0.827029603125 0.1845973734375 0.8170502109375001 0.1871421984375
3 0.7902674578125 0.20393330625 0.790773590625 0.2072084421875 0.798581771875 0.2051792140625 0.7975414562500001 0.20175090468749998 0.7902674578125 0.20393330625
3 0.7995618828125 0.2017611609375 0.8001434062499999 0.20477336875000002 0.809321525 0.20199877968750002 0.8082058171875 0.1988333984375 0.7995618828125 0.2017611609375
3 0.8077966984374999 0.19017971250000001 0.8084536171875 0.19292899375 0.816412584375 0.1903739125 0.815488575 0.18754804375 0.8077966984374999 0.19017971250000001
3 0.8080012578125 0.19450655625 0.809918240625 0.1979017 0.8189046609374999 0.1947875984375 0.8173301625 0.19120611406250002 0.8080012578125 0.19450655625
0 0.187617509375 0.5344877296874999 0.184774190625 0.5393633375 0.20272951250000001 0.5513410421875 0.2054974390625 0.5467283625 0.187617509375 0.5344877296874999