4 0.453212334375 0.9300494828125 0.404533103125 0.924933090625 0.4004459234375 0.9638200140625001 0.44912515312499995 0.9689364062499999 0.453212334375 0.9300494828125
3 0.070707815625 0.485835671875 0.0659096265625 0.49120624062499996 0.0805320859375 0.503137140625 0.085806728125 0.4982685625 0.070707815625 0.485835671875
1 0.8236534437499999 0.4316588640625 0.8580387265624999 0.4569647671875 0.892203121875 0.42395056875000003 0.855435571875 0.3961347109375 0.8236534437499999 0.4316588640625
1 0.771545421875 0.3886732421875 0.8104536828125 0.416262184375 0.8410949875 0.3815219546875 0.8049448265624999 0.3528671578125 0.771545421875 0.3886732421875
1 0.526875878125 0.1939416640625 0.55714135 0.1627772421875 0.532184515625 0.1434333609375 0.49882542656249995 0.1738207171875 0.526875878125 0.1939416640625
1 0.495228025 0.2231531359375 0.5231178921875 0.19445051093750002 0.49421515468750005 0.1774033828125 0.46741913124999995 0.20576906093749997 0.495228025 0.2231531359375
1 0.4505760125 0.1344040484375 0.47828462656250004 0.1124610796875 0.45342174843749994 0.09222324531250001 0.4280014453125 0.117570121875 0.4505760125 0.1344040484375
1 0.42006898281250005 0.16283159687499998 0.4480594703125 0.1382067734375 0.42443803750000003 0.12126281718750001 0.39706494062500003 0.1450487046875 0.42006898281250005 0.16283159687499998
1 0.7342201015625001 0.4416913375 0.7042168578125 0.4200094015625 0.687775540625 0.435454075 0.71816128125 0.45853195312499995 0.7342201015625001 0.4416913375
1 0.657007646875 0.37573100937500004 0.626668884375 0.3522061546875 0.6082344578125001 0.37150856875 0.6371438578124999 0.39352745 0.657007646875 0.37573100937500004
1 0.6158580546875 0.34429118281250004 0.587519065625 0.32188034062500004 0.5675143406250001 0.34101770937500003 0.5979470609375 0.3636486109375 0.6158580546875 0.34429118281250004
1 0.49764360625000004 0.250521853125 0.46178198281249994 0.22415695468750002 0.4444414 0.24312242031250003 0.47916220000000004 0.27027124375 0.49764360625000004 0.250521853125
1 0.45478277968749997 0.22025791093749997 0.4234911109375 0.19572907343749998 0.405674075 0.2141925515625 0.4375361546875 0.2383294265625 0.45478277968749997 0.22025791093749997
1 0.419437925 0.1889762734375 0.3858646109375 0.16601528125 0.3690944390625 0.18458878750000002 0.39876883125 0.20939955625 0.419437925 0.1889762734375
1 0.730212875 0.5402392890625001 0.6969684125 0.5141494625 0.6741116296875 0.5352466390624999 0.7062152671875 0.5621203859375 0.730212875 0.5402392890625001
1 0.54336879375 0.3945172265625 0.5119361890625 0.3713293171875 0.490126271875 0.392536521875 0.522511784375 0.41672841250000003 0.54336879375 0.3945172265625
1 0.4646933234375 0.33744140625 0.43883055937500004 0.3166465671875 0.417731990625 0.3361208828125 0.4440242296875 0.3578646875 0.4646933234375 0.33744140625
1 0.4219734328125 0.30583653437499997 0.394305478125 0.28711153125 0.3786761296875 0.304901115625 0.408061984375 0.3274219875 0.4219734328125 0.30583653437499997
1 0.394674646875 0.2785639703125 0.3639064125 0.2540901484375 0.34300242187499996 0.2767483109375 0.37220035937499996 0.3010570890625 0.394674646875 0.2785639703125
1 0.354290046875 0.24991603125 0.3230923375 0.22449324062499998 0.3003295125 0.2446964640625 0.3320506546875 0.2701742671875 0.354290046875 0.24991603125
1 0.5891869187500001 0.6433663734375 0.6199355062499999 0.6176756953125 0.5978777078124999 0.5959250328125 0.5673237 0.624799559375 0.5891869187500001 0.6433663734375
1 0.551734328125 0.6724196578125 0.5826774953125 0.6499128265625 0.5609552140625 0.630005084375 0.5320118203125 0.6536259265625 0.551734328125 0.6724196578125
1 0.4929633015625 0.5568794265625 0.5266775531250001 0.578499490625 0.5454474953124999 0.5610399968750001 0.5129680249999999 0.5377420578125001 0.4929633015625 0.5568794265625
1 0.44604928906249997 0.5198626828124999 0.4830584 0.5504154140625 0.503774471875 0.5295451546875001 0.470717928125 0.5016674265625001 0.44604928906249997 0.5198626828124999
1 0.3621261671875 0.45229320937499995 0.40146390312499997 0.48083111875 0.42065665625 0.45934883906249996 0.388076565625 0.4319731 0.3621261671875 0.45229320937499995
1 0.3090652375 0.40830360624999995 0.34659778124999996 0.43891135 0.366649484375 0.41932700624999997 0.3349216796875 0.38887744999999996 0.3090652375 0.40830360624999995
1 0.14670188125 0.2461741875 0.1182416015625 0.2752687734375 0.14172209687499998 0.2935536578125 0.1679007296875 0.2660269171875 0.14670188125 0.2461741875
1 0.171423821875 0.26775295 0.1401987796875 0.2929416375 0.1682022515625 0.313509559375 0.195622328125 0.2892766953125 0.171423821875 0.26775295
1 0.1349244765625 0.26256097343749996 0.09210995 0.302348540625 0.13473588125 0.3348473640625 0.1755036578125 0.294392759375 0.1349244765625 0.26256097343749996
1 0.733183496875 0.768768 0.7694482859375 0.7409456140625 0.7421495 0.7136730499999999 0.7075019874999999 0.741213503125 0.733183496875 0.768768
1 0.6958182015625 0.7919555796875 0.7296134265625 0.76748894375 0.7092198859375001 0.7450093734375 0.677518390625 0.7696960703125 0.6958182015625 0.7919555796875
1 0.6156530671875 0.723877259375 0.5857501015625 0.7415223656250001 0.601808584375 0.7599309921875 0.6284769953125 0.7428497468749999 0.6156530671875 0.723877259375
3 0.48735075937500005 0.8066497890625 0.4826935078125 0.81067943125 0.49198101875000005 0.81798238125 0.49554442656250003 0.8142896859375 0.48735075937500005 0.8066497890625
3 0.1602211078125 0.535464228125 0.15585239374999998 0.541783765625 0.17023329375000001 0.55097779375 0.1750314828125 0.5456072234375 0.1602211078125 0.535464228125
3 0.174145884375 0.5238222796875001 0.1676834390625 0.52992175625 0.18144694687500001 0.5399547234375001 0.18733898124999998 0.5342472078125 0.174145884375 0.5238222796875001
3 0.2543660234375 0.4554284046875 0.248997421875 0.4611909359375 0.2637138390625 0.47222788437499996 0.27012930625 0.4665753828125 0.2543660234375 0.4554284046875
3 0.8346803953125 0.9913833421874999 0.8404917953125001 0.9965132828125001 0.8533697046875 0.9847613046875001 0.8480347578125 0.9801333546875 0.8346803953125 0.9913833421874999
3 0.8835948609375001 0.9590156109375 0.8885003328125001 0.9626945953125 0.8990496171875 0.9529574375 0.8941441453125 0.9492784546875 0.8835948609375001 0.9590156109375
3 0.8736899578124999 0.9525515984374999 0.878977925 0.957626525 0.8917148984375001 0.9472154749999999 0.8879032703125 0.9431995453124999 0.8736899578124999 0.9525515984374999
0 0.6868725296875 0.8267165437499999 0.6850270203125 0.8342051078124999 0.7202446015625 0.8415219374999999 0.7216606375 0.8330844046875001 0.6868725296875 0.8267165437499999
0 0.6793698828125 0.8376777437499999 0.6775243734374999 0.8451663093749999 0.714312253125 0.8526481796875001 0.7150639171875001 0.8454965624999999 0.6793698828125 0.8376777437499999
0 0.6685320609375001 0.84512500625 0.6659752015625 0.8543464593750001 0.6991930125 0.860549275 0.6995621828125 0.8520017125000001 0.6685320609375001 0.84512500625
0 0.64344693125 0.9075640437500001 0.6515266546875 0.9011826359375 0.6254289953125001 0.8826226765625 0.62063080625 0.887993246875 0.64344693125 0.9075640437500001
3 0.5236155484375 0.778827403125 0.5277023875 0.7751897234375 0.519032265625 0.7670478359375 0.5153749015625 0.7716344828125 0.5236155484375 0.778827403125
3 0.5217230578125001 0.78676294375 0.5253334453125 0.782623271875 0.5134757484375 0.774598271875 0.5099123421875 0.7782909671875 0.5217230578125001 0.78676294375
3 0.47950593281250004 0.810796315625 0.4748956609375 0.81437898125 0.4887531296875 0.8235179953125 0.491793103125 0.8197702859374999 0.47950593281250004 0.810796315625
1 0.580904934375 0.7473399125 0.55724284375 0.7710639296874999 0.5768647328125 0.7857798593750001 0.5985337125 0.7659135828125 0.580904934375 0.7473399125
3 0.5365254078125 0.9329311609375001 0.54361856875 0.9359362499999999 0.551403090625 0.9222931953125 0.5437395171875 0.9196800656249999 0.5365254078125 0.9329311609375001
3 0.5225806453125 0.9296578515625 0.5317675359375 0.9328830015625 0.536075946875 0.9170669359374999 0.52936528125 0.9154577890625 0.5225806453125 0.9296578515625
3 0.51472249375 0.9238608734374999 0.5212452421875 0.9272579265625 0.5288351859375 0.9104310203124999 0.521695046875 0.9078729062500001 0.51472249375 0.9238608734374999
3 0.28235446875000003 0.6422990390625001 0.2881658671875 0.6474289796875 0.2977622453125 0.636687840625 0.2928567734375 0.6330088578125 0.28235446875000003 0.6422990390625001
3 0.3141096046875 0.62213711875 0.30763383437499997 0.6182930921875001 0.297420065625 0.6298731671875 0.3028019921875 0.6340541421875 0.3141096046875 0.62213711875
3 0.26506086562500003 0.6608175296875001 0.2703958109375 0.66544548125 0.2817034234375 0.6535284578125 0.2757041078125 0.6501864203125 0.26506086562500003 0.6608175296875001
1 0.656292209375 0.8004548171874999 0.679195971875 0.7789106671875 0.6605269890625001 0.76519871875 0.64033435 0.7861239921875 0.656292209375 0.8004548171874999
1 0.63291865625 0.8264687296875 0.6470180234375 0.803095371875 0.6231213796875 0.7938050249999999 0.609639403125 0.8163394453124999 0.63291865625 0.8264687296875
1 0.59361389375 0.8580388250000001 0.6240806078125 0.8350300031250001 0.60545194375 0.8158993265625 0.578461340625 0.8410811578124999 0.59361389375 0.8580388250000001
1 0.569575971875 0.8853386515624999 0.592996503125 0.8588777625 0.5718512953125 0.8435498109375 0.5462430765625 0.8706845921875 0.569575971875 0.8853386515624999
1 0.5369695703125 0.8028266593750001 0.5105024015625 0.8280635046875 0.5245544484375 0.8403863671874999 0.5518335875 0.8174944312499999 0.5369695703125 0.8028266593750001
1 0.5573434640625 0.7751417296875001 0.532392953125 0.79601884375 0.5488272656250001 0.8108516609375 0.574636728125 0.7918724796875 0.5573434640625 0.7751417296875001
3 0.24671373281250003 0.6742542406250001 0.2550953171875 0.6801062328125 0.26526210625 0.66897313125 0.25830988125 0.6646271125000001 0.24671373281250003 0.6742542406250001