0 0.32527372187500003 0.7591275484375 0.314781021875 0.7586533906249999 0.31158759062499997 0.8293029875 0.322536496875 0.8297771453125 0.32527372187500003 0.7591275484375
3 0.024178832812500002 0.80701754375 0.0200729921875 0.800853484375 0.0063868609375 0.810336653125 0.0095802921875 0.8160265531249999 0.024178832812500002 0.80701754375
3 0.0378649640625 0.761498340625 0.0351277375 0.7562825984375 0.02281021875 0.7633949734375001 0.026916057812499998 0.7695590328125 0.0378649640625 0.761498340625
3 0.024178832812500002 0.771455665625 0.020529196875 0.767188240625 0.007755475 0.7738264578125 0.0104927 0.7795163578125 0.024178832812500002 0.771455665625
3 0.0218978109375 0.77619725 0.02600365 0.7809388328125 0.0401459859375 0.771455665625 0.0369525546875 0.7662399234375 0.0218978109375 0.77619725
3 0.0223540140625 0.785206259375 0.019160584375 0.7790422 0.0072992703125 0.785206259375 0.0086678828125 0.792318634375 0.0223540140625 0.785206259375
3 0.02281021875 0.7871028921875001 0.028284671875 0.7927927921875 0.0428832109375 0.7823613093749999 0.038777371875 0.7752489328125 0.02281021875 0.7871028921875001
3 0.02600365 0.798008534375 0.03056569375 0.8032242765625 0.0437956203125 0.7946894265625 0.038777371875 0.7880512093750001 0.02600365 0.798008534375
3 0.0209854015625 0.8217164531250001 0.018248175 0.8165007109375001 0.00456204375 0.8231389281249999 0.007755475 0.8297771453125 0.0209854015625 0.8217164531250001
3 0.0209854015625 0.7477477484375 0.0177919703125 0.7415836890625 0.0086678828125 0.7477477484375 0.008211678125 0.754385965625 0.0209854015625 0.7477477484375
3 0.023722628125 0.8122332859375 0.0278284671875 0.8165007109375001 0.0424270078125 0.8079658609375 0.0383211671875 0.8022759609375001 0.023722628125 0.8122332859375
3 0.0255474453125 0.8430535796875 0.021441606250000002 0.8364153625 0.005474453125 0.8458985296874999 0.0104927 0.852536746875 0.0255474453125 0.8430535796875
3 0.0652372265625 0.754385965625 0.0611313875 0.760075865625 0.075273721875 0.771929825 0.0793795625 0.7662399234375 0.0652372265625 0.754385965625
3 0.06432481718750001 0.7681365578125 0.060218978125 0.7738264578125 0.07344890468750001 0.783309625 0.07755474375 0.7766714078125 0.06432481718750001 0.7681365578125
3 0.0611313875 0.7785680421875 0.057025546875 0.7842579421875 0.0711678828125 0.7927927921875 0.073905109375 0.7871028921875001 0.0611313875 0.7785680421875
3 0.06432481718750001 0.7913703171875001 0.05930656875 0.7961119015625 0.072536496875 0.80559506875 0.07572992656250001 0.8003793265624999 0.06432481718750001 0.7913703171875001
3 0.0218978109375 0.761498340625 0.0187043796875 0.7562825984375 0.008211678125 0.7624466578125 0.008211678125 0.770033190625 0.0218978109375 0.761498340625
3 0.02600365 0.7273589375 0.0246350359375 0.7339971546874999 0.04105839375 0.7368421046875 0.041970803125 0.7302038875 0.02600365 0.7273589375
3 0.063412409375 0.8278805124999999 0.05930656875 0.8335704125 0.0729927 0.8425794218749999 0.07618613125 0.8364153625 0.063412409375 0.8278805124999999
3 0.17518248125 0.490279753125 0.174726278125 0.4836415359375 0.1587591234375 0.4836415359375 0.1587591234375 0.49075391249999994 0.17518248125 0.490279753125
3 0.07618613125 0.4850640109375 0.070255475 0.4841156953125 0.0688868609375 0.5007112375 0.073905109375 0.5007112375 0.07618613125 0.4850640109375
3 0.051094890625 0.2754860125 0.0447080296875 0.2750118546875 0.0424270078125 0.2920815546875 0.050638685937500004 0.2920815546875 0.051094890625 0.2754860125
3 0.041970803125 0.2754860125 0.0360401453125 0.2745376953125 0.034215328125 0.290184921875 0.04105839375 0.290184921875 0.041970803125 0.2754860125
3 0.22627737187500002 0.407776196875 0.22627737187500002 0.399241346875 0.203467153125 0.3982930296875 0.203467153125 0.40540540468749997 0.22627737187500002 0.407776196875
3 0.2039233578125 0.42911332343749997 0.2043795625 0.43527738281249995 0.2208029203125 0.435751540625 0.2198905109375 0.42863916562500004 0.2039233578125 0.42911332343749997
3 0.185218978125 0.47937411093750004 0.18430656875 0.4722617359375 0.1678832109375 0.4722617359375 0.16833941562500002 0.47842579374999994 0.185218978125 0.47937411093750004
3 0.1788321171875 0.5135135140625 0.1788321171875 0.5206258890625 0.1984489046875 0.5206258890625 0.198905109375 0.513987671875 0.1788321171875 0.5135135140625
3 0.1222627734375 0.699857753125 0.12271897812499999 0.6927453765625 0.10127737187500001 0.6899004265625 0.1008211671875 0.6989094359375 0.1222627734375 0.699857753125
3 0.22445255468749997 0.534850640625 0.22445255468749997 0.5282124234375 0.2016423359375 0.52726410625 0.20255474375000002 0.534850640625 0.22445255468749997 0.534850640625
3 0.127281021875 0.564248459375 0.1268248171875 0.556661925 0.11131386875 0.556661925 0.11131386875 0.564248459375 0.127281021875 0.564248459375
3 0.1263686125 0.5851114265625 0.12591240937499998 0.5775248937499999 0.10903284687499999 0.577050734375 0.11040145937500001 0.5851114265625 0.1263686125 0.5851114265625
3 0.1236313875 0.634423896875 0.125 0.6277856796875 0.1081204375 0.6263632046875001 0.1081204375 0.63347558125 0.1236313875 0.634423896875
3 0.12408759062500001 0.659554290625 0.12408759062500001 0.6529160734375 0.10629562031249999 0.6519677578125 0.10583941562500002 0.658131815625 0.12408759062500001 0.659554290625
3 0.12317518281249999 0.688952109375 0.12408759062500001 0.6794689421875 0.1076642328125 0.680417259375 0.10720802968750001 0.6875296343749999 0.12317518281249999 0.688952109375
3 0.063412409375 0.80275011875 0.05930656875 0.80844001875 0.07208029218749999 0.8183973453125001 0.0766423359375 0.8136557609375 0.063412409375 0.80275011875
3 0.06432481718750001 0.817449028125 0.060218978125 0.8217164531250001 0.07618613125 0.8330962546875 0.0789233578125 0.827406353125 0.06432481718750001 0.817449028125
3 0.06843065625 0.46088193437499997 0.0611313875 0.459459459375 0.05930656875 0.47700331875 0.06569343125 0.47747747812499997 0.06843065625 0.46088193437499997
3 0.2176094890625 0.7064959703125 0.217153284375 0.7136083453125 0.2358576640625 0.714082503125 0.2344890515625 0.7064959703125 0.2176094890625 0.7064959703125
3 0.1523722625 0.7249881453125 0.1523722625 0.7311522046875 0.17153284687499998 0.7325746796875 0.17107664218750002 0.7254623046875001 0.1523722625 0.7249881453125
3 0.15556569375 0.708392603125 0.15556569375 0.714082503125 0.17107664218750002 0.7136083453125 0.1706204375 0.7079184453125 0.15556569375 0.708392603125
3 0.1560218984375 0.6989094359375 0.1560218984375 0.704125178125 0.17107664218750002 0.705547653125 0.17016423281249998 0.6989094359375 0.1560218984375 0.6989094359375
3 0.15693430625 0.68800379375 0.1564781015625 0.6932195359375 0.17244525625 0.6941678515625 0.17244525625 0.68800379375 0.15693430625 0.68800379375
3 0.1564781015625 0.6785206265625 0.1560218984375 0.684684684375 0.17016423281249998 0.6837363671875 0.169251825 0.6785206265625 0.1564781015625 0.6785206265625
3 0.217153284375 0.68515884375 0.2176094890625 0.69227121875 0.2335766421875 0.6927453765625 0.2331204375 0.6856330015625 0.217153284375 0.68515884375
3 0.2148722625 0.7245139875 0.21532846718749998 0.7169274531250001 0.1979927 0.7159791375 0.1979927 0.7245139875 0.2148722625 0.7245139875
3 0.1537408765625 0.7548601234375 0.1537408765625 0.7610241828125 0.1687956203125 0.7591275484375 0.1687956203125 0.7548601234375 0.1537408765625 0.7548601234375
3 0.21395985468749998 0.7325746796875 0.21395985468749998 0.727833096875 0.198905109375 0.726410621875 0.1993613140625 0.732100521875 0.21395985468749998 0.7325746796875
3 0.21304744531250003 0.7534376484374999 0.21259124062499998 0.7472735890625 0.1966240875 0.74537695625 0.1970802921875 0.7520151734375 0.21304744531250003 0.7534376484374999
3 0.2335766421875 0.7230915125 0.2344890515625 0.7164532953125 0.2176094890625 0.7169274531250001 0.217153284375 0.7230915125 0.2335766421875 0.7230915125
3 0.23494525624999998 0.733522996875 0.235401459375 0.7268847796875 0.2176094890625 0.7259364625 0.217153284375 0.7325746796875 0.23494525624999998 0.733522996875
3 0.2326642328125 0.7648174484375 0.2326642328125 0.7577050734374999 0.2144160578125 0.75533428125 0.2144160578125 0.762920815625 0.2326642328125 0.7648174484375
3 0.1970802921875 0.765765765625 0.1970802921875 0.771455665625 0.21395985468749998 0.771455665625 0.21395985468749998 0.7652916078125 0.1970802921875 0.765765765625
3 0.1537408765625 0.7349454718749999 0.1537408765625 0.7415836890625 0.1687956203125 0.7415836890625 0.1674270078125 0.7354196296875 0.1537408765625 0.7349454718749999
3 0.15419707968750002 0.7648174484375 0.153284671875 0.77050735 0.1697080296875 0.770033190625 0.1687956203125 0.7648174484375 0.15419707968750002 0.7648174484375
3 0.064781021875 0.839734471875 0.05976277343750001 0.8444760546875001 0.07481751875 0.8568041718750001 0.078467153125 0.85158843125 0.064781021875 0.839734471875
3 0.1437043796875 0.8359412046875001 0.13731751875 0.8326220953125001 0.127281021875 0.849691796875 0.135036496875 0.85301090625 0.1437043796875 0.8359412046875001
3 0.0625 0.8506401140625 0.057025546875 0.8568041718750001 0.0711678828125 0.8672356562499999 0.07436131406249999 0.8610715984375 0.0625 0.8506401140625
3 0.12271897812499999 0.75533428125 0.118156934375 0.7491702234375001 0.10310218906249999 0.75817923125 0.10720802968750001 0.7643432906250001 0.12271897812499999 0.75533428125
3 0.12043795625 0.7662399234375 0.1177007296875 0.761498340625 0.10355839375 0.770033190625 0.1076642328125 0.774774775 0.12043795625 0.7662399234375
3 0.11998175156249999 0.7809388328125 0.117244525 0.7752489328125 0.10355839375 0.7823613093749999 0.10720802968750001 0.7880512093750001 0.11998175156249999 0.7809388328125
3 0.11998175156249999 0.790896159375 0.117244525 0.7856804171875 0.10310218906249999 0.793741109375 0.10720802968750001 0.799431009375 0.11998175156249999 0.790896159375
3 0.12043795625 0.8146040781250001 0.11678832187499999 0.810336653125 0.10355839375 0.8179231859374999 0.1081204375 0.8240872453125 0.12043795625 0.8146040781250001
3 0.1628649640625 0.8421052625 0.15693430625 0.8406827874999999 0.150091240625 0.85301090625 0.15556569375 0.8549075390624999 0.1628649640625 0.8421052625
3 0.1523722625 0.774300615625 0.1528284671875 0.7809388328125 0.16697080312499998 0.7809388328125 0.16605839375 0.7757230921875 0.1523722625 0.774300615625
3 0.1861313875 0.838311996875 0.1802007296875 0.8354670453124999 0.1706204375 0.852536746875 0.1783759125 0.8549075390624999 0.1861313875 0.838311996875
3 0.1966240875 0.838311996875 0.1925182484375 0.836889521875 0.1833941609375 0.85158843125 0.1902372265625 0.8534850640625 0.1966240875 0.838311996875
3 0.1719890515625 0.9146514937499999 0.179744525 0.91180654375 0.1756386859375 0.8961593171875 0.16697080312499998 0.9004267421875 0.1719890515625 0.9146514937499999
3 0.0301094890625 0.9388335703124999 0.0273722625 0.9454717875 0.0447080296875 0.9483167375000001 0.0469890515625 0.9421526796874999 0.0301094890625 0.9388335703124999
0 0.2062043796875 0.8572783312500001 0.2148722625 0.8610715984375 0.2230839421875 0.8411569468750001 0.2144160578125 0.8364153625 0.2062043796875 0.8572783312500001
3 0.1537408765625 0.7847321 0.153284671875 0.790896159375 0.169251825 0.7913703171875001 0.169251825 0.786628734375 0.1537408765625 0.7847321
3 0.0675182484375 0.48458985312499997 0.05930656875 0.48458985312499997 0.05976277343750001 0.4997629203125 0.0666058390625 0.4992887625 0.0675182484375 0.48458985312499997
3 0.10903284687499999 0.4172593640625 0.1026459859375 0.41678520625 0.1008211671875 0.43290659062500003 0.106751825 0.43290659062500003 0.10903284687499999 0.4172593640625
0 0.67381386875 0.2100521578125 0.6847627734375 0.210526315625 0.6861313874999999 0.1816026546875 0.6760948906250001 0.1806543390625 0.67381386875 0.2100521578125
0 0.471715328125 0.5357989562500001 0.471715328125 0.52015173125 0.386405109375 0.51872925625 0.3868613140625 0.5339023234375 0.471715328125 0.5357989562500001
0 0.8033759125 0.20246562343750002 0.804744525 0.21621621562499999 0.8864051093749999 0.217638690625 0.8868613140624999 0.20625889062499997 0.8033759125 0.20246562343750002
0 0.8097627734374999 0.19013750625 0.8106751828125001 0.20151730625000003 0.8841240875 0.20293978125 0.885036496875 0.19061166406250002 0.8097627734374999 0.19013750625
0 0.46989051093749995 0.3499288765625 0.46989051093749995 0.33428165 0.4270073 0.33475580781250003 0.4279197078125 0.34660976718750003 0.46989051093749995 0.3499288765625
0 0.47399635 0.36367946875 0.47445255468749997 0.35040303437500003 0.432025546875 0.35087719375000004 0.432025546875 0.3627311515625 0.47399635 0.36367946875
0 0.46989051093749995 0.46514935937499996 0.471715328125 0.45045045000000006 0.3836678828125 0.4476055 0.3845802921875 0.46420104375 0.46989051093749995 0.46514935937499996
0 0.46989051093749995 0.48127074375 0.470346715625 0.46420104375 0.382755475 0.46420104375 0.3845802921875 0.47842579374999994 0.46989051093749995 0.48127074375
0 0.471715328125 0.5661450921875 0.471715328125 0.550972025 0.38093065625 0.546230440625 0.3822992703125 0.5633001421875 0.471715328125 0.5661450921875
0 0.7618613140625 0.25604551875000003 0.7614051093749999 0.269321953125 0.8403284671875 0.2745376953125 0.8416970796875001 0.26078710312500003 0.7618613140625 0.25604551875000003
0 0.44981751875000003 0.5917496437499999 0.45118613124999996 0.57894736875 0.409215328125 0.5765765765624999 0.4087591234375 0.59032716875 0.44981751875000003 0.5917496437499999
0 0.4726277375 0.6073968703125 0.471715328125 0.595068753125 0.38868613125 0.587956378125 0.3882299265625 0.6031294453125 0.4726277375 0.6073968703125
0 0.44981751875000003 0.6168800375 0.45027372187500003 0.6078710296875001 0.4187956203125 0.6050260781250001 0.4187956203125 0.615931721875 0.44981751875000003 0.6168800375
0 0.47308394218750005 0.6325272640625 0.47217153281249996 0.6197249874999999 0.3822992703125 0.6145092453125 0.3836678828125 0.630156471875 0.47308394218750005 0.6325272640625
0 0.403284671875 0.6453295406249999 0.4037408765625 0.630156471875 0.3348540140625 0.625889046875 0.3321167890625 0.6434329062499999 0.403284671875 0.6453295406249999
0 0.333029196875 0.63916548125 0.33394160624999997 0.625889046875 0.2915145984375 0.624466571875 0.2928832109375 0.64058795625 0.333029196875 0.63916548125
0 0.7860401453125 0.22996680937499997 0.7855839421875 0.24182076874999997 0.8640510953125 0.24703651093749998 0.8654197078125 0.22996680937499997 0.7860401453125 0.22996680937499997
0 0.75593065625 0.273589378125 0.75593065625 0.2854433375 0.7915145984375 0.28449502187500003 0.791970803125 0.27216690312499997 0.75593065625 0.273589378125
0 0.38777372187500003 0.6017069703125 0.38868613125 0.5912754859375 0.351277371875 0.58890469375 0.3503649640625 0.6012328124999999 0.38777372187500003 0.6017069703125
0 0.4402372265625 0.2508297765625 0.4552919703125 0.25414888593749996 0.45894160624999997 0.178283546875 0.44206204375 0.17543859687500002 0.4402372265625 0.2508297765625
0 0.2883211671875 0.24845898593750002 0.3029197078125 0.24893314375000003 0.30793795625 0.1688003796875 0.29516423281250004 0.1683262203125 0.2883211671875 0.24845898593750002
0 0.302463503125 0.24845898593750002 0.3175182484375 0.24940730156250002 0.322536496875 0.1697486953125 0.3083941609375 0.1683262203125 0.302463503125 0.24845898593750002
0 0.3175182484375 0.24988146093750002 0.331660584375 0.24940730156250002 0.336222628125 0.1597913703125 0.320711678125 0.1593172125 0.3175182484375 0.24988146093750002
0 0.330748175 0.25414888593749996 0.34580292031250004 0.256519678125 0.3531021890625 0.1626363203125 0.3357664234375 0.16216216249999998 0.330748175 0.25414888593749996
0 0.3448905109375 0.2508297765625 0.35903284687500003 0.25177809375 0.364963503125 0.1730678046875 0.3517335765625 0.1721194875 0.3448905109375 0.2508297765625
0 0.4265510953125 0.2522522515625 0.44069343125 0.25320056874999997 0.4447992703125 0.1688003796875 0.43111313906250004 0.1688003796875 0.4265510953125 0.2522522515625
0 0.4548357671875 0.25414888593749996 0.46806569375 0.25462304375 0.46943430625 0.1778093890625 0.4575729921875 0.178283546875 0.4548357671875 0.25414888593749996
0 0.7518248171875 0.2849691796875 0.75 0.29777145625 0.8102189781250001 0.30203888125 0.8125 0.28876244687499997 0.7518248171875 0.2849691796875
0 0.4662408765625 0.2522522515625 0.481751825 0.25414888593749996 0.4799270078125 0.1721194875 0.46806569375 0.172593646875 0.4662408765625 0.2522522515625
0 0.5894160578125 0.2508297765625 0.6053832109374999 0.25320056874999997 0.606751825 0.1730678046875 0.5921532843749999 0.1721194875 0.5894160578125 0.2508297765625
0 0.685218978125 0.2584163109375 0.7016423359374999 0.25889046875 0.7043795625 0.1820768140625 0.6893248171875 0.1792318640625 0.685218978125 0.2584163109375
0 0.764598540625 0.35656709375 0.765967153125 0.34281649999999997 0.677463503125 0.3352299671875 0.6770073 0.351825509375 0.764598540625 0.35656709375
0 0.7281021890625 0.330014225 0.7258211671875 0.33854907500000003 0.74543795625 0.340445709375 0.7490875906250001 0.332859175 0.7281021890625 0.330014225
0 0.7331204375 0.3129445234375 0.7322080296875 0.32432432499999997 0.7655109484375 0.3233760078125 0.765967153125 0.31531531562500004 0.7331204375 0.3129445234375
0 0.3882299265625 0.5898530109375 0.38868613125 0.57610241875 0.349908759375 0.5742057843749999 0.349908759375 0.58890469375 0.3882299265625 0.5898530109375
0 0.3476277375 0.58890469375 0.3485401453125 0.57610241875 0.3074817515625 0.571360834375 0.308850365625 0.58605974375 0.3476277375 0.58890469375
3 0.070255475 0.41394025624999997 0.06432481718750001 0.41251778124999994 0.0625 0.427216690625 0.06843065625 0.427216690625 0.070255475 0.41394025624999997
0 0.6236313874999999 0.4836415359375 0.6345802921875 0.4893314359375 0.683850365625 0.43100995781250007 0.6733576640625001 0.42247510625 0.6236313874999999 0.4836415359375
0 0.14872262812499998 0.35372214375 0.14872262812499998 0.368421053125 0.1833941609375 0.3688952109375 0.1847627734375 0.35514461875 0.14872262812499998 0.35372214375
0 0.1875 0.35372214375 0.1875 0.368421053125 0.2331204375 0.368421053125 0.2335766421875 0.35467045937499997 0.1875 0.35372214375
0 0.1861313875 0.3688952109375 0.185218978125 0.3831199625 0.2331204375 0.3835941203125 0.2344890515625 0.36747273593749996 0.1861313875 0.3688952109375
0 0.2303832109375 0.5106685640624999 0.2303832109375 0.49596965312499997 0.150091240625 0.4940730203125 0.150091240625 0.5116168796875 0.2303832109375 0.5106685640624999
0 0.1094890515625 0.9274537703125001 0.1081204375 0.939307728125 0.1587591234375 0.9487908968750001 0.162408759375 0.9345661453125 0.1094890515625 0.9274537703125001
0 0.633211678125 0.490279753125 0.643248175 0.4983404453125 0.6938868609375 0.44001896562500004 0.6833941609374999 0.43006164062499996 0.633211678125 0.490279753125
0 0.6154197078125 0.519677571875 0.6040145984375 0.513987671875 0.55656934375 0.589378853125 0.5720802921875 0.5969653859374999 0.6154197078125 0.519677571875
0 0.2335766421875 0.3262209578125 0.23494525624999998 0.3115220484375 0.14233576718750002 0.30820293906249996 0.1437043796875 0.32669511562500003 0.2335766421875 0.3262209578125
0 0.6186131390625 0.3394973921875 0.604470803125 0.341394025 0.6008211671875 0.431484115625 0.621350365625 0.43195827343750004 0.6186131390625 0.3394973921875
0 0.8836678828125001 0.3921289703125 0.8768248171874999 0.4016121390625 0.8973540140624999 0.42200094843749997 0.9064781015625 0.41109530625 0.8836678828125001 0.3921289703125
3 0.2084854015625 0.2773826453125 0.2093978109375 0.269321953125 0.189781021875 0.2697961125 0.1893248171875 0.2759601703125 0.2084854015625 0.2773826453125
3 0.0392335765625 0.3499288765625 0.0460766421875 0.348980559375 0.04744525625 0.3304883828125 0.04105839375 0.3304883828125 0.0392335765625 0.3499288765625
3 0.026916057812499998 0.42863916562500004 0.0346715328125 0.4281650078125 0.0351277375 0.4087245140625 0.0278284671875 0.40825035625000006 0.026916057812499998 0.42863916562500004
3 0.0533759125 0.4101469890625 0.044251825 0.40967283125 0.0428832109375 0.42863916562500004 0.051094890625 0.42863916562500004 0.0533759125 0.4101469890625
0 0.2335766421875 0.30820293906249996 0.2344890515625 0.29777145625 0.1528284671875 0.29634898125000003 0.1537408765625 0.30915125625 0.2335766421875 0.30820293906249996
0 0.2901459859375 0.7515410140625 0.268248175 0.7515410140625 0.268248175 0.8354670453124999 0.2901459859375 0.8354670453124999 0.2901459859375 0.7515410140625
0 0.3517335765625 0.571360834375 0.3540145984375 0.5585585578125001 0.3074817515625 0.5585585578125001 0.308850365625 0.5732574687499999 0.3517335765625 0.571360834375
0 0.42290145937499996 0.33428165 0.385036496875 0.33428165 0.385036496875 0.346135609375 0.42290145937499996 0.346135609375 0.42290145937499996 0.33428165
0 0.34580292031250004 0.600758653125 0.34580292031250004 0.587956378125 0.3074817515625 0.58605974375 0.305656934375 0.599336178125 0.34580292031250004 0.600758653125
0 0.3448905109375 0.6149834046875 0.3462591234375 0.600758653125 0.302463503125 0.5998103359375 0.3033759125 0.6107159796875 0.3448905109375 0.6149834046875
0 0.34945255468749997 0.4921763875 0.34899635 0.5035561875 0.3868613140625 0.5049786625 0.386405109375 0.4926505453125 0.34945255468749997 0.4921763875
0 0.3389598546875 0.5049786625 0.33804744531250003 0.5173067796875 0.3859489046875 0.5192034140625 0.386405109375 0.505452821875 0.3389598546875 0.5049786625
0 0.32983576718749996 0.3451872921875 0.3029197078125 0.3451872921875 0.3029197078125 0.3589378859375 0.32983576718749996 0.3589378859375 0.32983576718749996 0.3451872921875
0 0.3594890515625 0.346135609375 0.32892335781250004 0.346135609375 0.32892335781250004 0.3603603609375 0.3594890515625 0.3603603609375 0.3594890515625 0.346135609375
0 0.3841240875 0.3323850171875 0.304744525 0.3323850171875 0.304744525 0.346135609375 0.3841240875 0.346135609375 0.3841240875 0.3323850171875
0 0.2687043796875 0.7529634890625 0.255474453125 0.7529634890625 0.255474453125 0.8345187296875001 0.2687043796875 0.8345187296875001 0.2687043796875 0.7529634890625
0 0.3854927 0.3779042203125 0.3125 0.3779042203125 0.3125 0.3892840203125 0.3854927 0.3892840203125 0.3854927 0.3779042203125
0 0.3854927 0.36083451875 0.3074817515625 0.36083451875 0.3074817515625 0.3750592703125 0.3854927 0.3750592703125 0.3854927 0.36083451875
0 0.363594890625 0.3873873875 0.304288321875 0.3873873875 0.304288321875 0.4011379796875 0.363594890625 0.4011379796875 0.363594890625 0.3873873875
0 0.35994525624999996 0.7586533906249999 0.3448905109375 0.7586533906249999 0.3448905109375 0.8373636796874999 0.35994525624999996 0.8373636796874999 0.35994525624999996 0.7586533906249999
0 0.3813868609375 0.75960170625 0.3699817515625 0.75960170625 0.3699817515625 0.8364153625 0.3813868609375 0.8364153625 0.3813868609375 0.75960170625
0 0.3968978109375 0.757230915625 0.37956204375 0.757230915625 0.37956204375 0.8378378375000001 0.3968978109375 0.8378378375000001 0.3968978109375 0.757230915625
3 0.19388686093750002 0.774774775 0.194343065625 0.7809388328125 0.20894160624999997 0.7814129921874999 0.2084854015625 0.77619725 0.19388686093750002 0.774774775
3 0.505474453125 0.8895211 0.512773721875 0.8918918921874999 0.5164233578124999 0.8752963484375 0.5091240875 0.873399715625 0.505474453125 0.8895211
3 0.5346715328125 0.85158843125 0.5428832109374999 0.85301090625 0.547901459375 0.8387861546875 0.5401459859375 0.8373636796874999 0.5346715328125 0.85158843125
3 0.42381386875000004 0.478899953125 0.42381386875000004 0.48838312031250003 0.4425182484375 0.48885727812499996 0.44206204375 0.47984826875 0.42381386875000004 0.478899953125
0 0.2787408765625 0.228544334375 0.2883211671875 0.228544334375 0.288777371875 0.20720720781250002 0.2801094890625 0.2067330484375 0.2787408765625 0.228544334375
3 0.793339415625 0.2764343296875 0.793339415625 0.2863916546875 0.8106751828125001 0.287339971875 0.8106751828125001 0.27690848749999997 0.793339415625 0.2764343296875
3 0.7486313874999999 0.301564721875 0.7490875906250001 0.31057373125 0.7700729921875 0.3115220484375 0.7700729921875 0.30203888125 0.7486313874999999 0.301564721875
3 0.7769160578125 0.3029871984375 0.7773722625 0.3115220484375 0.79744525625 0.31199620625 0.79744525625 0.30346135625000004 0.7769160578125 0.3029871984375
3 0.3302919703125 0.4921763875 0.330748175 0.5021337124999999 0.3476277375 0.5030820296875 0.3480839421875 0.4935988625 0.3302919703125 0.4921763875
0 0.3654197078125 0.478899953125 0.3654197078125 0.48790896093749997 0.3836678828125 0.48790896093749997 0.3836678828125 0.47937411093750004 0.3654197078125 0.478899953125
0 0.31158759062499997 0.5030820296875 0.3106751828125 0.513987671875 0.331660584375 0.5154101468750001 0.333029196875 0.505452821875 0.31158759062499997 0.5030820296875
3 0.21031021875000003 0.3485064015625 0.20985401406249998 0.33902323437500004 0.1888686125 0.3394973921875 0.18795620468750002 0.3485064015625 0.21031021875000003 0.3485064015625
3 0.305656934375 0.5301090562499999 0.3052007296875 0.541963015625 0.32527372187500003 0.543385490625 0.32527372187500003 0.5305832140625 0.305656934375 0.5301090562499999
3 0.12317518281249999 0.48032242812500003 0.11313868593750001 0.48032242812500003 0.112226278125 0.5045045046875 0.1236313875 0.5049786625 0.12317518281249999 0.48032242812500003
3 0.8480839421875 0.57467994375 0.854470803125 0.5675675671875 0.8439781015625 0.5580844 0.8380474453125 0.565670934375 0.8480839421875 0.57467994375
3 0.80656934375 0.5215742062500001 0.8143248171874999 0.513987671875 0.79881386875 0.5002370796875 0.7915145984375 0.5082977718749999 0.80656934375 0.5215742062500001
3 0.7016423359374999 0.7605500234375 0.6989051093749999 0.769084875 0.7171532843749999 0.7757230921875 0.7194343062499999 0.7676624000000001 0.7016423359374999 0.7605500234375
3 0.7071167890625001 0.75106685625 0.7048357671875001 0.760075865625 0.7217153281249999 0.765765765625 0.7235401453125 0.7567567562499999 0.7071167890625001 0.75106685625
3 0.21943430625000002 0.294452346875 0.21943430625000002 0.2835467046875 0.195255475 0.28402086249999997 0.194343065625 0.294452346875 0.21943430625000002 0.294452346875
3 0.46350365 0.43338074843749996 0.46350365 0.42200094843749997 0.4402372265625 0.42152679062500004 0.4402372265625 0.43100995781250007 0.46350365 0.43338074843749996
3 0.8448905109375 0.8487434796875 0.836222628125 0.849691796875 0.836222628125 0.8667614984374999 0.8448905109375 0.8681839734375 0.8448905109375 0.8487434796875
3 0.8937043796875 0.75248933125 0.8868613140624999 0.75391180625 0.8886861312500001 0.7695590328125 0.8959854015625 0.7681365578125 0.8937043796875 0.75248933125
3 0.7326642328124999 0.8487434796875 0.724908759375 0.848269321875 0.7258211671875 0.8620199140624999 0.7312956203125001 0.8620199140624999 0.7326642328124999 0.8487434796875
3 0.7221715328125 0.8477951640624999 0.7139598546875 0.8473210046874999 0.71350365 0.8624940734375001 0.7217153281249999 0.8639165484375001 0.7221715328125 0.8477951640624999
3 0.8166058390625001 0.8487434796875 0.80930656875 0.848269321875 0.8083941609374999 0.864864865625 0.8147810218749999 0.86439070625 0.8166058390625001 0.8487434796875
3 0.81843065625 0.8653390234374999 0.8261861312500001 0.864864865625 0.8261861312500001 0.8487434796875 0.81843065625 0.849691796875 0.81843065625 0.8653390234374999
3 0.845346715625 0.7188240875 0.8458029203124999 0.726410621875 0.859032846875 0.726410621875 0.8581204375 0.7188240875 0.845346715625 0.7188240875
3 0.8772810218749999 0.7216690375 0.8708941609374999 0.7259364625 0.8791058390625001 0.7382645796875 0.885036496875 0.7339971546874999 0.8772810218749999 0.7216690375
3 0.8973540140624999 0.777619725 0.889598540625 0.7804646749999999 0.898722628125 0.7942152671875 0.9051094890625 0.7899478421875 0.8973540140624999 0.777619725
3 0.4562043796875 0.446183025 0.4562043796875 0.4366998578125 0.43704379531250004 0.4366998578125 0.436587590625 0.44476055 0.4562043796875 0.446183025
3 0.9083029203124999 0.79563774375 0.907846715625 0.8032242765625 0.9219890515625 0.8046467515625 0.92244525625 0.7975343765625 0.9083029203124999 0.79563774375
3 0.9242700734374999 0.80417259375 0.9283759125 0.8112849687500001 0.9443430656249999 0.8032242765625 0.9411496343750001 0.7975343765625 0.9242700734374999 0.80417259375
3 0.94981751875 0.7885253671875 0.958029196875 0.7885253671875 0.958029196875 0.7724039828125 0.9516423359375 0.7733523 0.94981751875 0.7885253671875
0 0.5757299265625 0.36747273593749996 0.566149634375 0.36747273593749996 0.56706204375 0.3916548125 0.5766423359374999 0.3921289703125 0.5757299265625 0.36747273593749996
3 0.45346715312499997 0.4030346140625 0.4530109484375 0.39402560468750003 0.43339416093749994 0.394973921875 0.43293795625 0.40398292968750005 0.45346715312499997 0.4030346140625
3 0.4302007296875 0.4163110484375 0.43111313906250004 0.40825035625000006 0.41286496406250006 0.40730203906250007 0.41195255468749997 0.4158368890625 0.4302007296875 0.4163110484375
3 0.2947080296875 0.9592223796875 0.2947080296875 0.9682313890625001 0.3138686125 0.9696538640625001 0.3138686125 0.9606448546875 0.2947080296875 0.9592223796875
3 0.7481751828125 0.964438121875 0.7486313874999999 0.9753437640625 0.765967153125 0.9762920812500001 0.7664233578124999 0.9653864390625 0.7481751828125 0.964438121875
3 0.5310218984375 0.8814604078125001 0.537408759375 0.881934565625 0.5401459859375 0.8667614984374999 0.5346715328125 0.8658131812500001 0.5310218984375 0.8814604078125001
0 0.547901459375 0.23044096718749998 0.5593065687500001 0.23186344218750002 0.5634124093749999 0.1735419625 0.5520073 0.1730678046875 0.547901459375 0.23044096718749998
3 0.860401459375 0.53295400625 0.8562956203125 0.5381697484375 0.8654197078125 0.546230440625 0.86906934375 0.5410146984375 0.860401459375 0.53295400625
0 0.4812956203125 0.22901849218749998 0.4904197078125 0.23044096718749998 0.494525546875 0.1706970125 0.4835766421875 0.16927453750000002 0.4812956203125 0.22901849218749998
0 0.4927007296875 0.22949265 0.503649634375 0.23044096718749998 0.507755475 0.172593646875 0.49680656875 0.1706970125 0.4927007296875 0.22949265
0 0.398722628125 0.227121859375 0.41058394218750005 0.22807017499999999 0.4142335765625 0.1702228546875 0.4023722625 0.16927453750000002 0.398722628125 0.227121859375
0 0.5072992703125 0.22901849218749998 0.5177919703125 0.22949265 0.5209854015625 0.1706970125 0.5095802921875 0.1697486953125 0.5072992703125 0.22901849218749998
0 0.5200729921875 0.235656709375 0.5310218984375 0.235656709375 0.5328467156250001 0.178283546875 0.5223540140625 0.1778093890625 0.5200729921875 0.235656709375
0 0.5620437953125 0.234234234375 0.5729927 0.23613086718749998 0.57618613125 0.1759127546875 0.5656934312499999 0.1744902796875 0.5620437953125 0.234234234375
3 0.958029196875 0.755808440625 0.9507299265625001 0.7562825984375 0.9511861312500001 0.7695590328125 0.958029196875 0.769084875 0.958029196875 0.755808440625
0 0.5734489046875 0.23707918437500003 0.586222628125 0.2394499765625 0.58850365 0.181128496875 0.5780109484375 0.1792318640625 0.5734489046875 0.23707918437500003
0 0.6031021890625 0.23613086718749998 0.614963503125 0.23660502656250001 0.6163321171875 0.1792318640625 0.604470803125 0.178283546875 0.6031021890625 0.23613086718749998
0 0.6322992703125 0.2347083921875 0.643248175 0.235656709375 0.64644160625 0.17875770468750002 0.6345802921875 0.17733522968749998 0.6322992703125 0.2347083921875
0 0.6459854015625 0.235656709375 0.6564781015625 0.23707918437500003 0.6596715328125 0.1792318640625 0.648722628125 0.17875770468750002 0.6459854015625 0.235656709375
0 0.6578467156250001 0.23660502656250001 0.669251825 0.23755334218750002 0.6719890515625 0.1801801796875 0.6610401453125 0.178283546875 0.6578467156250001 0.23660502656250001
0 0.804744525 0.2465623515625 0.804744525 0.25604551875000003 0.8508211671874999 0.2584163109375 0.8508211671874999 0.24845898593750002 0.804744525 0.2465623515625
3 0.702098540625 0.8463726890625001 0.694343065625 0.8463726890625001 0.6947992703125 0.86296823125 0.70255474375 0.86296823125 0.702098540625 0.8463726890625001
3 0.822536496875 0.5438596484375 0.8161496343750001 0.551920340625 0.8321167890625001 0.5666192515625 0.8380474453125 0.5576102421875 0.822536496875 0.5438596484375
3 0.27554744531250003 0.8596491234375 0.26642335781250004 0.8549075390624999 0.256843065625 0.8719772406249999 0.2655109484375 0.8771929828125 0.27554744531250003 0.8596491234375
3 0.8864051093749999 0.4935988625 0.8818430656249999 0.5002370796875 0.8918795625 0.5087719296875 0.8973540140624999 0.5035561875 0.8864051093749999 0.4935988625
3 0.9324817515625 0.85158843125 0.92244525625 0.851114271875 0.9219890515625 0.8710289234375 0.9311131390625 0.8724513984375 0.9324817515625 0.85158843125
3 0.9333941609374999 0.8686581312499999 0.9425182484375 0.8696064484375 0.9411496343750001 0.8501659546875 0.9338503656249999 0.849691796875 0.9333941609374999 0.8686581312499999
3 0.94343065625 0.8724513984375 0.9530109484375 0.8710289234375 0.952098540625 0.849691796875 0.9425182484375 0.849691796875 0.94343065625 0.8724513984375
3 0.9105839421875 0.965860596875 0.912408759375 0.9762920812500001 0.9333941609374999 0.9758179234375 0.932025546875 0.96491228125 0.9105839421875 0.965860596875
3 0.8677007296875001 0.9535324796875001 0.8677007296875001 0.9615931718749999 0.8864051093749999 0.9620673312499999 0.8864051093749999 0.954480796875 0.8677007296875001 0.9535324796875001
3 0.8923357671875 0.47937411093750004 0.8859489046875 0.4869606453125 0.8996350359375 0.49786628750000006 0.904653284375 0.49075391249999994 0.8923357671875 0.47937411093750004
3 0.855839415625 0.5647226171875 0.8617700734374999 0.5585585578125001 0.849908759375 0.547652915625 0.8439781015625 0.5547652921874999 0.855839415625 0.5647226171875
0 0.383211678125 0.47510668593750005 0.3845802921875 0.462304409375 0.319343065625 0.459459459375 0.319343065625 0.47131341875 0.383211678125 0.47510668593750005
0 0.49817518281249995 0.9345661453125 0.5086678828125 0.9345661453125 0.510036496875 0.9075391187499999 0.5004562046875 0.9065908015625 0.49817518281249995 0.9345661453125
3 0.47718978125 0.9483167375000001 0.48631386875000004 0.9516358468749999 0.4927007296875 0.9321953531249999 0.48494525624999996 0.9293504031250001 0.47718978125 0.9483167375000001
3 0.50593065625 0.864864865625 0.5155109484375 0.8667614984374999 0.518248175 0.8492176390624999 0.5104927 0.8473210046874999 0.50593065625 0.864864865625
3 0.6984489046875 0.769084875 0.695711678125 0.7780938828124999 0.7116788328125 0.7847321 0.7148722625 0.7752489328125 0.6984489046875 0.769084875
0 0.3996350359375 0.348980559375 0.398722628125 0.3617828359375 0.4324817515625 0.3627311515625 0.43293795625 0.348980559375 0.3996350359375 0.348980559375
0 0.3991788328125 0.3613086765625 0.40054744531250003 0.3485064015625 0.360401459375 0.3480322421875 0.360401459375 0.35941204375 0.3991788328125 0.3613086765625
3 0.7969890515625 0.8492176390624999 0.788777371875 0.8506401140625 0.7901459859375 0.86296823125 0.7951642328124999 0.86296823125 0.7969890515625 0.8492176390624999
3 0.8343978109375 0.79563774375 0.828467153125 0.79563774375 0.82755474375 0.8117591281250001 0.8348540140624999 0.8112849687500001 0.8343978109375 0.79563774375
3 0.8257299265625001 0.79563774375 0.820255475 0.7946894265625 0.817974453125 0.8117591281250001 0.8266423359375 0.8122332859375 0.8257299265625001 0.79563774375
3 0.7860401453125 0.5192034140625 0.7810218984375 0.523944996875 0.7937956203125001 0.533428165625 0.7969890515625 0.52726410625 0.7860401453125 0.5192034140625
3 0.8667883218749999 0.41963015625000005 0.8631386859375001 0.424371740625 0.8754562046875 0.43527738281249995 0.880474453125 0.43006164062499996 0.8667883218749999 0.41963015625000005
3 0.8622262781250001 0.42769084843750005 0.8576642328125 0.4324324328125 0.8708941609374999 0.44333807500000005 0.8754562046875 0.4381223328125 0.8622262781250001 0.42769084843750005
3 0.9041970796875001 0.47415836875000006 0.900091240625 0.4779516359375 0.9060218984375 0.4855381703125 0.9096715328125 0.48079658593749997 0.9041970796875001 0.47415836875000006
3 0.8791058390625001 0.5045045046875 0.8736313875 0.509720246875 0.885036496875 0.51872925625 0.8886861312500001 0.5130393546875001 0.8791058390625001 0.5045045046875
3 0.87043795625 0.5144618296875 0.8654197078125 0.52015173125 0.8754562046875 0.5305832140625 0.880474453125 0.5248933140625 0.87043795625 0.5144618296875
3 0.7915145984375 0.5101944046875 0.7883211671875 0.513987671875 0.79881386875 0.523944996875 0.8020073 0.519677571875 0.7915145984375 0.5101944046875
3 0.7796532843749999 0.52726410625 0.77600365 0.53153153125 0.7878649640625001 0.5424371734375 0.78968978125 0.5367472734375001 0.7796532843749999 0.52726410625
3 0.9105839421875 0.36794689375 0.9060218984375 0.374110953125 0.9219890515625 0.3859649125 0.9256386859375001 0.3807491703125 0.9105839421875 0.36794689375
3 0.7755474453125 0.533428165625 0.770529196875 0.5386439078125 0.7819343062499999 0.549075390625 0.78649635 0.5438596484375 0.7755474453125 0.533428165625
3 0.7696167890625001 0.5414888578125 0.764598540625 0.5457562828125 0.7769160578125 0.55523945 0.7810218984375 0.550972025 0.7696167890625001 0.5414888578125
3 0.755474453125 0.5576102421875 0.7518248171875 0.5618776671875 0.76368613125 0.571360834375 0.7668795625 0.5666192515625 0.755474453125 0.5576102421875
3 0.7504562046875 0.5661450921875 0.7468065687500001 0.5704125171875 0.756843065625 0.57894736875 0.760036496875 0.5751541015625 0.7504562046875 0.5661450921875
3 0.7413321171875 0.5718349921875 0.737226278125 0.57610241875 0.7504562046875 0.5865339015625 0.7541058390625001 0.58179231875 0.7413321171875 0.5718349921875
3 0.7358576640625001 0.57894736875 0.7326642328124999 0.5832147937500001 0.741788321875 0.59317211875 0.746350365625 0.58890469375 0.7358576640625001 0.57894736875
3 0.8759124093749999 0.41156946406249995 0.8713503656249999 0.4158368890625 0.8845802921875 0.427216690625 0.8886861312500001 0.42247510625 0.8759124093749999 0.41156946406249995
3 0.9872262781250001 0.24324324375 0.9831204375 0.23802750156250002 0.9712591234374999 0.24845898593750002 0.9781021890625 0.25462304375 0.9872262781250001 0.24324324375
3 0.8152372265625001 0.795163584375 0.80793795625 0.795163584375 0.8074817515625 0.8117591281250001 0.81569343125 0.8117591281250001 0.8152372265625001 0.795163584375
3 0.5939781015625 0.37837837812499997 0.6003649640625001 0.37932669531249996 0.601277371875 0.3641536265625 0.5939781015625 0.36510194375 0.5939781015625 0.37837837812499997
3 0.5383211671875 0.9037458515625 0.5451642328124999 0.9042200093749999 0.547901459375 0.8847795156249999 0.54105839375 0.8833570406250001 0.5383211671875 0.9037458515625
3 0.52281021875 0.9340919875000001 0.5310218984375 0.9345661453125 0.5328467156250001 0.92034139375 0.5246350359374999 0.9198672359375 0.52281021875 0.9340919875000001
3 0.52600365 0.90896159375 0.5337591234375 0.90896159375 0.5346715328125 0.8933143671874999 0.5287408765625 0.8933143671874999 0.52600365 0.90896159375
3 0.5346715328125 0.9383594125 0.5406021890625 0.9374110953124999 0.54105839375 0.922238028125 0.5346715328125 0.9217638687499999 0.5346715328125 0.9383594125
3 0.5793795625 0.922238028125 0.572536496875 0.92460881875 0.57755474375 0.9397818875 0.5843978109375 0.9369369375 0.5793795625 0.922238028125
3 0.5456204375 0.8127074437499999 0.55018248125 0.8150782359375001 0.5561131390625 0.799431009375 0.549726278125 0.798008534375 0.5456204375 0.8127074437499999
3 0.8389598546875 0.4177335234375 0.8348540140624999 0.41394025624999997 0.8252737218749999 0.4262683734375 0.8312043796875 0.43006164062499996 0.8389598546875 0.4177335234375
3 0.7043795625 0.7325746796875 0.6989051093749999 0.7302038875 0.691149634375 0.74537695625 0.6970802921875 0.74822190625 0.7043795625 0.7325746796875
3 0.6222627734375 0.5723091515625 0.6254562046875 0.5794215265625 0.639598540625 0.5737316265625 0.6364051093749999 0.567093409375 0.6222627734375 0.5723091515625
3 0.6642335765625 0.6197249874999999 0.6710766421875001 0.6164058796874999 0.6633211671875 0.6026552875 0.6569343062499999 0.6069227125000001 0.6642335765625 0.6197249874999999
3 0.6961678828125 0.6154575624999999 0.691149634375 0.6206733046874999 0.70118613125 0.6306306312500001 0.7052919703125 0.627311521875 0.6961678828125 0.6154575624999999
3 0.7198905109375 0.6505452828125 0.7107664234375 0.653864390625 0.7176094890625 0.675675675 0.72718978125 0.6723565671875 0.7198905109375 0.6505452828125
3 0.6177007296875 0.96633475625 0.6177007296875 0.9615931718749999 0.599908759375 0.9606448546875 0.6008211671875 0.967283071875 0.6177007296875 0.96633475625
3 0.6291058390625001 0.7406353718750001 0.625 0.7373162640625 0.6163321171875 0.7520151734375 0.622718978125 0.754385965625 0.6291058390625001 0.7406353718750001
3 0.7312956203125001 0.5874822187500001 0.7267335765625 0.592223803125 0.7390510953125 0.600758653125 0.743156934375 0.5969653859374999 0.7312956203125001 0.5874822187500001
3 0.802463503125 0.5765765765624999 0.79881386875 0.58179231875 0.8111313875 0.590801328125 0.8152372265625001 0.58605974375 0.802463503125 0.5765765765624999
3 0.760036496875 0.670459934375 0.7531934312499999 0.6666666671875 0.7449817515625 0.678994784375 0.753649634375 0.681839734375 0.760036496875 0.670459934375
3 0.7427007296875 0.8610715984375 0.7490875906250001 0.86154575625 0.7490875906250001 0.8463726890625001 0.741788321875 0.8473210046874999 0.7427007296875 0.8610715984375
3 0.6450729921875 0.765765765625 0.644160584375 0.7724039828125 0.6592153281249999 0.7790422 0.6610401453125 0.77050735 0.6450729921875 0.765765765625
3 0.643248175 0.774774775 0.6414233578124999 0.7804646749999999 0.6541970796875 0.786628734375 0.6569343062499999 0.7795163578125 0.643248175 0.774774775
3 0.6391423359374999 0.79563774375 0.6368613140625 0.80132764375 0.650091240625 0.80559506875 0.6519160578125 0.79990516875 0.6391423359374999 0.79563774375
3 0.6733576640625001 0.8435277375 0.666970803125 0.8430535796875 0.66468978125 0.8577524890625 0.672901459375 0.8572783312500001 0.6733576640625001 0.8435277375
3 0.683850365625 0.8430535796875 0.6770073 0.8435277375 0.6765510953125 0.8596491234375 0.6833941609374999 0.8591749640625 0.683850365625 0.8430535796875
3 0.69343065625 0.8440018968749999 0.6861313874999999 0.8430535796875 0.685218978125 0.8596491234375 0.69206204375 0.8605974390625001 0.69343065625 0.8440018968749999
3 0.7604927 0.86154575625 0.7673357671875001 0.8624940734375001 0.7664233578124999 0.8477951640624999 0.7604927 0.8477951640624999 0.7604927 0.86154575625
3 0.768248175 0.673304884375 0.762773721875 0.6709340921875 0.755474453125 0.684684684375 0.7618613140625 0.68658131875 0.768248175 0.673304884375
3 0.7709854015625 0.8620199140624999 0.7769160578125 0.86296823125 0.7778284671875 0.846846846875 0.7718978109375 0.8473210046874999 0.7709854015625 0.8620199140624999
3 0.7303832109374999 0.7904220015625001 0.7244525546875 0.790896159375 0.72399635 0.8060692265625 0.7299270078125 0.8065433859375 0.7303832109374999 0.7904220015625001
3 0.7413321171875 0.7927927921875 0.73494525625 0.792318634375 0.7335766421875001 0.8089141765625 0.7408759125 0.8098624937500001 0.7413321171875 0.7927927921875
3 0.76231751875 0.7932669515625 0.7541058390625001 0.7932669515625 0.7531934312499999 0.8098624937500001 0.7609489046875 0.8098624937500001 0.76231751875 0.7932669515625
3 0.770529196875 0.7942152671875 0.7641423359374999 0.793741109375 0.762773721875 0.8112849687500001 0.770529196875 0.8112849687500001 0.770529196875 0.7942152671875
3 0.7791970796875 0.79563774375 0.7723540140625 0.79563774375 0.7718978109375 0.8127074437499999 0.7791970796875 0.8122332859375 0.7791970796875 0.79563774375
3 0.648722628125 0.755808440625 0.6459854015625 0.7624466578125 0.662408759375 0.768610715625 0.66468978125 0.7619724984375 0.648722628125 0.755808440625
3 0.6551094890625 0.7477477484375 0.6523722625 0.754385965625 0.6678832109374999 0.760075865625 0.6697080296875 0.7534376484374999 0.6551094890625 0.7477477484375
3 0.6564781015625 0.739212896875 0.6551094890625 0.7444286390625 0.6701642328124999 0.7520151734375 0.672901459375 0.744902796875 0.6564781015625 0.739212896875
3 0.679288321875 0.7273589375 0.682025546875 0.7216690375 0.666970803125 0.7159791375 0.66605839375 0.7226173546875 0.679288321875 0.7273589375
3 0.6861313874999999 0.7112375531249999 0.689781021875 0.7050734953125 0.67518248125 0.69796111875 0.6733576640625001 0.7050734953125 0.6861313874999999 0.7112375531249999
3 0.6884124093749999 0.7017543859375001 0.6925182484375 0.6960644859375 0.68156934375 0.688952109375 0.6779197078125 0.69511616875 0.6884124093749999 0.7017543859375001
3 0.6938868609375 0.6941678515625 0.697536496875 0.6884779515624999 0.6847627734375 0.6808914171875 0.682025546875 0.68658131875 0.6938868609375 0.6941678515625
3 0.7983576640625001 0.5851114265625 0.794251825 0.590801328125 0.8052007296875001 0.5998103359375 0.80930656875 0.5945945953125 0.7983576640625001 0.5851114265625
3 0.8334854015625 0.6638217171874999 0.827098540625 0.6680891421874999 0.8357664234375 0.6808914171875 0.8412408765625001 0.675675675 0.8334854015625 0.6638217171874999
3 0.8343978109375 0.63916548125 0.827098540625 0.6386913234375 0.8261861312500001 0.6533902328125001 0.8343978109375 0.6533902328125001 0.8343978109375 0.63916548125
3 0.8243613140624999 0.6372688484375 0.817974453125 0.6372688484375 0.8161496343750001 0.653864390625 0.8234489046875 0.6533902328125001 0.8243613140624999 0.6372688484375
3 0.8147810218749999 0.6382171640625 0.807025546875 0.6372688484375 0.8056569343750001 0.6529160734375 0.8129562046875 0.6529160734375 0.8147810218749999 0.6382171640625
3 0.8211678828125001 0.6908487437499999 0.8143248171874999 0.6913229015625 0.8138686125 0.7050734953125 0.8207116781250001 0.7045993359375 0.8211678828125001 0.6908487437499999
3 0.8106751828125001 0.6913229015625 0.8038321171874999 0.6913229015625 0.8033759125 0.7074442859375 0.8111313875 0.7074442859375 0.8106751828125001 0.6913229015625
3 0.80018248125 0.6908487437499999 0.794251825 0.6899004265625 0.7915145984375 0.7045993359375 0.80018248125 0.705547653125 0.80018248125 0.6908487437499999
3 0.7915145984375 0.68800379375 0.7846715328125 0.68658131875 0.7796532843749999 0.7008060687500001 0.7878649640625001 0.704125178125 0.7915145984375 0.68800379375
3 0.7819343062499999 0.683262209375 0.77600365 0.6808914171875 0.768248175 0.6941678515625 0.7755474453125 0.69796111875 0.7819343062499999 0.683262209375
0 0.2609489046875 0.244191559375 0.2778284671875 0.24371740156250002 0.28284671562499997 0.160265528125 0.26505474375000004 0.1612138453125 0.2609489046875 0.244191559375