0 0.705075503125 0.73583976875 0.701901790625 0.74585221875 0.769317540625 0.767222296875 0.7726093265625 0.7567691875 0.705075503125 0.73583976875
3 0.6331930875 0.9857885234375001 0.637626440625 0.9912271140625 0.652736790625 0.9806346984375001 0.6483034375 0.97519610625 0.6331930875 0.9857885234375001
3 0.646238990625 0.990228759375 0.6506723437499999 0.9956673500000001 0.6632565359375 0.9853426453124999 0.6579071796875 0.9796586125 0.646238990625 0.990228759375
3 0.6614311125000001 1 0.6718262 0.99000036875 0.667038625 0.98588375625 0.6554885109375 0.9960132421875001 0.658738378125 1 0.6614311125000001 1
3 0.674785809375 1 0.6845464734375 0.9919918609374999 0.6803349734374999 0.9875573125000001 0.6686810796875 0.9962420984374999 0.6707109578125 1 0.674785809375 1
3 0.40654200312500005 0.8112338453125 0.40001190312499996 0.8099564062500001 0.3958793 0.8253794937500001 0.402749328125 0.8272203125 0.40654200312500005 0.8112338453125
3 0.3758818421875 0.9055070421875 0.373430871875 0.910990175 0.38910671093750004 0.916607396875 0.39040552968750003 0.911760140625 0.3758818421875 0.9055070421875
3 0.16695095 0.8755005421875 0.16483990625 0.88154705625 0.18073759843749998 0.8881683171875 0.1828629375 0.8802364453125 0.16695095 0.8755005421875
3 0.1645894625 0.8843137343749999 0.16213849062500002 0.8897968671875001 0.176780253125 0.8956093062500001 0.17855136875 0.8889994124999999 0.1645894625 0.8843137343749999
3 0.34007401718749997 0.7405264796875 0.3318299859375 0.7383174968749999 0.3250102625 0.760105034375 0.3318802890625 0.7619458515625 0.34007401718749997 0.7405264796875
3 0.3548984546875 0.767641253125 0.360970553125 0.76879596875 0.3656792328125 0.7530549453125001 0.35857305625 0.7520954468750001 0.3548984546875 0.767641253125
3 0.398605596875 0.7987167453125 0.391499421875 0.797757246875 0.38724874374999996 0.8136209921875001 0.393320840625 0.8147757078125 0.398605596875 0.7987167453125
3 0.4299286875 0.8137219078125 0.4367987140625 0.815562725 0.4418759125 0.7966143640625 0.43558196093749996 0.79445560625 0.4299286875 0.8137219078125
3 0.5952821765625 0.9165931359374999 0.5885302234374999 0.9143116578124999 0.5802327171874999 0.93428633125 0.5888166765625 0.9370586937500001 0.5952821765625 0.9165931359374999
3 0.46234620781249997 0.775178403125 0.45593418124999996 0.77346030625 0.44911445937499994 0.79524784375 0.4566786359375 0.7963300640625001 0.46234620781249997 0.775178403125
3 0.46559247656249997 0.8766476125 0.458146371875 0.8751247328125 0.45413184375000004 0.8901071578125 0.4614598734375 0.8920706968750001 0.46559247656249997 0.8766476125
3 0.48550840624999997 0.8829286656249999 0.4780623046875 0.881405784375 0.4732355484375 0.8975874671874999 0.481375803125 0.89835175 0.48550840624999997 0.8829286656249999
3 0.5324321484375 0.898335628125 0.5263743468750001 0.895295553125 0.5206315890625001 0.9112317937500001 0.5275016171875 0.9130726125 0.5324321484375 0.898335628125
3 0.55682431875 0.90439919375 0.55041229375 0.9026810968750001 0.5448913906249999 0.919621378125 0.5507273390625 0.9216574140624999 0.55682431875 0.90439919375
3 0.5849842828125 0.912889228125 0.5760603953125 0.909553484375 0.572725721875 0.9256626734375001 0.5794776749999999 0.9279441500000001 0.5849842828125 0.912889228125
3 0.6911620875 1 0.6967944484374999 0.99574599375 0.6933951734375 0.9901121859375 0.6795333234375 1 0.6911620875 1
3 0.7067029265625 1 0.7120551749999999 0.995584415625 0.7072675984375 0.991467803125 0.6973490578125 1 0.7067029265625 1
3 0.350516484375 0.906739475 0.3472532890625 0.9134218625000001 0.363727059375 0.9197251874999999 0.365838103125 0.9136786734375001 0.350516484375 0.906739475
3 0.6263717484375 0.8262133781250001 0.6331237 0.8284948546875001 0.6384227515625 0.8105505328125 0.6307405 0.8099089718749999 0.6263717484375 0.8262133781250001
3 0.6273491812499999 0.8940138265625001 0.6333032046875 0.895609203125 0.639636334375 0.8774696625 0.6326482328125 0.8760695046875 0.6273491812499999 0.8940138265625001
3 0.6121456390625 0.8866339671875 0.6176416609375 0.8881066203125 0.6211981875 0.8730014734375 0.6155840921875 0.8719694796875 0.6121456390625 0.8866339671875
3 0.603103678125 0.8837388828125 0.608141696875 0.8850888156250001 0.6134121578125 0.8709152140624999 0.6067639828125 0.8700784359375 0.603103678125 0.8837388828125
3 0.5928057843750001 0.8800349765625001 0.5977257296875 0.8818255687500001 0.6027743359375 0.866647925 0.5968203140624999 0.8650525484375 0.5928057843750001 0.8800349765625001
3 0.5835276734375 0.8780212109375001 0.589363621875 0.8800572453125 0.5921079234375 0.8661513578125 0.58683375625 0.8656827421875001 0.5835276734375 0.8780212109375001
3 0.6056435921875 0.8211315828125001 0.61263169375 0.8225317406249999 0.6172222984375 0.8072313765624999 0.610234196875 0.8058312187500001 0.6056435921875 0.8211315828125001
3 0.6430673703124999 0.8335207406249999 0.6358574156250001 0.8311165421875 0.6304545859374999 0.847616165625 0.6386986171875 0.849825146875 0.6430673703124999 0.8335207406249999
3 0.6565575203125 0.900423284375 0.66251154375 0.9020186593749999 0.6645759906250001 0.886986009375 0.6604539734375 0.8858815171875 0.6565575203125 0.900423284375
3 0.650617253125 0.8364883203125 0.6460372343749999 0.8352611078125 0.640766775 0.8494347125000001 0.6463808703125 0.85046670625 0.650617253125 0.8364883203125
3 0.670533184375 0.8427693734374999 0.6644610859375 0.8416146578125 0.658496475 0.8565468578125 0.665026575 0.8578242953125 0.670533184375 0.8427693734374999
3 0.6465344140625 0.8150855343750001 0.6403585374999999 0.8124861171875001 0.6364477875000001 0.82891324375 0.6422837359375 0.8309492796875 0.6465344140625 0.8150855343750001
3 0.656964678125 0.8164634218750001 0.6506707265625 0.814304665625 0.645149821875 0.831244946875 0.6514437734375 0.8334037046875 0.656964678125 0.8164634218750001
3 0.686602425 0.8267663203125 0.6797323984375 0.824925503125 0.6727194140625 0.8419382796875 0.6800474421875 0.8439018203125 0.686602425 0.8267663203125
3 0.6783086265625 0.8613832109375 0.6838046484375 0.862855865625 0.6881734015625 0.8465514593749999 0.682219378125 0.8449560843749999 0.6783086265625 0.8613832109375
3 0.63732144375 0.8952689921875001 0.64373346875 0.8969870890625 0.6476299234375 0.8824453234374999 0.6413216765625 0.8821719265624999 0.63732144375 0.8952689921875001
3 0.6662936312500001 0.9025597703124999 0.6715535046875 0.9049137437500001 0.6753461796875 0.8889272765625 0.6700720109375 0.8884586625 0.6662936312500001 0.9025597703124999
3 0.73227819375 0.9311031234374999 0.7274191390625 0.9364133078125001 0.7413095671875001 0.950525784375 0.7465228453125 0.94389361875 0.73227819375 0.9311031234374999
3 0.6489864625 0.9305108578124999 0.641851696875 0.933322078125 0.646657275 0.9501955484375 0.65367396875 0.9478249859375 0.6489864625 0.9305108578124999
3 0.6589301328125 0.93553674375 0.65364166875 0.9369534890625 0.6582253953125 0.9528229187499999 0.6638680828125 0.9500841953125001 0.6589301328125 0.93553674375
3 0.6730101140625 0.9397817609375 0.666805646875 0.9409530640625 0.67013344375 0.9560136703125 0.676574059375 0.953961046875 0.6730101140625 0.9397817609375
3 0.682628153125 0.94235890625 0.6768816859375 0.9436529312499999 0.6810074109375 0.9593996390624999 0.687566103125 0.95690635625 0.682628153125 0.94235890625
3 0.7056463187500001 0.9480543078125001 0.7005797078125 0.95047509375 0.704483578125 0.9652177609375 0.7116183453125 0.9624065421875001 0.7056463187500001 0.9480543078125001
3 0.7431913406249999 0.9141907953124999 0.7402823671875 0.9195512078125001 0.7504193 0.9293518531249999 0.7536682 0.924554821875 0.7431913406249999 0.9141907953124999
3 0.6749813703124999 0.9067768328125 0.6815114703125 0.9080542703125 0.6851717749999999 0.894393821875 0.6798976078125001 0.893925209375 0.6749813703124999 0.9067768328125
3 0.7455491203125 0.8907353875 0.741266140625 0.8957276343749999 0.7552746453125 0.9093994500000001 0.7595719187500001 0.9025218421875 0.7455491203125 0.8907353875
3 0.74826483125 0.8806002171875 0.74582815625 0.8841979890625 0.7576647249999999 0.8968155390625 0.761267846875 0.8906965296875 0.74826483125 0.8806002171875
3 0.81562710625 0.92415395 0.8148863593750001 0.9159264109375 0.7987096296875 0.915842546875 0.8005882328125 0.92531956875 0.81562710625 0.92415395
0 0.769064465625 0.8762552140625001 0.77497189375 0.8688644515625 0.75786115625 0.8557782875 0.7510377234375001 0.8629236078125 0.769064465625 0.8762552140625001
3 0.6854116328125001 0.9081547203125 0.6912475828125 0.9101907562499999 0.6958381874999999 0.8948903921875001 0.6912581703125 0.8936631796875 0.6854116328125001 0.9081547203125
3 0.3731804265625 0.913756853125 0.3710550875 0.9216887265624999 0.3858292203125 0.9251751453124999 0.387142334375 0.91844253125 0.3731804265625 0.913756853125
3 0.3188889375 0.85623041875 0.3167778953125 0.8622769312499999 0.331877659375 0.8682120921875001 0.33341262656250004 0.862483515625 0.3188889375 0.85623041875
0 0.26491823124999997 0.257064671875 0.26821001718750004 0.2466115625 0.2406261296875 0.23780358906250001 0.237112490625 0.2472526578125 0.26491823124999997 0.257064671875
0 0.5272585249999999 0.536586346875 0.5121444656249999 0.5325365468750001 0.4886905515625 0.6145717265624999 0.5034646828125 0.6180581453125 0.5272585249999999 0.536586346875
0 0.291123325 0.12995380781250002 0.3047596 0.1321907453125 0.3272689203125 0.053680840625000004 0.3163949515625 0.050294871875 0.291123325 0.12995380781250002
0 0.28086832031250003 0.120593821875 0.2920965109375 0.12265781093749999 0.3124804921875 0.05207978125 0.30080859375 0.048007709375 0.28086832031250003 0.120593821875
0 0.34724951718749997 0.49024226875 0.33213545624999996 0.48619246875 0.321494465625 0.527737190625 0.3331806609375 0.5299239015625 0.34724951718749997 0.49024226875
0 0.3615942390625 0.48983524687499996 0.3488882625 0.48595839375 0.338365346875 0.5270624578125 0.349815390625 0.5301304874999999 0.3615942390625 0.48983524687499996
0 0.45854395625000005 0.5200635234375001 0.44481819843750003 0.514496528125 0.41928183125 0.5988075015625001 0.43554804531249997 0.602221425 0.45854395625000005 0.5200635234375001
0 0.47411601875000003 0.5242360453125 0.457746028125 0.519377421875 0.43507574687500006 0.6039840625 0.44928809843749995 0.6059030609375 0.47411601875000003 0.5242360453125
0 0.5565706406250001 0.5444405046874999 0.541914584375 0.5405134265625 0.5138377625 0.6269774734375 0.5306800515625001 0.63007345625 0.5565706406250001 0.5444405046874999
0 0.3321327609375 0.183921328125 0.3448387375 0.18779818125 0.37030362656250004 0.11291400625 0.357375796875 0.1080331125 0.3321327609375 0.183921328125
0 0.57563516875 0.572219109375 0.56362334375 0.567583659375 0.550470490625 0.6075107359375 0.56363446875 0.6115103109375 0.57563516875 0.572219109375
0 0.5966529484375 0.55423593125 0.5845087515625 0.5519264984375 0.5561491875 0.6302857265624999 0.5706871703124999 0.634653465625 0.5966529484375 0.55423593125
0 0.599909265625 0.578723334375 0.59132530625 0.5759509734375 0.5804301609375 0.60562015625 0.5909642046875 0.6084427453125001 0.599909265625 0.578723334375
0 0.62104511875 0.5602994953125 0.6084429203124999 0.5578673421875 0.580144246875 0.6433273484375001 0.5956125296875 0.6460551703124999 0.62104511875 0.5602994953125
0 0.6153457875 0.6310338859375 0.600807803125 0.626666146875 0.5788565546875 0.69210125625 0.5950941765625 0.699285896875 0.6153457875 0.6310338859375
0 0.591208309375 0.6973000875 0.57862040625 0.6929825734375 0.566265484375 0.733595753125 0.58219176875 0.736446296875 0.591208309375 0.6973000875
0 0.3132006046875 0.153816703125 0.3245325765625 0.1573253921875 0.3498793890625 0.0828818765625 0.333745546875 0.077141934375 0.3132006046875 0.153816703125
0 0.3475438609375 0.1941905890625 0.35899390625 0.19725861875 0.36728770625 0.162641728125 0.3554977328125 0.159010315625 0.3475438609375 0.1941905890625
0 0.569195090625 0.6347259609375 0.5593551999999999 0.631144775 0.547383090625 0.6666652546875 0.559054990625 0.6707373249999999 0.569195090625 0.6347259609375
0 0.24385230156249998 0.49323640625 0.2509547703125 0.479553690625 0.17861907500000002 0.45639301718749997 0.1715023125 0.47196109531249997 0.24385230156249998 0.49323640625
0 0.202243525 0.639362446875 0.20647990625 0.625384059375 0.13037641875 0.59979691875 0.1266123328125 0.6120126671875 0.202243525 0.639362446875
0 0.20590383124999997 0.6257019984375 0.21071628750000002 0.6114056734375 0.1350708015625 0.585941253125 0.130036490625 0.5992335375 0.20590383124999997 0.6257019984375
0 0.21117429062499998 0.6115283953125 0.21437659375 0.5977452265625 0.1289949953125 0.5701443203125 0.1245224640625 0.5850040265625001 0.21117429062499998 0.6115283953125
0 0.2187204640625 0.5998537578125 0.22490692812500002 0.585925596875 0.1361117578125 0.5545762437499999 0.1311669296875 0.5711985859375 0.2187204640625 0.5998537578125
0 0.21917475625 0.5853342625 0.223751065625 0.5719192578125 0.14925773125 0.5458189609375 0.14491757031250002 0.558352646875 0.21917475625 0.5853342625
0 0.2416840765625 0.5068243578125 0.24626038593750002 0.493409353125 0.1657987328125 0.467599040625 0.1622565015625 0.480818828125 0.2416840765625 0.5068243578125
0 0.25083669531249997 0.47999434843750005 0.2547188546875 0.4673379421875 0.18087678437500002 0.4461351265625 0.1782648515625 0.45771499687499995 0.25083669531249997 0.47999434843750005
0 0.3574732359375 0.201101834375 0.36936698749999997 0.20617794531250003 0.38907482187500003 0.14911536875 0.37684114375 0.143475878125 0.3574732359375 0.201101834375
0 0.251956546875 0.4684869734375 0.257803084375 0.4539954328125 0.178096471875 0.43452729999999995 0.17548454062500002 0.44610717187500004 0.251956546875 0.4684869734375
0 0.282462625 0.349140721875 0.2888852375 0.3343312421875 0.21183715468750003 0.3122693765625 0.2071427703125 0.3261250421875 0.282462625 0.349140721875
0 0.314586275 0.2585657453125 0.319294953125 0.242824721875 0.2458071078125 0.2202999265625 0.2391626421875 0.23410536718750002 0.314586275 0.2585657453125
0 0.42993759374999996 0.20729426874999998 0.41700976250000005 0.20241337499999998 0.3867753046875 0.285937796875 0.40268729375 0.290673696875 0.42993759374999996 0.20729426874999998
0 0.394843540625 0.2356746484375 0.4024972 0.240086928125 0.40940640781250004 0.22162945 0.40302297343750004 0.216140634375 0.394843540625 0.2356746484375
0 0.37965429375 0.22640942968750002 0.39041018906249997 0.23023605625000002 0.3981136140625 0.19782246406249998 0.3904456578125 0.19529554375 0.37965429375 0.22640942968750002
0 0.5578631203125 0.6312172703125001 0.5446991421875 0.6272176953125 0.5328308125000001 0.6641828765625 0.54702886875 0.6679872328124999 0.5578631203125 0.6312172703125001
0 0.546438496875 0.67019053125 0.534308596875 0.665995740625 0.519101884375 0.704427890625 0.5336541625 0.70691026875 0.546438496875 0.67019053125
3 0.30564660312499997 0.8928274343749999 0.30273763124999997 0.8981878468750001 0.3164633890625 0.9037548421875 0.31799835625 0.89802626875 0.30564660312499997 0.8928274343749999
0 0.5161970953125 0.3763473671875 0.5245269015625 0.3672441921875 0.48094471250000004 0.304558246875 0.46998496875000007 0.31248443593749997 0.5161970953125 0.3763473671875
0 0.2677891671875 0.801448390625 0.2819872234375 0.8052527484375 0.291418878125 0.771885340625 0.2784910484375 0.7670044468749999 0.2677891671875 0.801448390625
0 0.2778254890625 0.763992325 0.2920235453125 0.7677966828125 0.3038309828125 0.723730725 0.2906670046875 0.7197311484375 0.2778254890625 0.763992325
0 0.29212732343750003 0.7692413828125 0.3056312296875 0.7738043390625 0.318487040625 0.727657803125 0.303269203125 0.7221633015625 0.29212732343750003 0.7692413828125
0 0.44052308125 0.7631910468750001 0.42632502343749995 0.7593866890625 0.4037119265625 0.8364518921874999 0.42065799375 0.8409925765624999 0.44052308125 0.7631910468750001
0 0.811816965625 0.9878377875 0.8229127859375 0.9922277968750001 0.8451790796875001 0.9457690078125 0.8323836203124999 0.9385620921875001 0.811816965625 0.9878377875
0 0.52508868125 0.3688116140625 0.5354723484374999 0.3612033640625 0.49224438125000003 0.2971954390625 0.47991063437500003 0.3047534640625 0.52508868125 0.3688116140625
0 0.54887989375 0.39360605312499997 0.5404320125 0.40314988906250004 0.600974565625 0.46849115937499997 0.6123171234375 0.45547227343749996 0.54887989375 0.39360605312499997
0 0.2631868953125 0.7123678765625 0.2493430625 0.7072415390625 0.22216795 0.7958363875 0.24038424374999998 0.7993005375 0.2631868953125 0.7123678765625
0 0.375665725 0.3438873734375 0.3738374265625 0.35803870625 0.45991317656249997 0.384881015625 0.465684525 0.365174053125 0.375665725 0.3438873734375
0 0.4951051421875 0.10148620625 0.5024940640625 0.110550525 0.5275014875 0.09599785625 0.519328934375 0.0843620765625 0.4951051421875 0.10148620625
3 0.2095186171875 0.7239638687500001 0.20196873593750003 0.7209962875 0.19734954062500001 0.740067371875 0.2031854875 0.7421034078125001 0.2095186171875 0.7239638687500001
3 0.2357873 0.9062249234375 0.2366424125 0.8993695875000001 0.21913456406249998 0.8932614796875 0.2174815234375 0.8994307156250001 0.2357873 0.9062249234375
3 0.3086275921875 0.9384944546874999 0.31017685625 0.9308805203125001 0.29151685625 0.925408290625 0.2891696640625 0.9323361234374999 0.3086275921875 0.9384944546874999
3 0.2976138359375 0.9081500703125001 0.294794346875 0.9168405406250001 0.312760196875 0.92307136875 0.3148855359375 0.9151394953124999 0.2976138359375 0.9081500703125001
0 0.2457828265625 0.7077044703125 0.2359429359375 0.7041232843749999 0.21343361718749998 0.7826331875 0.2260358140625 0.785065340625 0.2457828265625 0.7077044703125
0 0.6886557468750001 0.7678070171875 0.6829881765625 0.788958678125 0.764054496875 0.8106803328125001 0.7697220671875 0.7895286718750001 0.6886557468750001 0.7678070171875
0 0.5305550984375 0.6616839109375 0.5187794218749999 0.6561671390625 0.5067358343749999 0.70111441875 0.521288115625 0.703596796875 0.5305550984375 0.6616839109375
0 0.31997379531250003 0.53158040625 0.310173621875 0.5681551515625001 0.3216236671875 0.5712231828125 0.33142384062499997 0.5346484375 0.31997379531250003 0.53158040625
0 0.55741624375 0.6750212 0.545050196875 0.671707728125 0.533299940625 0.7082322484375 0.54565169375 0.71343108125 0.55741624375 0.6750212
0 0.57092015 0.67958415625 0.5575343187499999 0.6745805421875 0.5452831734375 0.7166384203125 0.556053365625 0.7185796890625 0.57092015 0.67958415625
0 0.453478425 0.643392765625 0.4643523921875 0.646778734375 0.47552657187499997 0.6105721515625 0.46350045156249997 0.607822059375 0.453478425 0.643392765625
0 0.46312876249999996 0.6568414078125 0.47480065937499993 0.6609134796875 0.489030478125 0.6151351078125 0.47586649999999997 0.6111355328125 0.46312876249999996 0.6568414078125
0 0.3064206625 0.62429755 0.299454275 0.6502964671875 0.312736328125 0.6538553828125 0.3197027171875 0.6278564656250001 0.3064206625 0.62429755
0 0.3150115015625 0.59590011875 0.30710051875 0.6254243125000001 0.3208405734375 0.6291059484375 0.32875155624999997 0.59958175625 0.3150115015625 0.59590011875
0 0.308105465625 0.5685455875 0.2875605234375 0.6452203562500001 0.300842575 0.648779271875 0.32138751875 0.5721045015625 0.308105465625 0.5685455875
0 0.68448025625 0.78888618125 0.6810560984375 0.8016653093749999 0.7598324125 0.822773359375 0.7632565687499999 0.8099942312499999 0.68448025625 0.78888618125
0 0.3524278625 0.5790048453125001 0.3335359625 0.6495103796875 0.3445280046875 0.6524556890625 0.36341990625 0.5819501546875 0.3524278625 0.5790048453125001
0 0.33593979687500003 0.57458688125 0.31574907812499997 0.649939671875 0.3294891328125 0.6536213078124999 0.349679853125 0.5782685187500001 0.33593979687500003 0.57458688125
0 0.3559203296875 0.6026109296875 0.34057065937500003 0.6598966749999999 0.3538527109375 0.663455590625 0.36920238125 0.6061698437499999 0.3559203296875 0.6026109296875
0 0.7135911546875 0.7022269171875 0.7096947 0.7167686843750001 0.7857230015625001 0.73714040625 0.78961945625 0.7225986390625 0.7135911546875 0.7022269171875
0 0.720056653125 0.681761359375 0.71710479375 0.6927778499999999 0.7913010875 0.7126586875 0.794252946875 0.701642196875 0.720056653125 0.681761359375
0 0.721781175 0.6661653265624999 0.7172943484375 0.6829103921875 0.79515465625 0.7037729984375 0.7996414828125 0.687027934375 0.721781175 0.6661653265624999
3 0.686184140625 0.8667995312500001 0.6922562390625 0.867954246875 0.6964926218749999 0.8539758609374999 0.6913365265625 0.8530665875000001 0.686184140625 0.8667995312500001
3 0.8776653828125 0.5955275640625 0.8818445828125 0.5890906171875 0.8667591124999999 0.581270096875 0.8630379171874999 0.587829765625 0.8776653828125 0.5955275640625
3 0.8485819984375 0.557507653125 0.8520813437499999 0.5499439453125 0.8396401062500001 0.5414150515625 0.8362588375 0.5485381015625 0.8485819984375 0.557507653125
3 0.4599004984375 0.5681290578125 0.46906053437499995 0.5705834828125 0.474359584375 0.552639159375 0.4655394765625 0.5507481171874999 0.4599004984375 0.5681290578125
0 0.18052788749999998 0.6434620046874999 0.1830074484375 0.6342081546875 0.162515440625 0.628245040625 0.159814025 0.6364948515625 0.18052788749999998 0.6434620046874999
3 0.359973971875 0.1587928296875 0.369592009375 0.161369975 0.374994840625 0.1448703515625 0.3649188 0.142170484375 0.359973971875 0.1587928296875
3 0.372676778125 0.20848169218749998 0.3814968875 0.21037273750000002 0.3878443125 0.1903478390625 0.3786842765625 0.18789341406249999 0.372676778125 0.20848169218749998
3 0.381371396875 0.1815289625 0.389733503125 0.18329728437499998 0.395386778125 0.1640309828125 0.3871427453125 0.16182200156249998 0.381371396875 0.1815289625
3 0.44851929999999995 0.6619004687500001 0.45825541249999996 0.6640369546875 0.46354016875 0.6479779921875 0.45449820625 0.6450829078125 0.44851929999999995 0.6619004687500001
0 0.4447869765625 0.6245334859375 0.45348901093749994 0.6268651890625 0.4582119859375 0.6092388046874999 0.449967953125 0.6070298234375 0.4447869765625 0.6245334859375
0 0.45421229218750003 0.6827901 0.464510184375 0.68649400625 0.47131561250000004 0.666591828125 0.462051796875 0.6626927046875 0.45421229218750003 0.6827901
3 0.2786911875 0.7406094125 0.26941307812500004 0.7385956484375 0.2644396578125 0.7589887109375 0.27290554375 0.7622017328124999 0.2786911875 0.7406094125
3 0.478783428125 0.6955137828125 0.4901154 0.6990224734375 0.496684678125 0.6800016156249999 0.48431862812500004 0.6766881421875001 0.478783428125 0.6955137828125
3 0.3834634859375 0.8588918921875001 0.38086585 0.8685864046875 0.40398779375 0.8757265046875 0.407397653125 0.8648327359374999 0.3834634859375 0.8588918921875001
3 0.662226040625 0.183105321875 0.657009053125 0.1750952703125 0.64513330625 0.1827760171875 0.65092636875 0.19046813125 0.662226040625 0.183105321875
3 0.6001850671875 0.20946056875000002 0.5948643031249999 0.20000581718750002 0.577567721875 0.211429328125 0.5834645625 0.22056614218749998 0.6001850671875 0.20946056875000002
3 0.8038608734375 0.37266376874999996 0.8113964609375 0.3775167078125 0.8225314609375 0.36160842187500003 0.8153358031250001 0.3573188625 0.8038608734375 0.37266376874999996
3 0.7961177296875 0.364921428125 0.80422939375 0.3694564296875 0.814094165625 0.3546246796875 0.805864428125 0.3505303390625 0.7961177296875 0.364921428125
3 0.22884046875 0.7178060015625001 0.21830642656250002 0.7149834140625 0.21250648593750002 0.73846109375 0.222346378125 0.7420422796875 0.22884046875 0.7178060015625001
3 0.42620479375000003 0.5180104359375 0.4152127515625 0.5150651265625 0.40873295625 0.5374160453125 0.4178929921875 0.53987046875 0.42620479375000003 0.5180104359375
3 0.9261245671875 0.257122803125 0.9247971578125 0.2657407765625 0.9412852234375 0.270158740625 0.9449026421875001 0.2621543734375 0.9261245671875 0.257122803125
3 0.8457841578125 0.18505981875 0.8453870468750001 0.1920378765625 0.8609734046874999 0.1943250390625 0.8614885890625 0.186906321875 0.8457841578125 0.18505981875
3 0.89707826875 0.3655250625 0.894613003125 0.37289355468749996 0.9081312031250001 0.3755711515625 0.9095480968749999 0.3702832359375 0.89707826875 0.3655250625
3 0.8934465546875 0.375414790625 0.8908632140625 0.383223940625 0.9054011984375 0.38759167968749997 0.9089005421874999 0.38002797187500004 0.8934465546875 0.375414790625
3 0.9188039546875 0.2844436984375 0.9164567625 0.2913715296875 0.9322506796875001 0.296548090625 0.9334457171875 0.2902561359375 0.9188039546875 0.2844436984375
3 0.9353063171875 0.286976303125 0.9368555796875 0.27936236718749996 0.9212835171875 0.2751898453125 0.92019225625 0.2829265015625 0.9353063171875 0.286976303125
3 0.8007501453125 0.2230565296875 0.8081962484374999 0.22457940937499998 0.81162040625 0.21180028125 0.8040562265625001 0.21071806249999997 0.8007501453125 0.2230565296875
3 0.8117633625 0.1929466859375 0.8142323375 0.2002204109375 0.828265721875 0.195479290625 0.8256786734375 0.18864622343749998 0.8117633625 0.1929466859375
3 0.8710028484375 0.1880387671875 0.8717435953124999 0.1962663078125 0.887387134375 0.19101203125 0.8849181609375 0.18373830625 0.8710028484375 0.1880387671875
3 0.43668165312499996 0.5283744625 0.4275216171875 0.5259200390625 0.42256249375 0.5444277421875 0.43023045 0.5469546625 0.43668165312499996 0.5283744625
3 0.891240703125 0.18212634218749998 0.8984506578125 0.1845305421875 0.90348496875 0.1712382578125 0.896733015625 0.1689567796875 0.891240703125 0.18212634218749998
3 0.9036173390625001 0.1689122390625 0.9115500359375 0.166787121875 0.9078966078124999 0.149277775 0.901574065625 0.1508897375 0.9036173390625001 0.1689122390625
3 0.89511544375 0.1401855015625 0.8972407828125 0.1322536296875 0.8816687218749999 0.12808110781249998 0.880931684375 0.134495784375 0.89511544375 0.1401855015625
0 0.391588840625 0.392549928125 0.38910927812499996 0.40180377968750003 0.41270351875 0.4071812421875 0.4156410828125 0.3980501109375 0.391588840625 0.392549928125
3 0.3942950421875 0.519850790625 0.3854749328125 0.517959746875 0.3813137390625 0.5371535515625 0.3898976984375 0.5399259140625 0.3942950421875 0.519850790625
3 0.4010973 0.5457606234375 0.39354741875 0.5427930421875 0.3879084390625 0.560173984375 0.39591632187500003 0.5632642859375 0.4010973 0.5457606234375
3 0.890441284375 0.8171523140625 0.8991433203125 0.8194840171875001 0.9054764484375 0.801344478125 0.8967744140624999 0.799012775 0.890441284375 0.8171523140625
3 0.8764915171875 0.568764365625 0.8786025609375001 0.562717853125 0.8646549484375001 0.556146815625 0.862322053125 0.5611892890625 0.8764915171875 0.568764365625
0 0.252023778125 0.38396373125 0.25634964375 0.37331540625000004 0.2010780890625 0.35425475781250004 0.197668228125 0.36514852656249996 0.252023778125 0.38396373125
3 0.6251098875000001 0.16040804687500002 0.6290852375 0.165723915625 0.63923275625 0.1589969859375 0.63513933125 0.154121775 0.6251098875000001 0.16040804687500002
0 0.23341091406249997 0.44793186875 0.23714640625 0.439486840625 0.180500846875 0.42005803124999996 0.17629305625 0.430265696875 0.23341091406249997 0.44793186875
0 0.23682077499999998 0.4370381 0.2405705640625 0.4267077125 0.1857570125 0.40776978750000004 0.18109121875 0.4178547328125 0.23682077499999998 0.4370381
0 0.21020744374999997 0.52720036875 0.21419337968750002 0.5159886625000001 0.15926175468749998 0.497491396875 0.1552758171875 0.5087031046875 0.21020744374999997 0.52720036875
0 0.240141153125 0.422814271875 0.24331486562500002 0.41280182187500003 0.1873491609375 0.3944997734375 0.1834812984375 0.40527082031250006 0.240141153125 0.422814271875
0 0.24985926093750002 0.4121939 0.252693046875 0.40161806875000006 0.197747125 0.3850061640625 0.1945734125 0.3950186140625 0.24985926093750002 0.4121939
0 0.2593480984375 0.3712850546875 0.26401389062499997 0.361200109375 0.20667418125 0.342529896875 0.202584465625 0.352296903125 0.2593480984375 0.3712850546875
3 0.865638659375 0.123785865625 0.8642074703124999 0.130959140625 0.8771495953124999 0.133954675 0.878462709375 0.127222059375 0.865638659375 0.123785865625
0 0.26504796875 0.3610048921875 0.2706440609375 0.34928002812500003 0.214900209375 0.3319820203125 0.21035249218750002 0.34162630781250003 0.26504796875 0.3610048921875
0 0.2718068 0.3321165765625 0.27533473750000004 0.3207821484375 0.22027074062500002 0.3046109015625 0.21628480312499998 0.3158226078125 0.2718068 0.3321165765625
0 0.27798955468750003 0.303546196875 0.28173934375 0.293215809375 0.22760564687499998 0.275404646875 0.22316170781250003 0.2864936328125 0.27798955468750003 0.303546196875
0 0.282447790625 0.2905718515625 0.28653750625 0.2808048453125 0.23148780625 0.262748240625 0.22819601875 0.2732013484375 0.282447790625 0.2905718515625
0 0.286433728125 0.2793601453125 0.290301590625 0.2685890984375 0.2355918171875 0.2510958734375 0.2309260265625 0.26118081875 0.286433728125 0.2793601453125
0 0.3340717171875 0.140044903125 0.343231753125 0.1424993265625 0.357447275 0.0986063140625 0.3478292375 0.09602916875 0.3340717171875 0.140044903125
3 0.8868772765624999 0.3944356484375 0.8848700125000001 0.4019268625 0.90101815 0.40578144531250004 0.9030254140625 0.3982902328125 0.8868772765624999 0.3944356484375
3 0.6258437546875 0.1998053796875 0.63197674375 0.2080608765625 0.6503074062499999 0.196442146875 0.6431403375 0.1883818703125 0.6258437546875 0.1998053796875
3 0.7893017812500001 0.8098885625 0.782360275 0.8174745421875 0.796368778125 0.83114635625 0.8036502109375 0.8241237578125 0.7893017812500001 0.8098885625
3 0.593825978125 0.1251045890625 0.599057259375 0.1312292828125 0.609898928125 0.12374375156249999 0.6062778 0.1171059046875 0.593825978125 0.1251045890625
3 0.951542859375 0.1732524890625 0.9484872203125001 0.182824278125 0.9676052234375 0.188419228125 0.971340715625 0.1799742 0.951542859375 0.1732524890625
3 0.9682670734375 0.1767891328125 0.9715445640624999 0.16822138281250001 0.952412265625 0.1645117921875 0.950065075 0.17143962343750002 0.9682670734375 0.1767891328125
3 0.9745287234375001 0.16807639218749998 0.97563428125 0.1584543765625 0.95478805 0.153813240625 0.9523084890625 0.16306709218749998 0.9745287234375001 0.16807639218749998
3 0.5816208890625 0.11569437656249999 0.5872958781250001 0.12382715156249999 0.60137215 0.11342995156249999 0.5958009421875 0.106741878125 0.5816208890625 0.11569437656249999
3 0.654615265625 0.1730369640625 0.6501962078125 0.16571301249999998 0.6365922328125 0.174347575 0.64192729375 0.18191696875000002 0.654615265625 0.1730369640625
0 0.44572786249999996 0.6063659921875 0.4337160375 0.601730540625 0.41408338906250003 0.664008534375 0.425533434375 0.6670765656250001 0.44572786249999996 0.6063659921875
0 0.9192863656249999 0.6142366328125 0.9220020765625 0.6041014625 0.8962501968750001 0.5957843734375 0.8928546296875 0.6047927828125 0.9192863656249999 0.6142366328125
3 0.9271369953124999 0.6380658890625 0.932704496875 0.630111746875 0.9155794640625 0.6189109421875 0.9108241890625 0.6256658265625 0.9271369953124999 0.6380658890625
3 0.8539673640625001 0.5887054015625 0.8582789328124999 0.579942434375 0.8420413124999999 0.5727577921875 0.8382020390625 0.5797581203125 0.8539673640625001 0.5887054015625
3 0.8112783859375 0.37795736875 0.8192719734375 0.38293302812499996 0.8298166015625 0.3692280390625 0.8214830859375001 0.3636889984375 0.8112783859375 0.37795736875
0 0.3281500578125 0.557858403125 0.340279959375 0.5620531953125 0.349933465625 0.529689828125 0.3367694875 0.525690253125 0.3281500578125 0.557858403125
0 0.33994003125 0.5614898140625 0.32792820625 0.5568543625 0.31707965625 0.5955096859375 0.3280717015625 0.5984549953125 0.33994003125 0.5614898140625
3 0.9141847593750001 0.30351478125 0.913433425 0.31181481718750004 0.9256956953125 0.3136835890625 0.9269945140625 0.30883633593750004 0.9141847593750001 0.30351478125
3 0.8721126546875 0.253513196875 0.8705776875 0.259241771875 0.8859136 0.2642956140625 0.8873447875 0.2571223375 0.8721126546875 0.253513196875
3 0.869869240625 0.2618857296875 0.86753634375 0.26692820156249997 0.8834340375 0.27354946406249997 0.8861354515625001 0.265299653125 0.869869240625 0.2618857296875
3 0.5925817109375 0.22867664531249998 0.5958629109375 0.2347511125 0.6083290296875 0.22486706875 0.6032015265624999 0.22018707499999998 0.5925817109375 0.22867664531249998
3 0.5173004953125 0.12490844062499999 0.52093591875 0.12966093125 0.53465796875 0.12058570937499999 0.5309187671875 0.11438852031249999 0.5173004953125 0.12490844062499999
3 0.5239057828125 0.131401296875 0.5273050578125 0.1370351078125 0.5412632562499999 0.127078565625 0.5374059796874999 0.12132203593749999 0.5239057828125 0.131401296875
3 0.579652803125 0.1028872953125 0.5822541484375 0.1078350015625 0.5911171453125 0.104069965625 0.5874817218749999 0.09931747656249999 0.579652803125 0.1028872953125
3 0.602470828125 0.13497773125 0.60609195625 0.141615578125 0.61774585 0.13293079218749998 0.6131944234375 0.1279328609375 0.602470828125 0.13497773125
3 0.6098454531249999 0.1459274078125 0.6140426578125 0.15224731875 0.6267163328125 0.14525267343749998 0.6225191296875 0.1389327625 0.6098454531249999 0.1459274078125
3 0.58529656875 0.22105702656249998 0.5881340625 0.22512341406249997 0.6004678109375 0.2175653875 0.5971723156250001 0.2133762796875 0.58529656875 0.22105702656249998
3 0.5987147 0.236932140625 0.601892121875 0.24156190781250003 0.6154960968750001 0.23292734531249998 0.6104723734374999 0.22969205312500002 0.5987147 0.236932140625
3 0.4787134375 0.06922850781249999 0.48348671875000004 0.07523047968749999 0.49906936718750006 0.062875425 0.4949759421875 0.0580002140625 0.4787134375 0.06922850781249999
3 0.6036060546875001 0.2424934515625 0.60734525625 0.24869064062500001 0.6203731546875 0.24037401875 0.616515878125 0.2346174890625 0.6036060546875001 0.2424934515625
3 0.60985711875 0.2503082875 0.6126803171875 0.2562600328125 0.6250283609375 0.24681665000000003 0.6219690140624999 0.241746221875 0.60985711875 0.2503082875
3 0.621768875 0.26814125624999996 0.6249462953125 0.2727710234375 0.637176265625 0.2637682984375 0.63342276875 0.25945646875 0.621768875 0.26814125624999996
3 0.6287140890625 0.27519749375 0.631891509375 0.2798272609375 0.6427331796875 0.2723417328125 0.6398956859375 0.2682753453125 0.6287140890625 0.27519749375
3 0.631848621875 0.2854833390625 0.6349079703125 0.2905537671875 0.648408165625 0.2804745046875 0.64477274375 0.2757220171875 0.631848621875 0.2854833390625
3 0.6373017578125 0.2926120734375 0.6405972531249999 0.2968011828125 0.652576778125 0.290565134375 0.64963550625 0.28505404687499997 0.6373017578125 0.2926120734375
3 0.5118759515625 0.11400898906250001 0.514817225 0.11952007499999999 0.5292334249999999 0.10968625624999999 0.5257160765625 0.10449310781250001 0.5118759515625 0.11400898906250001
3 0.8666955265625 0.271898178125 0.8648063374999999 0.2789487328125 0.8807183265624999 0.283684634375 0.882843665625 0.2757527609375 0.8666955265625 0.271898178125
3 0.40684585625 0.37774613281249997 0.40941490312499995 0.3718223390625 0.3949949921875 0.3670139421875 0.39402180625 0.3743099390625 0.40684585625 0.37774613281249997
3 0.8999067937499999 0.5674817109375 0.9021359109375 0.5609945375 0.88406628125 0.553319009375 0.8809211609375 0.559560740625 0.8999067937499999 0.5674817109375
3 0.92520438125 0.59031829375 0.9277877218749999 0.5825091421875 0.9145199640625 0.5770648671874999 0.9119366234375 0.5848740203125 0.92520438125 0.59031829375
3 0.9017568046875001 0.5807294515625 0.9037640687499999 0.5732382406250001 0.8888861578125 0.5683071203125001 0.887351190625 0.57403569375 0.9017568046875001 0.5807294515625
3 0.93239633125 0.5799656359375 0.9330152937499999 0.57399161875 0.9184773109375 0.5696238796875 0.9163662671875 0.5756703921875 0.93239633125 0.5799656359375
3 0.928395559375 0.5326084734375 0.9289144515625001 0.5398319734375 0.944869328125 0.5389117984375 0.9438924328124999 0.531565575 0.928395559375 0.5326084734375
3 0.8138596343750001 0.5368686828125 0.8173303875 0.5330756937500001 0.8037512937500001 0.5232973171874999 0.800724246875 0.5290983875 0.8138596343750001 0.5368686828125
3 0.5082659515625 0.15129779062499998 0.5035392671875 0.154281959375 0.5129677515625 0.1667265625 0.518166734375 0.16197975625 0.5082659515625 0.15129779062499998
3 0.7775472125 0.362779259375 0.7738403109374999 0.36745356875 0.7864891046875 0.3788718609375 0.7907720828125 0.3738796125 0.7775472125 0.362779259375
3 0.6014892109375001 0.40061821562500005 0.6091857593750001 0.399374415625 0.60735004375 0.3842413140625 0.600111496875 0.385607834375 0.6014892109375001 0.40061821562500005
3 0.6581522343749999 0.372349653125 0.6567173390625001 0.36488071093749996 0.641428021875 0.368813009375 0.643896996875 0.376086734375 0.6581522343749999 0.372349653125
3 0.662295425 0.3403989921875 0.666034628125 0.34659618124999997 0.678250303125 0.33947881562500004 0.676106959375 0.3346538296875 0.662295425 0.3403989921875
3 0.702327428125 0.32656606250000003 0.703171953125 0.33623830312499997 0.7260111515625 0.335273584375 0.7252847015625 0.325160684375 0.702327428125 0.32656606250000003
3 0.980907975 0.5070061421875 0.9763279562499999 0.5057789296874999 0.9708070515625 0.5227192109375001 0.9774552249999999 0.5235559890625 0.980907975 0.5070061421875
3 0.7658509703124999 0.43757435312500004 0.7615822890625 0.440681240625 0.7735369328125 0.4528581296875 0.7774799828125001 0.447302503125 0.7658509703124999 0.43757435312500004
3 0.6443650453124999 0.2992276515625 0.6477643203125 0.304861459375 0.6591963609375 0.29517263125 0.656595015625 0.2902249265625 0.6443650453124999 0.2992276515625
3 0.6522506078125 0.22766216718750001 0.6563440328125 0.2325373765625 0.6682340765625 0.22297127031250003 0.6647167265625 0.21777812187499998 0.6522506078125 0.22766216718750001
3 0.7319540499999999 0.292942309375 0.7265189203125 0.2985704328125 0.736301628125 0.3096930578125 0.7412930515625 0.30205685312499997 0.7319540499999999 0.292942309375
3 0.911583953125 0.35902130312499997 0.9136949953125001 0.352974790625 0.8990389375 0.3490477125 0.8980657515624999 0.35634370625 0.911583953125 0.35902130312499997
3 0.7942576703124999 0.4286554921875 0.800433546875 0.43125490781250003 0.8107420265625 0.4184312390625 0.8029702921874999 0.41445961875000004 0.7942576703124999 0.4286554921875
3 0.8024874078125 0.4327498328125 0.8075111312500001 0.43598512500000003 0.8167712375 0.42524203437499997 0.8106096562499999 0.4207572578125 0.8024874078125 0.4327498328125
3 0.82157681875 0.442115503125 0.8264824671875 0.44579145468750003 0.8340286406249999 0.43411681875 0.8290049171874999 0.43088152500000004 0.82157681875 0.442115503125
3 0.876690578125 0.4214608765625 0.8745795359375 0.4275073890625 0.8881872203125001 0.4335150453125 0.8898545578125001 0.4254604515625 0.876690578125 0.4214608765625
3 0.8789482890625001 0.4112029828125 0.8776351734375 0.41793559843750006 0.8930891624999999 0.4225487796875 0.894402275 0.4158161640625 0.8789482890625001 0.4112029828125
3 0.8823438546875 0.4021945765625 0.8795386609375001 0.40899968593749997 0.8953325765625 0.41417624843749995 0.89801969375 0.407811796875 0.8823438546875 0.4021945765625
3 0.9166468546875001 0.3419583015625 0.919333975 0.3355938484375 0.9048997703125 0.3326708109375 0.9033648031249999 0.33839938593749996 0.9166468546875001 0.3419583015625
3 0.7368274 0.2857467640625 0.7331204984374999 0.2904210734375 0.7445133609375 0.3010305421875 0.747998409375 0.29535219218750003 0.7368274 0.2857467640625
3 0.9198205671874999 0.33194585 0.9222715390625 0.32646271875 0.906935625 0.321408878125 0.9058586609375 0.32726017343749997 0.9198205671874999 0.33194585
3 0.840153675 0.35263365156250004 0.839076709375 0.358484946875 0.8536146921875 0.3628526859375 0.8556076625 0.35724683125 0.840153675 0.35263365156250004
3 0.8452774671875 0.3426714265625 0.843166425 0.34871793906250004 0.8588422640625 0.3543351609375 0.8616474593750001 0.34753005 0.8452774671875 0.3426714265625
3 0.8511668921875 0.32252380625 0.849041553125 0.3304556796875 0.8648354671874999 0.33563224062499997 0.86684273125 0.328141028125 0.8511668921875 0.32252380625
3 0.8542082328125 0.3148373765625 0.8520971906250001 0.3208838890625 0.8686890343749999 0.3267465546875 0.8706962984375 0.319255340625 0.8542082328125 0.3148373765625
3 0.857825653125 0.306833009375 0.8560545375 0.313442903125 0.872424528125 0.318301525 0.873855715625 0.3111282515625 0.857825653125 0.306833009375
3 0.7855842281250001 0.42255306875 0.7912878078125 0.42691512343750004 0.8014925078124999 0.41264675312500004 0.7956708546875 0.408725359375 0.7855842281250001 0.42255306875
3 0.7794512390625 0.414297575 0.7851548171875 0.4186596296875 0.7946653671874999 0.4051498578125 0.788725640625 0.40166912187500003 0.7794512390625 0.414297575
3 0.771561428125 0.4107666140625 0.776245225 0.413438525 0.787469709375 0.4008603 0.7813081265624999 0.39637552343750004 0.771561428125 0.4107666140625
3 0.7660151015625 0.385665603125 0.7612275265624999 0.3815489921875 0.7518350500000001 0.394618103125 0.7580109265625 0.3972175203125 0.7660151015625 0.385665603125
3 0.75221415625 0.3748831875 0.747204728125 0.36976253593749997 0.7365563203125001 0.382022825 0.74295405 0.38562628125 0.75221415625 0.3748831875
3 0.7436444921875001 0.370225465625 0.7392111390625 0.364786875 0.7295073265625 0.3735218859375 0.7345167546875 0.3786425390625 0.7436444921875001 0.370225465625
3 0.7377333546875 0.36297401093750004 0.7331819281249999 0.3579760796875 0.722547815625 0.368351009375 0.7273353921875 0.372467621875 0.7377333546875 0.36297401093750004
3 0.6594319703125 0.233837084375 0.663865325 0.2392756765625 0.6754011421875 0.23103154843749998 0.67142579375 0.2257156796875 0.6594319703125 0.233837084375
3 0.744552 0.22027801875000003 0.7470209750000001 0.22755174375 0.7616304359375 0.222492684375 0.758009309375 0.21585483437500003 0.744552 0.22027801875000003
3 0.7209720546875 0.2130151953125 0.7186248625 0.21994302812500002 0.7325867703125 0.2246287046875 0.734712109375 0.21669683125 0.7209720546875 0.2130151953125
3 0.7165424109375 0.222218821875 0.7148893703125 0.22838805624999997 0.7304471343750001 0.2344459375 0.7318783234375 0.22727266249999997 0.7165424109375 0.222218821875
3 0.7149788515625 0.23171811562500003 0.712055584375 0.23896388750000003 0.7268154203125 0.24433566562500003 0.7287046109374999 0.2372851109375 0.7149788515625 0.23171811562500003
3 0.7674700953125 0.2391709375 0.76615698125 0.24590355156250002 0.779320959375 0.249903128125 0.7806340734375 0.24317051250000002 0.7674700953125 0.2391709375
3 0.7652123859375 0.24942882812499997 0.7634412703125 0.256038721875 0.7788952578125 0.260651903125 0.7809025218750001 0.2531606890625 0.7652123859375 0.24942882812499997
3 0.7620386734375 0.259441278125 0.759587703125 0.264924409375 0.7730773125 0.271372725 0.7762367296875 0.2632456359375 0.7620386734375 0.259441278125
3 0.7570472500000001 0.2670774828125 0.753902128125 0.2733192125 0.7663433640624999 0.2818481046875 0.7716747171875 0.2747752796875 0.7570472500000001 0.2670774828125
3 0.74998766875 0.275104121875 0.7461626921875 0.280219090625 0.7569794796875 0.29114649843749996 0.762532684375 0.2850777140625 0.74998766875 0.275104121875
0 0.19103704375 0.6646975296875001 0.1949477953125 0.6482704046875 0.11563829375000001 0.6218242140625 0.11194939687500001 0.63925538125 0.19103704375 0.6646975296875001