3 0.4042065015625 0.019952115625 0.39502868125 0.023144453125 0.39923518125 0.0399042296875 0.40879541093749994 0.037110934375 0.4042065015625 0.019952115625
0 0.6826003828125 0.396249003125 0.6933078390625 0.4086193140625 0.7307839390625 0.36991221093750004 0.721988528125 0.3587390265625 0.6826003828125 0.396249003125
0 0.61070745625 0.9712689546875 0.618355640625 0.9688747 0.6026768640625 0.918595371875 0.5946462718750001 0.921787709375 0.61070745625 0.9712689546875
0 0.4734225625 0.2338387875 0.46500956093749996 0.23583399843750003 0.47992351875 0.2916999203125 0.48565965625 0.28930566562500004 0.4734225625 0.2338387875
3 0.7541108984375 0.6237031125 0.7479923515625 0.6225059859375001 0.746462715625 0.63766959375 0.752963671875 0.6384676781249999 0.7541108984375 0.6237031125
3 0.7567877625 0.3355945734375 0.7609942640625 0.339185953125 0.768642446875 0.32681564218750003 0.763671128125 0.3236233046875 0.7567877625 0.3355945734375
3 0.7304015296874999 0.361532321875 0.7342256218750001 0.3663208296875 0.7453154875 0.356743815625 0.7414913953125 0.3511572234375 0.7304015296874999 0.361532321875
3 0.4164435953125 0.24181963281250002 0.42294455 0.239824421875 0.41873805 0.22545889843750003 0.412619503125 0.22705506718750001 0.4164435953125 0.24181963281250002
3 0.510516253125 0.41819632812499996 0.50439770625 0.420191540625 0.50860420625 0.437350359375 0.51586998125 0.4349561046875 0.510516253125 0.41819632812499996
3 0.5625239 0.6069433359375 0.556405353125 0.6089385468749999 0.5606118546875 0.624501196875 0.5667304015625 0.6225059859375001 0.5625239 0.6069433359375
3 0.63097514375 0.8252194734374999 0.62523900625 0.8264166 0.6282982796875001 0.84038308125 0.6344168265625 0.8383878687499999 0.63097514375 0.8252194734374999
3 0.5988527718750001 0.87270550625 0.6042065015625 0.8711093375000001 0.600382409375 0.856344771875 0.5946462718750001 0.8583399843749999 0.5988527718750001 0.87270550625
3 0.1659655828125 0.49481244999999996 0.1720841296875 0.4920191546875 0.1671128109375 0.4780526734375 0.1609942640625 0.48004788437499996 0.1659655828125 0.49481244999999996
3 0.1491395796875 0.43774940156250003 0.15640535312499998 0.437350359375 0.1556405359375 0.420989625 0.1487571703125 0.42138866718749995 0.1491395796875 0.43774940156250003