3 0.092382825 0.2933292796875 0.0944164578125 0.29673834062500004 0.0995915265625 0.2923457828125 0.0980869703125 0.289373025 0.092382825 0.2933292796875
3 0.0110905953125 0.31938864218749996 0.0101977921875 0.31518833125 0.0026005375 0.318449459375 0.00432829375 0.3224722953125 0.0110905953125 0.31938864218749996
3 0.00045530468750000003 0.31451535937499997 0.0020714609375 0.3180131578125 0.009251237499999999 0.3148407671875 0.007106003125 0.3109066671875 0.00045530468750000003 0.31451535937499997
3 0 0.312791921875 0.00604785 0.3100340640625 0.0043200921875 0.306011228125 0 0.3084508203125 0 0.312791921875
3 0 0.30704634999999997 0.0036794156250000002 0.30504988593750004 0.001951659375 0.30102704999999996 0 0.302260803125 0 0.30704634999999997
3 0.0188531984375 0.3127998078125 0.0174313171875 0.30816319375 0.0092223109375 0.3126518734375 0.011061670312499999 0.31719975 0.0188531984375 0.3127998078125
3 0.0164847640625 0.3078156296875 0.014645406250000001 0.303267753125 0.0076888296875 0.307490221875 0.0094165875 0.3115130578125 0.0164847640625 0.3078156296875
3 0.45385448593750005 0.4809986109375 0.4561939953125 0.48379389531249994 0.46353912187499996 0.477293796875 0.4609764125 0.4734484359375 0.45385448593750005 0.4809986109375
3 0.5017570109375 0.42307446249999997 0.5025341125 0.4185192015625 0.495073284375 0.41626372656250005 0.494713659375 0.42073025 0.5017570109375 0.42307446249999997
3 0.582485384375 0.8295581328124999 0.5846306171875 0.8334922328125 0.5929512234375001 0.829528590625 0.59152934375 0.824891978125 0.582485384375 0.8295581328124999
3 0.5786413203125 0.8237900890625 0.580786553125 0.8277241890625 0.588995559375 0.823235509375 0.587685278125 0.8191239359375 0.5786413203125 0.8237900890625
3 0.599316771875 0.8122615015625 0.6029087093750001 0.8147905734374999 0.6079970046875001 0.8038313374999999 0.6035701109375 0.8014797390625 0.599316771875 0.8122615015625
3 0.5934969234375 0.8074621843750001 0.597617940625 0.8104275578125 0.60198288125 0.800170834375 0.5988084171875 0.797553025 0.5934969234375 0.8074621843750001
3 0.2696184390625 0.7083840046875001 0.271875271875 0.7128431421875 0.2795262765625 0.7057292671875001 0.276963565625 0.7018839046875 0.2696184390625 0.7083840046875001
3 0.26401769218750004 0.6964042296875 0.2665804015625 0.7002495921875 0.27175547031249997 0.695857034375 0.2697218375 0.692447975 0.26401769218750004 0.6964042296875
3 0.2581110671875 0.6850382328125 0.2596156234375 0.6880109921875001 0.267183953125 0.682560971875 0.26473284218750004 0.6792406484375 0.2581110671875 0.6850382328125
3 0.25284512187499997 0.6746335765625 0.2544612796875 0.678131375 0.26047129999999996 0.6735613421875 0.25843766874999996 0.6701522828125 0.25284512187499997 0.6746335765625
3 0.2469384984375 0.6632675796874999 0.24897213125 0.6666766390625 0.255093753125 0.662631646875 0.253477596875 0.6591338484375 0.2469384984375 0.6632675796874999
3 0.6937711890625 0.4437217515625 0.69017925 0.4411926796875 0.686091259375 0.4486467328125 0.6897948 0.45170084375 0.6937711890625 0.4437217515625
3 0.6879513421875 0.43892243437499995 0.6843594015625001 0.43639336249999994 0.679324859375 0.4434998515625 0.6838633515625 0.4463764890625 0.6879513421875 0.43892243437499995
3 0.68232576875 0.4329843015625 0.679680384375 0.43080279375 0.674368890625 0.440711953125 0.677849228125 0.4427159859375 0.68232576875 0.4329843015625
3 0.6594720578125 0.4301593625 0.662952396875 0.4321633953125 0.6680696140625 0.42339305312500003 0.6646719515624999 0.4197251640625 0.6594720578125 0.4301593625
3 0.00459704375 0.3032085578125 0.0062132 0.30670635625 0.0140047296875 0.3023064125 0.0122769734375 0.2982835765625 0.00459704375 0.3032085578125
3 0.0020054078125 0.2971743015625 0.0033156890624999997 0.30128587812499996 0.0113304171875 0.2979360125 0.0107434890625 0.2931219234375 0.0020054078125 0.2971743015625
3 0 0.2917473453125 0.0011415296875 0.2951628828125 0.009267859375 0.2923380578125 0.007540103125 0.28831522187499997 0 0.2915518171875 0 0.2917473453125
3 0.0439309375 0.2542396125 0.0414798265625 0.2509192890625 0.0340231 0.25689434843750003 0.037420762499999996 0.2605622359375 0.0439309375 0.2542396125
3 0.0858106984375 0.28704358281250003 0.083665465625 0.283109484375 0.0765146140625 0.28847076718750003 0.0796064 0.29275243125 0.0858106984375 0.28704358281250003
3 0.0932674265625 0.281068525 0.09112219218749999 0.2771344234375 0.0840829421875 0.283020746875 0.086757253125 0.287391146875 0.0932674265625 0.281068525
3 0.0767833625 0.26920702812499997 0.079040196875 0.2736661671875 0.085856246875 0.2667297671875 0.0835994125 0.26227062968750003 0.0767833625 0.26920702812499997
3 0.08792700625 0.2887887890625 0.0895431625 0.2922865875 0.0961649390625 0.286489003125 0.0936022265625 0.282643640625 0.08792700625 0.2887887890625
3 0.0696614359375 0.27675720625 0.0718066703125 0.28069130468750003 0.0787343203125 0.27427994375 0.0760600109375 0.2699095421875 0.0696614359375 0.27675720625
3 0.0656230953125 0.2721279765625 0.06829740625 0.276498378125 0.07511345781249999 0.269561978125 0.072856621875 0.265102840625 0.0656230953125 0.2721279765625
3 0.09278389687500001 0.26031840625 0.09556980781249999 0.265213846875 0.10291493593750001 0.2587137484375 0.100240625 0.2543433484375 0.09278389687500001 0.26031840625
3 0.10069522812500001 0.27290457031250004 0.1032579390625 0.2767499328125 0.110408790625 0.27138865 0.10856943125 0.26684077500000003 0.10069522812500001 0.27290457031250004
3 0.1044276921875 0.2781475765625 0.106878803125 0.2814678984375 0.113918053125 0.2755815765625 0.11135534375 0.27173621406250004 0.1044276921875 0.2781475765625
3 0.1064902515625 0.2837455296875 0.1090529625 0.2875908921875 0.1163980890625 0.28109079375 0.11372377812500001 0.2767203921875 0.1064902515625 0.2837455296875
3 0.1112810890625 0.2344362921875 0.11320312187499999 0.2373203125 0.11910154531249999 0.23222524218750001 0.11706791093749999 0.22881618124999997 0.1112810890625 0.2344362921875
3 0.122953809375 0.2544543546875 0.12518172031250002 0.25672459999999997 0.1300219875 0.250756925 0.1280999546875 0.247872903125 0.122953809375 0.2544543546875
3 0.5700480828125001 0.7833620890625 0.5682128265624999 0.787044746875 0.575508303125 0.7926279296875001 0.5775378359375 0.78780645625 0.5700480828125001 0.7833620890625
3 0.11072844062500001 0.9687951531250001 0.10794663125 0.9721302484375001 0.115382634375 0.9804273640625001 0.1173294921875 0.97726974375 0.11072844062500001 0.9687951531250001
3 0.8679420312499999 0.2942047171875 0.870417965625 0.2914834 0.8643749171874999 0.28563400625 0.8623164593749999 0.28826658437499997 0.8679420312499999 0.2942047171875
3 0.0586293921875 0.2577004828125 0.061386378124999995 0.26040703125000003 0.06561489375 0.25566690937500003 0.063275384375 0.252871625 0.0586293921875 0.2577004828125
3 0.0560377578125 0.251666228125 0.058071390625 0.2550752875 0.0629405828125 0.2512965078125 0.0613244265625 0.24779870937499998 0.0560377578125 0.251666228125
3 0.088596609375 0.2919390234375 0.0861455 0.2886187 0.079523725 0.294416284375 0.081668959375 0.298350384375 0.088596609375 0.2919390234375
3 0.0397891984375 0.2655464140625 0.0376439640625 0.2616123140625 0.030187237500000002 0.2675873734375 0.0332790234375 0.2718690375 0.0397891984375 0.2655464140625
3 0.03221245 0.30996021093750004 0.034775159374999996 0.3138055734375 0.04086785625 0.30757168749999997 0.038834223437499996 0.30416262656250004 0.03221245 0.30996021093750004
3 0.045687620312499996 0.2604513421875 0.0439598625 0.25642850625 0.038061440625 0.2615235765625 0.040318275 0.265982715625 0.045687620312499996 0.2604513421875
3 0.038499421875 0.30258751093749997 0.0365773890625 0.29970348750000003 0.0294265375 0.3050647703125 0.032406725 0.30882139531249997 0.038499421875 0.30258751093749997
3 0.0357135109375 0.29769206875 0.0333740015625 0.2948967859375 0.0267522265625 0.3006943703125 0.0296208125 0.30392595624999996 0.0357135109375 0.29769206875
3 0.0243011171875 0.2973740453125 0.02622315 0.30025806875 0.032009971875 0.29463795937500004 0.029976339062500003 0.291228896875 0.0243011171875 0.2973740453125
3 0.02151520625 0.29247860625 0.0239663171875 0.2957989296875 0.030699690624999998 0.290526384375 0.02813698125 0.286681021875 0.02151520625 0.29247860625
3 0.028943009375000002 0.284314653125 0.026380298437499998 0.28046929062500003 0.0188408953125 0.28810820625 0.021292004687499998 0.29142852812500003 0.028943009375000002 0.284314653125
3 0.026157098437499998 0.2794192125 0.0234827859375 0.2750488125 0.0167783375 0.28251024999999996 0.019341046875 0.2863556140625 0.026157098437499998 0.2794192125
3 0.0617209609375 0.3174069921875 0.0638661953125 0.3213410921875 0.069764615625 0.31624602031250004 0.067730984375 0.3128369609375 0.0617209609375 0.3174069921875
3 0.06803685937500001 0.31222318437499996 0.07048796874999999 0.3155435078125 0.077944696875 0.3095684484375 0.07538198593749999 0.3057230859375 0.06803685937500001 0.31222318437499996
3 0.0683427359375 0.3116094078125 0.066197503125 0.30767530781249997 0.059993203125000005 0.31338415625 0.0621384375 0.3173182546875 0.0683427359375 0.3116094078125
3 0.075158784375 0.3046730078125 0.0727076765625 0.30135268437499996 0.066503378125 0.30706153125 0.0690660875 0.3109068953125 0.075158784375 0.3046730078125
3 0.0550372359375 0.31059625625 0.0574883453125 0.3139165796875 0.0644159953125 0.30750521875 0.0622707609375 0.3035711203125 0.0550372359375 0.31059625625
3 0.071649521875 0.30048008125000003 0.070033365625 0.2969822828125 0.0625766375 0.30295734375 0.065139346875 0.30680270468750004 0.071649521875 0.30048008125000003
3 0.047014303125000004 0.297485053125 0.0495770140625 0.3013304140625 0.0565046640625 0.2949190546875 0.053941953125 0.2910736921875 0.047014303125000004 0.297485053125
3 0.05474798125 0.28870732499999996 0.0518793953125 0.2854757375 0.045257621875 0.2912733234375 0.0482378078125 0.295029946875 0.05474798125 0.28870732499999996
3 0.060534803125 0.2830872140625 0.05850116875 0.2796781546875 0.0526027484375 0.284773225 0.055053857812499996 0.2880935484375 0.060534803125 0.2830872140625
3 0.0581663671875 0.2781030375 0.056021134375000003 0.2741689359375 0.048981884375 0.280055259375 0.0520736703125 0.284336921875 0.0581663671875 0.2781030375
3 0.050821242187500004 0.284603134375 0.04825853125 0.2807577734375 0.042471709375 0.2863778828125 0.045340296875000005 0.28960946875000004 0.050821242187500004 0.284603134375
3 0.045890096875 0.2757735953125 0.048341206250000004 0.27909391875 0.054016428125 0.27294877031250003 0.0520943953125 0.2700647484375 0.045890096875 0.2757735953125
3 0.0333906234375 0.27239407656250003 0.036064934375 0.276764478125 0.042686709375 0.27096689218750003 0.040124 0.26712153125000004 0.0333906234375 0.27239407656250003
3 0.040958953125 0.26694405625 0.042880984375 0.26982807656249996 0.048585131250000003 0.2658718203125 0.046439896875 0.261937721875 0.040958953125 0.26694405625
3 0.0372346890625 0.27816211874999996 0.039268321875 0.2815711796875 0.0456668953125 0.27472351875 0.043744862499999995 0.27183949531249996 0.0372346890625 0.27816211874999996
3 0.5866353265625001 0.8347124000000001 0.588586284375 0.8397853140624999 0.596877965625 0.8336327812500001 0.5947327296875 0.82969868125 0.5866353265625001 0.8347124000000001