3 0.54679075625 0.0637641890625 0.5497596437500001 0.0671444453125 0.5552982625 0.0580370515625 0.5525282125000001 0.0551489296875 0.54679075625 0.0637641890625
3 0.9147628734375 0.375360221875 0.917970065625 0.3763543140625 0.9166040359375 0.36602928437500004 0.9141390656249999 0.3658802546875 0.9147628734375 0.375360221875
3 0.8784984625 0.45126635625 0.8754369859375 0.4496409203125 0.876458465625 0.460105159375 0.8789234359375 0.4602541859375 0.8784984625 0.45126635625
3 0.8617582687500001 0.4276888890625 0.8646209109375 0.42882218749999995 0.8643416531250001 0.41920301406249993 0.8612801734375 0.41757757812499996 0.8617582687500001 0.4276888890625
3 0.8626052515625 0.41589727187500003 0.864924509375 0.41667764218750003 0.8651886359375001 0.40741139843749996 0.86267054375 0.406138890625 0.8626052515625 0.41589727187500003
3 0.8625111796875 0.40276845312500004 0.8660629203125 0.40362333906250003 0.8652933984375 0.394774715625 0.8622850421875 0.394272759375 0.8625111796875 0.40276845312500004
3 0.8799784624999999 0.40830556875 0.8769701046874999 0.40780361249999997 0.87665285625 0.41594637656250005 0.8800588859375 0.4174326046875 0.8799784624999999 0.40830556875
3 0.8795929609375 0.3964394375 0.87618693125 0.3949532078125 0.8762673546874999 0.4040802453125 0.8792757124999999 0.40458220312500004 0.8795929609375 0.3964394375
3 0.8621241953125001 0.376018684375 0.8644434515625001 0.37679905625 0.8649064140625 0.368024946875 0.862388321875 0.3667524390625 0.8621241953125001 0.376018684375
3 0.8802259765624999 0.365270265625 0.8773633343749999 0.36413696562500003 0.8774437562499999 0.37326400312499997 0.8801075640624999 0.3739051671875 0.8802259765624999 0.365270265625
3 0.8953208828125 0.3689035296875 0.8979846890625 0.36954469218749997 0.8974140015625001 0.36118820625 0.894405646875 0.36068625 0.8953208828125 0.3689035296875
3 0.905976109375 0.37146818593750003 0.9086399171874999 0.37210935 0.9087052078125 0.36235096875 0.9054980140625 0.36135687656250004 0.905976109375 0.37146818593750003
3 0.91895059375 0.37481321562500003 0.9217601156249999 0.3748230359375 0.9201026562499999 0.365760690625 0.9174919703125 0.3662430046875 0.91895059375 0.37481321562500003
3 0.8611116031250001 0.45485627968750003 0.8645176296875 0.45634250937500004 0.86429149375 0.4478468140625 0.8616276859375 0.44720565 0.8611116031250001 0.45485627968750003
3 0.9227011734375001 0.376160234375 0.9250204296875 0.3769406078125 0.9251388421875 0.3683057046875 0.9222762 0.3671724046875 0.9227011734375001 0.376160234375
3 0.930639471875 0.37696025 0.9326141781249999 0.377879828125 0.9331302625 0.3702291984375 0.9299230703125 0.3692351046875 0.930639471875 0.37696025
3 0.945840621875 0.3828404703125 0.9499888703125 0.3851717640625 0.9501072828125 0.37653686249999996 0.9472446390625 0.3754035609375 0.945840621875 0.3828404703125
3 0.9547199765625001 0.384977684375 0.9575826203125001 0.386110984375 0.9586420906249999 0.37881328281250004 0.9548915109375 0.3774662609375 0.9547199765625001 0.384977684375
3 0.9474161750000001 0.36789213906249996 0.9474025234375001 0.36389035937499997 0.941133853125 0.3612708296875 0.9406041187499999 0.36491968125 0.9474161750000001 0.36789213906249996
3 0.964194359375 0.373707665625 0.9634384859375 0.36886082187499997 0.9574217734375001 0.36785690937500004 0.9581245234375 0.3715802734375 0.964194359375 0.373707665625
3 0.9757906437500001 0.3776095234375 0.9757769921874999 0.37360774375 0.9689649375 0.37063528749999997 0.968236365625 0.373792003125 0.9757906437500001 0.3776095234375
3 0.9790524390625001 0.394610734375 0.982657303125 0.3965891 0.9823780453125 0.386969925 0.9797142375 0.386328759375 0.9790524390625001 0.394610734375
3 0.9728475781249999 0.3673491875 0.9724893781249999 0.3634866125 0.964299121875 0.3610709859375 0.9648030359374999 0.36430221406249996 0.9728475781249999 0.3673491875
3 0.9484468609375 0.3377072390625 0.948513634375 0.342832496875 0.9572472765625 0.345601053125 0.957034790625 0.3411071390625 0.9484468609375 0.3377072390625
3 0.8762611109374999 0.4744966625 0.8785803671875 0.4752770328125 0.87849994375 0.4661499953125 0.8761806875 0.465369625 0.8762611109374999 0.4744966625
3 0.8617490609375 0.4683380265625 0.86441286875 0.4689791890625 0.8637359375000001 0.4583757453125 0.8605818671875 0.4585051296875 0.8617490609375 0.4683380265625
3 0.924074928125 0.3309524890625 0.9233463578125001 0.3341092046875 0.9309006359374999 0.3379267265625 0.9312846562500001 0.33490921875 0.924074928125 0.3309524890625
3 0.8776754984374999 0.571245225 0.8742163484375001 0.5686355187500001 0.8741510578125 0.5783939 0.8768148640625 0.5790350625 0.8776754984374999 0.571245225
3 0.9745670453124999 0.46683684375 0.9744349812499999 0.47146996718749995 0.98168418125 0.47254839375 0.9818693656249999 0.46903875 0.9745670453124999 0.46683684375
3 0.9751362515625001 0.4603096921875 0.97440768125 0.46346640624999996 0.9812197375 0.4664388640625 0.9810603718750001 0.463068428125 0.9751362515625001 0.4603096921875
3 0.9872575078124999 0.5458627515625001 0.9901201484375 0.5469960515625 0.9897482984374999 0.5391317015625 0.9870313703125 0.5373670578125 0.9872575078124999 0.5458627515625001
3 0.9876522171875 0.5170797453125 0.9912039578125 0.5179346312499999 0.9903813156249999 0.5079625296875 0.9878632218750001 0.5066900234375 0.9876522171875 0.5170797453125
3 0.987637084375 0.49819432812500003 0.9915333765625001 0.49891000625000004 0.9911084046875 0.48992217499999996 0.9879012109374999 0.4889280828125 0.987637084375 0.49819432812500003
3 0.9886692515625001 0.48289306718749997 0.9911873453125001 0.4841655734375 0.9913057593750001 0.475530671875 0.9886419515625 0.4748895078125 0.9886692515625001 0.48289306718749997
3 0.9888134859375001 0.4673780859375 0.9922195140625 0.46886431406250006 0.9914499921875001 0.460015690625 0.9887861843750001 0.459374525 0.9888134859375001 0.4673780859375
3 0.989235496875 0.4465986375 0.992442690625 0.44759273125 0.9918188812500001 0.43811276406250005 0.9886116875000001 0.437118671875 0.989235496875 0.4465986375
3 0.9891945453125001 0.43459329999999996 0.9924017375 0.43558739218750003 0.992467028125 0.42582901250000005 0.9892598359375 0.42483491874999996 0.9891945453125001 0.43459329999999996
3 0.876749571875 0.58879344375 0.8731447093750001 0.5868150796875 0.8738216390625 0.5974185249999999 0.87668428125 0.598551825 0.876749571875 0.58879344375
3 0.8771306328125 0.5560086578125001 0.8746125390625 0.5547361515625 0.874838675 0.5632318453125 0.87735676875 0.564504353125 0.8771306328125 0.5560086578125001
3 0.8609703312500001 0.500138540625 0.8638329734375001 0.5012718406250001 0.8632091656249999 0.4917918734375 0.8607441937500001 0.4916428453125 0.8609703312500001 0.500138540625
3 0.8889121015624999 0.556400871875 0.889296121875 0.5533833640625 0.8828817375 0.551395178125 0.8833856515624999 0.5546264078124999 0.8889121015624999 0.556400871875
3 0.8781613187499999 0.5258237578125 0.8749541265625 0.524829665625 0.875577934375 0.5343096328125 0.878440578125 0.5354429328125 0.8781613187499999 0.5258237578125
3 0.877614971875 0.4957035515625 0.875441428125 0.49429183749999994 0.8755218515625 0.503418875 0.8781856578125 0.5040600390625001 0.877614971875 0.4957035515625
3 0.8586736109374999 0.59266178125 0.862079640625 0.5941480109375 0.8626351953125001 0.58361908125 0.8595737171875 0.58199364375 0.8586736109374999 0.59266178125
3 0.8600108593750001 0.5800996140625 0.8630192171875001 0.580601571875 0.8630845078125 0.5708431921875 0.8598773156249999 0.5698490984375 0.8600108593750001 0.5800996140625
3 0.85971795 0.5664786625 0.8627263078125 0.5669806203125 0.86318926875 0.5582065093749999 0.8598363640625 0.5578437609375 0.85971795 0.5664786625
3 0.8608427109375001 0.5494225796875 0.8635065171875 0.55006374375 0.8632272609375 0.5404445703125 0.8602189031249999 0.5399426125 0.8608427109375001 0.5494225796875
3 0.8603631359374999 0.52442763125 0.8632257796875 0.52556093125 0.8628539265624999 0.5176965796874999 0.8605346703125001 0.5169162093749999 0.8603631359374999 0.52442763125
3 0.8610644046875 0.5132673578125 0.8644704328125 0.5147535859375 0.8633563609375001 0.5060441703125 0.8602022890625 0.50617355625 0.8610644046875 0.5132673578125
3 0.8667244000000001 0.5252923375 0.8702761406249999 0.5261472234375 0.86950661875 0.5172985999999999 0.8669885265625 0.5160260921875001 0.8667244000000001 0.5252923375
3 0.93473015625 0.333517146875 0.9337101578125001 0.337936546875 0.9426426359375 0.341197240625 0.9428278203125 0.337687596875 0.93473015625 0.333517146875
0 0.8873250171875 0.3223291203125 0.887391790625 0.327454378125 0.91615028125 0.3341542546875 0.9159377937500001 0.329660340625 0.8873250171875 0.3223291203125
3 0.7105032921875 0.11383157656250001 0.70764065 0.1126982765625 0.7081582156249999 0.11993128593749999 0.7106763078125 0.12120379218749999 0.7105032921875 0.11383157656250001
3 0.61591110625 0.28543496562500004 0.619860521875 0.2872741234375 0.6192367125 0.2777941578125 0.6161752328125 0.276168721875 0.61591110625 0.28543496562500004
0 0.7554051484375 0.2725834859375 0.7530069515625 0.277559715625 0.7703694734375001 0.2957335109375 0.77385444375 0.29146313749999997 0.7554051484375 0.2725834859375
3 0.7983296578125 0.2706975671875 0.7976542078125 0.27497776093750004 0.8060433015624999 0.27788552499999997 0.8060296499999999 0.2738837453125 0.7983296578125 0.2706975671875
3 0.8118065765625 0.2623901859375 0.8080559968750001 0.2610431640625 0.8091700703125 0.2697525796875 0.8125760984375001 0.271238809375 0.8118065765625 0.2623901859375
3 0.7726994171875 0.270748384375 0.7721696828125 0.27439723437499997 0.7796708390625 0.277091278125 0.7798560265625001 0.273581634375 0.7726994171875 0.270748384375
3 0.64761710625 0.3470460984375 0.64691435625 0.34332273281250003 0.640062828125 0.3432285765625 0.6405667421875 0.34645980781249996 0.64761710625 0.3470460984375
3 0.6393342578125 0.3463852921875 0.63769045 0.3413247265625 0.6289173359375 0.34143447031249996 0.630017759375 0.34614210624999997 0.6393342578125 0.3463852921875
3 0.625975753125 0.34605777187500003 0.6251272875 0.34296574999999996 0.618620309375 0.3427323859375 0.6196676109375 0.34631654375 0.625975753125 0.34605777187500003
3 0.6268363875 0.3382679328125 0.626677021875 0.3348974984375 0.6199712078124999 0.3341719984375 0.62107163125 0.338879634375 0.6268363875 0.3382679328125
3 0.6034055109375001 0.3328503859375 0.6030473093750001 0.3289878125 0.5965403328125001 0.3287544484375 0.5979321828125 0.33219940000000003 0.6034055109375001 0.3328503859375
3 0.5928930343750001 0.2998871078125 0.5937946203125 0.3041026078125 0.60311111875 0.30434579375 0.60240836875 0.300622428125 0.5928930343750001 0.2998871078125
3 0.6443523484375 0.30027760937500003 0.64539965 0.30386176875 0.6525957265625 0.30381671718750003 0.6515484265625 0.30023255937500004 0.6443523484375 0.30027760937500003
3 0.6995652046874999 0.3317824109375 0.6990081671875 0.3274277046875 0.69072531875 0.326766896875 0.692024575 0.3319666703125 0.6995652046874999 0.3317824109375
3 0.661898575 0.300058121875 0.6629989968750001 0.304765759375 0.6708841734375001 0.30444229375 0.670525975 0.30057972187500004 0.661898575 0.300058121875
3 0.672447559375 0.3003758203125 0.672805759375 0.30423839375 0.680399509375 0.3051776140625 0.679153371875 0.301101321875 0.672447559375 0.3003758203125
3 0.6304201953125 0.261826325 0.626669615625 0.260479303125 0.6274391390625 0.26932792499999997 0.6297583953125 0.27010829687500004 0.6304201953125 0.261826325
3 0.6125552375 0.2553049375 0.6157624312500001 0.25629903125000003 0.6156288859375 0.246048515625 0.61242169375 0.245054421875 0.6125552375 0.2553049375
3 0.6127389421875 0.23691165625 0.6150581984375 0.2376920265625 0.6151766125 0.22905712500000003 0.6125128046875 0.2284159609375 0.6127389421875 0.23691165625
3 0.6309074953125 0.2312884953125 0.627355753125 0.230433609375 0.627780725 0.2394214421875 0.6311336328125 0.239784190625 0.6309074953125 0.2312884953125
0 0.6724689359375 0.248844825 0.67363465 0.2437940796875 0.6605402703125 0.23420031562500002 0.6584866218750001 0.23903733906250002 0.6724689359375 0.248844825
3 0.7282616859375 0.24805697656249998 0.7275331140625 0.251213690625 0.7350873921875001 0.2550312125 0.7352725765625 0.25152156875 0.7282616859375 0.24805697656249998
3 0.6555147734375 0.205889803125 0.6533548812500001 0.20847986718749997 0.6610685234375 0.215667825 0.6621416453125 0.21237190312499998 0.6555147734375 0.205889803125
3 0.7387955374999999 0.22948925625 0.74200273125 0.2304833484375 0.7418160640625 0.21910935468749998 0.73846315625 0.218746603125 0.7387955374999999 0.22948925625
3 0.716381378125 0.319836 0.7153340781249999 0.3162518421875 0.7088270999999999 0.316018478125 0.7091853 0.3198810515625 0.716381378125 0.319836
3 0.6730485093749999 0.346503146875 0.6728891453125 0.34313270937499996 0.6663821671875 0.342899346875 0.66688608125 0.346130575 0.6730485093749999 0.346503146875
0 0.9300112203124999 0.322829365625 0.9296803203125 0.326970353125 0.9466042187499999 0.3321545390625 0.946537446875 0.3270292796875 0.9300112203124999 0.322829365625
3 0.7894167546874999 0.3309732109375 0.788912840625 0.32774197968749996 0.781319090625 0.326802759375 0.782565228125 0.330879053125 0.7894167546874999 0.3309732109375
0 0.8843151812500001 0.30694352343750003 0.88329518125 0.31136292499999996 0.89277104375 0.314976546875 0.8934996156249999 0.31181983125 0.8843151812500001 0.30694352343750003
0 0.8170490015625 0.3398455296875 0.816240009375 0.3338752078125 0.78780025 0.333916203125 0.78875495625 0.3392551828125 0.8170490015625 0.3398455296875
3 0.8414740578125001 0.3477237578125 0.840227921875 0.3436474640625 0.8328330078124999 0.3432003796875 0.833535759375 0.3469237453125 0.8414740578125001 0.3477237578125
3 0.8316141734375 0.3471276453125 0.830911421875 0.34340428125 0.82440444375 0.34317091718750004 0.8254517453125001 0.3467550734375 0.8316141734375 0.3471276453125
3 0.8477017765625 0.3383379484375 0.8468533125000001 0.33524592656249996 0.8398029484375 0.334659634375 0.8411947984375001 0.338104584375 0.8477017765625 0.3383379484375
3 0.8320771359375 0.3383535359375 0.831374384375 0.3346301703125 0.8241783078125 0.33467522031249997 0.8252256078125001 0.33825937968750003 0.8320771359375 0.3383535359375
3 0.8414194546875 0.331716640625 0.8410612531250001 0.32785406875 0.8336132203125001 0.326283503125 0.8347136421875 0.330991140625 0.8414194546875 0.331716640625
3 0.829836821875 0.33181656406250004 0.8291340703125 0.3280931984375 0.8224813781250001 0.328491178125 0.8233298437500001 0.33158319999999997 0.829836821875 0.33181656406250004
3 0.8147024453125 0.3310616015625 0.8136551437499999 0.3274774421875 0.807148165625 0.327244078125 0.80730753125 0.330614515625 0.8147024453125 0.3310616015625
3 0.802231875 0.3309478015625 0.8016748375 0.32659309375 0.7944787609375 0.32663814375 0.7948369609375 0.33050071718749996 0.802231875 0.3309478015625
3 0.7922808796874999 0.34699015 0.7921215140625 0.3436197125 0.785216865625 0.3424020765625 0.785919615625 0.3461254421875 0.7922808796874999 0.34699015
3 0.6893622500000001 0.34620914375 0.6881161140625001 0.34213285 0.6812645875000001 0.3420386953125 0.6819673374999999 0.34576205937500004 0.6893622500000001 0.34620914375
3 0.7844609921875 0.3375552328125 0.78355940625 0.33333973281249996 0.7767078781250001 0.33324557499999996 0.777410628125 0.336968940625 0.7844609921875 0.3375552328125
3 0.768227675 0.34697627343750004 0.7669815390625 0.34289997968749997 0.759984296875 0.34343716562500004 0.7606870484375 0.3471605296875 0.768227675 0.34697627343750004
3 0.758712340625 0.34624095312500003 0.7576650390624999 0.34265679375 0.7508135125 0.3425626390625 0.75205965 0.34663893125 0.758712340625 0.34624095312500003
3 0.7506814484375 0.3471957609375 0.7499786984375 0.34347239531249996 0.7431271703125 0.34337823749999996 0.744174471875 0.346962396875 0.7506814484375 0.3471957609375
3 0.775766821875 0.3319083765625 0.775408621875 0.328045803125 0.7674703218750001 0.3272457890625 0.7683719078125 0.33146129062499996 0.775766821875 0.3319083765625
3 0.7457500265625 0.3320140640625 0.744503890625 0.32793777031250004 0.7379969125 0.32770440624999997 0.738898496875 0.3319199078125 0.7457500265625 0.3320140640625
3 0.8631353078125 0.28229745 0.8604715015625001 0.281656284375 0.8617312874999999 0.2897343578125 0.8639974234375 0.2893912515625 0.8631353078125 0.28229745
3 0.7330821015625 0.34629176875 0.7323793515625 0.342568403125 0.7262700453125001 0.3433193109375 0.7266282453125 0.34718188437499997 0.7330821015625 0.34629176875
3 0.7251969234375 0.3466152328125 0.7241496234375 0.3430310765625 0.7181860328125 0.343150640625 0.7190876171875 0.3473661421875 0.7251969234375 0.3466152328125
3 0.71682148125 0.3477092484375 0.7160656109375 0.3428624046875 0.7095586328125 0.342629040625 0.71080476875 0.34670533593749997 0.71682148125 0.3477092484375
3 0.9746625999999999 0.4948493 0.9743317015624999 0.49899028593750006 0.9814883078125 0.5018235359375 0.9813289421875 0.4984531 0.9746625999999999 0.4948493
3 0.9746246093750001 0.5126112390625 0.973206940625 0.51604636875 0.9807080953125 0.5187404124999999 0.9814897890625 0.516707175 0.9746246093750001 0.5126112390625
3 0.9746806937500001 0.5435019953125 0.9739521234374999 0.5466587109375001 0.9807110578125 0.5485076890625 0.9804059796875 0.5457685953125 0.9746806937500001 0.5435019953125
3 0.8486917109375 0.8308352359375 0.8517000687499999 0.8313371937499999 0.8518184812499999 0.8227022906249999 0.8486112890624999 0.8217081984375 0.8486917109375 0.8308352359375
3 0.8777113671875 0.798501590625 0.87752618125 0.802011234375 0.8835960171874999 0.8041386265625 0.8832909375 0.801399534375 0.8777113671875 0.798501590625
3 0.8848679734375 0.8013348406249999 0.8844839515625 0.8043523484374999 0.8914417234374999 0.8066934609375 0.89113664375 0.80395436875 0.8848679734375 0.8013348406249999
3 0.9157605359375 0.8123247328125001 0.9154296359374999 0.81646571875 0.9247066640625 0.8195872046874999 0.9243484625 0.8157246328125 0.9157605359375 0.8123247328125001
3 0.93219416875 0.8182794671875 0.93255236875 0.822142040625 0.9393113046874999 0.8239910187499999 0.938807390625 0.8207597890624999 0.93219416875 0.8182794671875
3 0.8641374125000001 0.763912878125 0.8614204828125 0.762148234375 0.86101064375 0.772045821875 0.8636744484375001 0.7726869859375001 0.8641374125000001 0.763912878125
3 0.8705488359375 0.736133784375 0.8671428062500001 0.7346475546875 0.8665341296875001 0.744053009375 0.87013899375 0.746031371875 0.8705488359375 0.736133784375
3 0.8717798390624999 0.721324659375 0.8683738109375 0.7198384296875 0.8680170921875 0.7308594984375001 0.870879734375 0.731992796875 0.8717798390624999 0.721324659375
3 0.845449490625 0.8773703609375 0.8488555203124999 0.8788565890625 0.85020641875 0.8702962031249999 0.8462570046875 0.8684570453125 0.845449490625 0.8773703609375
3 0.8466410249999999 0.8654395359375 0.8502458890625 0.8674179015625001 0.8498209156250001 0.8584300718750001 0.8465606015624999 0.8563124999999999 0.8466410249999999 0.8654395359375
3 0.8479904421875 0.8419955109374999 0.851542184375 0.8428503953125001 0.8507726625 0.8340017734374999 0.8482545703125 0.832729265625 0.8479904421875 0.8419955109374999
3 0.8676950796874999 0.82430231875 0.8657203718750001 0.823382740625 0.8646609015625 0.8306804421875 0.86717899375 0.83195295 0.8676950796874999 0.82430231875
3 0.90245663125 0.8280043296875 0.9028406546875001 0.8249868234375001 0.89622743125 0.8225065015625 0.896042246875 0.8260161437500001 0.90245663125 0.8280043296875
3 0.85009425 0.8085146875 0.8523603859375 0.8081715796875001 0.8519885359374999 0.8003072296875 0.8495235640625 0.8001582 0.85009425 0.8085146875
3 0.8498149906249999 0.798895515625 0.8528233484375001 0.799397471875 0.8523983749999999 0.7904096421875 0.8500791171875001 0.78962926875 0.8498149906249999 0.798895515625
3 0.8505420828125001 0.7808551609375 0.8534047234375001 0.7819884609375001 0.8531785875000001 0.773492765625 0.850117109375 0.7718673296875 0.8505420828125001 0.7808551609375
3 0.851044515625 0.7692027515625 0.8539071578125 0.7703360515625 0.8536810203125 0.76184035625 0.8508183765625 0.76070705625 0.851044515625 0.7692027515625
3 0.85085785 0.75782875625 0.8533228203125001 0.7579777828125 0.853931496875 0.74857233125 0.8509231406250001 0.748070375 0.85085785 0.75782875625
3 0.8513071609375 0.7450528671875001 0.854713190625 0.7465390953125 0.8551761515624999 0.7377649859375001 0.8521146734375 0.7361395500000001 0.8513071609375 0.7450528671875001
3 0.8515045156250001 0.7306613640624999 0.85491054375 0.7321475921875 0.8553203859374999 0.7222500046875 0.852312028125 0.7217480468749999 0.8515045156250001 0.7306613640624999
3 0.852099540625 0.71725413125 0.8549621843749999 0.71838743125 0.854736046875 0.7098917375 0.8524167890625 0.7091113671875 0.852099540625 0.71725413125
3 0.8520585890625 0.7052487921874999 0.8558091671874999 0.706595815625 0.8563252515625001 0.6989451843750001 0.8529192234374999 0.6974589546875001 0.8520585890625 0.7052487921874999
3 0.8530512874999999 0.6928258328125 0.8566030296875 0.69368071875 0.8563237703125001 0.684061546875 0.8540045125000001 0.6832811734375001 0.8530512874999999 0.6928258328125
3 0.8850819390625 0.82071239375 0.8849225765625001 0.8173419578125 0.87673231875 0.8149263296875 0.877236234375 0.8181575593750001 0.8850819390625 0.82071239375
3 0.9048153609374999 0.8259064015625001 0.904630175 0.82941604375 0.9135626531250001 0.8326767374999999 0.9140923875 0.8290278859375 0.9048153609374999 0.8259064015625001
3 0.9742192125000001 0.5671597453125 0.9740871484375001 0.5717928671875 0.9806472484375 0.573149709375 0.980143334375 0.5699184796875 0.9742192125000001 0.5671597453125
3 0.92767703125 0.8378511015625 0.92746454375 0.8333571859375001 0.9207587296874999 0.8326316859375 0.92146148125 0.8363550515625 0.92767703125 0.8378511015625
3 0.98153158125 0.8034980953125 0.9841953875 0.8041392609375 0.984114965625 0.795012221875 0.981252321875 0.793878921875 0.98153158125 0.8034980953125
3 0.9811445984375 0.7767483265624999 0.984696340625 0.7776032109375 0.9842713671875 0.7686153796874999 0.9817532734375 0.7673428734375001 0.9811445984375 0.7767483265624999
3 0.9836187765625001 0.736248215625 0.9861368687500001 0.7375207234375 0.9866924234375001 0.7269917921875 0.9840286171875 0.726350628125 0.9836187765625001 0.736248215625
3 0.9848619515625 0.7105572328124999 0.9880691421875 0.7115513250000001 0.987445334375 0.7020713578125 0.9846358125 0.7020615375 0.9848619515625 0.7105572328124999
3 1 0.7532092296874999 0.99880775625 0.7530102984375 0.9997761140625 0.76235105625 1 0.7623814890625 1 0.7532092296874999
3 0.9714894734374999 0.836178903125 0.970985559375 0.832947675 0.9643723375000001 0.830467353125 0.964876253125 0.83369858125 0.9714894734374999 0.836178903125
3 0.9496902359374999 0.8467037796874999 0.9491331984375 0.842349071875 0.9425731 0.8409922296874999 0.9429313015625 0.8448548 0.9496902359374999 0.8467037796874999
3 0.8536994343750001 0.6805420796874999 0.8576488484375 0.6823812390625 0.8574621828125 0.67100724375 0.8545995390625001 0.66987394375 0.8536994343750001 0.6805420796874999
3 0.971643234375 0.6500638125 0.97205455625 0.6550498640625 0.979356878125 0.6572517703125 0.9793432265625001 0.6532499921875 0.971643234375 0.6500638125
3 0.9720257734375 0.6321626671875 0.972039425 0.6361644453124999 0.978798359375 0.6380134234375 0.9782944453125 0.6347821953125 0.9720257734375 0.6321626671875
3 0.8768314765625 0.6128041203125 0.8732797343750001 0.6119492359375001 0.8734132796875 0.6221997515625 0.876965021875 0.6230546375 0.8768314765625 0.6128041203125
3 0.9864330609374999 0.6509579828125001 0.9892957046875 0.6520912828125 0.9890695671874999 0.6435955890625 0.9860612109375 0.64309363125 0.9864330609374999 0.6509579828125001
3 0.9867230093750001 0.6348116578125 0.9897844859375 0.63643709375 0.9892669203125 0.6292040859375 0.9870933781250001 0.6277923703125 0.9867230093750001 0.6348116578125
3 0.9865226921874999 0.6194358828125 0.9891864984375 0.6200770484375 0.989159196875 0.6120734875 0.9862965546875 0.6109401875 0.9865226921874999 0.6194358828125
3 0.985924703125 0.6030758374999999 0.98967528125 0.6044228578124999 0.989396021875 0.594803684375 0.9865333796875 0.593670384375 0.985924703125 0.6030758374999999
3 0.9867687249999999 0.5615169421874999 0.9905193015625 0.5628639640624999 0.9904388796875001 0.553736925 0.9879207875 0.5524644171875 0.9867687249999999 0.5615169421874999
3 0.9676027093749999 0.6648631171875 0.9677620750000001 0.6682335515625 0.9760449234375 0.6688943593750001 0.9751964578125 0.6658023375 0.9676027093749999 0.6648631171875
3 0.9596112874999999 0.662939625 0.9595718171875 0.665817925 0.9664764671875 0.667035559375 0.9665159375 0.664157259375 0.9596112874999999 0.662939625
3 0.9407658046874999 0.6579593390625 0.9411240046874999 0.6618219109375 0.9481743687499999 0.662408203125 0.9476704546875 0.6591769734375 0.9407658046874999 0.6579593390625
3 0.929766028125 0.6555338890625 0.9308133281250001 0.659118046875 0.9373734265625 0.660474890625 0.937412896875 0.6575965890625 0.929766028125 0.6555338890625
3 0.9570157359374999 0.68230735625 0.9568563703124999 0.678936921875 0.9486661140624999 0.6765212921875 0.9493688640625001 0.68024465625 0.9570157359374999 0.68230735625
3 0.9471027296875001 0.680587765625 0.9470890781250001 0.6765859843750001 0.937865171875 0.6745879796875001 0.9380245359374999 0.6779584140625 0.9471027296875001 0.680587765625
3 0.9205177812500001 0.6752996015625 0.9205041312500001 0.671297821875 0.9146331312499999 0.669662565625 0.9146467828124999 0.6736643453125 0.9205177812500001 0.6752996015625
3 0.9106973671875 0.6718251875 0.90979578125 0.6676096859375 0.9028911328125 0.6663920515624999 0.903249334375 0.6702546234375 0.9106973671875 0.6718251875
3 0.9009300765624999 0.6694742515625001 0.900717590625 0.6649803375000001 0.89272616875 0.6630568453125 0.892196434375 0.666705696875 0.9009300765624999 0.6694742515625001
3 0.8913084984375 0.6664919734375 0.8911491328125001 0.6631215375 0.884244484375 0.661903903125 0.884602684375 0.6657664734375001 0.8913084984375 0.6664919734375
3 0.91289525 0.651473184375 0.9126569437500001 0.6538593484375 0.9199592640625 0.6560612531250001 0.9197998999999999 0.65269081875 0.91289525 0.651473184375
3 0.9219203203124999 0.6529790531249999 0.9219339718749999 0.656980834375 0.9282952343750001 0.6578455390625 0.9279901546874999 0.655106446875 0.9219203203124999 0.6529790531249999
3 0.75551911875 0.219297665625 0.7528553125 0.21865650312499998 0.7535322437499999 0.22925994843750003 0.7559972125 0.22940897656249998 0.75551911875 0.219297665625
3 0.7557057859375 0.23067166249999999 0.753386528125 0.229891290625 0.7536126656250001 0.2383869859375 0.7557330859375 0.23867522187499998 0.7557057859375 0.23067166249999999
3 0.7560215515625 0.20764525625000002 0.753503459375 0.20637275000000002 0.7536370046875 0.2166232671875 0.7559562609375 0.2174036375 0.7560215515625 0.20764525625000002
3 0.389677471875 0.1421263140625 0.390035671875 0.14598888593749998 0.39723175 0.1459438359375 0.39638328437500003 0.1428518125 0.389677471875 0.1421263140625
3 0.31176823593749997 0.1615818046875 0.3110654859375 0.1578584390625 0.3042139578125 0.1577642828125 0.3052612578125 0.161348440625 0.31176823593749997 0.1615818046875
3 0.29998676562500004 0.161189590625 0.2991383015625 0.15809756875 0.292830159375 0.15835634062499998 0.2931352375 0.161095434375 0.29998676562500004 0.161189590625
3 0.2752444625 0.1614541296875 0.2745417125 0.1577307640625 0.26803473437499997 0.1574974 0.26853864843749997 0.16072862968749999 0.2752444625 0.1614541296875
3 0.259964371875 0.161330509375 0.25946045624999997 0.15809927968749998 0.25172099375 0.1577914015625 0.2529140078125 0.1607442171875 0.259964371875 0.161330509375
3 0.24749380312499997 0.1612167109375 0.246592215625 0.157001209375 0.2397406890625 0.156907053125 0.24098682500000002 0.160983346875 0.24749380312499997 0.1612167109375
3 0.2564642703125 0.1467154625 0.2555626828125 0.14249996250000002 0.24831348281249999 0.141421534375 0.24941390624999998 0.14612917187500002 0.2564642703125 0.1467154625
3 0.4529182546875 0.14290902968750002 0.4534221703125 0.1461402578125 0.45987602499999997 0.14525014218750001 0.4593721125 0.1420189140625 0.4529182546875 0.14290902968750002
3 0.4394140359375 0.14321285156250002 0.43991795 0.14644408125 0.446424928125 0.1466774453125 0.44557646406250007 0.1435854234375 0.4394140359375 0.14321285156250002
3 0.42708918125000006 0.142467709375 0.4275930953125 0.145698940625 0.4344446234375 0.145793096875 0.43359615937499996 0.1427010734375 0.42708918125000006 0.142467709375
3 0.4128958609375 0.143049946875 0.41374432499999997 0.1461419703125 0.4201981828125 0.145251853125 0.419548553125 0.1426519671875 0.4128958609375 0.143049946875
3 0.3411733921875 0.1411142890625 0.3418761421875 0.1448376546875 0.34961560468749997 0.1451455328125 0.348767140625 0.14205351093750002 0.3411733921875 0.1411142890625
3 0.34766968125000003 0.1671131515625 0.34676809531249997 0.1628976515625 0.340658790625 0.163648559375 0.3419049265625 0.1677248515625 0.34766968125000003 0.1671131515625
3 0.2943525921875 0.1422845296875 0.29520105625 0.1453765515625 0.3008200984375 0.14539619374999999 0.3001704703125 0.142796309375 0.2943525921875 0.1422845296875
3 0.28202773593749997 0.1415393875 0.2827304859375 0.145262753125 0.28854836562499997 0.14577453125 0.2878456140625 0.1420511671875 0.28202773593749997 0.1415393875
3 0.2678344171875 0.142121625 0.26819261875 0.1459841984375 0.27489843125 0.146709696875 0.27419568125 0.1429863328125 0.2678344171875 0.142121625
3 0.2378995265625 0.166237990625 0.2412524328125 0.16660074062500002 0.23919730156250002 0.1565541234375 0.23638778125 0.156544303125 0.2378995265625 0.166237990625
3 0.235168946875 0.1604715671875 0.23466503125 0.157240340625 0.22973509062500003 0.1569422828125 0.22969561718749998 0.1598205828125 0.235168946875 0.1604715671875
3 0.22969413749999998 0.1449369453125 0.22919022187500002 0.14170571406250002 0.2233723453125 0.14119393593750001 0.2240750953125 0.144917303125 0.22969413749999998 0.1449369453125
3 0.19821871875 0.1364724234375 0.19872263437499998 0.139703653125 0.2056272828125 0.1409212875 0.2053222046875 0.1381821953125 0.19821871875 0.1364724234375
3 0.2207236703125 0.159438190625 0.2202197546875 0.1562069609375 0.21262600625 0.15526774062499998 0.21312992031250003 0.1584989703125 0.2207236703125 0.159438190625
3 0.1922034875 0.1503521484375 0.188850578125 0.1499893984375 0.18967322343749998 0.1599615015625 0.1928804171875 0.16095559375 0.1922034875 0.1503521484375
3 0.20129532968750002 0.1569832765625 0.2007382921875 0.1526285703125 0.19383364375 0.151410934375 0.19439067968749998 0.1557656421875 0.20129532968750002 0.1569832765625
3 0.3341912828125 0.16053689375 0.334230753125 0.15765859531249998 0.3278694890625 0.1567938875 0.3280288546875 0.160164325 0.3341912828125 0.16053689375
3 0.34425000156249996 0.16162514375 0.3439449234375 0.15888605 0.33655001093750003 0.15843896562499998 0.337199640625 0.1610388515625 0.34425000156249996 0.16162514375
3 0.5172790359375 0.21193571718749998 0.5160070796875 0.21473950312499998 0.523124215625 0.220451053125 0.523707071875 0.21792568124999998 0.5172790359375 0.21193571718749998
3 0.46497750312499997 0.13803677812499998 0.467456125 0.142187584375 0.4728626796875 0.1377133109375 0.4709274453125 0.13391543125 0.46497750312499997 0.13803677812499998
3 0.5288860093750001 0.190072075 0.5268718328124999 0.19203079843749998 0.532120503125 0.19906972812499998 0.5339358453124999 0.19661886875 0.5288860093750001 0.190072075
3 0.5438625015625 0.20234024062499997 0.541781553125 0.1991737046875 0.537753196875 0.20309114843749998 0.539834146875 0.206257684375 0.5438625015625 0.20234024062499997
3 0.55026471875 0.21521028593749997 0.5490717046875 0.21225747031250003 0.5431081125 0.21237703593749999 0.5438108625 0.21610040156250002 0.55026471875 0.21521028593749997
3 0.50412265 0.1119166390625 0.5016045578125 0.11064413125000001 0.49971027343749996 0.11885159062499999 0.5033151375 0.12082995468749999 0.50412265 0.1119166390625
3 0.49466488125 0.1569557140625 0.4974744015625 0.156965534375 0.4953266796875 0.148673740625 0.4925702796875 0.1497873984375 0.49466488125 0.1569557140625
3 0.50090476875 0.1366880453125 0.4980026546875 0.1384330453125 0.50493460625 0.1476542390625 0.5068956625000001 0.1445720390625 0.50090476875 0.1366880453125
3 0.48783472968749997 0.105330559375 0.4902071078125 0.10723440937499999 0.4921013921875 0.09902695156249999 0.48972901406249997 0.09712310156250001 0.48783472968749997 0.105330559375
3 0.48873483437500004 0.094662421875 0.4914517640625 0.096427065625 0.49131821875000004 0.0861765484375 0.48845557656249994 0.0850432484375 0.48873483437500004 0.094662421875
3 0.48874700468750004 0.0837805625 0.4921530328125 0.085266790625 0.4921652015625 0.0743849328125 0.4893025609375 0.07325163125 0.48874700468750004 0.0837805625
3 0.479381828125 0.127064815625 0.4810651078125 0.12924708125 0.48395356874999995 0.1235003015625 0.48246912656249996 0.12181017031250001 0.479381828125 0.127064815625
3 0.48915060156249995 0.144299390625 0.48687081406250005 0.14064071875 0.48269674531250006 0.14518950625 0.4847776953125 0.1483560421875 0.48915060156249995 0.144299390625
3 0.356720571875 0.1617389421875 0.35636237187500003 0.1578763703125 0.34882174374999997 0.158060628125 0.34972333125 0.1622761296875 0.356720571875 0.1617389421875
3 0.48129272500000003 0.1526264140625 0.4794106109375 0.1499520140625 0.47380521875000003 0.15393415 0.475687334375 0.1566085515625 0.48129272500000003 0.1526264140625
3 0.4683986640625 0.15840842500000002 0.4666622625 0.1551026796875 0.46031465000000005 0.158239753125 0.46239559999999996 0.1614062890625 0.4683986640625 0.15840842500000002
3 0.44702291718750004 0.163037490625 0.4459756171875 0.159453334375 0.43961435312499997 0.1585886265625 0.440661653125 0.1621727859375 0.44702291718750004 0.163037490625
3 0.43573171093749996 0.16187472812499998 0.435227796875 0.1586434984375 0.42837626875 0.1585493421875 0.42976811875000004 0.16199429375000002 0.43573171093749996 0.16187472812499998
3 0.41887458593750004 0.1618158 0.4179729984375 0.1576003 0.4114660203125 0.1573669375 0.41236760781250004 0.1615824375 0.41887458593750004 0.1618158
3 0.40591375 0.1624725515625 0.405012165625 0.1582570515625 0.3976172515625 0.1578099671875 0.39851883906249996 0.1620254671875 0.40591375 0.1624725515625
3 0.3927009609375 0.16151368906250002 0.3925415953125 0.1581432515625 0.386233453125 0.1584020234375 0.387625303125 0.1618469765625 0.3927009609375 0.16151368906250002
3 0.384258746875 0.1574824453125 0.381846896875 0.158456896875 0.3843391703125 0.16660948281250001 0.386459590625 0.16689771874999998 0.384258746875 0.1574824453125
3 0.37327262031249997 0.159058775 0.371351034375 0.15926267656249998 0.3732999203125 0.1670623359375 0.37536722031249997 0.1662270921875 0.37327262031249997 0.159058775
3 0.36864775625 0.1614998125 0.3683426765625 0.15876071875 0.362577921875 0.1593724203125 0.36322755 0.16197230625 0.36864775625 0.1614998125
3 0.1456381265625 0.5876418343750001 0.143159503125 0.5834910265625 0.13701072812499998 0.5871202359375001 0.1391447984375 0.5914102515625 0.1456381265625 0.5876418343750001
3 0.13744786874999998 0.5852262078125 0.13502236875 0.582198878125 0.1306494640625 0.5862555281249999 0.1327304140625 0.589422065625 0.13744786874999998 0.5852262078125
3 0.1364400390625 0.57876375 0.1347036390625 0.5754580046875 0.1297873484375 0.579161728125 0.132067134375 0.5828204015625 0.1364400390625 0.57876375
3 0.0149864109375 0.23053955468749998 0.014112126562499999 0.2343276140625 0.020977303125 0.23842354999999998 0.0215070390625 0.2347746984375 0.0149864109375 0.23053955468749998
3 0.032511259375000004 0.281851065625 0.032895281250000005 0.27883355625 0.0262289375 0.27522975625 0.0258449171875 0.2782472640625 0.032511259375000004 0.281851065625
3 0.021948625 0.2775315859375 0.0214447109375 0.2743003578125 0.0163159328125 0.2735101640625 0.0159319125 0.276527671875 0.021948625 0.2775315859375
3 0.1834440234375 0.154463671875 0.183284659375 0.1510932359375 0.1763268875 0.148752121875 0.1770296390625 0.1524754859375 0.1834440234375 0.154463671875
3 0.1420712515625 0.56790153125 0.14087823593749998 0.5649487171875001 0.1356173953125 0.5687916468750001 0.1371549609375 0.571605253125 0.1420712515625 0.56790153125
3 0.17089155 0.130339196875 0.1703618140625 0.13398804687500002 0.17835323593750002 0.1359115390625 0.1778493203125 0.132680309375 0.17089155 0.130339196875
3 0.14864003750000002 0.1238726828125 0.1489982390625 0.1277352546875 0.1567908234375 0.1291666125 0.156286909375 0.1259353828125 0.14864003750000002 0.1238726828125
3 0.1411403625 0.136062278125 0.1380788828125 0.13443684218750002 0.1381061859375 0.14244040156249999 0.140968828125 0.1435737015625 0.1411403625 0.136062278125
3 0.1363166640625 0.1380111796875 0.1361572984375 0.13464074374999999 0.1304320140625 0.13237414375 0.1307902140625 0.136236715625 0.1363166640625 0.1380111796875
3 0.1264825984375 0.1305349859375 0.12401762812499999 0.130385959375 0.1247340296875 0.1381111015625 0.1277423859375 0.138613059375 0.1264825984375 0.1305349859375
3 0.12334217968750001 0.1346661515625 0.12372620000000001 0.13164864375000002 0.1172586921875 0.1285369796875 0.11672895781249999 0.13218583125 0.12334217968750001 0.1346661515625
3 1 0.771101134375 0.9996577015625 0.770985959375 0.9987970671875 0.778775796875 1 0.7790653359374999 1 0.771101134375
3 0.8673383593749999 0.8353233843750001 0.8644757171874999 0.8341900843750001 0.864410425 0.843948465625 0.8679621687499999 0.8448033515625 0.8673383593749999 0.8353233843750001
3 0.8596024999999999 0.6048808421875 0.8630085281250001 0.6063670703125 0.8625835546875 0.597379240625 0.8591775281249999 0.5958930109375 0.8596024999999999 0.6048808421875
3 0.7163742921875 0.11546683437500001 0.7133128140625 0.1138413984375 0.7124521796875001 0.1216312359375 0.7158582078125 0.12311746406249999 0.7163742921875 0.11546683437500001
3 0.042477387500000005 0.28469413593750004 0.04271569375 0.282307971875 0.0357048015625 0.27884337812500004 0.03566533125 0.281721678125 0.042477387500000005 0.28469413593750004
3 0.141674221875 0.30701531718749997 0.1414890359375 0.310524959375 0.14755887031249998 0.312652353125 0.14739950625 0.3092819171875 0.141674221875 0.30701531718749997
3 0.11511657500000001 0.3097307125 0.115500596875 0.30671320468749996 0.109974146875 0.30493874062500004 0.11013351093749998 0.3083091765625 0.11511657500000001 0.3097307125
3 0.1245924375 0.31334433437500003 0.1249233375 0.309203346875 0.11811128125 0.30623089062500003 0.11778038125000001 0.3103718765625 0.1245924375 0.31334433437500003
3 0.1405731578125 0.5622096234375 0.138637921875 0.5584117453124999 0.13303253125 0.56239388125 0.13531231562499998 0.566052553125 0.1405731578125 0.5622096234375
3 0.13833284375 0.55567265 0.1362518921875 0.552506115625 0.13113676406250002 0.5557177015625 0.1337611015625 0.559237165625 0.13833284375 0.55567265
3 0.13672850625 0.5477337859375 0.13484639062499998 0.545059384375 0.1301289359375 0.5492552421875 0.13201105 0.5519296437500001 0.13672850625 0.5477337859375
3 0.137443425 0.540575290625 0.1355613125 0.537900890625 0.13167866875 0.541186990625 0.13321623437500002 0.5440005984375 0.137443425 0.540575290625
3 0.1153162515625 0.58500843125 0.11458767968750001 0.5881651453125001 0.12110830937499999 0.5924002875000001 0.121346615625 0.5900141234375 0.1153162515625 0.58500843125
3 0.11391074999999999 0.5775617015625001 0.1128376296875 0.5808576234375 0.11921254375000001 0.585724109375 0.11959656406250001 0.5827066015625 0.11391074999999999 0.5775617015625001
3 0.11270408437499999 0.57060710625 0.1108887421875 0.5730579640625 0.11766132968750001 0.578908721875 0.1182441859375 0.57638335 0.11270408437499999 0.57060710625
3 0.1115505421875 0.5647759906250001 0.110278584375 0.567579778125 0.116507784375 0.57307760625 0.11723635624999999 0.5699208921875 0.1115505421875 0.5647759906250001
3 0.11157636093750001 0.5578959125 0.1096153046875 0.5609781125 0.11693127656249999 0.5671817984375 0.117858684375 0.56451721875 0.11157636093750001 0.5578959125
3 0.1090173171875 0.544618065625 0.10700313749999998 0.5465767875 0.11313974687499999 0.5538294390625 0.11495508750000001 0.55137858125 0.1090173171875 0.544618065625
3 0.1056234578125 0.5322499765625001 0.10440462343750001 0.5361772421875 0.1115217578125 0.5418887921875 0.11239604375000001 0.5381007359375001 0.1056234578125 0.5322499765625001
3 0.101378171875 0.4870225890625 0.1021067421875 0.4838658734375 0.096076378125 0.47886017968749994 0.094459871875 0.4818031734375 0.101378171875 0.4870225890625
3 0.2934186203125 0.345316496875 0.29246391250000003 0.3399775171875 0.28457873437500003 0.34030098125 0.285480321875 0.34451648125 0.2934186203125 0.345316496875
3 0.281690271875 0.3460477609375 0.28019217812499997 0.340355853125 0.273937159375 0.3417381046875 0.27587239375 0.345535984375 0.281690271875 0.3460477609375
3 0.25896214687499997 0.344353578125 0.2582593953125 0.3406302140625 0.2516992953125 0.33927337031250004 0.2522563328125 0.34362807812499996 0.25896214687499997 0.344353578125
3 0.24130967656250002 0.3423261078125 0.24055380468749998 0.3374792640625 0.23409995 0.33836937968749997 0.2350015359375 0.3425848796875 0.24130967656250002 0.3423261078125
3 0.22133794999999998 0.339518265625 0.22132429999999997 0.33551648749999996 0.21407510156249998 0.334438059375 0.213545365625 0.33808690937499997 0.22133794999999998 0.339518265625
3 0.167770384375 0.32795766875 0.16770361250000002 0.3228324109375 0.160056740625 0.3207697109375 0.160613778125 0.32512441875000003 0.167770384375 0.32795766875
3 0.15202585156249998 0.32172451875 0.1520122 0.31772273906250004 0.1432785578125 0.3149541828125 0.14418014375 0.3191696828125 0.15202585156249998 0.32172451875
3 0.19420961718750002 0.33387717499999997 0.1945405171875 0.3297361875 0.18718507499999998 0.32641080312500004 0.18685417499999998 0.3305517890625 0.19420961718750002 0.33387717499999997
3 0.14097295 0.318175590625 0.1402702015625 0.3144522265625 0.13420036562499998 0.31232483437499997 0.1340151796875 0.31583447656249997 0.14097295 0.318175590625
3 0.5196772359375 0.2069594859375 0.5180607296875 0.20990248125000002 0.5239453796875 0.2155395171875 0.5252173359375 0.2127357296875 0.5196772359375 0.2069594859375
3 0.3749828796875 0.2991955703125 0.37548679375 0.3024268 0.38213948593749997 0.3020288203125 0.3816355703125 0.2987975921875 0.3749828796875 0.2991955703125
3 0.75701425 0.19522229687499998 0.753263671875 0.19387527499999999 0.7536886453125 0.2028631078125 0.7565512875 0.20399640625 0.75701425 0.19522229687499998
3 0.5298273874999999 0.0614583046875 0.5314970156250001 0.059638789062499996 0.5272819937500001 0.05218223749999999 0.5245787156249999 0.054419375000000006 0.5298273874999999 0.0614583046875
3 0.55889688125 0.1304318296875 0.561944709375 0.1280554859375 0.5567886296875 0.1192617359375 0.5537408015625 0.12163807812500001 0.55889688125 0.1304318296875
3 0.5665057625000001 0.15025646875 0.564279096875 0.1477212765625 0.5599061921875 0.151777928125 0.562530528125 0.1552973921875 0.5665057625000001 0.15025646875
3 0.5058044484375 0.0992152640625 0.50274296875 0.097589828125 0.50110064375 0.10741290156250001 0.5039632843749999 0.10854620156250001 0.5058044484375 0.0992152640625
3 0.6145044453125 0.133153625 0.6173670875 0.134286925 0.617194071875 0.1269147109375 0.6139868796875 0.125920615625 0.6145044453125 0.133153625
3 0.614861165625 0.122132559375 0.617524971875 0.1227737234375 0.61744455 0.1136466859375 0.6142373562500001 0.11265259218749998 0.614861165625 0.122132559375
3 0.614859684375 0.1072489203125 0.6175234890625 0.107890084375 0.6173504750000001 0.10051786874999999 0.6150312171875 0.099737496875 0.614859684375 0.1072489203125
3 0.615216403125 0.096227853125 0.6189669828125 0.097574875 0.6186346015625 0.086832221875 0.61528169375 0.0864694734375 0.615216403125 0.096227853125
3 0.6029553578125 0.07084069062500001 0.6029948296875001 0.06796239062500001 0.59692499375 0.0658349984375 0.5972831937499999 0.0696975703125 0.6029553578125 0.07084069062500001
3 0.5762641671875001 0.0633055703125 0.57605168125 0.05881165625 0.568749359375 0.056609748437499996 0.5694521109374999 0.060333112499999994 0.5762641671875001 0.0633055703125
3 0.5791146406250001 0.07532073125 0.5828652187500001 0.0766677515625 0.5822414109375 0.067187784375 0.5790342171875 0.0661936921875 0.5791146406250001 0.07532073125
3 0.54285203125 0.0361595328125 0.5434090671875 0.040514240624999996 0.5506582671875 0.0415926703125 0.550154353125 0.0383614390625 0.54285203125 0.0361595328125
3 0.5849642625 0.128486984375 0.58275125 0.12995357031250002 0.587655371875 0.1371317078125 0.5895238359375 0.135804328125 0.5849642625 0.128486984375
3 0.6154107953125 0.052069071875 0.6184191515624999 0.052571028124999995 0.6185906859375 0.04505960625 0.6157280453125 0.043926306250000005 0.6154107953125 0.052069071875
3 0.61596635 0.041540140625 0.6186301578125 0.04218130625 0.61825830625 0.034316953125 0.6153956640625 0.033183653125000004 0.61596635 0.041540140625
3 0.6175135234375 0 0.617711959375 0.004196746875 0.619686665625 0.005116325 0.6200177703125 0 0.6175135234375 0
3 0.6322771281249999 0.0114788609375 0.635484321875 0.012472953125 0.635006228125 0.0023616453124999997 0.6319447484375 0.000736209375 0.6322771281249999 0.0114788609375
3 0.7459845296875 0.0250750390625 0.7485026218749999 0.026347545312499998 0.7489124640625 0.016449959375 0.745506434375 0.0149637296875 0.7459845296875 0.0250750390625
3 0.733048034375 0.0039680703125000005 0.7330616859375 0.0079698515625 0.7396217843749999 0.00932669375 0.739263584375 0.005464121875 0.733048034375 0.0039680703125000005
3 0.7613299109375 0.015440279687499999 0.764245675 0.017697056250000003 0.7655965734375 0.009136670312500001 0.762680809375 0.006879890625 0.7613299109375 0.015440279687499999
3 0.6034272078125 0.1513684171875 0.6036123921875001 0.1478587734375 0.59808594375 0.146084309375 0.5985898578125 0.14931553749999998 0.6034272078125 0.1513684171875
3 0.7110846671875 0.096422565625 0.71072646875 0.0925599921875 0.7045109187499999 0.09106394375 0.7043257328125 0.0945735875 0.7110846671875 0.096422565625
3 0.3869100640625 0.298956440625 0.387413978125 0.3021876703125 0.3960413765625 0.30270926875000004 0.39533862656249996 0.29898590468749997 0.3869100640625 0.298956440625
3 0.7409815703125 0.090068140625 0.7439899265625 0.09057009687499999 0.7435118328125 0.08045878749999999 0.7401589265624999 0.0800960375 0.7409815703125 0.090068140625
3 0.7399826265625 0.1729075140625 0.742646434375 0.1735486796875 0.742711725 0.16379029843749998 0.74004791875 0.1631491359375 0.7399826265625 0.1729075140625
3 0.7543884328125 0.1768191921875 0.7568534046875001 0.176968221875 0.75642843125 0.1679803921875 0.753963459375 0.1678313625 0.7543884328125 0.1768191921875
3 0.8686377375 0.1758846609375 0.87115583125 0.17715716718750002 0.8714199578124999 0.16789092187500002 0.8680139296875 0.16640469375 0.8686377375 0.1758846609375
3 0.864542609375 0.174676846875 0.867405253125 0.17581014687500002 0.8682127656249999 0.1668968296875 0.865005571875 0.1659027375 0.864542609375 0.174676846875
3 0.7976681796875 0.14902856874999998 0.800530821875 0.15016186874999998 0.8002515640625001 0.14054269531250002 0.7977334703125 0.1392701890625 0.7976681796875 0.14902856874999998
3 0.754306528125 0.152808515625 0.7562812359375 0.1537280953125 0.757287584375 0.14530691406250001 0.7546237765625 0.1446657515625 0.754306528125 0.152808515625
3 0.74016485 0.13963059375 0.743226328125 0.1412560296875 0.7436361687499999 0.131358440625 0.7404289765625001 0.1303643484375 0.74016485 0.13963059375
3 0.6518704375000001 0.20678973906250003 0.6531423953125 0.2039859515625 0.6472577453125 0.1983489140625 0.645786953125 0.2006605671875 0.6518704375000001 0.20678973906250003
3 0.6329294 0.173796996875 0.6355400859375 0.1733146828125 0.631510246875 0.1623484875 0.6294429484374999 0.1631837296875 0.6329294 0.173796996875
3 0.7471454796875 0.10532435 0.74986240625 0.10708899218750001 0.7506699203125 0.09817567656250001 0.7478072765625 0.0970423765625 0.7471454796875 0.10532435
3 0.8657311812499999 0.1329787453125 0.8689914953125 0.135096315625 0.8696532937500001 0.12681434375 0.8664461015624999 0.12582025 0.8657311812499999 0.1329787453125
3 0.6484525609375 0.086234396875 0.6482931953125 0.0828639625 0.6406463265625 0.0808012609375 0.6408056890625 0.0841716984375 0.6484525609375 0.086234396875
3 0.8625483265625 0.1102209328125 0.8658086421875 0.1123385046875 0.86710641875 0.10265463749999999 0.8637003906249999 0.101168409375 0.8625483265625 0.1102209328125
3 0.8647735109375001 0.09787248750000001 0.867490440625 0.0996371296875 0.868695625 0.09170808593749999 0.8663232453124999 0.089804234375 0.8647735109375001 0.09787248750000001
3 0.7591486421875 0.0695613421875 0.7551992281250001 0.0677221828125 0.7560218734374999 0.0776942859375 0.7586856796875 0.07833545 0.7591486421875 0.0695613421875
3 0.7593596484375 0.059171617187500004 0.7568415546875 0.057899109375 0.7567762640625 0.06765749062500001 0.7594400718750001 0.0682986546875 0.7593596484375 0.059171617187500004
3 0.73323141875 0.1155257609375 0.733072053125 0.11215532343750001 0.7266576687499999 0.1101671390625 0.72701586875 0.11402970937500001 0.73323141875 0.1155257609375
3 0.7076269984375 0.108696496875 0.7077590625 0.104063375 0.7006024562500001 0.10123012499999999 0.6998738859375 0.104386840625 0.7076269984375 0.108696496875
3 0.6974498671875 0.11624314843750001 0.699967959375 0.11751565625 0.6991984359375001 0.10866703281250001 0.6965346296875 0.10802586875 0.6974498671875 0.11624314843750001
3 0.6928644734375 0.1158058859375 0.6959259531249999 0.11743132187500001 0.695355265625 0.10907483437500001 0.6924926234375001 0.10794153437500001 0.6928644734375 0.1158058859375
3 0.68077644375 0.097790940625 0.6806170796875 0.094420503125 0.673314759375 0.092218596875 0.6732752875 0.095096896875 0.68077644375 0.097790940625
3 0.6727850234375 0.095867446875 0.6722279875 0.0915127390625 0.6645811171875 0.0894500390625 0.6649393171875 0.0933126125 0.6727850234375 0.095867446875
3 0.7584171093750001 0.042950778125 0.7609352015625 0.0442232859375 0.761597 0.0359413109375 0.7583898078125 0.034947218749999995 0.7584171093750001 0.042950778125
3 0.423054259375 0.346752540625 0.4219538375 0.3420449046875 0.41475776093750005 0.34208995625 0.41565934687499995 0.34630545625 0.423054259375 0.346752540625
3 0.5663398328125 0.3472534203125 0.565438246875 0.3430379203125 0.5596734890625 0.3436496203125 0.560376240625 0.3473729859375 0.5663398328125 0.3472534203125
3 0.54085530625 0.34667289375 0.539754884375 0.34196525625 0.5318697078125 0.3422887234375 0.532227909375 0.3461512953125 0.54085530625 0.34667289375
3 0.529272671875 0.3467728171875 0.5285699234375001 0.3430494515625 0.5204859093749999 0.3428807796875 0.520844109375 0.3467433546875 0.529272671875 0.3467728171875
3 0.5124155453125 0.346713890625 0.511169409375 0.342637596875 0.5047155546875 0.3435277109375 0.5057628546874999 0.34711186875 0.5124155453125 0.346713890625
3 0.49521387031249997 0.34679417031250004 0.494656834375 0.3424394625 0.4880041421875 0.342837440625 0.4891045640625 0.347545078125 0.49521387031249997 0.34679417031250004
3 0.4802783296875 0.34653134375 0.47937674374999995 0.3423158421875 0.472180665625 0.34236089375 0.4737713515625 0.3462979796875 0.4802783296875 0.34653134375
3 0.46918596093750004 0.345860715625 0.4682843734375 0.341645215625 0.46079686718749996 0.34295295000000003 0.4618441671875 0.346537109375 0.46918596093750004 0.345860715625
3 0.459034646875 0.3465272875 0.45833189687500003 0.3428039234375 0.45010216875 0.3432665953125 0.4508049203125 0.346989959375 0.459034646875 0.3465272875
3 0.4481411125 0.3463487953125 0.44743836249999996 0.34262543125 0.4415278921875 0.34386847343750004 0.4425751921875 0.3474526328125 0.4481411125 0.3463487953125
3 0.43601509375 0.3460957890625 0.43457012187500005 0.341527359375 0.428460815625 0.34227826875 0.42936240000000003 0.34649376875 0.43601509375 0.3460957890625
3 0.41196188906250003 0.3460819125 0.41140485312499997 0.3417272046875 0.4046990390625 0.34100170625000004 0.4057994625 0.34570934375 0.41196188906250003 0.3460819125
3 0.39831195625000004 0.347017078125 0.3973572484375 0.3416781 0.39001545625 0.34235449375 0.3909170421875 0.3465699953125 0.39831195625000004 0.347017078125
3 0.3879086859375 0.3460680359375 0.38735164843750003 0.341713328125 0.380844671875 0.341479965625 0.3819450921875 0.3461876015625 0.3879086859375 0.3460680359375
3 0.377505415625 0.34511899687500003 0.3768026640625 0.3413956296875 0.3697523015625 0.3408093390625 0.3703093375 0.345164046875 0.377505415625 0.34511899687500003
3 0.3676986515625 0.3456463609375 0.36679706562500003 0.341430859375 0.3613768609375 0.34190335312500003 0.362278446875 0.3461188546875 0.3676986515625 0.3456463609375
3 0.357693053125 0.34568159062500003 0.357334853125 0.3418190171875 0.348906290625 0.3417895546875 0.3494102046875 0.3450207828125 0.357693053125 0.34568159062500003
3 0.3448248125 0.34458351875000004 0.3443208984375 0.341352290625 0.3378139203125 0.3411189265625 0.338516671875 0.344842290625 0.3448248125 0.34458351875000004
3 0.344240475 0.332225253125 0.3433388890625 0.328009753125 0.33826323125 0.3283430375 0.3389659828125 0.332066403125 0.344240475 0.332225253125
3 0.3337855640625 0.3450363703125 0.3334273640625 0.3411738 0.3262312859375 0.34121885 0.3273317078125 0.34592648593750003 0.3337855640625 0.3450363703125
3 0.3202813453125 0.34534019374999997 0.31952547187499997 0.34049335 0.3100632609375 0.3408815078125 0.3106202953125 0.34523621718749997 0.3202813453125 0.34534019374999997
3 0.39938063281249997 0.2990702390625 0.40008338437499996 0.30279360624999996 0.40885649687500003 0.3026838609375 0.40800803124999996 0.299591840625 0.39938063281249997 0.2990702390625
3 0.574225009375 0.34692995625 0.5733765453124999 0.34383793281249997 0.5672672390625 0.34458884218749997 0.5675723171875 0.3473279359375 0.574225009375 0.34692995625
3 0.5744725234375 0.3038946546875 0.5728818359375001 0.29995756562500003 0.5671170796875 0.3005692671875 0.5681643828125 0.30415342500000003 0.5744725234375 0.3038946546875
3 0.5843324078125 0.3044907671875 0.5834308218750001 0.30027526718750003 0.575147971875 0.299614459375 0.576049559375 0.303829959375 0.5843324078125 0.3044907671875
3 0.7454193265625 0.8708425765625 0.7446907546875 0.8739992921875 0.7519004828125 0.8779560203125 0.7528278890625 0.875291440625 0.7454193265625 0.8708425765625
3 0.7940857328125001 0.9049923140624999 0.794814303125 0.9018356000000001 0.788837059375 0.8979533843749999 0.788307325 0.9016022359375 0.7940857328125001 0.9049923140624999
3 0.793820125 0.8993749203125001 0.794349859375 0.8957260687499999 0.789260553125 0.8920575765625 0.78818743125 0.8953535 0.793820125 0.8993749203125001
3 0.7927455218749999 0.8877872046874999 0.7929307062500001 0.884277559375 0.7868077515625 0.8810266890625 0.7867682796875 0.883904990625 0.7927455218749999 0.8877872046874999
3 0.7863584375 0.8938025765625 0.7837872234375001 0.8914065921875001 0.7798119890625 0.8964475140625 0.7818929406249999 0.8996140499999999 0.7863584375 0.8938025765625
3 0.7856951578125 0.8872009109375 0.7834684937499999 0.88466571875 0.7794401390625 0.8885831625 0.7818656390625 0.8916104921875 0.7856951578125 0.8872009109375
3 0.7846342078124999 0.879614975 0.78240754375 0.87707978125 0.777743209375 0.8823991187500001 0.7799698734375 0.8849343109375001 0.7846342078124999 0.879614975
3 0.7765472328125 0.8496790265625 0.773936546875 0.8501613406249999 0.7757397203124999 0.8585923421875 0.7786949546875 0.8579708203124999 0.7765472328125 0.8496790265625
3 0.771617290625 0.84938096875 0.7692980328125001 0.848600596875 0.7701601484375 0.8556943984375 0.7722805703125 0.855982634375 0.771617290625 0.84938096875
3 0.767362796875 0.8448027187499999 0.7643544390625 0.8443007609375 0.7667541203125 0.8542081703125 0.7686757046875 0.8540042703124999 0.767362796875 0.8448027187499999
3 0.7580326484375 0.8405577546874999 0.7548785765625 0.8406871406249999 0.75762280625 0.8504553421875001 0.7598889421874999 0.8501122343749999 0.7580326484375 0.8405577546874999
3 0.7548284171875 0.8693309390625 0.7535564609375001 0.8721347250000001 0.7593879890624999 0.8766482828125 0.7599177234375001 0.8729994328125 0.7548284171875 0.8693309390625