3 0.08270805625 0.8036250703125001 0.077372553125 0.8175245312499999 0.0958211484375 0.828593175 0.102362140625 0.8138274937500001 0.08270805625 0.8036250703125001
3 0.0405415375 0.6837796671875 0.046133812499999996 0.6646629171875 0.017220971874999998 0.6535643171875 0.0096623421875 0.6732552203125 0.0405415375 0.6837796671875
3 0.126248690625 0.2103442734375 0.1330464546875 0.190361303125 0.10552695625 0.182455484375 0.09841295312500001 0.2009880984375 0.126248690625 0.2103442734375
3 0.23796185312499998 0.051224409375 0.231924953125 0.071499446875 0.26039316874999996 0.08375633593750001 0.268080184375 0.061456789062499996 0.23796185312499998 0.051224409375
3 0.1817579265625 0.07483451875 0.1893165546875 0.055143615624999996 0.1612929640625 0.041728440625 0.1541789609375 0.060261053125 0.1817579265625 0.07483451875
3 0.167539371875 0.0959558078125 0.1750980015625 0.0762649046875 0.1516395953125 0.0646021390625 0.14332010312500001 0.084000971875 0.167539371875 0.0959558078125
3 0.037185801562499995 0.46055453125 0.0447444296875 0.4408636296875 0.014309860937499998 0.4291808921875 0.00719585625 0.44771350468750004 0.037185801562499995 0.46055453125
3 0.045445828125 0.43448805156250003 0.049704226562499995 0.4188461640625 0.0219968765625 0.40688134531250003 0.0162167484375 0.42193909375 0.045445828125 0.43448805156250003
3 0.0855904875 0.3276334515625 0.09073813750000001 0.3096749890625 0.06303078437500001 0.2977101703125 0.0571222703125 0.31537656406250003 0.0855904875 0.3276334515625
3 0.11843328906249999 0.235252465625 0.12402556406250001 0.21613571406249998 0.09631821093750001 0.20417089531250002 0.0887595828125 0.223861796875 0.11843328906249999 0.235252465625
3 0.1488651109375 0.1446039203125 0.1562953546875 0.12752166250000002 0.1290326265625 0.114398553125 0.12356873906250002 0.13090665937499998 0.1488651109375 0.1446039203125
3 0.15909149218750002 0.11796328593750001 0.16588925625 0.09798031562500001 0.1388143828125 0.088916209375 0.13290586875 0.10658260312500001 0.15909149218750002 0.11796328593750001
3 0.1843756640625 0.0452732015625 0.1906004171875 0.029057165625 0.16473103281249998 0.0191268390625 0.1565399265625 0.035917028125 0.1843756640625 0.0452732015625
3 0.15849286875 0.2718933203125 0.15017337343749998 0.29129215468749997 0.1775644875 0.30180661875000003 0.1843622515625 0.281823646875 0.15849286875 0.2718933203125
3 0.1297800796875 0.35124106718750003 0.12342693906249999 0.3700657484375 0.14942470937500002 0.37738743124999996 0.1560940890625 0.36001310468750003 0.1297800796875 0.35124106718750003
3 0.10077666406250001 0.2789753546875 0.10801905468749999 0.2578340953125 0.08138880625 0.24761170156249998 0.07459104062500001 0.267594671875 0.10077666406250001 0.2789753546875
3 0.0925166375 0.3050418359375 0.0996306421875 0.286509221875 0.07401803125 0.2713616046875 0.0667756390625 0.2925028640625 0.0925166375 0.3050418359375
3 0.04263353125 0.5782655875 0.035262753125000004 0.6020154921875001 0.0650648453125 0.6107975156250001 0.0730681 0.589948325 0.04263353125 0.5782655875
3 0.056360193749999996 0.6380222843750001 0.06315795937499999 0.6180393140625 0.033800492187499996 0.608099003125 0.0271311140625 0.625473328125 0.056360193749999996 0.6380222843750001
3 0.0480407 0.6574211187500001 0.054265454687500006 0.6412050812500001 0.0253526125 0.63010648125 0.018366993749999998 0.64603045 0.0480407 0.6574211187500001
3 0 0.49903525625 0.018323687499999998 0.505143640625 0.024676828125 0.48631895781249995 0 0.47936929062500006 0 0.49903525625
3 0.052371978124999996 0.411896434375 0.0596143703125 0.390755175 0.03177863125 0.3813990015625 0.0254254921875 0.4002236828125 0.052371978124999996 0.411896434375
3 0.2699181515625 0.06349128281250001 0.2747495640625 0.0440824625 0.24780307656249997 0.0324097109375 0.23948358125000002 0.051808545312499996 0.2699181515625 0.06349128281250001
3 0.0805550625 0.47720243125 0.0749627875 0.4963191828125 0.1032431515625 0.5045170671875 0.107946175 0.48771689374999994 0.0805550625 0.47720243125
3 0 0.52256024375 0.011081296875 0.5262849 0.0165451859375 0.5097767953125001 0 0.5034256921875 0 0.52256024375
3 0 0.47026703437500006 0.024172735937500002 0.4808096 0.032363842187500005 0.4640194109375 0.0052889703125 0.4549553046875 0 0.466894659375 0 0.47026703437500006
3 0.1105584203125 0.25349300937499997 0.115133059375 0.23930148125 0.087741946875 0.22878701875 0.08196181875 0.2438447671875 0.1105584203125 0.25349300937499997
3 0.1339357046875 0.188044725 0.1413659484375 0.17096246875 0.1146073125 0.16334871875 0.108510946875 0.17695611093750002 0.1339357046875 0.188044725
3 0.172777503125 0 0.166064909375 0.0156519734375 0.1963116265625 0.023275709375000002 0.20342563125000002 0.00474309375 0.18720113124999999 0 0.172777503125 0
3 0.47498249843749996 0.015956529687500002 0.46608999375 0.039122296875000004 0.502680396875 0.0438652875 0.5091619234375 0.022431959374999998 0.47498249843749996 0.015956529687500002
3 0.42893603125 0.0222022984375 0.43319443125 0.0065604125 0.4031355671875 0.0029956796875 0.397227053125 0.020662075 0.42893603125 0.0222022984375
3 0.058135946875 0.531057846875 0.0538775484375 0.5466997328125001 0.089074609375 0.5482499437499999 0.09257214531249999 0.5323159890625 0.058135946875 0.531057846875
3 0.10361610937500002 0.4103037890625 0.09694673125 0.4276781140625 0.12960442656249999 0.433569409375 0.134623690625 0.41821959218750004 0.10361610937500002 0.4103037890625
3 0.0497514953125 0.33912646875 0.07669798125 0.3507992203125 0.0829227359375 0.33458318125000003 0.0556600078125 0.3214600734375 0.0497514953125 0.33912646875
3 0.049302909374999995 0.5608912625 0.043522781249999996 0.5759490125 0.074401975 0.586473459375 0.0801821046875 0.571415709375 0.049302909374999995 0.5608912625
3 0.2602439984375 0 0.2598079578125 0.0011359265625 0.28751530937499997 0.0131007453125 0.2918514234375 0 0.2602439984375 0
3 0.2542846015625 0.010976382812500001 0.2480598484375 0.027192421875 0.278178178125 0.0374248015625 0.28408669375 0.0197584078125 0.2542846015625 0.010976382812500001
3 0.22849633749999998 0.078157109375 0.222587821875 0.095823503125 0.25073979999999996 0.1066300359375 0.25785380468749997 0.0880974203125 0.22849633749999998 0.078157109375
3 0.4842380125 0 0.47999230937500004 0.016550651562499998 0.512017528125 0.01954123125 0.5164195125 0 0.4842380125 0
3 0.0945857640625 0.452022140625 0.085248634375 0.47634619687499996 0.113212759375 0.4830937265625 0.1221052640625 0.45992795937500003 0.0945857640625 0.452022140625
3 0 0.7217093359375 0.02212405 0.7272104890625 0.028032564062499998 0.7095440953125001 0 0.7037621749999999 0 0.7217093359375
3 0 0.6983283046875 0.0319058046875 0.7017281453125 0.0346424765625 0.685502121875 0.003951134375 0.6790366765625 0 0.6925433140624999 0 0.6983283046875
3 0.072611275 0.50471926875 0.0656256578125 0.5206432375000001 0.0945384984375 0.5317418375 0.1013362640625 0.5117588671875 0.072611275 0.50471926875
3 0.13245728437499998 0.3283473984375 0.12623253125 0.34456343437500003 0.1576847375 0.3513209484375 0.16238776093750001 0.334520775 0.13245728437499998 0.3283473984375
3 0.1458555078125 0.30026639374999997 0.1395023671875 0.3190910765625 0.16791111718750001 0.3246803171875 0.1748967359375 0.3087563484375 0.1458555078125 0.30026639374999997
3 0.16529063125000001 0.25191035 0.1578603890625 0.2689926078125 0.18797872031250001 0.2792249875 0.1958535890625 0.2609844421875 0.16529063125000001 0.25191035
3 0.1728492609375 0.23221944843750003 0.1666245078125 0.248435484375 0.1964266 0.257217509375 0.20157425 0.239259046875 0.1728492609375 0.23221944843750003
3 0.1785699234375 0.210494053125 0.17190054375 0.227868378125 0.204558240625 0.23375967343749998 0.2091328796875 0.21956814531250002 0.1785699234375 0.210494053125
3 0.1856244609375 0.185293790625 0.1801605703125 0.201801896875 0.210723528125 0.2108759890625 0.215426553125 0.194075815625 0.1856244609375 0.185293790625
3 0.1967995578125 0.1630042296875 0.19013017968749998 0.1803785546875 0.2187267828125 0.1900267984375 0.2249515359375 0.1738107609375 0.1967995578125 0.1630042296875
3 0.22144180000000002 0.1033573703125 0.214772421875 0.120731696875 0.24140267031249998 0.13095409062500002 0.247755809375 0.1121294078125 0.22144180000000002 0.1033573703125
3 0.209624771875 0.138690159375 0.2025107671875 0.1572227734375 0.2288247765625 0.1659948109375 0.23593877968750002 0.1474621953125 0.209624771875 0.138690159375