0 0.9619422953125 0.8979077296875 0.963032253125 0.8938748671875001 0.954687690625 0.88788119375 0.9532854140625 0.8919524031250001 0.9619422953125 0.8979077296875
3 0.30352058125000003 0.9292340453125 0.3010985421875 0.92758191875 0.2987771359375 0.9344953078125 0.3011520125 0.9357633218749999 0.30352058125000003 0.9292340453125
3 0.24427121718749997 0.875294153125 0.24216149374999998 0.8736036796875 0.2388559703125 0.8802479984374999 0.2410128578125 0.882322584375 0.24427121718749997 0.875294153125
3 0.23825436875 0.8701843828125 0.2352076921875 0.8686089515625 0.2323559765625 0.8763672578125 0.2347308515625 0.8776352718749999 0.23825436875 0.8701843828125
3 0.22588531875 0.8701434984375 0.22768272343749998 0.8718723203125001 0.2310354109375 0.8656121140625 0.228878525 0.8635375281250001 0.22588531875 0.8701434984375
3 0.22127705312499998 0.8687598062499999 0.22437089375000002 0.8707193484375001 0.2278472453125 0.862884346875 0.2254252046875 0.8612322203125 0.22127705312499998 0.8687598062499999
3 0.2183310109375 0.8757498874999999 0.220487896875 0.877824475 0.2237934203125 0.87118015625 0.2213242171875 0.8691439187500001 0.2183310109375 0.8757498874999999
3 0.22178433125 0.8780551953125 0.223894053125 0.8797456703125001 0.22688725937499998 0.8731397 0.22508985468749998 0.871410878125 0.22178433125 0.8780551953125
3 0.230605734375 0.8750225484374999 0.2284016859375 0.8725638484375 0.2251904875 0.879976390625 0.2276125296875 0.88162851875 0.230605734375 0.8750225484374999
3 0.23134882656250003 0.8862384999999999 0.23345855000000001 0.887928975 0.23729438281249998 0.8804397375 0.234825178125 0.878403496875 0.23134882656250003 0.8862384999999999
3 0.24166162500000002 0.8927703109375 0.2444431453125 0.894768203125 0.246858878125 0.888623040625 0.2443896734375 0.8865868015625 0.24166162500000002 0.8927703109375
3 0.278805515625 0.9190119671874999 0.2815398734375 0.9206257453125 0.28390844375 0.9140964703125001 0.28148640468749997 0.91244434375 0.278805515625 0.9190119671874999
3 0.3073333828125 0.93188511875 0.3045046984375 0.9295031140625 0.3019181359375 0.9368389625000001 0.30469965781249997 0.9388368546875 0.3073333828125 0.93188511875
3 0.2908852796875 0.9089508875 0.28846323906250004 0.9072987609375 0.28578234999999996 0.9138663828125001 0.288157228125 0.9151344 0.2908852796875 0.9089508875
3 0.30484114687499997 0.939989190625 0.3071688609375 0.9408730921874999 0.310380059375 0.9334605500000001 0.3082703359375 0.931770075 0.30484114687499997 0.939989190625
3 0.3135682234375 0.93618831875 0.3115056640625 0.9348819562499999 0.30904276875000003 0.94064300625 0.31110532812499997 0.9419493687499999 0.3135682234375 0.93618831875
3 0.31702154375 0.9384936265625001 0.31428718437500003 0.936879846875 0.311965778125 0.943793234375 0.3146058109375 0.9446387875 0.31702154375 0.9384936265625001
3 0.213458690625 0.895453390625 0.21530325781249998 0.897566325 0.21851445468750003 0.8901537828125001 0.21649905937499997 0.8892315328124999 0.213458690625 0.895453390625
3 0.2169120109375 0.897758696875 0.21911605937499998 0.900217396875 0.2225924109375 0.89238239375 0.22048268750000002 0.8906919203125 0.2169120109375 0.897758696875
3 0.223335503125 0.9035983468750001 0.22575754374999998 0.9052504734375001 0.22911023125000002 0.8989902671875001 0.22673535312499998 0.8977222515625 0.223335503125 0.9035983468750001
3 0.227319134375 0.905058734375 0.22974117343749997 0.9067108609375 0.23273437812500003 0.9001048890625001 0.23062465625 0.898414415625 0.227319134375 0.905058734375
3 0.2699967296875 0.9376391937499999 0.27299624218749996 0.9388305125 0.27541197500000003 0.9326853484375001 0.2728484453125 0.9298808859375001 0.2699967296875 0.9376391937499999
3 0.27877096875 0.9342224328125001 0.276348928125 0.93257030625 0.2734500484375 0.9399445015625 0.27555977187499997 0.9416349765625001 0.27877096875 0.9342224328125001
3 0.28057468124999996 0.9437485453125 0.282684403125 0.9454390187499999 0.2854124546875 0.9392555093749999 0.2835207234375 0.9367584624999999 0.28057468124999996 0.9437485453125
3 0.26361819999999997 0.8908541890624999 0.26119615937499996 0.8892020625000001 0.2587332640625 0.8949631124999999 0.261467621875 0.896576890625 0.26361819999999997 0.8908541890624999
3 0.29215868125 0.9193219203125 0.294893040625 0.9209357 0.297621090625 0.9147521890625001 0.2951518875 0.9127159484374999 0.29215868125 0.9193219203125
3 0.2901863390625 0.952315959375 0.292343225 0.9543905468749999 0.295242103125 0.947016353125 0.29286722656249997 0.9457483375000001 0.2901863390625 0.952315959375
3 0.265902859375 0.8578218015625 0.2636988109375 0.855363103125 0.2607527703125 0.862353184375 0.2625973359375 0.86446611875 0.265902859375 0.8578218015625
3 0.23936105156249998 0.8482139203125 0.236844684375 0.8457935687499999 0.23447611406250002 0.85232284375 0.23689815625000002 0.8539749703125 0.23936105156249998 0.8482139203125
3 0.23586056875 0.8455245 0.23375084531249998 0.8438340265625 0.230350996875 0.84971011875 0.23246071875 0.85140059375 0.23586056875 0.8455245
3 0.2399143921875 0.837228690625 0.2374451890625 0.8351924500000001 0.23454630937499998 0.8425666453125 0.2362965515625 0.8439113562499999 0.2399143921875 0.837228690625
3 0.24310255781249998 0.8399564578125001 0.2403210359375 0.8379585671875001 0.23773447499999997 0.8452944140625 0.2401565140625 0.8469465406250001 0.24310255781249998 0.8399564578125001
3 0.246508715625 0.841877653125 0.2441338375 0.8406096390625001 0.2414057859375 0.8467931484375001 0.2444053 0.8479844671875 0.246508715625 0.841877653125
3 0.249914871875 0.8437988484375 0.24758715625 0.8429149468749999 0.24481194374999998 0.84871434375 0.246874503125 0.8500207062499999 0.249914871875 0.8437988484375
3 0.2477821171875 0.852248684375 0.25015699375 0.8535166984375 0.25252556406250004 0.846987425 0.250463003125 0.8456810625 0.2477821171875 0.852248684375
3 0.2560732109375 0.8500609562499999 0.25360400625 0.84802471875 0.25097028125 0.854976453125 0.253392321875 0.8566285796875001 0.2560732109375 0.8500609562499999
3 0.2538461296875 0.85774256875 0.2563624953125 0.8601629203125001 0.2593085375 0.8531728375000001 0.2568864984375 0.8515207109375 0.2538461296875 0.85774256875
3 0.262496703125 0.85590060625 0.2600746625 0.8542484781249999 0.25703429375 0.8604703375 0.2600809703125 0.86204576875 0.262496703125 0.85590060625
3 0.3237908046875 0.9084197265625 0.32652516249999997 0.9100335062499999 0.3300015140625 0.902198503125 0.3269076734375 0.900238959375 0.3237908046875 0.9084197265625
3 0.29565916406250004 0.922011340625 0.29808120625 0.9236634671875 0.30102724687500004 0.916673384375 0.298340053125 0.91544371875 0.29565916406250004 0.922011340625
3 0.30868108906249997 0.8989677734375 0.3063062109375 0.8976997593749999 0.3042971234375 0.9045747984375 0.306672 0.9058428125000001 0.30868108906249997 0.8989677734375
3 0.31307136406249997 0.9011580374999999 0.3098831984375 0.8984302703125 0.30739096250000003 0.9065343421875 0.3097186765625 0.9074182437499999 0.31307136406249997 0.9011580374999999
3 0.31872873125 0.9059220453125001 0.3165246828125 0.9034633453125 0.3138909578125 0.9104150796875 0.3163129984375 0.9120672078125001 0.31872873125 0.9059220453125001
3 0.3222292140625 0.9086114656250001 0.3201194921875 0.906920990625 0.31717344999999997 0.9139110734375 0.319283171875 0.9156015484375001 0.3222292140625 0.9086114656250001
3 0.325776859375 0.9116849984375 0.3229481765625 0.9093029937500001 0.3200964609375 0.9170613015625 0.3224713375 0.9183293156250001 0.325776859375 0.9116849984375
3 0.32896502656250004 0.9144127671875 0.326495821875 0.912376528125 0.3235026171875 0.9189824968750001 0.3256123390625 0.920672971875 0.32896502656250004 0.9144127671875
3 0.312707771875 0.934344453125 0.31508265 0.9356124671874999 0.31660859218750004 0.929966459375 0.3145460328125 0.928660096875 0.312707771875 0.934344453125
3 0.308535490625 0.9313476140624999 0.3106923765625 0.933422203125 0.314575371875 0.9263170765625001 0.3118410140625 0.924703296875 0.308535490625 0.9313476140624999
3 0.30757440625 0.9209382359375 0.305105203125 0.918901996875 0.3018940046875 0.9263145390625 0.304003728125 0.9280050140625 0.30757440625 0.9209382359375
3 0.30416825 0.9190170406249999 0.30174620937499996 0.9173649140625001 0.29853501250000003 0.92477745625 0.30122220624999996 0.9260071218749999 0.30416825 0.9190170406249999
3 0.2862320484375 0.9485125515625 0.288388934375 0.9505871375 0.291334978125 0.94359705625 0.289225253125 0.9419065812499999 0.2862320484375 0.9485125515625
3 0.29345100625 0.9530848187500001 0.295873046875 0.9547369453125001 0.298913415625 0.9485150875 0.29680369375 0.9468246140625001 0.29345100625 0.9530848187500001
3 0.249096375 0.8552065390625 0.247033815625 0.8539001765625001 0.243946284375 0.8597379234375 0.24569652656250002 0.861082634375 0.249096375 0.8552065390625
0 0.067552153125 0.22869847187499998 0.0690015921875 0.22501137187500003 0.061110834375 0.22013168906249997 0.0596142328125 0.22343467343749998 0.067552153125 0.22869847187499998
3 0.17675297968749998 0.9089280578125001 0.175350703125 0.9129992687499999 0.1823988328125 0.9187622203125001 0.18420775312499998 0.9154208875000001 0.17675297968749998 0.9089280578125001
3 0.1003502640625 0.8676217171875 0.1015817125 0.8647411921874999 0.094221265625 0.8590165890625 0.09334929843749999 0.8622428781249999 0.1003502640625 0.8676217171875
3 0.07838327187500001 0.895272728125 0.07679234375 0.8978074890625001 0.08137126875 0.9015342046875 0.0832273515625 0.8985769828124999 0.07838327187500001 0.895272728125
0 0.23084288437499997 0.5696992375 0.2293934453125 0.5733863343750001 0.23836264375 0.5793033125 0.2397649203125 0.5752321031250001 0.23084288437499997 0.5696992375
0 0.2902274296875 0.6169941765625 0.291411715625 0.613729540625 0.2843164234375 0.607582475 0.2826489921875 0.6120761453125 0.2902274296875 0.6169941765625
3 0.1635089015625 0.52221065625 0.1605272125 0.5237464703125 0.1634387078125 0.5319668546874999 0.16579576093749998 0.530507734375 0.1635089015625 0.52221065625
0 0.12745358281250002 0.3550802921875 0.1293096640625 0.352123071875 0.1214189078125 0.3472433875 0.1202346234375 0.350508025 0.12745358281250002 0.3550802921875
1 1 0.78514075625 0.9433893890625 0.7442244671875 0.8971298875 0.83997205625 0.9697795812500001 0.8946060140625001 1 0.8394556390625001 1 0.78514075625
3 0.2964453109375 0.9671435828125 0.2994919875 0.9687190140625 0.302172875 0.9621513921875 0.299438515625 0.9605376124999999 0.2964453109375 0.9671435828125
1 0.821804515625 0.779038275 0.8902232484375 0.8353614390624999 0.941792153125 0.7389619374999999 0.8661251234374999 0.680409528125 0.821804515625 0.779038275
1 0.7388713640625 0.715529484375 0.814025909375 0.7776539484375 0.8603619124999999 0.6799474515624999 0.7827266500000001 0.6208569015625 0.7388713640625 0.715529484375
1 0.658395903125 0.6591270875 0.730061478125 0.7134919765625 0.7792261671875 0.61816748125 0.7020447109375 0.5601909234375 0.658395903125 0.6591270875
1 0.5778082890625 0.59922933125 0.65326884375 0.653518159375 0.695697721875 0.552392365625 0.616943159375 0.4996777 0.5778082890625 0.59922933125
1 0.49561192500000006 0.539139203125 0.57063649375 0.5950411765625 0.6162828765625 0.494300128125 0.5386832609375001 0.440663846875 0.49561192500000006 0.539139203125
1 0.41457050625 0.4781274578125 0.48809847343749996 0.5373324171875 0.538789103125 0.43636191562500004 0.4603290359375 0.38088176875 0.41457050625 0.4781274578125
1 0.33559164375 0.41842207656249997 0.408023346875 0.4738626078125 0.45632758281249997 0.3766942484375 0.37699555 0.324440390625 0.33559164375 0.41842207656249997
1 0.25740825 0.357449315625 0.33321676875 0.4171540625 0.37228665 0.314491184375 0.3021826640625 0.25993455625 0.25740825 0.357449315625
1 0.1731021609375 0.29566871093749997 0.24331830000000002 0.3537206984375 0.2958063328125 0.25447902031249997 0.2185955375 0.1988454828125 0.1731021609375 0.29566871093749997
1 0.0941882890625 0.23907457499999998 0.1736439859375 0.28975363593750003 0.2095498359375 0.19488741406250001 0.13282849531250002 0.1458221328125 0.0941882890625 0.23907457499999998
3 0.292944828125 0.9644541625 0.2954140328125 0.9664904015625 0.2981892453125 0.9606910046875001 0.29572004218750003 0.958654765625 0.292944828125 0.9644541625
3 0.29673349843749997 0.9565808125 0.2992027015625 0.9586170515625 0.302272409375 0.9500521703125001 0.30011552343750003 0.947977584375 0.29673349843749997 0.9565808125
3 0.24280615156250002 0.9175835843750001 0.24558767499999998 0.9195814765625 0.2482213984375 0.912629740625 0.24615883906249997 0.9113233796875001 0.24280615156250002 0.9175835843750001
3 0.3063503640625 0.9522807828125 0.3032565265625 0.9503212390625 0.3005934625 0.959615996875 0.3029683390625 0.9608840109375001 0.3063503640625 0.9522807828125
3 0.3040467828125 0.9619213046875 0.3063744953125 0.96280520625 0.3087902296875 0.9566600453125 0.3064153515625 0.95539203125 0.3040467828125 0.9619213046875
3 0.209263378125 0.9025968625 0.21177974375000003 0.9050172156249999 0.2150852671875 0.898372896875 0.21292838125000002 0.8962983093749999 0.209263378125 0.9025968625
3 0.219210384375 0.9009856218750001 0.2164288640625 0.8989877296875 0.213123340625 0.90563205 0.21559254375 0.9076682875 0.219210384375 0.9009856218750001
3 0.21662382343750003 0.90832146875 0.21926385625 0.9091670234375 0.2216795890625 0.9030218609375 0.21925754843749998 0.9013697328125 0.21662382343750003 0.90832146875
3 0.2197648265625 0.9106651250000001 0.22192171093750002 0.9127397109375 0.22496207968749998 0.906517853125 0.22307035000000003 0.9040208062499999 0.2197648265625 0.9106651250000001
3 0.2292108640625 0.9075557812499999 0.2261641890625 0.9059803499999999 0.22343613750000002 0.9121638593749999 0.225905340625 0.9142000984375 0.2292108640625 0.9075557812499999
3 0.23244619218749998 0.9106676609375001 0.229929825 0.9082473109375 0.22631198437500002 0.9149299750000001 0.2287811890625 0.9169662140625 0.23244619218749998 0.9106676609375001
3 0.2302191125 0.9183492718749999 0.23228167187499998 0.919655634375 0.23580518593750002 0.9122047437499999 0.233789790625 0.9112824953124999 0.2302191125 0.9183492718749999
3 0.2330006328125 0.9203471640625001 0.23537550937499999 0.9216151796875 0.2388990265625 0.9141642875 0.236476984375 0.9125121609375 0.2330006328125 0.9203471640625001
3 0.23565848749999999 0.923919853125 0.23808052968750001 0.9255719796875 0.24160404375 0.9181210875 0.239134840625 0.9160848484375 0.23565848749999999 0.923919853125
3 0.2894443453125 0.9617647421875001 0.292178703125 0.9633785218750001 0.29428211875 0.9572717078125 0.292219559375 0.9559653453125 0.2894443453125 0.9617647421875001
3 0.24536968125 0.92038805 0.24258816093750002 0.9183901562499999 0.2393769640625 0.9258027 0.242423640625 0.92737813125 0.24536968125 0.92038805
3 0.24877583906249998 0.9223092453125 0.24604148124999997 0.9206954656249999 0.24229997343749998 0.928952928125 0.24534665000000003 0.930528359375 0.24877583906249998 0.9223092453125
3 0.25191684062499997 0.9246529000000001 0.24980711875 0.9229624265625 0.2467667515625 0.9291842828125001 0.249235953125 0.931220521875 0.25191684062499997 0.9246529000000001
3 0.2532845703125 0.93579215625 0.255299965625 0.9367144062499999 0.257621371875 0.9298010187499999 0.2556059765625 0.92887876875 0.2532845703125 0.93579215625
3 0.2564727359375 0.9385199234374999 0.2591127671875 0.9393654796875 0.2611218546875 0.9324904390625001 0.259106459375 0.9315681890624999 0.2564727359375 0.9385199234374999
0 0.2593485828125 0.9412860406249999 0.2614111421875 0.942592403125 0.2650761453125 0.9362938484375001 0.2626541046875 0.934641721875 0.2593485828125 0.9412860406249999
3 0.2624424203125 0.9432455843750001 0.2648644609375 0.9448977109375001 0.26896544843750003 0.9369860109375001 0.2667614 0.9345273125 0.2624424203125 0.9432455843750001
3 0.2664732140625 0.9450900843750001 0.26884809062500004 0.9463580984375 0.2717941328125 0.9393680156249999 0.269637246875 0.937293428125 0.2664732140625 0.9450900843750001
3 0.26956705312499996 0.9470496265625 0.271676775 0.9487401015625 0.27493513593749996 0.941711671875 0.27313773124999996 0.93998285 0.26956705312499996 0.9470496265625
3 0.2730675359375 0.949739046875 0.2754424125 0.9510070609374999 0.2781233015625 0.9444394390624999 0.276013578125 0.9427489640625 0.2730675359375 0.949739046875
3 0.245813884375 0.8517105468749999 0.24343900624999998 0.8504425328125 0.2408524453125 0.8577783812499999 0.24296216718750002 0.8594688546875 0.245813884375 0.8517105468749999
3 0.3151610640625 0.8587919109375 0.31264469687499996 0.8563715609375 0.30974581875 0.8637457546875 0.31212069374999996 0.8650137687499999 0.3151610640625 0.8587919109375
3 0.9684422921875001 0.9017884687500001 0.9696737390625 0.8989079437499999 0.964110696875 0.8949121625 0.9629264109375001 0.8981767984375001 0.9684422921875001 0.9017884687500001
3 0.466648128125 0.9719789140625 0.46429107500000005 0.9734380343750001 0.466966753125 0.9797378562500001 0.46905865156250004 0.9787011984375 0.466648128125 0.9719789140625
3 0.454103040625 0.9859961593750001 0.455835459375 0.9846137359375 0.45325410625 0.9790821390625 0.4515216890625 0.9804645624999999 0.454103040625 0.9859961593750001
3 0.45617711562499996 0.9822323671875001 0.4584870078125 0.9803891359374999 0.4554990109375 0.9741276609374999 0.45273531250000004 0.974856903125 0.45617711562499996 0.9822323671875001
3 0.45865783593750004 0.9791984515625 0.460702571875 0.9777776796875 0.4576202484375 0.9707479796875 0.4555755140625 0.9721687515624999 0.45865783593750004 0.9791984515625
3 0.46037243125 0.9750888921875 0.462776646875 0.9740138843749999 0.4596471609375 0.966600075 0.45760242656249994 0.9680208453124999 0.46037243125 0.9750888921875
3 0.46270535312499994 0.96310535 0.4597708265625 0.9650252781249999 0.46307114218749995 0.9712484031249999 0.46516304062499997 0.97021174375 0.46270535312499994 0.96310535
3 0.45916050156250005 1 0.45660789218750003 0.993486665625 0.45389135625000004 0.9946000203124999 0.455697128125 1 0.45916050156250005 1
3 0.45777435312500003 0.9874948953124999 0.45515214375 0.989376475 0.45864111249999995 0.9971360499999999 0.4616228015625 0.9956002343750001 0.45777435312500003 0.9874948953124999
3 0.45881714999999995 0.9830779218749999 0.45703756875 0.9840762328125001 0.4600255640625 0.9903377062500001 0.4621174640625 0.9893010468749999 0.45881714999999995 0.9830779218749999
3 0.46182817812500004 0.979199084375 0.4595182875 0.9810423171875 0.4622411296875 0.98772625 0.4651756546875 0.9858063234375001 0.46182817812500004 0.979199084375
3 0.4641674078125 0.9750128312499999 0.462122671875 0.9764336015625 0.46479834999999997 0.9827334249999999 0.46689024999999995 0.981696765625 0.4641674078125 0.9750128312499999
3 0.4682212328125 0.9667170203125 0.46586417812500003 0.9681761390625001 0.46863418437500004 0.9752441859375001 0.4709440734375 0.9734009546875001 0.4682212328125 0.9667170203125
3 0.45069167656250003 0.9969424078125 0.4530487296875 0.9954832890624999 0.44970125312500003 0.98887605 0.4473913609375 0.9907192828125 0.45069167656250003 0.9969424078125
3 0.4705133 0.9621466546875 0.468156246875 0.9636057750000001 0.4706139328125 0.9707121687500001 0.47292382499999996 0.9688689374999999 0.4705133 0.9621466546875
3 0.4645614375 0.9601481296875001 0.4625167015625 0.9615689015625 0.465050890625 0.9667163859375 0.4670956265625 0.9652956140625 0.4645614375 0.9601481296875001
3 0.4329965984375 1 0.43274806874999994 0.997975896875 0.42739150156249994 0.9982436968749999 0.4276071484375 1 0.4329965984375 1
3 0.43004305 0.994019096875 0.43042035468749995 0.99709199375 0.436136403125 0.9971699578125 0.436071415625 0.9940587125 0.43004305 0.994019096875
3 0.4320227984375 0.9894870796875 0.43208778593749997 0.992598325 0.43785099687500006 0.9930604015625001 0.43778601093749997 0.9899491546875 0.4320227984375 0.9894870796875
3 0.43369023125000006 0.9849934093750001 0.434020371875 0.9876821953125001 0.4397835828125 0.988144271875 0.439765759375 0.9854171375 0.43369023125000006 0.9849934093750001
3 0.4356699796875 0.9804613921875 0.43578213125 0.9839567499999999 0.4414510140625 0.9836506015625 0.441073709375 0.980577703125 0.4356699796875 0.9804613921875
3 0.43743173750000003 0.9767359453125 0.4374967234375 0.9798471921875 0.442853290625 0.9795793921874999 0.44310062187500004 0.976429796875 0.43743173750000003 0.9767359453125
3 0.43936432343750004 0.9718198156250001 0.43978879062500004 0.9752768265625 0.44555200156249997 0.975738903125 0.4457993328125 0.9725893093750001 0.43936432343750004 0.9718198156250001
3 0.45267142656250003 0.992410390625 0.45502847968750004 0.990951271875 0.4523056375 0.9842673375000001 0.449636265625 0.9857648046874999 0.45267142656250003 0.992410390625
3 0.44923833281250003 1 0.4506151734375 0.9989013171875 0.4476743390625 0.9930239562500001 0.44567676718750004 0.9948288390625001 0.44797445781249995 1 0.44923833281250003 1
3 0.4439956203125 0.9630631984375 0.444107771875 0.9665585562500001 0.450401290625 0.9661757124999999 0.45038346718750005 0.963448578125 0.4439956203125 0.9630631984375
3 0.2332901546875 0.6025405203124999 0.2356650328125 0.6038085343749999 0.237862771875 0.5984699453125 0.23575305000000002 0.5967794703125 0.2332901546875 0.6025405203124999
0 0.680719365625 0.6860187515625 0.681997978125 0.6835223390625 0.677106734375 0.6798339734375001 0.6761404421874999 0.6822920390625 0.680719365625 0.6860187515625
3 0.5908965875 0.7161528578125 0.58750825625 0.716958796875 0.5892648046875 0.7261007953124999 0.5921228265625 0.7261397765625001 0.5908965875 0.7161528578125
3 0.4466943328125 0.9592227093749999 0.4470716375 0.9622956078125 0.45242820312500004 0.9620278062500001 0.45236321718749994 0.9589165609375 0.4466943328125 0.9592227093749999
3 0.489306940625 0.988691921875 0.4912101875 0.9861188125 0.48406773281250004 0.9795876359375001 0.4825239671875 0.9825065093750001 0.489306940625 0.988691921875
3 0.30458305937499996 0.4085828421875 0.306126825 0.4056639671875 0.299579665625 0.40139911718750004 0.2987076984375 0.40462540625 0.30458305937499996 0.4085828421875
3 0.14119920625 0.9756780218750001 0.1402329109375 0.9781360875 0.1457959546875 0.98213186875 0.1468094109375 0.9800579171875 0.14119920625 0.9756780218750001
3 0.255842890625 0.9514640640625001 0.2546114421875 0.9543445890625 0.26137659375 0.9578028671875 0.26229572343749996 0.954960690625 0.255842890625 0.9514640640625001
3 0.2605388859375 0.829627578125 0.258476328125 0.828321215625 0.25642007499999997 0.83481214375 0.2581703171875 0.8361568546875 0.2605388859375 0.829627578125
3 0.2760552453125 0.8398094078125 0.2784772859375 0.841461534375 0.28094018125 0.8357004859374999 0.278470978125 0.833664246875 0.2760552453125 0.8398094078125
3 0.238900359375 0.6069204171875 0.2417290453125 0.6093024203125 0.244940240625 0.6018898765625 0.24278335625 0.5998152890624999 0.238900359375 0.6069204171875
3 0.44690404843750003 1 0.4456474265625 0.9971718609375 0.44360269218750004 0.9985926328125 0.44425944843750004 1 0.44690404843750003 1
3 0.03472203125 0.2066059890625 0.036218634374999996 0.2033030046875 0.028687359375 0.19876908437500002 0.027503073437499997 0.202033721875 0.03472203125 0.2066059890625
0 0.80443838125 0.7796109546875 0.805669828125 0.7767304296875001 0.7979499015625 0.7706600609375001 0.796547625 0.7747312703125 0.80443838125 0.7796109546875
0 0.9857267140625 0.9160421421875 0.9875827984375001 0.9130849218750001 0.9802223515625 0.907360315625 0.978820075 0.911431525 0.9857267140625 0.9160421421875
0 0.8240976828125 0.7951326421875 0.8256886109374999 0.7925978828125 0.8179215203125001 0.7861434 0.8165192421875 0.7902146109375 0.8240976828125 0.7951326421875
0 0.665666996875 0.979124628125 0.6681361984375 0.9811608671875 0.671347396875 0.9737483250000001 0.6691905109375 0.9716737375 0.665666996875 0.979124628125
0 0.4795348171875 0.5114805812500001 0.4790694953125 0.5154367484375 0.48778505625 0.51670603125 0.4882975421875 0.5131339781250001 0.4795348171875 0.5114805812500001
0 0.55212693125 0.5914653171875 0.553623534375 0.5881623328125001 0.5458092812500001 0.5813237375 0.5438295296875 0.5858557546875 0.55212693125 0.5914653171875
3 0.5783309562500001 0.8978309937500001 0.5799218859375 0.8952962328125 0.5738107109375 0.8894182374999999 0.572048953125 0.8931436828124999 0.5783309562500001 0.8978309937500001
3 0.442375353125 0.9679409796874999 0.44270549531250003 0.9706297656249999 0.44873386093749995 0.9706693812499999 0.44907551718749994 0.9682880125000001 0.442375353125 0.9679409796874999
3 0.310770790625 0.856601646875 0.30902054843750004 0.8552569374999999 0.306651978125 0.8617862109375001 0.3084022203125 0.863130921875 0.310770790625 0.856601646875
3 0.27219528125000003 0.8367742234375 0.274976803125 0.8387721156250001 0.2774396984375 0.8330110656249999 0.27497049375 0.830974825 0.27219528125000003 0.8367742234375
3 0.3183366125 0.8459251 0.32018118125 0.8480380359374999 0.32348670468749996 0.8413937171875 0.3210646640625 0.839741590625 0.3183366125 0.8459251
3 0.242777625 0.8244002265624999 0.244527865625 0.8257449375 0.247521071875 0.8191389671874999 0.24514619375 0.817870953125 0.242777625 0.8244002265624999
3 0.2455821765625 0.8162578078125 0.24809854374999998 0.818678159375 0.25251185 0.8107281125 0.24910569374999997 0.8088069171875001 0.2455821765625 0.8162578078125
3 0.24984878593749998 0.82002286875 0.25191134531250003 0.82132923125 0.25499887656250003 0.8154914859375 0.25226451875 0.8138777078125001 0.24984878593749998 0.82002286875
3 0.257780396875 0.8174893765625001 0.2557178390625 0.816183015625 0.253567259375 0.8219057171875 0.2553175015625 0.8232504265625 0.257780396875 0.8174893765625001
3 0.256130790625 0.8247101796875 0.258287675 0.8267847671874999 0.2610157265625 0.8206012578124999 0.258499359375 0.81818090625 0.256130790625 0.8247101796875
3 0.2643747203125 0.822138340625 0.261905515625 0.8201021015625001 0.25931895625 0.8274379484375001 0.26142867812500004 0.829128421875 0.2643747203125 0.822138340625
3 0.26796952812499997 0.825595984375 0.26581264375 0.8235213984374999 0.262772275 0.8297432562499999 0.26488199687499997 0.8314337296875 0.26796952812499997 0.825595984375
3 0.2663199203125 0.8328167875 0.2683824796875 0.8341231515624999 0.270533059375 0.8284004484375 0.2684233359375 0.8267099734375 0.2663199203125 0.8328167875
3 0.2746110140625 0.8306290609375001 0.2717823296875 0.8282470562500001 0.2691014421875 0.8348146812499999 0.2715234828125 0.8364668078124999 0.2746110140625 0.8306290609375001
3 0.25111587968750004 0.8225966124999999 0.24900615781250002 0.8209061375 0.24623094375000001 0.826705534375 0.24829350312499998 0.8280118968749999 0.25111587968750004 0.8225966124999999
3 0.3111648171875 0.8417369453125 0.3133688671875 0.84419564375 0.3171103734375 0.8359381812500001 0.314688334375 0.8342860546875001 0.3111648171875 0.8417369453125
3 0.2547400296875 0.823711234375 0.252005671875 0.8220974562500001 0.2495899375 0.82824261875 0.252324296875 0.8298563968750001 0.2547400296875 0.823711234375
3 0.257710203125 0.8272455750000001 0.2551938359375 0.8248252234375 0.25224779375 0.83181530625 0.2556067875 0.8333523890625001 0.257710203125 0.8272455750000001
3 0.264180859375 0.8334693359375 0.26166449375 0.831048984375 0.2586241234375 0.83727084375 0.26104616406250003 0.8389229703125001 0.264180859375 0.8334693359375
3 0.267946496875 0.835736296875 0.2654301296875 0.8333159453125001 0.262436925 0.839921915625 0.264858965625 0.8415740421875 0.267946496875 0.835736296875
3 0.2704157015625 0.8377725359375001 0.2686182953125 0.8360437125000001 0.2664677171875 0.841766415625 0.268217959375 0.8431111250000001 0.2704157015625 0.8377725359375001
3 0.27439932968749997 0.8392329234375 0.2717121359375 0.83800325625 0.269873875 0.8436876109375 0.271889271875 0.8446098609374999 0.27439932968749997 0.8392329234375
3 0.28487664687500003 0.8367767609375001 0.282766925 0.8350862859375001 0.280038875 0.8412697953125001 0.28246091406249996 0.8429219218749999 0.28487664687500003 0.8367767609375001
3 0.2824787390625 0.8456490562500001 0.284853615625 0.8469170703125 0.2871750234375 0.840003684375 0.28501813593750003 0.8379290968750001 0.2824787390625 0.8456490562500001
3 0.291736125 0.8410032640624999 0.28890744062499996 0.8386212609375001 0.2858377328125 0.8471861390625 0.2883069359375 0.8492223781250001 0.291736125 0.8410032640624999
3 0.30636379062499997 0.8723489828125001 0.3090509875 0.87357865 0.3117318734375 0.8670110265625001 0.30935699687499996 0.8657430125 0.30636379062499997 0.8723489828125001
3 0.3148361296875 0.84323568125 0.3175704875 0.844849459375 0.32034570156250003 0.8390500624999999 0.31756418124999997 0.8370521703125 0.3148361296875 0.84323568125
3 0.30819464375 0.8382026046875 0.3103043671875 0.8398930796874999 0.31289092812499997 0.8325572328125 0.31082836875000003 0.8312508703124999 0.30819464375 0.8382026046875
3 0.41781219375 0.933136346875 0.416675071875 0.936785096875 0.42370537812500003 0.9398209171874999 0.4243121890625 0.9370170859375 0.41781219375 0.933136346875
3 0.2615805828125 0.8045458703125 0.26400262343750003 0.806197996875 0.26721382031249996 0.7987854546875 0.2644794625 0.7971716765625 0.2615805828125 0.8045458703125
3 0.4217130125 0.9287583546875 0.4195446125 0.9317539234375 0.42453018125 0.9362105140624999 0.42669858281249995 0.9332149453125 0.4217130125 0.9287583546875
3 0.4238814140625 0.9257627875000001 0.422915121875 0.9282208515624999 0.4277592015625 0.9315251046874999 0.42908497656250005 0.9294128046875001 0.4238814140625 0.9257627875000001
3 0.4259083265625 0.92161488125 0.42441172343750005 0.9249178671875 0.429208640625 0.9278380078125 0.4308467328125 0.9256873593750001 0.4259083265625 0.92161488125
3 0.4274814328125 0.9163529859375 0.426297146875 0.9196176250000001 0.43118839062500003 0.9233059906250001 0.43330962968750003 0.919926309375 0.4274814328125 0.9163529859375
3 0.3833755171875 0.9521809609374999 0.3816137609375 0.9559064062499999 0.3868644859375 0.9599405359375 0.3883610890625 0.95663755 0.3833755171875 0.9521809609374999
3 0.3775001578125 0.9482235265625001 0.37581490156249997 0.9499900625000001 0.381878915625 0.9554839453125 0.38284520781250003 0.95302588125 0.3775001578125 0.9482235265625001
3 0.25669454687500004 0.787990059375 0.2597412234375 0.789565490625 0.26352989375 0.7816921406249999 0.26043605468750003 0.779732596875 0.25669454687500004 0.787990059375
0 0.2714626046875 0.7998233828125 0.27527540625 0.8024744546875 0.277767640625 0.794370384375 0.27493895625000003 0.7919883796875 0.2714626046875 0.7998233828125
3 0.260042025 0.7945973000000001 0.2575728234375 0.7925610609375 0.255204253125 0.799090334375 0.25757912968749996 0.80035835 0.260042025 0.7945973000000001
3 0.263495346875 0.7969026078125 0.2613856234375 0.7952121328125 0.25834525468749997 0.8014339906249999 0.2607672953125 0.8030861171874999 0.263495346875 0.7969026078125
3 0.2649102375 0.8084259749999999 0.2672851140625 0.8096939890625 0.26977734999999997 0.8015899187500001 0.26749679843749996 0.801090128125 0.2649102375 0.8084259749999999
3 0.3038515359375 0.836396453125 0.30668021875 0.83877845625 0.3104688890625 0.83090510625 0.3073278875 0.8285614515624999 0.3038515359375 0.836396453125
3 0.2737609796875 0.80305030625 0.2713389390625 0.8013981796874999 0.26848722343750003 0.8091564859375 0.2708621 0.8104245000000001 0.2737609796875 0.80305030625
3 0.2716753890625 0.8118842546874999 0.274409746875 0.813498034375 0.27709063437500003 0.8069304109375001 0.27426195 0.8045484078125 0.2716753890625 0.8118842546874999
3 0.2744275703125 0.8162251671874999 0.27711476562500004 0.8174548343750001 0.2807619453125 0.8084291453124999 0.27798042343749996 0.8064312546875 0.2744275703125 0.8162251671874999
3 0.28363779375 0.8111952625000001 0.28148090625 0.809120675 0.2788471828125 0.8160724109374999 0.2808154171875 0.8166105484375 0.28363779375 0.8111952625000001
3 0.2865608046875 0.814345490625 0.28445108124999996 0.812655015625 0.28145787499999997 0.8192609859375001 0.2835204359375 0.8205673484375 0.2865608046875 0.814345490625
3 0.28406856875000003 0.8224495624999999 0.286537771875 0.8244858 0.28965464218750003 0.8163050343749999 0.28749775624999996 0.814230446875 0.28406856875000003 0.8224495624999999
3 0.2934202796875 0.81857199375 0.2909982390625 0.8169198671875 0.28875333593749997 0.8218743453125 0.29091022187500004 0.82394893125 0.2934202796875 0.81857199375
3 0.29598381093750004 0.8213764578125 0.2939212515625 0.8200700953125001 0.2912403625 0.8266377171875 0.293615240625 0.8279057312500001 0.29598381093750004 0.8213764578125
3 0.2946465203125 0.8285589124999999 0.29711572343750003 0.8305951531250001 0.2998437734375 0.8244116421875001 0.2970622515625 0.8224137515625 0.2946465203125 0.8285589124999999
3 0.301553159375 0.8331695296875001 0.3033505640625 0.8348983515624999 0.30629660625 0.8279082687500001 0.304234046875 0.82660190625 0.301553159375 0.8331695296875001
1 0.0248964890625 0.1653129671875 0.0828609359375 0.2139519828125 0.11710045312499999 0.1442441640625 0.057232759375 0.09817825625 0.0248964890625 0.1653129671875