0 0.46966762656250005 0.0494254640625 0.48470356406250004 0.0520275453125 0.4980363171875 0.022793959375 0.4795905828125 0.0209202203125 0.46966762656250005 0.0494254640625
1 0.20724344062500002 0.7785382937499999 0.1452288671875 0.7716600859375 0.137271540625 0.7948261046875 0.2009673078125 0.8017924203125 0.20724344062500002 0.7785382937499999
3 0.340135990625 0.20499718906250003 0.3422438375 0.1969442953125 0.3087621640625 0.1924684734375 0.3049257171875 0.2013378171875 0.340135990625 0.20499718906250003
3 0.3781432046875 0.1552877734375 0.37856985625 0.147146771875 0.344993371875 0.14448006093750002 0.344614125 0.151716509375 0.3781432046875 0.1552877734375
3 0.3787594796875 0.14352854843750001 0.380867325 0.1354756546875 0.34570445781250003 0.13091172499999998 0.3452304 0.139957284375 0.3787594796875 0.14352854843750001
3 0.2125005859375 0.32438668437499996 0.21292723750000003 0.3162456828125 0.1843943375 0.313843296875 0.185601475 0.3229769609375 0.2125005859375 0.32438668437499996
3 0.18064928281249998 0.38530319999999996 0.1843909171875 0.37824296875 0.154271634375 0.3739433640625 0.1488014 0.3818200421875 0.18064928281249998 0.38530319999999996
3 0.28187820625 0.35160565625 0.2872536296875 0.3455380890625 0.2553583390625 0.3429594875 0.2550264984375 0.3492913765625 0.28187820625 0.35160565625
0 0.44765278124999996 0.3729920953125 0.45312301718750003 0.3651154171875 0.39456564375 0.35660431406250004 0.3940915859375 0.3656498703125 0.44765278124999996 0.3729920953125
3 1 0.23521834375 0.9897153375000001 0.2589950828125 1 0.26003981249999997 1 0.23521834375
3 0.6648401390625 0.28187886406249996 0.6481704109375 0.27828411875 0.6435280671875 0.302530909375 0.6604348234375 0.301602875 0.6648401390625 0.28187886406249996
1 0.36110743749999996 0.8020216453125 0.2892427265625 0.790092015625 0.2778281984375 0.8148909296875001 0.351421509375 0.8260041125 0.36110743749999996 0.8020216453125
3 0.25628788125 0.2287211421875 0.2599821109375 0.2225654671875 0.231591428125 0.2174494125 0.22948358125 0.22550230624999998 0.25628788125 0.2287211421875
1 0.4349377796875 0.8086120515624999 0.36470685625 0.797675084375 0.35315011093750004 0.8251876656249999 0.4216524328125 0.83694108125 0.4349377796875 0.8086120515624999
1 0.5820295921875001 0.8326475296875 0.5118934796875 0.81990145 0.500289328125 0.8483185890625 0.5687916515625 0.8600720046875001 0.5820295921875001 0.8326475296875
1 0.6554806859375 0.8464743796875001 0.5886595578125 0.8348090718750001 0.5755164296874999 0.860424434375 0.6423375578125 0.8720897421875 0.6554806859375 0.8464743796875001
1 0.5516449171875 0.0292316265625 0.618276421875 0.0445151578125 0.6345923171875001 0.022694234375 0.56791340625 0.008315259375 0.5516449171875 0.0292316265625
1 0.9876803093750001 0.2334913078125 0.99966370625 0.19783772500000002 0.9545084828125001 0.1909360390625 0.944158875 0.2275822859375 0.9876803093750001 0.2334913078125
1 0.9704637046875 0.2724987921875 0.9823996984375001 0.2377497640625 0.9372444734375 0.2308480765625 0.9236272874999999 0.2655089984375 0.9704637046875 0.2724987921875
1 0.953104884375 0.3142199421875 0.9668642875 0.276845353125 0.9217090656250001 0.26994366875 0.9096782609374999 0.3065018078125 0.953104884375 0.3142199421875
1 0.9375220703125 0.3542200890625 0.9545964546875 0.317926271875 0.90953604375 0.309215475 0.8941902578125 0.34469284375 0.9375220703125 0.3542200890625
1 0.8837966625 0.3178439734375 0.8469306078125 0.281444378125 0.804237065625 0.2919054671875 0.8410557140625 0.32920961718749997 0.8837966625 0.3178439734375
3 0.3324630984375 0.2227358734375 0.336157328125 0.21658019843749998 0.3060854484375 0.2113760375 0.3022964078125 0.2193408234375 0.3324630984375 0.2227358734375
3 0.326092153125 0.2477991109375 0.3282948109375 0.23793710625000003 0.29317935 0.232468621875 0.2875194921875 0.2439635234375 0.326092153125 0.2477991109375
0 0.4984849609375 0.046400517187500004 0.51529690625 0.04728159375 0.5198444390625 0.0248439140625 0.49967010468749995 0.023786621875 0.4984849609375 0.046400517187500004
3 0.1077484828125 0.26447444999999997 0.1039594421875 0.27243923593749997 0.1358547328125 0.2750178375 0.1362339796875 0.267781390625 0.1077484828125 0.26447444999999997
0 0.52168984375 0.053965914062499995 0.5367731890624999 0.0556634390625 0.5450149515625 0.0270700859375 0.523159421875 0.025924685937500004 0.52168984375 0.053965914062499995
3 0.32335629843749997 0.0426646515625 0.336853259375 0.042464957812499995 0.3361201796875 0.0242857359375 0.3193082359375 0.023404659375 0.32335629843749997 0.0426646515625
3 0.35885100468750003 0.040896690624999996 0.37234796718749996 0.040696996875 0.3699811 0.0215251109375 0.35648413749999996 0.021724804687499998 0.35885100468750003 0.040896690624999996
3 0.16793280625 0.40277756093750006 0.176718025 0.395981653125 0.1450597625 0.3888802734375 0.13954212187499998 0.3976615078125 0.16793280625 0.40277756093750006
3 0.17158305000000001 0.33312676875 0.1695700140625 0.33937055156249996 0.198055509375 0.3426774921875 0.1984821625 0.3345364921875 0.17158305000000001 0.33312676875
3 0.11994007656250001 0.321349875 0.1236817125 0.3142896421875 0.090200040625 0.30981382343749997 0.0864584046875 0.316874053125 0.11994007656250001 0.321349875
3 0.1275655640625 0.3045157453125 0.1296734109375 0.29646285156249996 0.0910059375 0.2944363765625 0.0905792859375 0.3025773765625 0.1275655640625 0.3045157453125
3 0.0984418015625 0.28122046875 0.0947475734375 0.28737614375 0.1281818390625 0.2927565203125 0.1301948734375 0.2865127390625 0.0984418015625 0.28122046875
3 0.10218343593749998 0.27416023906250003 0.10017040156250001 0.280404021875 0.1302422796875 0.2856081828125 0.13057412031249999 0.2792762921875 0.10218343593749998 0.27416023906250003
3 0.2884236203125 0.162377290625 0.29226006718750003 0.15350794843749999 0.253877028125 0.1460541390625 0.2499931765625 0.1558280359375 0.2884236203125 0.162377290625
3 0.313280865625 0.26708258281249997 0.31706990625000003 0.259117796875 0.2819070375 0.25455386875 0.28316158125 0.262782978125 0.313280865625 0.26708258281249997
3 0.18821905156250002 0.080027378125 0.1844300109375 0.0879921640625 0.2178642765625 0.093372540625 0.220019528125 0.084415090625 0.18821905156250002 0.080027378125
3 0.175075921875 0.10564274062500001 0.1746018640625 0.11468829843749999 0.2014061640625 0.11790713125 0.20524261250000003 0.109037790625 0.175075921875 0.10564274062500001
3 0.1210812359375 0.23524086406250003 0.1189259828125 0.24419831250000001 0.1524076546875 0.248674134375 0.15624410312499998 0.23980479062499999 0.1210812359375 0.23524086406250003
3 0.15648113125000002 0.2352820140625 0.1619987734375 0.226500778125 0.1335606828125 0.22228928125 0.12809044687499999 0.230165959375 0.15648113125000002 0.2352820140625
3 0.16540856718750002 0.2257724390625 0.1692450140625 0.216903096875 0.1290385625 0.2120748453125 0.1302931046875 0.220303953125 0.16540856718750002 0.2257724390625
3 0.139979034375 0.1963214875 0.137966 0.2025652703125 0.1698138828125 0.206048428125 0.168511934375 0.198723875 0.139979034375 0.1963214875
3 0.24219663906250002 0.27242761875 0.24757206250000002 0.26636005156250003 0.21581898906250002 0.2610677828125 0.21539233750000003 0.269208784375 0.24219663906250002 0.27242761875
3 0.2486149890625 0.24645982656249998 0.25403781875 0.23948770156250002 0.223918534375 0.23518809687500003 0.2218106890625 0.24324099062500001 0.2486149890625 0.24645982656249998
3 0.2427181015625 0.2624775046875 0.24641233125 0.2563218296875 0.214564446875 0.2528386734375 0.21418520000000002 0.26007511875 0.2427181015625 0.2624775046875
1 0.8129274734375 0.2869186703125 0.8228978343750001 0.2575088703125 0.7861011796875 0.251952278125 0.776130815625 0.2813620796875 0.8129274734375 0.2869186703125