0 0.2282945421875 0.5880625765625 0.24511791249999998 0.568998390625 0.18429553125 0.5210682109375 0.168795615625 0.537029059375 0.2282945421875 0.5880625765625
3 0.7538991578124999 0.9039235265625001 0.742951759375 0.91807213125 0.775676271875 0.9406010421875 0.787576475 0.9286496546875 0.7538991578124999 0.9039235265625001
0 0.7081402609375 0.40323133593750005 0.725894659375 0.41832166875 0.7907636203124999 0.3450912671875 0.7697060296875 0.329769953125 0.7081402609375 0.40323133593750005
0 0.46702274375 0.6867837359375 0.4816439859375 0.6675655625 0.4190642578125 0.61312073125 0.403341953125 0.6322619125 0.46702274375 0.6867837359375
0 0.19286867968750002 0.651633603125 0.209035765625 0.626131759375 0.12296304218750001 0.575370609375 0.108923953125 0.6020865515625 0.19286867968750002 0.651633603125
0 0.25817361875 0.47723073437499997 0.274826953125 0.4922440734375 0.35018764375 0.4272043859375 0.3261233828125 0.40741164531249996 0.25817361875 0.47723073437499997
0 0.5194700531249999 0.205742321875 0.5049229421875 0.2239003859375 0.5581861328125 0.2691713859375 0.5725849843749999 0.2531335453125 0.5194700531249999 0.205742321875
0 0.799940696875 0.45119712187500005 0.818277246875 0.47378522500000003 0.8587527609375 0.43293848281249997 0.8388703671875 0.41663405156250005 0.799940696875 0.45119712187500005
0 0.6692017921875 0.3429826015625 0.6868079296875 0.36019315625 0.7407294906249999 0.3011113578125 0.7196719015624999 0.28579004375 0.6692017921875 0.3429826015625
0 0.580503934375 0.266470821875 0.597009009375 0.283604384375 0.6662080953125 0.21174206875 0.648527828125 0.195591625 0.580503934375 0.266470821875
3 0.9572554875 0.44834881875 0.97495753125 0.43254195781250004 0.9397452578125 0.3981208484375 0.9265216000000001 0.4131755734375 0.9572554875 0.44834881875
3 0.9173533234375 0.40188152343750005 0.9303545921874999 0.3900071296875 0.900425246875 0.35915132031249997 0.88734985 0.372085825 0.9173533234375 0.40188152343750005
3 0.8499354468749999 0.337510728125 0.8653612328125 0.322609990625 0.8255964421875 0.29000112499999997 0.81229865625 0.30611596093750004 0.8499354468749999 0.337510728125
3 0.8574552578124999 0.1825036015625 0.844528121875 0.1933178859375 0.87665959375 0.22432768281249998 0.8884115359375 0.214496515625 0.8574552578124999 0.1825036015625
3 0.8228992671875 0.1545201484375 0.8110731953125001 0.16541142656250002 0.843352928125 0.19430100156250002 0.85635419375 0.1824266078125 0.8228992671875 0.1545201484375
3 0.784606190625 0.1166877265625 0.7727801203125 0.12757900312499998 0.8091675875 0.16101699687499998 0.8221688546875001 0.149142603125 0.784606190625 0.1166877265625
3 0.7776903109375 0.247235315625 0.7656418484375 0.2613069234375 0.7927869109375 0.2845109765625 0.805788178125 0.27263658281250003 0.7776903109375 0.247235315625
3 0.8660916468750001 0.3279875359375 0.8562453124999999 0.342213134375 0.8844914390625 0.36549417968750003 0.896391640625 0.3535427921875 0.8660916468750001 0.3279875359375
3 0.7462389859375 0.0799154125 0.7376419765625 0.092097784375 0.76449051875 0.119542278125 0.7763165890625 0.1086510015625 0.7462389859375 0.0799154125
3 0.7300807 0.2002290609375 0.7191333015625 0.2143776640625 0.7473052984375 0.238718821875 0.7592796296875 0.225707325 0.7300807 0.2002290609375
3 0.6925921671874999 0.166714075 0.6797391625 0.176468246875 0.7076887671875001 0.2039897375 0.720690034375 0.19211534218749998 0.6925921671874999 0.166714075
3 0.6542249625000001 0.1299417625 0.643574084375 0.139849921875 0.6749010125 0.1665422828125 0.686801215625 0.1545908953125 0.6542249625000001 0.1299417625
3 0.6110196078125 0.0832434859375 0.599045275 0.09625498437499999 0.634331678125 0.1296159828125 0.6463801421875 0.11554437343749999 0.6110196078125 0.0832434859375
3 0.7025934765625 0.35597051875 0.724826259375 0.3703087171875 0.7580391078125001 0.3225623546875 0.7355839328125 0.31140448906249996 0.7025934765625 0.35597051875
3 0.5992919796875 0.488300521875 0.6126638984375 0.471125575 0.56658924375 0.43381430625000006 0.5497658734375 0.45287849218750004 0.5992919796875 0.488300521875
3 0.7113232328125 0.0412538625 0.6960457078125 0.054034378125000004 0.72729850625 0.0817868484375 0.74132670625 0.071049559375 0.7113232328125 0.0412538625
3 0.8807154265625 0.7359525375 0.8647707312499999 0.75827405 0.9126877515625 0.785061209375 0.9264303187499999 0.7625857078125 0.8807154265625 0.7359525375
3 0.8634472765625001 0.7613773890625 0.850075359375 0.778552334375 0.900850790625 0.8119311375 0.9167954875 0.7896096265625 0.8634472765625001 0.7613773890625
3 0.8455228421875001 0.78036458125 0.8334002500000001 0.7954963 0.8790410109375 0.8231895796875 0.891237734375 0.8069977500000001 0.8455228421875001 0.78036458125
3 0.7844650953125 0.8623838421875 0.7735176984375001 0.8765324437500001 0.807120884375 0.9023186828125 0.81821654375 0.8860498578125 0.7844650953125 0.8623838421875
3 0.7646350546875 0.8769766046875 0.7525124625 0.8921083234375 0.791027928125 0.9267604140625 0.80652784375 0.9107995671875001 0.7646350546875 0.8769766046875
0 0.7575922390625001 0.43971347656250004 0.7798250234374999 0.454051675 0.8190729890625 0.38329085625000003 0.7966919453125 0.371072878125 0.7575922390625001 0.43971347656250004