2 0.2664500765625 0.7548756609375 0.2561224796875 0.7729310203125 0.32561106562500003 0.7909932078125 0.3357143 0.768687303125 0.2664500765625 0.7548756609375
3 0.68640611875 0.20683155156250002 0.6938490421875 0.19057816875 0.6501141796875001 0.1805771859375 0.6421630078125 0.1952663296875 0.68640611875 0.20683155156250002
3 0.43677867499999995 0.602687340625 0.445805878125 0.584189815625 0.41250392343750003 0.5742577328125 0.40296846718749996 0.59119101875 0.43677867499999995 0.602687340625
0 0.2868213796875 0.7214512546875 0.27728592343749997 0.7383845421874999 0.36345525156249997 0.7579443421875001 0.374036975 0.7406711031250001 0.2868213796875 0.7214512546875
0 0.35763557968750004 0.61543215 0.34889226562500003 0.6312433656249999 0.43347731093749997 0.653047309375 0.44405903437500005 0.6357740703125 0.35763557968750004 0.61543215
0 0.4132045015625 0.52301343125 0.40132238750000004 0.539844503125 0.4884784546875 0.566001209375 0.5001064453125 0.548388015625 0.4132045015625 0.52301343125
0 0.4308559640625 0.5025784046874999 0.42027424375000005 0.5198516421875 0.4975651859375 0.540566828125 0.5089390500000001 0.5221715171875 0.4308559640625 0.5025784046874999
0 0.470268415625 0.43875585156249997 0.4594325671875 0.455246971875 0.5434498343749999 0.4824235359375 0.5542856828125 0.46593241562500004 0.470268415625 0.43875585156249997
0 0.5084102374999999 0.37102270625 0.4978285140625 0.3882959453125 0.585492834375 0.4160168875 0.5973749500000001 0.399185815625 0.5084102374999999 0.37102270625
0 0.53316120625 0.34395746250000003 0.52207123125 0.35966646406249997 0.6047881078125 0.3864008609375 0.616670221875 0.3695697890625 0.53316120625 0.34395746250000003
0 0.551753628125 0.305058225 0.54117190625 0.3223314640625 0.6202714921875 0.345053053125 0.6313614671875001 0.3293440515625 0.551753628125 0.305058225
0 0.58580194375 0.288807121875 0.578104896875 0.3042783828125 0.6330350390625 0.3166946234375 0.6407320859375 0.3012233625 0.58580194375 0.288807121875
0 0.5889544890625 0.255789290625 0.579164909375 0.2719404578125 0.6647962234375 0.29340445000000004 0.6756320703124999 0.27691332968750004 0.5889544890625 0.255789290625
0 0.6011502578125001 0.23280348125 0.591868928125 0.2505188859375 0.6775300046875 0.2685144484375 0.6875737109375 0.2531454 0.6011502578125001 0.23280348125
0 0.6183827609375 0.20039893281249999 0.604692 0.21522360156250003 0.6824019046875 0.2479083078125 0.6958385390624999 0.2323015203125 0.6183827609375 0.20039893281249999
0 0.6372888359375 0.15534495625 0.6290537734375 0.1727204078125 0.7204246734375 0.1940488734375 0.73075226875 0.1759935171875 0.6372888359375 0.15534495625