3 0.0437512265625 0.17679307187499999 0.0440921859375 0.19877687500000002 0.077849796875 0.2036014453125 0.07886294687499999 0.180176584375 0.0437512265625 0.17679307187499999
0 0.3499401296875 0.31562254375 0.3319957453125 0.3123724953125 0.3374219140625 0.3959845359375 0.35162201249999997 0.39796125625 0.3499401296875 0.31562254375
0 0.171636878125 0.6072492578124999 0.1898402796875 0.6115381656250001 0.1889059375 0.5356337140625 0.171509096875 0.5311437078125001 0.171636878125 0.6072492578124999
0 0.19493867812500001 0.6113704328125 0.2126240484375 0.6135816203125 0.2112011828125 0.5322817671875 0.1913846515625 0.52839505625 0.19493867812500001 0.6113704328125
0 0.34677571875 0.7015123296875 0.362329928125 0.70204799375 0.356733278125 0.6074440531249999 0.3422741625 0.6044284703125 0.34677571875 0.7015123296875
0 0.3706840921875 0.697758184375 0.38811044375 0.6989305109374999 0.3806711625 0.6003722265625 0.3635038265625 0.6002387609375 0.3706840921875 0.697758184375
0 0.5768594578124999 0.5900774156249999 0.5597216359375 0.58662626875 0.5618920390625 0.674360384375 0.5790298625 0.6778115296875 0.5768594578124999 0.5900774156249999
0 0.6050891765624999 0.58303895625 0.58740380625 0.5808277703125 0.5845643515625001 0.6587765765625 0.6014431578125 0.6611888609375 0.6050891765624999 0.58303895625
0 0.8512482953125 0.5944916828125 0.850907334375 0.5725078796874999 0.6978439625 0.559912590625 0.6987029578125 0.583974115625 0.8512482953125 0.5944916828125
0 0.324218640625 0.312104665625 0.304402109375 0.3082179546875 0.30998557187500003 0.4646178640625 0.32847750625 0.4666279515625 0.324218640625 0.312104665625
0 0.38078953125 0.315655009375 0.3622975984375 0.31364492187500004 0.367146709375 0.40181459999999997 0.3845730609375 0.4029869265625 0.38078953125 0.315655009375
0 0.10725936875 0.6067487640625 0.12442670468749999 0.606882228125 0.12058415 0.526185671875 0.10318730937500001 0.521695665625 0.10725936875 0.6067487640625
0 0.43707189375000005 0.3214841734375 0.41993406875000006 0.3180330265625 0.423229078125 0.39996954218749997 0.44062591875 0.40445955 0.43707189375000005 0.3214841734375
0 0.46604915 0.320879975 0.44781623281250005 0.3199087484375 0.4537899484375 0.40228082968749995 0.47147531875000004 0.404492015625 0.46604915 0.320879975
0 0.493642784375 0.3250345171875 0.476504959375 0.32158337187499997 0.4816426 0.40747423125 0.49932797031250004 0.4096854171875 0.493642784375 0.3250345171875
0 0.5821286546875 0.3294550890625 0.564443284375 0.32724390312499996 0.569151428125 0.401104 0.5868367984375 0.4033151859375 0.5821286546875 0.3294550890625
0 0.6116239453125 0.33092861406249996 0.5923254499999999 0.329119625 0.5970335921875 0.402979721875 0.614171415625 0.40643086562499997 0.6116239453125 0.33092861406249996
0 0.6700374671875 0.3384333 0.65209308125 0.33518325312499997 0.65564710625 0.41815862968750006 0.6719783671874999 0.4218108734375 0.6700374671875 0.3384333
0 0.698467178125 0.3390690625 0.67916868125 0.33726007343750003 0.6828407578125 0.406964728125 0.699431034375 0.41165583437500003 0.698467178125 0.3390690625
0 0.7271559046875 0.34074368593750004 0.7099885687499999 0.3406102203125 0.7132835796875 0.42254673593750003 0.7309689484375 0.4247579234375 0.7271559046875 0.34074368593750004
0 0.150436725 0.6081212875 0.1678630765625 0.6092936124999999 0.16476806093750002 0.53503131875 0.148148271875 0.53365789375 0.150436725 0.6081212875
0 0.08528216562499999 0.6045042109375001 0.10270851875 0.6056765359375 0.0996725265625 0.5247788812499999 0.0809215765625 0.5217299328125 0.08528216562499999 0.6045042109375001
3 0.123771478125 0.1678761890625 0.12465998593750001 0.1886200328125 0.1605782703125 0.191802446875 0.159430746875 0.1700197421875 0.123771478125 0.1678761890625
3 0.178024084375 0.371727315625 0.178942103125 0.38915348125000004 0.214053825 0.3925369921875 0.2139423703125 0.37490973125 0.178024084375 0.371727315625
3 0.162355284375 0.233290134375 0.1614667765625 0.21254629062500002 0.13009934375 0.2104361046875 0.13179441249999999 0.23097884999999999 0.162355284375 0.233290134375
3 0.0454626203125 0.2558141046875 0.0487413046875 0.279272334375 0.08468910156250001 0.27913706562499996 0.0827350140625 0.257555459375 0.0454626203125 0.2558141046875
3 0.1358730671875 0.2851339625 0.134889428125 0.3052411453125 0.16867655312500002 0.306748034375 0.16966019062499998 0.286640853125 0.1358730671875 0.2851339625
3 0.13647304375 0.3081566265625 0.13548940625 0.32826380781250003 0.17140769218750002 0.33144622031250004 0.17132574843749998 0.3105012796875 0.13647304375 0.3081566265625
3 0.139827078125 0.38345778125 0.142358221875 0.400481746875 0.1732076234375 0.40051421249999997 0.1712240234375 0.3822502875 0.139827078125 0.38345778125
3 0.13574183125 0.360200653125 0.13772542968749998 0.378464578125 0.1699289390625 0.3770559859375 0.170624046875 0.3592276234375 0.13574183125 0.360200653125
3 0.1335582375 0.33426250468749996 0.136089384375 0.351286471875 0.16987650781250002 0.35279336093749997 0.1684109421875 0.3366071578125 0.1335582375 0.33426250468749996
3 0.178030678125 0.3408293328125 0.17894869687499998 0.3582554953125 0.2143489484375 0.3593601890625 0.21262436562499998 0.34213512343749997 0.178030678125 0.3408293328125
3 1 0.7380826500000001 0.98786549375 0.736979703125 0.9879474374999999 0.757924646875 1 0.759647175 1 0.7380826500000001
0 0.40760611406249997 0.31669296875 0.389632215625 0.316760603125 0.394192796875 0.40720910000000005 0.41055356875 0.407543665625 0.40760611406249997 0.31669296875
3 1 0.6888906921875 0.9815966546875 0.687784428125 0.9856819031249999 0.7110415578125 1 0.71133435 1 0.6888906921875
3 1 0.6649901265625 0.9758982796875 0.6649294968749999 0.978140896875 0.6842322828125 1 0.6837079515625 1 0.6649901265625
3 1 0.6444934265625 0.979301609375 0.64421901875 0.981026190625 0.6614440828125 1 0.6624547765625 1 0.6444934265625
3 0.8540485062500001 0.430484284375 0.8704092796875 0.43081885 0.8665011046875 0.3876556375 0.850140334375 0.3873210734375 0.8540485062500001 0.430484284375
3 0.8356090046875 0.45273682187500003 0.85061566875 0.45451244375 0.8477730749999999 0.4121869921875 0.832218865625 0.41165132968749996 0.8356090046875 0.45273682187500003
0 0.3181460171875 0.6932023453125 0.33476580624999996 0.6945757718750001 0.3336904953125 0.6043617375 0.3178772703125 0.6027872140625 0.3181460171875 0.6932023453125
0 0.060455776562499994 0.5908321921875 0.0759804734375 0.5946855359375001 0.0770887515625 0.5304096484375 0.0623411078125 0.5296728859375001 0.060455776562499994 0.5908321921875
0 0.12897755625000001 0.6079544546875 0.1474694875 0.6099645437500001 0.1428498828125 0.5261514046875 0.12435795000000001 0.5241413171875 0.12897755625000001 0.6079544546875
0 0.7786283984375 0.3444617625 0.7603954828124999 0.343490534375 0.7630019781249999 0.41235742656249996 0.78039881875 0.416847434375 0.7786283984375 0.3444617625