3 0.8978014296874999 0.15157862187499999 0.9004461484374999 0.1748757484375 0.9337849828125 0.1677081171875 0.9325916 0.1457540828125 0.8978014296874999 0.15157862187499999
0 0.6408986828125001 0.3878594921875 0.6549263015625 0.3848970375 0.6545067718750001 0.3011101625 0.636832809375 0.3056040296875 0.6408986828125001 0.3878594921875
0 0.829863190625 0.5081534750000001 0.8128219359375001 0.5138460874999999 0.8171846953124999 0.589630815625 0.8350445765625001 0.58408255 0.829863190625 0.5081534750000001
0 0.8098443156249999 0.50679796875 0.79034718125 0.51205754375 0.794598971875 0.5932586078125001 0.8120870171875 0.5898191390624999 0.8098443156249999 0.50679796875
0 0.6646261859375 0.593171690625 0.6504126484375 0.59718854375 0.6514288703125 0.6919524359375 0.6669078234375 0.6903330703125 0.6646261859375 0.593171690625
0 0.643155978125 0.5904730921875 0.6260397703125 0.591803765625 0.625493690625 0.6906409046875 0.6427958140625 0.688255834375 0.643155978125 0.5904730921875
0 0.43356615468750004 0.682891234375 0.45042149218749994 0.678253021875 0.4464665859375 0.5905812234375001 0.42961124999999994 0.5952194359375 0.43356615468750004 0.682891234375
0 0.41004792031250004 0.66787253125 0.42671733749999996 0.6642887156249999 0.4184473640625 0.586727859375 0.40095932031250003 0.590167328125 0.41004792031250004 0.66787253125
0 0.3076388109375 0.5976303765625001 0.306817265625 0.5735675437500001 0.1550053515625 0.5968093125 0.156198734375 0.6187633484374999 0.3076388109375 0.5976303765625001
0 0.6687767578125 0.45474443906250006 0.687083428125 0.45144931718750003 0.6817433859375 0.2950409078125 0.6622462484375 0.30030048125 0.6687767578125 0.45474443906250006
0 0.6083784734375 0.39517146875 0.6256806 0.3927863984375 0.6243674921875 0.30449323906250003 0.606060821875 0.3077883625 0.6083784734375 0.39517146875
0 0.8973594874999999 0.49396256093749996 0.8803182328125001 0.4996551734375 0.88211414375 0.5804232 0.8992303515625 0.5790925265625 0.8973594874999999 0.49396256093749996
0 0.552564884375 0.4005505546875 0.5696061390625 0.3948579421875 0.5671775203125 0.312891171875 0.5503221828125 0.3175293859375 0.552564884375 0.4005505546875
0 0.5217928953125 0.40273488593750006 0.539280940625 0.3992954171875 0.53949411875 0.3167072859375 0.5213733671874999 0.31894801093749997 0.5217928953125 0.40273488593750006
0 0.49437036562500003 0.409858540625 0.5118584109375 0.406419071875 0.5109920921875 0.3203790546875 0.4941367546875 0.3250172671875 0.49437036562500003 0.409858540625
0 0.4066303390625 0.409608134375 0.424118384375 0.406168665625 0.4236628390625 0.3321600640625 0.40617479375 0.3355995328125 0.4066303390625 0.409608134375
0 0.379579646875 0.414622990625 0.396434984375 0.4099847796875 0.3959794375 0.335976178125 0.376854140625 0.33912695625 0.379579646875 0.414622990625
0 0.322986365625 0.43399794375 0.3390230765625 0.42921538437500006 0.336780375 0.346194215625 0.3191064125 0.35068808281249997 0.322986365625 0.43399794375
0 0.29489219218749996 0.42578264218750006 0.3111148203125 0.419945684375 0.30991559999999996 0.350154675 0.290790303125 0.353305453125 0.29489219218749996 0.42578264218750006
0 0.26434505937499997 0.4410527875 0.2818331015625 0.43761331875 0.2794044828125 0.3556465484375 0.2622882765625 0.3569772203125 0.26434505937499997 0.4410527875
0 0.853342490625 0.50903196875 0.8368589921874999 0.5115613859375 0.8389517906249999 0.5858586781249999 0.8562539156250001 0.5834736078125 0.853342490625 0.50903196875
0 0.9195733734375 0.4924435671875 0.9010807828124999 0.49679308750000006 0.903695321875 0.5777054609375 0.920997446875 0.5753203890624999 0.9195733734375 0.4924435671875
3 0.816721384375 0.14706664687499998 0.8170961406249999 0.1688763375 0.8527049359375001 0.16319614375 0.8521442625000001 0.1424408515625 0.816721384375 0.14706664687499998
3 0.7766349515625001 0.3552600734375 0.777753384375 0.3728521703125 0.812543553125 0.3670276296875 0.8122437484375 0.349579878125 0.7766349515625001 0.3552600734375
3 0.848542690625 0.20594944843750002 0.8488006406249999 0.1853385015625 0.8176568171874999 0.1896316296875 0.8182174906249999 0.210386921875 0.848542690625 0.20594944843750002
3 0.899336471875 0.22903910781249998 0.8988926015625 0.250704453125 0.9347622687499999 0.24833180000000002 0.936396603125 0.22470200468749998 0.899336471875 0.22903910781249998
3 0.8146519375000001 0.26411724531249997 0.8170357828125001 0.28410683125 0.8506354890625 0.280246740625 0.8482516406249999 0.26025715312500003 0.8146519375000001 0.26411724531249997
3 0.8146548546875 0.28803573125000004 0.81603415625 0.30893536875 0.8516429531249999 0.303255175 0.8492591046875001 0.2832655890625 0.8146548546875 0.28803573125000004
3 0.8197612890625001 0.3596028671875 0.8190565484375 0.37796067031249997 0.8498285375 0.3757763390625 0.8511659843749999 0.3586172796875 0.8197612890625001 0.3596028671875
3 0.8187538249999999 0.3365944328125 0.8206908828125 0.35433087812499997 0.8529142046875 0.3534896359375 0.8536189453125 0.33513183125 0.8187538249999999 0.3365944328125
3 0.8193836140625 0.313874690625 0.8190507124999999 0.3301236984375 0.8526504156250001 0.326263609375 0.853987865625 0.3091045484375 0.8193836140625 0.313874690625
3 0.7756635046875 0.3224733640625 0.7751446828125 0.3397767703125 0.8103816406250001 0.336205371875 0.8100818359374999 0.3187576203125 0.7756635046875 0.3224733640625
3 0 0.7980487578125001 0.0312330921875 0.7913338484375 0.029853790624999998 0.7704342093750001 0 0.7752660140625001 0 0.7980487578125001
0 0.582779115625 0.4015294171875 0.5990766953125 0.400054396875 0.5973168 0.309508096875 0.5793819671875 0.3106944234375 0.582779115625 0.4015294171875
3 0 0.74714224375 0.0302227078125 0.744406928125 0.0326756703125 0.720921478125 0 0.7251885234375 0 0.74714224375
3 0 0.718782271875 0.035875225 0.7171369249999999 0.036765884375 0.6977247234374999 0 0.7003885999999999 0 0.718782271875
3 0 0.698489184375 0.031407334375 0.6946055046875 0.03192615625 0.6773020984375 0 0.679960315625 0 0.698489184375
3 0.14285250625 0.41202010937500005 0.1265549265625 0.413495128125 0.125667184375 0.4568258171875 0.1419647671875 0.455350796875 0.14285250625 0.41202010937500005
3 0.16242751093750002 0.43504095937500004 0.1469485578125 0.43666032499999996 0.1470653625 0.47908096093749997 0.161911609375 0.476262853125 0.16242751093750002 0.43504095937500004
0 0.6888491625000001 0.589832590625 0.6731842890624999 0.592506353125 0.6784046109374999 0.682575640625 0.6948881109375 0.680046221875 0.6888491625000001 0.589832590625
0 0.938662653125 0.4990710640625 0.9240023265625 0.5008347750000001 0.9295915656249999 0.5648767796875 0.9448096500000001 0.5599498734374999 0.938662653125 0.4990710640625
0 0.87641101875 0.4978790453125 0.858104346875 0.50117416875 0.8593425046875 0.5851053890625 0.8776491734375 0.5818102656249999 0.87641101875 0.4978790453125
0 0.21448378906249999 0.436609621875 0.23152504375 0.43091701093749996 0.2293212796875 0.3620360546875 0.21120052656250002 0.36427678124999996 0.21448378906249999 0.436609621875