0 0.495148809375 0.3018873265625 0.484034828125 0.3112404671875 0.5572319640625001 0.3426794296875 0.5663981015624999 0.3327677515625 0.495148809375 0.3018873265625
3 0.706952153125 0.6071514140625001 0.689836871875 0.6006761828125 0.6770615890625 0.6158229640624999 0.69403843125 0.622781 0.706952153125 0.6071514140625001
3 0.7234412046875 0.5606744781249999 0.7401411640625 0.5685981203125 0.7533317703125 0.5520029281250001 0.738441215625 0.545120625 0.7234412046875 0.5606744781249999
3 0.7447290640625 0.5673011734375 0.7603166578125 0.5754283515624999 0.7730919390625 0.56028156875 0.7572274625000001 0.5531200000000001 0.7447290640625 0.5673011734375
3 0.7617107359374999 0.5779181015625 0.7777136546875 0.58459686875 0.7907658203125 0.5684844796874999 0.77559838125 0.562567784375 0.7617107359374999 0.5779181015625
3 0.78299859375 0.584544796875 0.7996985515625 0.5924684390625 0.8121921203125 0.574628371875 0.7949383937500001 0.56863594375 0.78299859375 0.584544796875
3 0.79983699375 0.5919856359375 0.8176493171875 0.5997057421875 0.8312552468750001 0.5816621390625001 0.8133044828125 0.5744248359374999 0.79983699375 0.5919856359375
3 0.833236909375 0.60783291875 0.8518847140625001 0.616315096875 0.8703602593750001 0.599667834375 0.853521859375 0.5922269953125 0.833236909375 0.60783291875
3 0.85160783125 0.6172807031249999 0.8709526734375 0.62700775625 0.88984354375 0.60891208125 0.8714726234375 0.599464296875 0.85160783125 0.6172807031249999
3 0.876791378125 0.625024471875 0.8925174140625 0.6326688453125 0.9089066734375001 0.61594585 0.8920682718749999 0.6085050109375 0.876791378125 0.625024471875
3 0.901974928125 0.6327682390625 0.9186748859374999 0.6406918796875 0.9339517796875001 0.6241724203125 0.9153039749999999 0.6156902421875 0.901974928125 0.6327682390625
3 0.9218783671875 0.6442229687500001 0.9408030546875 0.6517395390625 0.953014909375 0.6312061875 0.9338133375 0.6246552234375 0.9218783671875 0.6442229687500001
3 0.72824484375 0.6174370031249999 0.712380365625 0.6102754312500001 0.6998819671875001 0.62445660625 0.7149109640625 0.63085610625 0.72824484375 0.6174370031249999
3 0.6855258546874999 0.601007521875 0.6707737421875 0.593642415625 0.656886096875 0.6089927328125 0.67177665 0.6158750359375 0.6855258546874999 0.601007521875
3 0.7483398671875 0.6686567421875 0.764065903125 0.6763011156250001 0.77823043125 0.6599851906249999 0.762365953125 0.652823621875 0.7483398671875 0.6686567421875
3 0.6657656875 0.5927288796875 0.6492041703125 0.584322434375 0.6312823921875 0.5990384843750001 0.6478439093749999 0.6074449296875 0.6657656875 0.5927288796875
3 0.64196655625 0.580157078125 0.62387735 0.5734025796875 0.6120808203125 0.5924875203125 0.6300315859375 0.5997248234375 0.64196655625 0.580157078125
3 0.623772725 0.5994976265624999 0.6047095953125 0.592463859375 0.59499935625 0.6116245328125001 0.613227003125 0.6178962296875 0.623772725 0.5994976265624999
3 0.6464546609374999 0.608614071875 0.6285038968750001 0.6013767703124999 0.6164256546875 0.6177684265625001 0.634935015625 0.6267334078125 0.6464546609374999 0.608614071875
3 0.66899815625 0.618213321875 0.6518828734375 0.6117380890625 0.6384153828125 0.6292988890625 0.6574785125 0.63633265625 0.66899815625 0.618213321875
3 0.69320778125 0.6256778203125 0.6765078234375 0.617754178125 0.663737371875 0.6365598515625 0.68085265625 0.643035084375 0.69320778125 0.6256778203125
3 0.71421875625 0.6332701234375 0.6982158375 0.62659135625 0.6879469984375 0.6440243531250001 0.7020020703125 0.6501445828125 0.71421875625 0.6332701234375
3 0.79684441875 0.642855125 0.7748595203125 0.6349835546875 0.762084240625 0.6501303359375 0.78448929375 0.6602123890625 0.79684441875 0.642855125
3 0.7730501171874999 0.6339422140625001 0.7578826796875 0.6280255203125 0.7452458390625 0.6426894984375 0.7601363953125 0.6495718 0.7730501171874999 0.6339422140625001
3 0.75245446875 0.6249015015625 0.7375639140625 0.6180192 0.724650190625 0.6336487828124999 0.7396791875 0.6400482843749999 0.75245446875 0.6249015015625
3 0.708122490625 0.650854584375 0.72398696875 0.658016153125 0.7394023046875 0.6410138921875 0.7213130984375 0.6342593921875 0.708122490625 0.650854584375
3 0.7013178671875 0.5532857124999999 0.7199656703125 0.5617678890625 0.7356578890625001 0.5438000187500001 0.7160361625 0.5350385734375 0.7013178671875 0.5532857124999999
3 0.6801684515625 0.5461762125 0.698954696875 0.5541755859374999 0.7135345515625 0.5364112515625 0.695722228125 0.5286911437499999 0.6801684515625 0.5461762125
3 0.66138220625 0.5381768375 0.6801684515625 0.5461762125 0.694886746875 0.5279290734375001 0.671927928125 0.519778234375 0.66138220625 0.5381768375
3 0.64495913125 0.5292875890625 0.661100490625 0.535483553125 0.6751265796875 0.51965043125 0.6588467765625 0.5139372718749999 0.64495913125 0.5292875890625
3 0.7517654328125001 0.5243837359375 0.7694393140625 0.532586646875 0.78610545625 0.5148980453124999 0.7699640953125 0.5087020812499999 0.7517654328125001 0.5243837359375
3 0.7336713953125 0.5139703453125 0.75106839375 0.5231388609375001 0.76829313125 0.5071779375000001 0.7495068875 0.49917856406250005 0.7336713953125 0.5139703453125
3 0.7125219796875 0.5068608453125 0.7292219390625 0.5147844874999999 0.7454727546875 0.4985442953125 0.729469834375 0.49186552812500006 0.7125219796875 0.5068608453125
3 0.694986540625 0.498175134375 0.7098770953125 0.5050574359375 0.726686509375 0.49054492187500004 0.70998655 0.48262127968749996 0.694986540625 0.498175134375
3 0.6734217984375 0.49251404374999996 0.6924849281250001 0.4995478125 0.7058139765625 0.482469815625 0.6885602515625 0.4764773875 0.6734217984375 0.49251404374999996
3 0.65574791875 0.48431113437500006 0.671473953125 0.49195550781249997 0.6881400953125001 0.47426690625 0.671163253125 0.4673088703125 0.65574791875 0.48431113437500006
3 0.6537179453124999 0.421551434375 0.637715025 0.4148726671875 0.6232736140624999 0.432154196875 0.6373286874999999 0.438274428125 0.6537179453124999 0.421551434375
3 0.6046644578125 0.4529431578125 0.6215028593749999 0.4603839953125 0.6356673875000001 0.444068071875 0.6175781812500001 0.43731357187500003 0.6046644578125 0.4529431578125
3 0.481047084375 0.3657688484375 0.46171673437500005 0.3670184734375 0.48191638125 0.39214316562499996 0.5001343671875 0.39109707656250003 0.481047084375 0.3657688484375
3 0.41997815781250003 0.461117825 0.4379192609375 0.46103734375 0.421620134375 0.44068861718749996 0.40381747343749996 0.4402862953125 0.41997815781250003 0.461117825
3 0.43568003906249997 0.450467740625 0.4554305453125 0.45142859687500003 0.4359279359375 0.4275487796875 0.4170129109375 0.42734999374999993 0.43568003906249997 0.450467740625
3 0.44553355312500004 0.4344831546875 0.46458701874999997 0.4341991375 0.44494596875000003 0.4108021234375 0.427004865625 0.41088260625000006 0.44553355312500004 0.4344831546875
3 0.362573034375 0.3819570546875 0.3692375578125 0.37341805625 0.3305527015625 0.3576228453125 0.32374973749999997 0.36664464531249996 0.362573034375 0.3819570546875
3 0.3477018015625 0.38971032031249997 0.3543663265625 0.3811713234375 0.31874168125 0.3657311109375 0.31096479375 0.37447364375 0.3477018015625 0.38971032031249997
3 0.34327166875000004 0.40516003125 0.35091011562499996 0.3969003015625 0.30721720625 0.380191553125 0.3006911234375 0.3882477484375 0.34327166875000004 0.40516003125
3 0.326190203125 0.4242970453125 0.33257784375 0.41672365468750006 0.298624159375 0.40280758437499997 0.290842440625 0.4078912265625 0.326190203125 0.4242970453125
3 0.3153531046875 0.43268457812500005 0.3216023046875 0.42559399062500003 0.28751017968750003 0.412160725 0.28209646093749996 0.4200133828125 0.3153531046875 0.43268457812500005
3 0 0.5831960703125 0.0195849609375 0.5782973578124999 0.00441269375 0.5687217687499999 0 0.5707740609374999 0 0.5831960703125
3 0.564603334375 0.6588162203125 0.54748805 0.6523409874999999 0.5341590015625 0.669418984375 0.552109765625 0.6766562859375 0.564603334375 0.6588162203125
3 0.5303679359375 0.6422068640624999 0.5150620578125 0.6367729718749999 0.5038192953125 0.6539267 0.5189867328125 0.6598433953125 0.5303679359375 0.6422068640624999
3 0.47738494062500003 0.6468692703125 0.495474146875 0.6536237703125 0.5101876109375 0.631717740625 0.49084759843750003 0.6256495796875 0.47738494062500003 0.6468692703125
3 0.5034361281249999 0.57439668125 0.49621783906249994 0.5848668921875 0.5401876328124999 0.600610034375 0.5481029625 0.591384696875 0.5034361281249999 0.57439668125
3 0.6250605203124999 0.52149175 0.6446822484375 0.5302531953125 0.6591236609375 0.5129716640625 0.6393634921875 0.5046930234375 0.6250605203124999 0.52149175
3 0.7251041640625 0.661471509375 0.743890409375 0.669470884375 0.7594441875 0.65198581875 0.7426057859374999 0.6445449796875 0.7251041640625 0.661471509375
3 0.8430437718749999 0.6618500875 0.8249545656249999 0.6550955875 0.8137118046875 0.672249315625 0.8309655296875 0.67824174375 0.8430437718749999 0.6618500875
0 0.5102969234375 0.29316845625 0.5000184234375 0.30328366562500003 0.57057550625 0.336578109375 0.582663409375 0.3275042359375 0.5102969234375 0.29316845625
0 0.3531315296875 0.1833118828125 0.34507775625 0.1930200234375 0.416742371875 0.2224520375 0.4245192609375 0.21370950312499998 0.3531315296875 0.1833118828125
0 0.339520765625 0.1976965921875 0.33146699375 0.2074047328125 0.40257784374999994 0.2387679625 0.41244101874999994 0.23010115937500003 0.339520765625 0.1976965921875
0 0.3270223671875 0.21187776875000003 0.31994251875 0.22186517656250002 0.3906332125 0.25101792343749996 0.4003579453125 0.242833925 0.3270223671875 0.21187776875000003
0 0.3154978921875 0.2263382109375 0.30535783437499997 0.23597061875 0.3791087359375 0.265478365625 0.3888334703125 0.25729436875 0.3154978921875 0.2263382109375
0 0.2992422453125 0.23891951250000001 0.29021455 0.2483483828125 0.36744581875 0.2804216125 0.3774474359375 0.2712720078125 0.2992422453125 0.23891951250000001
0 0.5876504828125 0.2071915296875 0.578484346875 0.21710320468750002 0.6547416921875 0.2488971671875 0.6636309453125 0.2399510984375 0.5876504828125 0.2071915296875
0 0.576402890625 0.220686365625 0.5684875609375 0.22991170312500003 0.645021790625 0.26074005625 0.6537726 0.25227679062499997 0.576402890625 0.220686365625
0 0.5638996609375 0.2312086484375 0.55556900625 0.241882396875 0.6294583515625 0.270907340625 0.6382091625 0.2624440734375 0.5638996609375 0.2312086484375
0 0.55682464375 0.2448549484375 0.54904775625 0.2535974828125 0.6218247359375 0.2828259609375 0.6305755468750001 0.27436269687500003 0.55682464375 0.2448549484375
0 0.5312595875 0.2641718359375 0.5234826984375001 0.2729143703125 0.5964029531249999 0.3053189375 0.6073784921875001 0.29644860156249997 0.5312595875 0.2641718359375
0 0.5196015015625 0.282773975 0.51057380625 0.2922028484375 0.585165021875 0.32613155781250003 0.5933572359375 0.31594061562500003 0.5196015015625 0.282773975
0 0.47888833125 0.310809734375 0.46763590781250003 0.3206456796875 0.5441749687499999 0.35513292500000004 0.5569599125 0.34730392656250003 0.47888833125 0.310809734375
3 0.8181322765625 0.6494818203125 0.8021293578125 0.6428030546875 0.7874110609375 0.6610501921874999 0.8025785000000001 0.6669668875 0.8181322765625 0.6494818203125
0 0.46611305 0.32595651718749996 0.45778239374999996 0.336630265625 0.5359875875 0.3689827609375 0.545153721875 0.35907108593750003 0.46611305 0.32595651718749996
0 0.1738349359375 0.4814525625 0.1632747203125 0.48887448750000007 0.24259227656250001 0.5210234484375 0.25092776250000004 0.5140085937500001 0.1738349359375 0.4814525625
0 0.160496225 0.49121277343749997 0.153416375 0.50120018125 0.231483125 0.53403548125 0.2413463015625 0.5253686796875 0.160496225 0.49121277343749997
0 0.1402209375 0.51413648125 0.1310548015625 0.524048159375 0.20661510781249998 0.55459724375 0.21689360937500002 0.5444820328125 0.1402209375 0.51413648125
0 0.120642690625 0.538305065625 0.112727359375 0.547530403125 0.18982018750000001 0.580086434375 0.199960246875 0.5704540265625 0.120642690625 0.538305065625
0 0.1032746796875 0.5510899015625 0.09397010156249999 0.56148438125 0.1763478671875 0.5939883421875 0.18523711874999998 0.5850422734375 0.1032746796875 0.5510899015625
0 0.1390604078125 0.7938642265625 0.11665535468749999 0.783782175 0.04636715 0.8487950156249999 0.0639025890625 0.8574807265625 0.1390604078125 0.7938642265625
0 0.2290572953125 0.8034728890625 0.2405866015625 0.7926713390625 0.0706749109375 0.7199149 0.05983781406250001 0.728302434375 0.2290572953125 0.8034728890625
0 0.5424833125 0.8646088000000001 0.534014215625 0.87576535 0.6219586328125 0.910910525 0.6319602515625 0.9017609203125 0.5424833125 0.8646088000000001
0 0.5383300625 0.879092903125 0.529025484375 0.889487384375 0.611126365625 0.92295695 0.6212664250000001 0.9133245421874999 0.5383300625 0.879092903125
0 0.6247982734375 0.8495471640625001 0.6335490859374999 0.841083896875 0.5698142921875 0.813403221875 0.5599511171875 0.8220700234375 0.6247982734375 0.8495471640625001
0 0.3656299265625 0.1691307078125 0.3585500765625 0.179118115625 0.4314655 0.207863790625 0.440354753125 0.198917721875 0.3656299265625 0.1691307078125
0 0.37896380625 0.15571160312500001 0.3706283203125 0.1627264578125 0.44758270468749994 0.19576529375 0.457168996875 0.1880641 0.37896380625 0.15571160312500001
0 0.3920159703125 0.1395992140625 0.3835468734375 0.15075576562499998 0.4572977765625 0.1802635125 0.4661870296875 0.1713174421875 0.3920159703125 0.1395992140625
0 0.402704965625 0.1243767 0.3954866734375 0.1348469109375 0.472856384375 0.1664373359375 0.4817456375 0.1574912671875 0.402704965625 0.1243767
3 0.7725494937499999 0.676121240625 0.7903618156250001 0.6838413484375 0.8018862906249999 0.66938090625 0.785047890625 0.661940065625 0.7725494937499999 0.676121240625
3 0.789540828125 0.694055953125 0.806656109375 0.7005311843750001 0.8238711875 0.677252475 0.80578198125 0.6704979765625 0.789540828125 0.694055953125
3 0.815831909375 0.6979372921875 0.8308609062500001 0.7043367921875 0.844189953125 0.6872587953125 0.8280485921875 0.6810628328125 0.815831909375 0.6979372921875
3 0.831524128125 0.679969421875 0.8473886046875 0.6871309921875 0.8608560953125 0.6695701921875 0.8448531765625 0.662891425 0.831524128125 0.679969421875
3 0.8521197765625 0.6890101359374999 0.8690966171875001 0.6959681703125 0.8813133015625001 0.679093709375 0.8662843062500001 0.6726942109375 0.8521197765625 0.6890101359374999
3 0.9044105640625 0.6867617453125 0.8893815671875 0.6803622453125 0.8748017140625001 0.6981265796875 0.8905277484375 0.7057709546875001 0.9044105640625 0.6867617453125
3 0.9312650734375 0.6960296546875 0.9103925421874999 0.687954546875 0.8974836500000001 0.7072430265625 0.917382259375 0.7150388640625 0.9312650734375 0.6960296546875
3 0.8357305187499999 0.7057331312499999 0.8522920359375 0.7141395765625 0.8685428515625 0.697899384375 0.85184289375 0.6899757421875 0.8357305187499999 0.7057331312499999
3 0.7065384875 0.7151904984375 0.6884492812499999 0.7084359984375 0.675258675 0.725031190625 0.6922355171875 0.7319892265625 0.7065384875 0.7151904984375
3 0 0.655028015625 0.0312302140625 0.655309215625 0.02384449375 0.644308878125 0 0.6440941796875 0 0.655028015625
3 0.027959096875 0.6005536375 0.042019001562500005 0.6103327625 0.06578914687500001 0.6009512109374999 0.049781396875 0.5906135515625001 0.027959096875 0.6005536375
3 0.00221211875 0.5874233 0.013211815625000001 0.5968474234375 0.0421284578125 0.58789660625 0.0297395140625 0.579641625 0.00221211875 0.5874233
3 0.058986181250000005 0.6099730109375 0.070262759375 0.6184315296875 0.101542571875 0.6085908359375 0.0891536296875 0.60033585625 0.058986181250000005 0.6099730109375
3 0.082642040625 0.619368725 0.0946156578125 0.6290721171875 0.120472090625 0.6197662984375001 0.10752454843749999 0.6097836390625 0.082642040625 0.619368725
3 0.1032376890625 0.6284094390625 0.117020709375 0.6391541703125 0.1431540265625 0.62888274375 0.1302064859375 0.618900084375 0.1032376890625 0.6284094390625
3 0.14192254531249998 0.6442046515625 0.156120890625 0.653500971875 0.1808649578125 0.6443986890625 0.1668050546875 0.6346195640625 0.14192254531249998 0.6442046515625
3 0.17559934531250002 0.659086328125 0.189382365625 0.6698310578125 0.2192729296875 0.6611595078125 0.2064638328125 0.6506940453125 0.17559934531250002 0.659086328125
3 0.21066539374999999 0.6727988625 0.2216650875 0.682222984375 0.252391134375 0.6743135062500001 0.23930515156249998 0.6648136515624999 0.21066539374999999 0.6727988625
3 0.5726555921875 0.858630534375 0.5647402609375 0.8678558703125001 0.6177570734375 0.8888057078125 0.6249753640625 0.878335496875 0.5726555921875 0.858630534375
3 0.7743283953125 0.8647316843749999 0.7890805078125 0.8720967906249999 0.8032450375 0.855780865625 0.7883544828125 0.8488985625 0.7743283953125 0.8647316843749999
3 0.7534558625 0.8566565781250001 0.769320340625 0.8638181484375 0.7826493875 0.8467401515624999 0.7653956640625 0.840747725 0.7534558625 0.8566565781250001
3 0.7274368328125 0.8481507390624999 0.74316286875 0.8557951140625001 0.7602443359375 0.8366581 0.743129053125 0.83018286875 0.7274368328125 0.8481507390624999
3 0.7134510515625 0.9998456718750001 0.7170553671875 0.9909516734375 0.6744796515625 0.97769828125 0.6710137796875 0.9861094749999999 0.7134510515625 0.9998456718750001
3 0.77291485 0.5314932359375 0.7908656140625 0.5387305390625 0.8068395453124999 0.523455953125 0.7888887812500001 0.5162186515625 0.77291485 0.5314932359375
3 0.8247903109375001 0.53069325625 0.8087873921875 0.5240144890625 0.7946228625 0.5403304140625 0.8114612625 0.547771253125 0.8247903109375001 0.53069325625
3 0.8428795171875001 0.53744775625 0.8257642328125 0.5309725249999999 0.8134091078125 0.5483297890625 0.8274641812500001 0.5544500203125 0.8428795171875001 0.53744775625
3 0.8090609593750001 0.30986753437500003 0.82895956875 0.3176633734375 0.8415915765624999 0.299340503125 0.8226668890625 0.29182393281249996 0.8090609593750001 0.30986753437500003
3 1 0.2513030125 0.9988261218750001 0.25089910937500004 0.985917228125 0.2701875859375 1 0.27586540937500004 1 0.2513030125
3 1 0.3337727515625 0.98463909375 0.355511246875 1 0.3611176015625 1 0.3337727515625
3 0.9922582171875 0.33261594843750003 0.9751429328125001 0.32614071718750004 0.96334640625 0.345225659375 0.9804616890625001 0.351700890625 0.9922582171875 0.33261594843750003
3 0.973471971875 0.32461657499999996 0.9551058828125001 0.31882768125 0.9431709140625 0.338395428125 0.961537003125 0.3441843203125 0.973471971875 0.32461657499999996
3 0.9530195953125 0.31875195 0.9340949078125 0.3112353796875 0.9224368234375 0.3298375171875 0.940526028125 0.3365920171875 0.9530195953125 0.31875195
3 0.8450332953125 0.27263484843749997 0.8297274140625 0.26720095625 0.8161214843750001 0.2852445578125 0.8322628453125 0.29144052187499997 0.8450332953125 0.27263484843749997
3 0.8646550203125001 0.28139629374999997 0.8478166203124999 0.2739554546875 0.8361585343750001 0.29255759375 0.8521614546875 0.2992363609375 0.8646550203125001 0.28139629374999997
3 0.8849689546875 0.28774372187499997 0.8670181906250001 0.28050641718749997 0.853412259375 0.298550021875 0.8712245828125 0.30627012656249997 0.8849689546875 0.28774372187499997
3 0.904729125 0.29602236406250004 0.887613840625 0.2895471328125 0.8720600640624999 0.3070321984375 0.8900108281250001 0.3142695015625 0.904729125 0.29602236406250004
3 0.8288211265625 0.3181461765625 0.8455210843750001 0.32606981875 0.860797978125 0.30955035937500003 0.8440980203124999 0.301626715625 0.8288211265625 0.3181461765625
3 0.847196878125 0.33125285312499997 0.8620874328125 0.33813515625 0.8781998078125 0.3223777671875 0.863309253125 0.315495465625 0.847196878125 0.33125285312499997
3 0.8616657625 0.5454471296875 0.8446889203125 0.5384890953125 0.8310829890625 0.5565326984375 0.84805983125 0.563490734375 0.8616657625 0.5454471296875
3 0.863204628125 0.3415905125 0.8819908734374999 0.3495898875 0.9007384703125 0.328318125 0.8808398609375001 0.3205222859375 0.863204628125 0.3415905125
3 0.8826879125 0.3508347625 0.901474159375 0.3588341359375 0.9216158343749999 0.340052121875 0.9010201859375 0.331011409375 0.8826879125 0.3508347625
3 0.9039806 0.36112035 0.9226284046875 0.3696025265625 0.942211484375 0.34909283593749996 0.9224513140624999 0.34081419375 0.9039806 0.36112035
3 0.9619716515625001 0.35737147812500003 0.9459687328124999 0.3506927109375 0.9299996296874999 0.3696261875 0.9457256656249999 0.3772705625 0.9619716515625001 0.35737147812500003
3 0.9835412234375 0.3666914578125 0.9657289 0.35897135156250004 0.9507337218749999 0.378184096875 0.9695199671875001 0.386183471875 0.9835412234375 0.3666914578125
3 1 0.374089075 0.9852121859375 0.3682156015625 0.9725801781250001 0.386538471875 0.9905309421874999 0.393775775 1 0.3812183140625 1 0.374089075
3 0.7742154796875 0.3578733625 0.7571001953125001 0.35139813124999997 0.742797225 0.368196859375 0.7607479890625 0.3754341625 0.7742154796875 0.3578733625
3 0.7955033375 0.3645000578125 0.7793619765625001 0.35830409531249996 0.766448253125 0.37393368125 0.78648530625 0.381246715625 0.7955033375 0.3645000578125
3 0.8197129625 0.37196455781250004 0.7996759109375 0.364651521875 0.78968395625 0.3811189109375 0.8074962781250001 0.38883901875000004 0.8197129625 0.37196455781250004
3 0.8451733953125 0.3787427171875 0.8261102656249999 0.3717089515625 0.8118072953125001 0.3885076796875 0.828507253125 0.3964313203125 0.8451733953125 0.3787427171875
3 0.9974320421874999 0.248409359375 0.9804552 0.24145132500000002 0.9658801765625 0.2628745515625 0.9820215375 0.2690705140625 0.9974320421874999 0.248409359375
3 0.9808705265625 0.24000291406250002 0.9647291640625 0.2338069515625 0.9488985046874999 0.25225762343749997 0.965875346875 0.259215659375 0.9808705265625 0.24000291406250002
3 0.9638936828125001 0.233044878125 0.9460813609375001 0.2253247734375 0.9324754296875 0.24336837500000003 0.950287753125 0.2510884828125 0.9638936828125001 0.233044878125
3 0.9437181906250001 0.226214646875 0.9257674265625001 0.2189773453125 0.9154985874999999 0.236410340625 0.9305275828124999 0.24280983906250003 0.9437181906250001 0.226214646875
3 0.381278953125 0.7504590671875 0.366111515625 0.7445423718749999 0.354587040625 0.7590028140625 0.3697544765625 0.7649195109375 0.381278953125 0.7504590671875
3 1 0.12594624062499998 0.9787632546875 0.118700940625 0.9741850187500001 0.12731566875 1 0.1364438953125 1 0.12594624062499998
3 0.9042106890625 0.11404336562499999 0.9103456015625 0.12573004375000002 0.9554084359375 0.1266340796875 0.9474641187499999 0.11390606406249999 0.9042106890625 0.11404336562499999
3 0.876015240625 0.14253351875 0.892018159375 0.14921228749999998 0.9039579609375 0.133303434375 0.8857303125 0.12703173750000002 0.876015240625 0.14253351875
3 0.8931305249999999 0.14900875156249999 0.9088565609374999 0.156653125 0.9258044171875 0.14165780781249998 0.9071566125 0.13317563125 0.8931305249999999 0.14900875156249999
3 0.9146952671875 0.1546698390625 0.9281965718749999 0.1627212859375 0.9450059859375 0.14820877187499998 0.9290030671875 0.14153000468750002 0.9146952671875 0.1546698390625
3 0.9284782874999999 0.1654145703125 0.946710765625 0.175345159375 0.9674110390624999 0.1582908234375 0.9479277546875 0.14904657500000001 0.9284782874999999 0.1654145703125
3 0.952964796875 0.17191346406250002 0.9695263125 0.1803199078125 0.9874480921875 0.165603859375 0.968523403125 0.1580872875 0.952964796875 0.17191346406250002
3 1 0.1705081671875 0.9867510515625 0.16435898437500002 0.9716125999999999 0.180395640625 0.987897234375 0.1897676921875 1 0.1771683734375 1 0.1705081671875
3 1 0.176829690625 0.9880356750000001 0.18928488906250002 1 0.194297415625 1 0.176829690625
3 1 0.23135116875 0.988385025 0.24320266406250002 1 0.2481484390625 1 0.23135116875
3 1 0.226905159375 0.98752055625 0.22048723906249998 0.9709880249999999 0.23403414687500002 0.9857401390625 0.241399253125 1 0.22872721093749998 1 0.226905159375
3 0.95261710625 0.22458636250000003 0.9680662578125 0.23319634374999998 0.9840401906249999 0.21792175781249998 0.9670633499999999 0.2109637234375 0.95261710625 0.22458636250000003
3 0.9284074796875 0.21712186406249998 0.9462198015625001 0.22484196875 0.9621937359375 0.20956738437500003 0.9445198546875 0.20136447500000001 0.9284074796875 0.21712186406249998
3 0.9072580640625001 0.2100123640625 0.9252088281249999 0.2172496671875 0.9415980859375 0.200526671875 0.925733609375 0.1933651 0.9072580640625001 0.2100123640625
3 0.8856884921875 0.20069238281250001 0.9044747390625 0.20869175625 0.9211408796875 0.191003153125 0.90332855625 0.1832830484375 0.8856884921875 0.20069238281250001
3 0.9011376453125 0.20930236406249997 0.8819360734374999 0.2027514 0.8673562203125 0.220515734375 0.8854454265625 0.22727023281249997 0.9011376453125 0.20930236406249997
3 0.9210362546875001 0.217098203125 0.903920971875 0.2106229703125 0.8901765984375001 0.22914937656249998 0.9072918812499999 0.2356246078125 0.9210362546875001 0.217098203125
3 0.8647951218750001 0.3875041625 0.8486537593750001 0.3813082 0.8343507906250001 0.398106928125 0.85049215 0.4043028921875 0.8647951218750001 0.3875041625
3 0.8905324359375 0.3933167171875 0.8717461906249999 0.38531734218749997 0.853137034375 0.4061063015625 0.8709493578125 0.4138264078125 0.8905324359375 0.3933167171875
3 0.9107127609375001 0.403805840625 0.8929004375 0.396085734375 0.8790127921875 0.411436053125 0.8957127500000001 0.41935969375 0.9107127609375001 0.403805840625
3 0.764081909375 0.4777553375 0.778972465625 0.4846376390625 0.7928601109375 0.469287321875 0.7776926734375 0.46337062656250005 0.764081909375 0.4777553375
3 0.7821711171875 0.4845098359375 0.7978971515625 0.49215420937500004 0.8135942015625 0.47784523281249996 0.797868165625 0.4702008578125 0.7821711171875 0.4845098359375
3 0.832485071875 0.4597495578125 0.8163437109375 0.45355359375 0.8025993375 0.47207999999999994 0.8195761796875001 0.479038034375 0.832485071875 0.4597495578125
3 0.8024850515624999 0.490857265625 0.817098721875 0.4987051734375 0.8323804484374999 0.48584460625 0.817628334375 0.4784794984375 0.8024850515624999 0.490857265625
3 0.817934203125 0.49946724531250003 0.8346341609374999 0.5073908874999999 0.852140615625 0.4941232484375 0.8364145796875 0.48647887343749996 0.817934203125 0.49946724531250003
3 0.8393653343749999 0.5092700296875 0.8542558890624999 0.5161523328125 0.8699529390625 0.5018433531250001 0.856174746875 0.49475751562500003 0.8393653343749999 0.5092700296875
3 0.8596792671875001 0.5156174578125 0.87443138125 0.5229825640625 0.8916609515625 0.51068053125 0.87607335625 0.5025533531249999 0.8596792671875001 0.5156174578125
3 0.8497436281249999 0.469400878125 0.8356885546875 0.4632806453125 0.8208269859374999 0.4783516953125 0.8337696937500001 0.4846754640625 0.8497436281249999 0.469400878125
3 0.8683914312500001 0.4778830546875 0.8546132421875001 0.4707972171875 0.841002478125 0.48518192656250003 0.856031475 0.49158142656250003 0.8683914312500001 0.4778830546875
3 0.8877314437500001 0.483951215625 0.871728525 0.4772724484375 0.8628537640625 0.49719519375 0.877185721875 0.5023498187500001 0.8877314437500001 0.483951215625
3 0.910131665625 0.49037437500000003 0.8939903062500001 0.48417841250000004 0.8834445843750001 0.5025770140625 0.9015337890625 0.5093315140625 0.910131665625 0.49037437500000003
3 0.9317012374999999 0.49969435625 0.9148628375 0.49225351718750004 0.902230828125 0.5105763890625 0.920320034375 0.5173308875 0.9317012374999999 0.49969435625
3 0.8758254609374999 0.5254723140625 0.892386978125 0.5338787578125 0.911282678125 0.5194419765625 0.8945827187500001 0.511518334375 0.8758254609374999 0.5254723140625
3 0.897671915625 0.5338266875000001 0.9165966031250001 0.5413432578124999 0.9306226890625 0.5255101375 0.9116980031249999 0.517993565625 0.897671915625 0.5338266875000001
3 0.9525737703124999 0.5077694625 0.935596928125 0.500811428125 0.9226880359375 0.5200999046875 0.937993915625 0.525533796875 0.9525737703124999 0.5077694625
3 0.96746915625 0.5183106578125 0.9504923140624999 0.5113526234375 0.9388342281250001 0.5299547625 0.954001665625 0.5358714578125 0.96746915625 0.5183106578125
3 0.916601434375 0.54500215 0.93441375625 0.55272225625 0.9508030140624999 0.5359992609375 0.9329906906250001 0.5282791546875 0.916601434375 0.54500215
3 0.9863938421875 0.525827228125 0.9683046359375 0.5190727296875 0.9558110687499999 0.536912796875 0.9737618328125001 0.5441501 0.9863938421875 0.525827228125
3 0.93858633125 0.5528737203125 0.954312365625 0.5605180953125 0.970701625 0.5437950984375 0.9545602640625 0.5375991359375 0.93858633125 0.5528737203125
3 0.9596262921875001 0.5824193765625 0.9405631624999999 0.5753856093749999 0.9283513093750001 0.5959189609375 0.9474144390625 0.602952728125 0.9596262921875001 0.5824193765625
3 0.9402862796875 0.576351215625 0.9213615921875 0.5688346453124999 0.9072018921874999 0.5888094625 0.9261265812499999 0.5963260328125 0.9402862796875 0.576351215625
3 0.9202492281250001 0.56903818125 0.8993766953125 0.560963075 0.88785705 0.5790824109375 0.9076172187499999 0.5873610515625 0.9202492281250001 0.56903818125
3 0.900489059375 0.5607595390625 0.8842092562499999 0.555046378125 0.8718541312499999 0.57240364375 0.8870215703125 0.5783203390625 0.900489059375 0.5607595390625
3 0.883650659375 0.5533187015625 0.8636136078125001 0.546005665625 0.8508431562500001 0.5648113390625 0.8689323640625 0.571565840625 0.883650659375 0.5533187015625
3 0.81050500625 0.4555368796875 0.7964499328125 0.44941664843750007 0.7846485734375 0.464842696875 0.797868165625 0.4702008578125 0.81050500625 0.4555368796875
3 0.7910217203125 0.44629262968749994 0.774880359375 0.44009666718749996 0.7647499640625 0.457046859375 0.7788050359375001 0.463167090625 0.7910217203125 0.44629262968749994
3 0.9285299140625 0.41518483906250003 0.912803878125 0.407540465625 0.8986393484375 0.42385638906249995 0.914503825 0.431017959375 0.9285299140625 0.41518483906250003
3 0.7429324953124999 0.47064583750000005 0.7596324531249999 0.4785694796875 0.775744828125 0.46281209062500006 0.75988035 0.4556505203125 0.7429324953124999 0.47064583750000005
3 0.9541336171875001 0.4251390875 0.9375721015625 0.41673264374999996 0.922572090625 0.4322864953125 0.939133609375 0.440692940625 0.9541336171875001 0.4251390875
3 0.976953996875 0.4337727296875 0.9574707109375 0.42452848125 0.9419169343749999 0.44201354843749996 0.9598676984375001 0.44925085 0.976953996875 0.4337727296875
3 0.996580553125 0.44619306718749996 0.9798805953124999 0.4382694265625 0.9662698328125 0.4526541375 0.9836668312500001 0.46182265312500004 0.996580553125 0.44619306718749996
3 0.7273818890625 0.38519912343749996 0.7470036171875 0.39396056874999996 0.7618651843750001 0.37888951875 0.7423819 0.36964526875 0.7273818890625 0.38519912343749996
3 0.7485313062500001 0.3923086234375 0.7662051859375001 0.4005115328125 0.7835683671875 0.3840678046875 0.7647821234375 0.3760684296875 0.7485313062500001 0.3923086234375
3 0.7737100234375001 0.3963934984375 0.7904099812500001 0.4043171390625 0.8038823031250001 0.39041523125 0.784957615625 0.38289866093749997 0.7737100234375001 0.3963934984375
3 0.793470190625 0.4046721390625 0.80933466875 0.4118337109375 0.8239193546875001 0.3977282671875 0.8079164343749999 0.3910495 0.793470190625 0.4046721390625
3 0.8122564375 0.41267151406249997 0.8258961859375 0.4202401546875 0.84395640625 0.40504130156249996 0.828091928125 0.39787973125 0.8122564375 0.41267151406249997
3 0.8268749390625001 0.424178315625 0.843574896875 0.4321019578125 0.864690496875 0.4135992125 0.8489644609375 0.40595483750000005 0.8268749390625001 0.424178315625
3 0.8459380671875 0.43121208125 0.8636119499999999 0.4394149921875 0.8854245875 0.4221571203125 0.8678891484375001 0.41347140937500004 0.8459380671875 0.43121208125
3 0.8682046796874999 0.44177693749999997 0.8890772124999999 0.44985204375 0.9072710421875 0.4305114953125 0.8883463562499999 0.42299492499999997 0.8682046796874999 0.44177693749999997
3 0.8953360734375 0.45007924062500004 0.9125897984375 0.45607166875000005 0.9245295984374999 0.44016281562500004 0.9063019499999999 0.4338911203125 0.8953360734375 0.45007924062500004
3 0.90994974375 0.45792715 0.92803895 0.46468165 0.9424803640625001 0.44740011874999996 0.9266158859375 0.44023854843750004 0.90994974375 0.45792715
3 0.9641835453125 0.452578403125 0.9451204171875001 0.4455446375 0.9292945874999999 0.46765420156250004 0.9461329875000001 0.475095040625 0.9641835453125 0.452578403125
3 0.9500238484375 0.47255322031249997 0.9665853640625001 0.48095966562500003 0.985060909375 0.464312403125 0.9680840671875 0.4573543671875 0.9500238484375 0.47255322031249997
3 1 0.4702079796875 0.9864501562499999 0.46314325937499995 0.97089638125 0.480628328125 0.9867608578124999 0.487789896875 1 0.47347393125000004 1 0.4702079796875
3 0.935706384375 0.47837527187499995 0.9284832625 0.48518659218750004 0.96995144375 0.5023024125 0.9752267203124999 0.49493255625000004 0.935706384375 0.47837527187499995
3 0.73035196875 0.42262584687500004 0.714072165625 0.4169126875 0.70394176875 0.4338628796875 0.7211954953124999 0.43985530781250004 0.73035196875 0.42262584687500004
3 0.681985859375 0.44794466093749996 0.695902490625 0.454547696875 0.71465975 0.4405937171875 0.6999076375 0.4332286109375 0.681985859375 0.44794466093749996
3 0.7471903671875 0.4300666859375 0.733832334375 0.4251913296875 0.7241172625 0.44069311093749997 0.7365013734375 0.44528920000000005 0.7471903671875 0.4300666859375
3 0.7021613515625 0.4547748921875 0.7167750234375 0.46262280312500004 0.7344199171875 0.448872359375 0.7205032874999999 0.442269325 0.7021613515625 0.4547748921875
3 0.7684782265625001 0.43669338125 0.753172346875 0.4312594890625 0.7438726 0.4453128609375 0.7600139609375 0.451508825 0.7684782265625001 0.43669338125
3 0.7240078078125001 0.463129265625 0.74084620625 0.47057010468750005 0.7582093875 0.4541263765625 0.7424833515625 0.446482003125 0.7240078078125001 0.463129265625
0 0.650511434375 0.8370652562500001 0.6619022984375 0.8267465078124999 0.5789611046875 0.7888559765625 0.5710457734375 0.798081315625 0.650511434375 0.8370652562500001