0 1 0.1782471171875 0.9935801734374999 0.1747312921875 0.933101746875 0.2944018390625 0.952344859375 0.306906415625 1 0.21022740624999997 1 0.1782471171875
3 0.3849223140625 0.5859775093749999 0.37340179687499997 0.5824769578125 0.36022709375 0.6238517984375 0.3717476125 0.6273523515625 0.3849223140625 0.5859775093749999
3 0.124683121875 0.5779925453125 0.1316721265625 0.5615976609375 0.09653859687500001 0.537301146875 0.0876593421875 0.5543460375 0.124683121875 0.5779925453125
3 0.066679621875 0.657169315625 0.07304435625 0.6395899484374999 0.04458134375 0.625125621875 0.0363263640625 0.6433549953125001 0.066679621875 0.657169315625
3 0.05079393125 0.6948125453125 0.056516962500000004 0.680252153125 0.0251116328125 0.6672659999999999 0.019174698437500002 0.682832715625 0.05079393125 0.6948125453125
3 0.040648703125000005 0.713691925 0.0442675890625 0.7007878640625 0.014556034374999999 0.6839545703125001 0.008833 0.6985149640625 0.040648703125000005 0.713691925
3 0 0.762853146875 0.017756575 0.771933496875 0.0247455828125 0.755538615625 0 0.74359339375 0 0.762853146875
3 0 0.7891935609375 0.0023684109375 0.7907502484375 0.0116580359375 0.7758961656250001 0 0.7687908234374999 0 0.7891935609375
0 0.9480050875 0.24077294375 0.9583642156250001 0.2208872375 0.8958197468750001 0.1812982328125 0.8854606171875 0.20118393750000002 0.9480050875 0.24077294375
0 0.9231308296874999 0.271246640625 0.9334899578125 0.2513609375 0.8694830437500001 0.21040928750000001 0.858071840625 0.2311231578125 0.9231308296874999 0.271246640625
0 0.9194073578124999 0.30937145 0.9299803890625 0.28847942031249996 0.798203496875 0.203672678125 0.7882547390625 0.22574919218749998 0.9194073578124999 0.30937145
0 0.8952666875 0.3652440546875 0.9050015437500001 0.3441738671875 0.76985453125 0.2628579453125 0.7605474765625 0.28191548437499997 0.8952666875 0.3652440546875
0 0.7789905187499999 0.13332601718749998 0.7687882671875 0.1153806015625 0.7155777421875 0.15140093906250002 0.7255660921875 0.170352678125 0.7789905187499999 0.13332601718749998
0 0.7745113 0.1008202078125 0.7657889250000001 0.0800339765625 0.70038131875 0.12397965156249999 0.70910369375 0.1447658828125 0.7745113 0.1008202078125
0 0.841135565625 0.4715386921875 0.8525467671875001 0.45082482187500006 0.73728456875 0.3789945015625 0.7264976375 0.40089285625000004 0.841135565625 0.4715386921875
0 0.829065228125 0.4994749953125 0.8388000859375 0.47840480625000004 0.7055433203125 0.396438878125 0.6945424890624999 0.41934355625 0.829065228125 0.4994749953125
0 0.784276025 0.578305178125 0.7937969796875 0.5582413125000001 0.6638929046875 0.476988021875 0.6547997515625 0.4950392359375 0.784276025 0.578305178125
0 0.7724021578125 0.6094386109375 0.782137015625 0.5883684234375 0.64784560625 0.503027203125 0.637058675 0.5249255578125 0.7724021578125 0.6094386109375
0 0.761383896875 0.6365467484375 0.7706909515625 0.617489209375 0.64456736875 0.53493590625 0.6352603140624999 0.5539934453125 0.761383896875 0.6365467484375
0 0.7442845234375 0.663414096875 0.755481825 0.64370655 0.6216356484375 0.5521492234375 0.6119182234375 0.5690159546875 0.7442845234375 0.663414096875
0 0.71195859375 0.72070224375 0.72126565 0.701644703125 0.5865290078125 0.622519590625 0.5788982984375 0.6419334484375 0.71195859375 0.72070224375
0 0.485342925 0.7976966921875001 0.5016611484375 0.8074759828125 0.5460574140625 0.722251534375 0.5305773640625 0.7126504031249999 0.485342925 0.7976966921875001
0 0.4334016171875 0.679373571875 0.4518239859375 0.6874965296875 0.4772480625 0.6255859781249999 0.4605020390625 0.6178193375000001 0.4334016171875 0.679373571875
0 0.4568642359375 0.43298271875000005 0.47065050937499997 0.44643098906249995 0.5262836656250001 0.38252725 0.51271129375 0.3680726546875 0.4568642359375 0.43298271875000005
0 0.368559771875 0.485734796875 0.3831667859375 0.503564684375 0.437944340625 0.4436862421875 0.42563794218749995 0.42739715624999997 0.368559771875 0.485734796875
0 0.38334582500000003 0.510965275 0.3973285671875 0.5276106781250001 0.4643206359375 0.45560344218750004 0.45180033750000004 0.44032068124999996 0.38334582500000003 0.510965275
0 0.3326371171875 0.6011587171875 0.34727899375 0.6105816875000001 0.37518272812500003 0.5576125281250001 0.3607547515625 0.5471832328125 0.3326371171875 0.6011587171875
0 0.2793695703125 0.6003542578125 0.29547389218750003 0.6111398703125 0.3400666265625 0.5291125562500001 0.3256386515625 0.518683259375 0.2793695703125 0.6003542578125
3 0.2113286703125 0.5206806921875 0.22786079374999998 0.5294536578125 0.2479722109375 0.48429430625 0.233330334375 0.47487133437500006 0.2113286703125 0.5206806921875
3 0.1990222734375 0.5043916078125 0.213253778125 0.5116237703125 0.22787349375 0.4758150296875 0.2136419890625 0.4685828671875 0.1990222734375 0.5043916078125
3 0.2087636125 0.1783034828125 0.19280346718750002 0.18332537499999998 0.1968374546875 0.22204729374999999 0.21509821406250001 0.2185662015625 0.2087636125 0.1783034828125
3 0.8125014859374999 0.34659997656249997 0.8215946390625 0.3285487625 0.79022416875 0.30715569375 0.7817552875 0.326391390625 0.8125014859374999 0.34659997656249997
0 0.9858052859375 0.17833764531250001 0.9984824640625 0.15578928281249999 0.9326027328125001 0.11128418281250001 0.92013945625 0.13282621875 0.9858052859375 0.17833764531250001
0 0.9741801828125001 0.2000578390625 0.985377484375 0.18035029375 0.9150929906249999 0.135960721875 0.9074797109375 0.15117112187499998 0.9741801828125001 0.2000578390625
0 0.94999991875 0.214902190625 0.9614111218750001 0.19418831875 0.9141502312500001 0.1610033109375 0.9025251296875 0.18272350625 0.94999991875 0.214902190625
0 0.4355518375 0.413727559375 0.448892878125 0.4333919375 0.5112488500000001 0.3667100109375 0.494965490625 0.34852380625 0.4355518375 0.413727559375
0 0.4766681140625 0.71486491875 0.49591122500000007 0.7273694921875 0.5253122640625 0.6673560609375 0.5046067078124999 0.6534888421875 0.4766681140625 0.71486491875
0 0.42026326562499994 0.9142856359374999 0.43929247499999996 0.9277965359375001 0.4678379125 0.8718084015625 0.4492190734375 0.8604883109375001 0.42026326562499994 0.9142856359374999
3 0.8163038765625 0.94692891875 0.8266455734375 0.9312466734375 0.795257671875 0.9140570609375 0.7865923203125 0.9300956265625 0.8163038765625 0.94692891875
3 0.848083228125 0.7685686609375 0.86589875625 0.7713036765625 0.8725819781249999 0.7274972375 0.8553907203125 0.7259467046875 0.848083228125 0.7685686609375
3 0.572210346875 0.63630471875 0.57836118125 0.6197316749999999 0.5513606140625 0.6066299921875 0.544781978125 0.625215684375 0.572210346875 0.63630471875
3 0.827559953125 0.609593065625 0.8324622421875001 0.5906510546875 0.798114590625 0.5791430734375 0.7927844984375 0.6000977328125 0.827559953125 0.609593065625
3 0.9149248984374999 0.42937460937500005 0.9212896328125 0.41179524218749997 0.888849659375 0.3954337953125 0.8822710234375 0.41401948749999995 0.9149248984374999 0.42937460937500005
3 0.7977201609375 0.3708046703125 0.8055473421875 0.3545879453125 0.7762635859375 0.335742003125 0.7665461609374999 0.3526087328125 0.7977201609375 0.3708046703125
3 0.810067903125 0.07366890312499999 0.8061432328125001 0.059161409374999994 0.7748123546875 0.07879659375 0.7801994703124999 0.09466672968749999 0.810067903125 0.07366890312499999
3 0.167068875 0.168389203125 0.15505083125000002 0.18371513125 0.1800914296875 0.21428065312500003 0.1904331265625 0.1985984046875 0.167068875 0.168389203125
3 0.37299615625000004 0.6297213187499999 0.389331809375 0.63529715 0.4035760171875 0.5888906859375 0.3859743890625 0.58514934375 0.37299615625000004 0.6297213187499999
3 0.4544034984375 0.62178200625 0.4418483390625 0.6149061625 0.42512447499999995 0.6523712328125 0.44019415312500004 0.6597815546875 0.4544034984375 0.62178200625
3 0.44122406718749996 0.613721678125 0.429079278125 0.6090366421875 0.4165637078125 0.6431890515625 0.42849459687499997 0.6488804109374999 0.44122406718749996 0.613721678125
3 0.429079278125 0.6090366421875 0.41441996875 0.603817128125 0.403777215625 0.6415229890624999 0.417812253125 0.64555801875 0.429079278125 0.6090366421875
3 0.41400959843749996 0.6016263187499999 0.4014370078125 0.5989539328125 0.3901699828125 0.6354753093750001 0.40482928906250004 0.6406948234375001 0.41400959843749996 0.6016263187499999
3 0.3579835 0.65913579375 0.34974595 0.673161709375 0.3777637296875 0.6938421421875 0.3862151796875 0.6788099015625 0.3579835 0.65913579375
3 0.3340171375 0.67297381875 0.3245136125 0.688834225 0.352334921875 0.7063175234375 0.361214175 0.6892726359375 0.3340171375 0.67297381875
3 0.33350218125 0.6960037578125 0.326513175 0.7123986421875 0.35140959375 0.72715665625 0.359664575 0.7089272828125 0.33350218125 0.6960037578125
3 0.3816884 0.7083496375 0.3678846953125 0.6991048234374999 0.3511782625 0.7323664375 0.3653923375 0.7438020578125 0.3816884 0.7083496375
3 0.4813186640625 0.3014478734375 0.4759489796875 0.2813742796875 0.4378778578125 0.30799110625 0.44346144218749994 0.327058375 0.4813186640625 0.3014478734375
3 0.09147171875 0.1407508328125 0.1036862328125 0.1286220375 0.0881142984375 0.0906030265625 0.0750616125 0.1025536640625 0.09147171875 0.1407508328125
3 0.12472770625 0.112058725 0.1392428359375 0.1014707328125 0.1278443359375 0.06854597500000001 0.111652859375 0.07877765 0.12472770625 0.112058725
0 0.2814816890625 0.49562412968749997 0.2653773671875 0.4848385140625 0.2378840046875 0.5399984812499999 0.253150153125 0.5506059375000001 0.2814816890625 0.49562412968749997