3 0.19844971250000001 0.9479483046875 0.1801348890625 0.9636310546875 0.20779690468749998 0.9938327078125001 0.22822655468750003 0.986188090625 0.19844971250000001 0.9479483046875
3 0.08394009999999999 0.596181975 0.1041503484375 0.6011068703125 0.1207692015625 0.5533896421875 0.0994317265625 0.5484450703125 0.08394009999999999 0.596181975
3 0.7737685984375 0.028706140624999998 0.78474165625 0.0460431453125 0.817850009375 0.0226173984375 0.8057098390625 0.0075460828125 0.7737685984375 0.028706140624999998
3 0.6942748203125 0.1256192578125 0.7018662046874999 0.142897234375 0.7405907328125 0.12071254843749998 0.727383175 0.102193509375 0.6942748203125 0.1256192578125
3 0.6812866625 0.0945307046875 0.691132496875 0.1118480328125 0.7253680734375 0.0884419609375 0.71214056875 0.07106560625 0.6812866625 0.0945307046875
3 0.6025308734375 0.1491645484375 0.6146510968750001 0.1653785453125 0.6489066218749999 0.14082978906250002 0.635659171875 0.12459611718750001 0.6025308734375 0.1491645484375
3 0.10212497812500002 0.52334539375 0.12334277812500001 0.5351460640625 0.15224142031250001 0.49450136718750004 0.13442523906249998 0.48161704062500005 0.10212497812500002 0.52334539375
3 0.047640448437499996 0.8024370140625001 0.061955284374999996 0.8221184109375 0.1052286 0.7977270625 0.0942954359375 0.77810469375 0.047640448437499996 0.8024370140625001
3 0.2653645171875 0.8611029015625 0.249383925 0.8722542703125 0.273584484375 0.9069676296875 0.2918793609375 0.8924275625 0.2653645171875 0.8611029015625
3 0.060768223437500005 0.8255267859375 0.07389599999999999 0.84861655625 0.1161019296875 0.8207774828125001 0.1017870921875 0.801096084375 0.060768223437500005 0.8255267859375
3 0.073796271875 0.8543299718749999 0.09044533906249999 0.8694799874999999 0.132691159375 0.8393555484374999 0.1171892609375 0.823082525 0.073796271875 0.8543299718749999
3 0.08245504218750001 0.875055671875 0.10019144375 0.89251073125 0.14016287031250002 0.8634896234375 0.1246809171875 0.846073915625 0.08245504218750001 0.875055671875
3 0.10015155312499999 0.8947960984375 0.1122917234375 0.9098674109375 0.15447770624999999 0.8831710218750001 0.14239737187499998 0.8646716578125 0.10015155312499999 0.8947960984375
3 0.11108471718749999 0.9144184687499999 0.1243521125 0.9295094562499999 0.16088202812500002 0.9038573703124999 0.149889028125 0.8876630499999999 0.11108471718749999 0.9144184687499999
3 0.1254194984375 0.9329571828125 0.137579615625 0.9468858125 0.1741294796875 0.92009104375 0.1619693625 0.9061624125 0.1254194984375 0.9329571828125
3 0.1374998328125 0.9514565453125 0.1529817859375 0.9688722515625001 0.18951170312500001 0.9432201640625 0.1751968671875 0.92353876875 0.1374998328125 0.9514565453125
3 0.2071375109375 0.7732161703125 0.1888825234375 0.7854708718750001 0.20748685625 0.8178004859374999 0.2268291734375 0.8078508265625001 0.2071375109375 0.7732161703125
3 0.23343295468749997 0.817110346875 0.21634508281249998 0.8270993578124999 0.2393984734375 0.862935725 0.257593621875 0.8541090718750001 0.23343295468749997 0.817110346875