3 0.170532059375 0.93305439375 0.1589358796875 0.9414225937499999 0.16780354687500001 0.9822175734374999 0.1800818546875 0.9748953968749999 0.170532059375 0.93305439375
0 0.7135061390625 0.43305439375 0.70122783125 0.44142259375000004 0.724420190625 0.524058578125 0.737380628125 0.5167364015625 0.7135061390625 0.43305439375
0 0.6855388812500001 0.5805439328124999 0.6739427015625 0.586820084375 0.6964529328125 0.6705020921875 0.7087312421874999 0.661087865625 0.6855388812500001 0.5805439328124999
0 0.6705320593749999 0.588912134375 0.6589358796875 0.596234309375 0.6793997265625 0.6767782421875 0.6930422921875 0.6705020921875 0.6705320593749999 0.588912134375
0 0.6548431109374999 0.600418409375 0.643929059375 0.6077405859375 0.665075034375 0.69246861875 0.6759890859375 0.68514644375 0.6548431109374999 0.600418409375
0 0.6077762625 0.6359832640625 0.596862209375 0.6443514640625 0.61459754375 0.7196652718750001 0.6275579812500001 0.7102510453125 0.6077762625 0.6359832640625
0 0.5729877218749999 0.648535565625 0.560027284375 0.654811715625 0.578444746875 0.7405857734375 0.594133696875 0.7332635984375 0.5729877218749999 0.648535565625
0 0.7510231921875 0.41527196718750004 0.738744884375 0.4225941421875 0.757844475 0.5031380750000001 0.7701227828125 0.49581590000000003 0.7510231921875 0.41527196718750004
0 0.6916780359375 0.46129707187499996 0.680763984375 0.469665271875 0.703274215625 0.5502092046875 0.7169167796875 0.5428870296875 0.6916780359375 0.46129707187499996
0 0.3212824015625 0.6422594140625 0.311050478125 0.649581590625 0.3240109140625 0.712343096875 0.33697135 0.7060669453124999 0.3212824015625 0.6422594140625
0 0.6780354703125 0.46129707187499996 0.66439290625 0.46757322187500006 0.6855388812500001 0.5502092046875 0.6984993171875 0.5407949796875 0.6780354703125 0.46129707187499996
0 0.6275579812500001 0.4832635984375 0.6125511593749999 0.49163179843749993 0.6350613921875 0.5774058578125 0.649386084375 0.56799163125 0.6275579812500001 0.4832635984375
0 0.43519781718750006 0.5711297078124999 0.42291950937499995 0.5794979078125 0.4420191 0.651673640625 0.4563437921875 0.6412133890625 0.43519781718750006 0.5711297078124999
0 0.38540245624999997 0.586820084375 0.370395634375 0.594142259375 0.39085948125000003 0.68096234375 0.40381991875 0.6725941421875 0.38540245624999997 0.586820084375
0 0.370395634375 0.6098326359375 0.3581173265625 0.6192468625 0.373806275 0.69142259375 0.38744884062499996 0.68514644375 0.370395634375 0.6098326359375
0 0.351978171875 0.6244769875 0.34242837656249997 0.6317991625 0.35675307031250003 0.69351464375 0.367667121875 0.68828451875 0.351978171875 0.6244769875
0 0.720327421875 0.56171548125 0.7080491125 0.56799163125 0.7305593453125 0.648535565625 0.7428376531249999 0.6422594140625 0.720327421875 0.56171548125
0 0.4160982265625 0.215481171875 0.42155525312500003 0.2364016734375 0.47953615312500003 0.2008368203125 0.4720327421875 0.1757322171875 0.4160982265625 0.215481171875
0 0.7844474765625 0.39330543906250004 0.7721691671875 0.399581590625 0.793997271875 0.4853556484375 0.8062755796875001 0.47803347343749997 0.7844474765625 0.39330543906250004
0 0.8021828109375001 0.3859832640625 0.7885402453125 0.3922594140625 0.8096862203124999 0.47489539687500004 0.8226466578125 0.466527196875 0.8021828109375001 0.3859832640625
0 0.8185538875 0.37447698749999997 0.8069577078125001 0.3817991625 0.8281036828125 0.46548117187500004 0.8403819921875 0.4592050203125 0.8185538875 0.37447698749999997
0 0.83560709375 0.3650627609375 0.8246930421875 0.3702928875 0.8444747609375 0.4571129703125 0.8574351984374999 0.44874477031250004 0.83560709375 0.3650627609375
0 0.8540245562500001 0.3546025109375 0.8417462484374999 0.3608786609375 0.8628922234375 0.4466527203125 0.8758526609375 0.43828451875 0.8540245562500001 0.3546025109375
0 0.703274215625 0.56799163125 0.6916780359375 0.5742677828125 0.7128240109374999 0.661087865625 0.7251023187500001 0.654811715625 0.703274215625 0.56799163125
0 0.6221009546875 0.6192468625 0.611186903125 0.6244769875 0.6309686218749999 0.7133891218749999 0.643929059375 0.7060669453124999 0.6221009546875 0.6192468625
3 0.1009549796875 0.157949790625 0.1043656203125 0.1725941421875 0.13165074999999998 0.157949790625 0.12755798125 0.1422594140625 0.1009549796875 0.157949790625
3 0.13778990468750002 0.1757322171875 0.1343792640625 0.163179915625 0.11186903125 0.1757322171875 0.11459754375 0.18933054375 0.13778990468750002 0.1757322171875
3 0.1180081859375 0.1956066953125 0.1221009546875 0.21234309687500003 0.14597544375 0.1997907953125 0.14120054531249998 0.18200836874999998 0.1180081859375 0.1956066953125
3 0.20941337031249999 0.06380753125000001 0.1971350609375 0.0721757328125 0.20668485625000002 0.10983263593749999 0.2182810375 0.099372384375 0.20941337031249999 0.06380753125000001
3 0.2503410640625 0.3023012546875 0.2551159625 0.31903765625 0.281036834375 0.3043933046875 0.276944065625 0.28661087812499997 0.2503410640625 0.3023012546875
3 0.29467940000000004 0.281380753125 0.298090040625 0.2960251046875 0.3226466578125 0.283472803125 0.3199181453125 0.2677824265625 0.29467940000000004 0.281380753125
3 0.3396998640625 0.3315899578125 0.334924965625 0.31171548125 0.30627557968749997 0.336820084375 0.3130968625 0.3525104609375 0.3396998640625 0.3315899578125
3 0.2694406546875 0.3671548109375 0.26330149999999997 0.34937238437499996 0.23942701249999998 0.3713389125 0.24556616718750002 0.3870292890625 0.2694406546875 0.3671548109375
0 0.336289221875 0.6286610875 0.32537517031249996 0.6380753140625 0.34242837656249997 0.7018828453125 0.353342428125 0.69351464375 0.336289221875 0.6286610875
0 0.3069577078125 0.650627615625 0.293997271875 0.658995815625 0.3076398359375 0.724895396875 0.3219645296875 0.7175732218750001 0.3069577078125 0.650627615625
3 0.48431104999999997 0.341004184375 0.5 0.3347280328125 0.4911323328125 0.284518828125 0.47680763906249995 0.2897489546875 0.48431104999999997 0.341004184375
0 0.4079126875 0.41004184062500004 0.4195088671875 0.402719665625 0.3983628921875 0.31903765625 0.386084584375 0.3274058578125 0.4079126875 0.41004184062500004
0 0.5634379265625 0.3326359828125 0.575716234375 0.3274058578125 0.55661664375 0.2416317984375 0.5443383359375 0.246861925 0.5634379265625 0.3326359828125
0 0.5484311046875 0.336820084375 0.560027284375 0.3305439328125 0.538881309375 0.24790795000000002 0.5266030015625 0.25627615000000004 0.5484311046875 0.336820084375
0 0.5300136421875 0.347280334375 0.5422919515625 0.341004184375 0.5245566171875 0.25627615000000004 0.5115961796875 0.26359832656250004 0.5300136421875 0.347280334375
0 0.5109140515624999 0.35878661093750003 0.5231923609375 0.3546025109375 0.5034106406250001 0.2677824265625 0.49317871718750006 0.27301255156250004 0.5109140515624999 0.35878661093750003
0 0.43929058593750003 0.3776150625 0.4508867671875 0.3702928875 0.43929058593750003 0.30543933125 0.424283765625 0.31276150625 0.43929058593750003 0.3776150625
0 0.42633014999999996 0.401673640625 0.43929058593750003 0.3943514640625 0.4140518421875 0.30962343125 0.40381991875 0.32008368125 0.42633014999999996 0.401673640625
0 0.21555252343750003 0.5219665265625 0.2278308328125 0.5146443515625 0.2121418828125 0.43096234375 0.199181446875 0.43514644375 0.21555252343750003 0.5219665265625
0 0.274215553125 0.6705020921875 0.2605729875 0.6778242671875 0.276944065625 0.7405857734375 0.2885402453125 0.7332635984375 0.274215553125 0.6705020921875
0 0.237380628125 0.50209205 0.2489768078125 0.496861925 0.22578444687500002 0.411087865625 0.2128240109375 0.4215481171875 0.237380628125 0.50209205
0 0.2551159625 0.49372385 0.2660300140625 0.4864016734375 0.2448840375 0.399581590625 0.2319236015625 0.40794979062500003 0.2551159625 0.49372385
0 0.27080491093750003 0.4853556484375 0.2837653484375 0.47803347343749997 0.26330149999999997 0.39121338906249997 0.2503410640625 0.398535565625 0.27080491093750003 0.4853556484375
0 0.28717598906249997 0.473849371875 0.29877216875 0.466527196875 0.28035470625 0.3817991625 0.2680763984375 0.3891213390625 0.28717598906249997 0.473849371875
0 0.3035470671875 0.46548117187500004 0.315143246875 0.46025104531250005 0.296725784375 0.3723849375 0.2851296046875 0.3776150625 0.3035470671875 0.46548117187500004
0 0.3206002734375 0.4571129703125 0.332196453125 0.4518828453125 0.31377899062500003 0.3619246859375 0.300818553125 0.3702928875 0.3206002734375 0.4571129703125
0 0.5798090046875 0.3211297078125 0.5927694406249999 0.31276150625 0.57230559375 0.22907949843750003 0.5620736703125 0.23744769843750002 0.5798090046875 0.3211297078125
0 0.6166439296874999 0.3012552296875 0.628240109375 0.2949790796875 0.607094134375 0.21129707187500002 0.594815825 0.22071129687500002 0.6166439296874999 0.3012552296875
0 0.6343792640625 0.2949790796875 0.6446111875 0.287656903125 0.6234652109375001 0.2029288703125 0.610504775 0.2102510453125 0.6343792640625 0.2949790796875
0 0.65143246875 0.284518828125 0.662346521875 0.278242678125 0.6425648015625 0.19351464375 0.6309686218749999 0.1997907953125 0.65143246875 0.284518828125
0 0.669167803125 0.275104603125 0.6780354703125 0.2677824265625 0.6589358796875 0.18305439375000002 0.648021828125 0.19037656875 0.669167803125 0.275104603125
0 0.7162346515625 0.246861925 0.7291950890625001 0.2395397484375 0.7094133703125001 0.154811715625 0.6978171890625 0.1642259421875 0.7162346515625 0.246861925
0 0.7326057296874999 0.23535564843749998 0.7455661671875 0.22907949843750003 0.7298772171875 0.14330543906249998 0.7155525234375 0.149581590625 0.7326057296874999 0.23535564843749998
0 0.7537517046875 0.2301255234375 0.7660300140625 0.223849371875 0.7476125515625001 0.13389121406249999 0.7332878578125 0.1443514640625 0.7537517046875 0.2301255234375
0 0.7885402453125 0.20815899531249998 0.8008185531249999 0.2008368203125 0.78035470625 0.11715481093749999 0.7667121421875 0.12656903749999998 0.7885402453125 0.20815899531249998
0 0.8083219640625 0.20397489531250002 0.8199181453125 0.1976987453125 0.7974079125 0.11401673593749999 0.7851296046875 0.12133891249999999 0.8083219640625 0.20397489531250002
0 0.51568895 0.4476987453125 0.5231923609375 0.463389121875 0.577080490625 0.42050209218749995 0.570259209375 0.402719665625 0.51568895 0.4476987453125
0 0.5252387453125 0.40794979062500003 0.521145975 0.38389121406250004 0.428376534375 0.44246861875 0.43519781718750006 0.46548117187500004 0.5252387453125 0.40794979062500003
0 0.5081855390625 0.5 0.5122783078125 0.5188284515625 0.5668485671875 0.49372385 0.5627557984375 0.47489539687500004 0.5081855390625 0.5
0 0.2360163703125 0.5857740578125 0.22237380624999997 0.594142259375 0.2353342421875 0.656903765625 0.2503410640625 0.649581590625 0.2360163703125 0.5857740578125
0 0.3049113234375 0.55962343125 0.292633015625 0.56799163125 0.3076398359375 0.6328451890625 0.3199181453125 0.6265690375 0.3049113234375 0.55962343125
0 0.3246930421875 0.5533472796875001 0.31173260625 0.5606694562500001 0.3260572984375 0.6234309625 0.3383356078125 0.6150627609375 0.3246930421875 0.5533472796875001
0 0.2537517046875 0.6705020921875 0.24079126875 0.6778242671875 0.259890859375 0.7583682015625001 0.2728512953125 0.7531380750000001 0.2537517046875 0.6705020921875
3 0.049113232812500004 0.3650627609375 0.038199181250000006 0.3723849375 0.047066848437499996 0.411087865625 0.0579809 0.40376569062499995 0.049113232812500004 0.3650627609375
3 0.0306957703125 0.43305439375 0.0450204640625 0.42677824218750005 0.032060026562499996 0.3723849375 0.019099590625000003 0.3817991625 0.0306957703125 0.43305439375
3 0.08799454375 0.5523012546875 0.10368349218749999 0.5407949796875 0.0873124140625 0.48221757343749994 0.06957708124999999 0.492677825 0.08799454375 0.5523012546875
3 0.628240109375 0.7280334734375 0.63165075 0.742677825 0.6582537515625 0.7301255234374999 0.6541609828125 0.7133891218749999 0.628240109375 0.7280334734375
3 0.6009549796875 0.8587866109375 0.613915415625 0.850418409375 0.6016371078125 0.80962343125 0.590040928125 0.81799163125 0.6009549796875 0.8587866109375
3 0.5832196453125 0.8357740578125 0.578444746875 0.8190376562499999 0.5552523875 0.8326359828125 0.5607094140625 0.850418409375 0.5832196453125 0.8357740578125
3 0.5545702593749999 0.8535564859375 0.5497953609375 0.8347280328125001 0.5231923609375 0.850418409375 0.5279672578125 0.8671548109374999 0.5545702593749999 0.8535564859375
3 0.52251023125 0.8734309625 0.5170532062500001 0.8546025109375 0.4911323328125 0.8702928875 0.49522510156250005 0.8880753140625 0.52251023125 0.8734309625
3 0.48635743593749997 0.8891213390624999 0.4815825375 0.8723849375 0.45497953593749996 0.8870292890625 0.4604365625 0.904811715625 0.48635743593749997 0.8891213390624999
3 0.6603001359375 0.7071129703125 0.662346521875 0.725941421875 0.6855388812500001 0.718619246875 0.68281036875 0.6997907953125 0.6603001359375 0.7071129703125
3 0.5927694406249999 0.7468619249999999 0.5975443390625 0.7646443515625 0.6234652109375001 0.7510460250000001 0.6193724421875 0.7332635984375 0.5927694406249999 0.7468619249999999
3 0.1050477484375 0.5449790796875 0.1186903140625 0.538702928125 0.110504775 0.496861925 0.0975443390625 0.5010460250000001 0.1050477484375 0.5449790796875
3 0.478171896875 0.742677825 0.466575715625 0.7489539749999999 0.47748976875000004 0.7981171546875 0.48908594843750003 0.7907949796875 0.478171896875 0.742677825
3 0.4924965890625 0.742677825 0.482264665625 0.7489539749999999 0.4911323328125 0.7918410046875 0.502046384375 0.785564853125 0.4924965890625 0.742677825
3 0.557298771875 0.7677824265625001 0.5627557984375 0.784518828125 0.591405184375 0.7667364015625 0.5873124140625 0.74790795 0.557298771875 0.7677824265625001
3 0.5293315140625 0.787656903125 0.53274215625 0.8023012546875 0.5579809 0.788702928125 0.55388813125 0.7719665265625 0.5293315140625 0.787656903125
3 0.48021828125 0.81171548125 0.483628921875 0.8315899578125 0.5102319234375 0.81799163125 0.5061391546875 0.7991631796875 0.48021828125 0.81171548125
3 0.444065484375 0.8305439328125 0.44884038125 0.8493723843750001 0.47680763906249995 0.8326359828125 0.4706684859375 0.8148535562499999 0.444065484375 0.8305439328125
3 0.6207366984375 0.8535564859375 0.6323328781249999 0.845188284375 0.6207366984375 0.8043933046875 0.6091405187500001 0.81171548125 0.6207366984375 0.8535564859375
3 0.6364256484374999 0.843096234375 0.648021828125 0.836820084375 0.6377899046875 0.7991631796875 0.625511596875 0.8075313812499999 0.6364256484374999 0.843096234375
3 0.64870395625 0.8284518828125 0.6609822640624999 0.8200836812500001 0.65143246875 0.7866108781250001 0.6377899046875 0.7949790796875 0.64870395625 0.8284518828125
3 0.6657571625 0.775104603125 0.6527967265625 0.7824267781249999 0.66439290625 0.8200836812500001 0.6759890859375 0.8138075312499999 0.6657571625 0.775104603125
3 0.6814461125 0.7667364015625 0.6712141875000001 0.774058578125 0.6814461125 0.8138075312499999 0.6923601640625 0.80543933125 0.6814461125 0.7667364015625
3 0.6964529328125 0.8012552296875001 0.7087312421874999 0.7939330546875001 0.6984993171875 0.7583682015625001 0.686221009375 0.7677824265625001 0.6964529328125 0.8012552296875001
3 0.8015006828125 0.6997907953125 0.7858117328125 0.7102510453125 0.79877216875 0.7604602515625001 0.8151432468750001 0.7510460250000001 0.8015006828125 0.6997907953125
3 0.83697135 0.69456066875 0.8226466578125 0.7018828453125 0.832196453125 0.7458159 0.847885403125 0.7384937234375 0.83697135 0.69456066875
3 0.8703956343750001 0.6705020921875 0.856070940625 0.6778242671875 0.8676671218750001 0.718619246875 0.8806275578125 0.712343096875 0.8703956343750001 0.6705020921875
3 0.8526602999999999 0.68723849375 0.8417462484374999 0.6956066953125 0.8526602999999999 0.7374476984375 0.8656207359374999 0.7311715484375 0.8526602999999999 0.68723849375
3 0.866302865625 0.9801255234375 0.8799454296875 0.9759414218750001 0.8703956343750001 0.9257322171875 0.8594815828125 0.9299163187499999 0.866302865625 0.9801255234375
3 0.92769440625 0.8221757328124999 0.9147339703125 0.8336820078124999 0.9290586624999999 0.8807531375 0.941336971875 0.8692468625 0.92769440625 0.8221757328124999
3 0.8854024562499999 0.5711297078124999 0.8956343796875 0.56276150625 0.8874488406250001 0.526150628125 0.8758526609375 0.5324267781249999 0.8854024562499999 0.5711297078124999
3 0.892905865625 0.3943514640625 0.8799454296875 0.401673640625 0.8894952249999999 0.44351464375000005 0.9010914046874999 0.43514644375 0.892905865625 0.3943514640625
3 0.46180081875 0.473849371875 0.4495225109375 0.4801255234375 0.458390178125 0.5177824265625001 0.4699863578125 0.5135983265624999 0.46180081875 0.473849371875
3 0.5484311046875 0.55857740625 0.5627557984375 0.5523012546875 0.5552523875 0.5062761499999999 0.5422919515625 0.5125523015625 0.5484311046875 0.55857740625
3 0.032060026562499996 0.092050209375 0.0272851296875 0.0753138078125 0.0109140515625 0.08472803281249999 0.013642564062500001 0.101464434375 0.032060026562499996 0.092050209375
3 0.46452933124999995 0.7604602515625001 0.45293315156249997 0.7688284515625 0.46180081875 0.80648535625 0.4727148703125 0.7981171546875 0.46452933124999995 0.7604602515625001
3 0.7680763984375 0.088912134375 0.762619371875 0.0721757328125 0.7353342421875 0.092050209375 0.741473396875 0.10983263593749999 0.7680763984375 0.088912134375
3 0.7319236015625 0.10983263593749999 0.726466575 0.092050209375 0.6978171890625 0.1119246859375 0.7025920875 0.1297071125 0.7319236015625 0.10983263593749999
3 0.4160982265625 0.9215481171875 0.4106412 0.904811715625 0.39085948125000003 0.9184100421875 0.39563437968750004 0.9361924687500001 0.4160982265625 0.9215481171875
3 0.12278308281250001 0.5397489546875 0.1364256484375 0.534518828125 0.13165074999999998 0.49372385 0.11732605781250001 0.49790795 0.12278308281250001 0.5397489546875
3 0.022510231250000002 0.5324267781249999 0.007503410937500001 0.537656903125 0.015006821875000001 0.5847280328125 0.0286493859375 0.5774058578125 0.022510231250000002 0.5324267781249999
3 0.169167803125 0.6244769875 0.162346521875 0.6056485359375 0.130968621875 0.6244769875 0.1364256484375 0.6453974890625 0.169167803125 0.6244769875
3 0.1712141875 0.650627615625 0.16507503437499998 0.6297071125 0.1391541609375 0.6464435140625 0.145293315625 0.6642259421875 0.1712141875 0.650627615625
3 0.2169167796875 0.6276150625 0.2053206 0.6338912140625 0.2141882671875 0.6705020921875 0.22578444687500002 0.6642259421875 0.2169167796875 0.6276150625
3 0.1500682125 0.6956066953125 0.1555252390625 0.7133891218749999 0.1793997265625 0.6997907953125 0.1732605734375 0.68096234375 0.1500682125 0.6956066953125
3 0.204638471875 0.40376569062499995 0.1984993171875 0.3922594140625 0.1766712140625 0.41317991562499995 0.18281036875 0.42677824218750005 0.204638471875 0.40376569062499995
3 0.0579809 0.3723849375 0.0607094140625 0.39121338906249997 0.091405184375 0.37552301250000003 0.088676671875 0.3577405859375 0.0579809 0.3723849375
3 0.444065484375 0.2688284515625 0.43724420156250005 0.25209205 0.41200545625 0.274058578125 0.41882673906249995 0.287656903125 0.444065484375 0.2688284515625
3 0.0688949515625 0.2395397484375 0.0648021828125 0.22071129687500002 0.0443383359375 0.23535564843749998 0.0497953609375 0.25209205 0.0688949515625 0.2395397484375
3 0.20395634375 0.7939330546875001 0.19986357500000002 0.779288703125 0.1780354703125 0.7970711296874999 0.18281036875 0.81171548125 0.20395634375 0.7939330546875001
3 0.2482946796875 0.7667364015625 0.237380628125 0.776150628125 0.2503410640625 0.8211297078124999 0.2605729875 0.81171548125 0.2482946796875 0.7667364015625
3 0.4345156890625 0.775104603125 0.424283765625 0.7824267781249999 0.4345156890625 0.8190376562499999 0.445429740625 0.80962343125 0.4345156890625 0.775104603125
3 0.3806275578125 0.80648535625 0.36698499375 0.8138075312499999 0.3778990453125 0.851464434375 0.390177353125 0.845188284375 0.3806275578125 0.80648535625
3 0.316507503125 0.742677825 0.3049113234375 0.7510460250000001 0.315825375 0.785564853125 0.3267394265625 0.779288703125 0.316507503125 0.742677825
3 0.684174625 0.1370292890625 0.680763984375 0.1202928875 0.648021828125 0.1359832640625 0.6534788546875 0.153765690625 0.684174625 0.1370292890625
3 0.3472032734375 0.7228033468749999 0.33287858125 0.7322175734374999 0.34515688906249997 0.7709205015625 0.356070940625 0.7625523015625 0.3472032734375 0.7228033468749999
3 0.356070940625 0.7667364015625 0.3710777625 0.7594142265625 0.3601637109375 0.714435146875 0.3465211453125 0.721757321875 0.356070940625 0.7667364015625
3 0.37175989062500003 0.755230125 0.38540245624999997 0.75 0.3758526609375 0.7081589953125 0.3628922234375 0.715481171875 0.37175989062500003 0.755230125
3 0.386084584375 0.7458159 0.3990450203125 0.7374476984375 0.388813096875 0.6997907953125 0.374488403125 0.7081589953125 0.386084584375 0.7458159
3 0.4140518421875 0.7301255234374999 0.42496589374999993 0.721757321875 0.4160982265625 0.68200836875 0.40313779062500005 0.69246861875 0.4140518421875 0.7301255234374999
3 0.4290586625 0.7196652718750001 0.43860845781249996 0.711297071875 0.428376534375 0.6725941421875 0.4160982265625 0.68200836875 0.4290586625 0.7196652718750001
3 0.4236016375 0.783472803125 0.409959071875 0.7897489546875 0.4195088671875 0.8263598328124999 0.4324693046875 0.8190376562499999 0.4236016375 0.783472803125
3 0.578444746875 0.1035564859375 0.5927694406249999 0.09623430937500001 0.5839017734375 0.05753138125 0.5709413375 0.06276150625 0.578444746875 0.1035564859375
3 0.6091405187500001 0.10460251093749999 0.6221009546875 0.097280334375 0.61186903125 0.05857740625 0.6002728515625 0.06485355625 0.6091405187500001 0.10460251093749999
3 0.484993178125 0.25418409999999997 0.47953615312500003 0.2322175734375 0.45020463906249997 0.248953975 0.4563437921875 0.26987447656249997 0.484993178125 0.25418409999999997
3 0.5641200546875 0.2092050203125 0.5579809 0.18723849374999998 0.5306957703124999 0.20188284531249998 0.53547066875 0.222803346875 0.5641200546875 0.2092050203125
3 0.5300136421875 0.22907949843750003 0.5252387453125 0.2071129703125 0.49863574374999997 0.22175732187500002 0.5054570265625 0.24372385 0.5300136421875 0.22907949843750003
3 0.611186903125 0.18305439375000002 0.6050477484375001 0.162133890625 0.5688949515624999 0.18514644375 0.575716234375 0.20397489531250002 0.611186903125 0.18305439375000002
3 0.645293315625 0.158995815625 0.6412005453125 0.14016736406250002 0.6132332875000001 0.162133890625 0.6193724421875 0.1778242671875 0.645293315625 0.158995815625
0 0.3396998640625 0.4456066953125 0.35266030000000004 0.44037656875 0.334924965625 0.3525104609375 0.3206002734375 0.35983263593750003 0.3396998640625 0.4456066953125