0 0.281750325 1 0.29419846562499996 0.969918446875 0.2676992984375 0.9646187968750001 0.255496784375 1 0.281750325 1
0 0.6816907296875 0.3507157890625 0.671547059375 0.33689894531250003 0.5961968640624999 0.36949467187499996 0.6063405375 0.383311515625 0.6816907296875 0.3507157890625
0 0.67708159375 0.4018328203125 0.666952284375 0.388838896875 0.5850455296875 0.42401858125 0.59627478125 0.43699330468750003 0.67708159375 0.4018328203125
0 0.6577997375 0.4318035296875 0.6465848515625 0.41965172656250005 0.57566315625 0.4538164953125 0.5868924062499999 0.46679121874999996 0.6577997375 0.4318035296875
0 0.6528458625 0.46317048437499997 0.6416166125 0.4501957609375 0.567380725 0.4835952078125 0.5797242828125 0.4973736515625 0.6528458625 0.46317048437499997
0 0.628768134375 0.533560265625 0.6175532484375 0.5214084640625 0.545545975 0.55641535 0.555675284375 0.5694092734375 0.628768134375 0.533560265625
0 0.6259710515625 0.5624200625 0.6147418015625 0.549445340625 0.5383203953125 0.58370610625 0.5484640671875 0.5975229484375 0.6259710515625 0.5624200625
0 0.6144031578125 0.59307929375 0.603188271875 0.5809274921875 0.52785244375 0.6143461375 0.5379673859375 0.6265171406250001 0.6144031578125 0.59307929375
0 0.6104774046875 0.62031245 0.599248153125 0.607337728125 0.5173557609375 0.6433403296875 0.5307992609375 0.6570995749999999 0.6104774046875 0.62031245
0 0.5956527734375 0.6534980406249999 0.58332358125 0.6405425171875 0.5090876953125 0.6739419640625 0.5203169453125 0.6869166875 0.5956527734375 0.6534980406249999
0 0.5895558640624999 0.682415434375 0.579412190625 0.66859859375 0.502990784375 0.7028593578125 0.513105728125 0.7150303609375 0.5895558640624999 0.682415434375
0 0.59214358125 0.7045958734375 0.58092869375 0.6924440703125 0.5033929796875001 0.7259011171875 0.5135366515625 0.7397179578124999 0.59214358125 0.7045958734375
0 0.5696911734375 0.7420304609375 0.5573619812499999 0.7290749359375 0.4831117296875 0.7616514640625 0.49434098125 0.7746261875 0.5696911734375 0.7420304609375
0 0.5592375859375001 0.7734934124999999 0.5491082765625 0.7604994890625 0.4737437203125 0.792272296875 0.48277308750000003 0.8052854187499999 0.5592375859375001 0.7734934124999999
0 0.5530975828125 0.799942046875 0.541882696875 0.7877902437500001 0.46327576875 0.8229123296875 0.4722907703125 0.8351025328125001 0.5530975828125 0.799942046875
0 0.5404153828125 0.829797559375 0.52918613125 0.8168228359375 0.45387903124999995 0.851887321875 0.46402270156250003 0.865704165625 0.5404153828125 0.829797559375
0 0.534332834375 0.8595378734375 0.5231179484374999 0.8473860703125 0.44671090625 0.8824697562500001 0.45684021250000006 0.8954636796875001 0.534332834375 0.8595378734375
0 0.5348355796875001 0.8883400703125 0.5225063875 0.8753845468750001 0.4690401296875 0.901012921875 0.4791694390625 0.9140068453125 0.5348355796875001 0.8883400703125
0 0.5017680890625 0.31763684062499997 0.510840546875 0.33311872187499997 0.5830058250000001 0.307163953125 0.5739620953125 0.2933279125 0.5017680890625 0.31763684062499997
0 0.5079429140625 0.35621807968749997 0.519172165625 0.3691928015625 0.59556484375 0.33328619531250003 0.5854499 0.32111519374999997 0.5079429140625 0.35621807968749997
0 0.4974749625 0.3868581109375 0.5076042703125 0.399852034375 0.58399695 0.36394542812499997 0.57389636875 0.35259734531250003 0.4974749625 0.3868581109375
0 0.492449265625 0.41411046718750005 0.503664153125 0.4262622703125 0.5767713671875 0.39123618125 0.5644709046874999 0.37992649843750004 0.492449265625 0.41411046718750005
0 0.476495965625 0.445669415625 0.488839521875 0.4594478609375 0.564132259375 0.423560453125 0.5529173734375 0.4114086515625 0.476495965625 0.445669415625
0 0.6821360171874999 0.37622630625000003 0.673106653125 0.3632131828125 0.592256746875 0.3959049078125 0.6023860546875001 0.40889883125 0.6821360171874999 0.37622630625000003
0 0.6888013984375 0.316841675 0.677557784375 0.30304403125 0.606621725 0.3363858796875 0.6178797046875 0.35100644375 0.6888013984375 0.316841675
0 0.4434093328125 0.5672530296875 0.455738525 0.5802085546875 0.52991695625 0.5435174265625 0.5176021265624999 0.5313848234375 0.4434093328125 0.5672530296875
0 0.0722695 0.10617037656249999 0.0910403421875 0.1099585828125 0.11193315468750001 0.046209759375 0.0931623125 0.0424215515625 0.0722695 0.10617037656249999
0 0.8962905031249999 0.164226053125 0.8753341390625 0.1612991640625 0.8577124265625 0.22334455156250002 0.8775832109374999 0.227113559375 0.8962905031249999 0.164226053125
0 0.82695713125 0.2263508984375 0.8479134921875 0.2292777875 0.8622353781250001 0.1672899984375 0.8412933796875001 0.16518603125 0.82695713125 0.2263508984375
0 0.7992862 0.2169558484375 0.81912825625 0.21907901562499998 0.835678753125 0.15869866875 0.8147223921875 0.15577178125 0.7992862 0.2169558484375
0 0.735302803125 0.207371465625 0.7573878374999999 0.2119249921875 0.7783093765625 0.149822009375 0.756253071875 0.1469143203125 0.735302803125 0.207371465625
0 0.68454744375 0.19920252656249998 0.70548944375 0.20130649374999998 0.72205430625 0.1417490671875 0.703297828125 0.1387837796875 0.68454744375 0.19920252656249998
0 0.657904634375 0.1856736765625 0.6766467484375001 0.18781604375 0.693297796875 0.1331961359375 0.6734270125 0.12942712812499998 0.657904634375 0.1856736765625
0 0.62486326875 0.183780903125 0.645833996875 0.1875307109375 0.663513165625 0.1287770046875 0.641442496875 0.1250463984375 0.62486326875 0.183780903125
0 0.56539455625 0.18070308125 0.5841510343749999 0.18366836875 0.6029014187499999 0.12324962343750001 0.58524488125 0.12026513593749999 0.56539455625 0.18070308125
0 0.53778108125 0.17459971093749999 0.5565375593749999 0.1775649984375 0.57640225 0.1179499734375 0.5576457718750001 0.1149846859375 0.53778108125 0.17459971093749999
0 0.50582529375 0.17186481874999998 0.5256960796875 0.17563382656249998 0.547703196875 0.11268872187500001 0.52673246875 0.1089389140625 0.50582529375 0.17186481874999998
0 0.47608375468749997 0.16991444687499999 0.495954540625 0.1736834546875 0.5179329296875 0.10909251093750001 0.4980621453125 0.10532350312500001 0.47608375468749997 0.16991444687499999
0 0.42518475625 0.153516309375 0.44724106093750005 0.1564239984375 0.460534825 0.098570009375 0.4384928828125 0.0964852421875 0.42518475625 0.153516309375
0 0.39767182968750003 0.1531733796875 0.41641394375 0.155315746875 0.4351212359375 0.092428240625 0.41417923593749995 0.090324271875 0.39767182968750003 0.1531733796875
0 0.3689584125 0.14708920781249998 0.3877148921875 0.15005449531249998 0.40315108281249995 0.088870428125 0.3855089109375 0.08670886093749999 0.3689584125 0.14708920781249998
0 0.33811693125 0.1451580359375 0.357973353125 0.14810412343749998 0.37776622187500003 0.0843744984375 0.3546099734375 0.081486009375 0.33811693125 0.1451580359375
0 0.27304795625 0.136415771875 0.296232934375 0.1409501 0.316025803125 0.077220475 0.295055075 0.07347066875 0.27304795625 0.136415771875
0 0.24434890468749998 0.131154521875 0.2620054390625 0.13413900625 0.286241171875 0.0728013453125 0.265284809375 0.06987445625000001 0.24434890468749998 0.131154521875
0 0.21786409999999998 0.1266777921875 0.2377205203125 0.1296238796875 0.2586276984375 0.0666979734375 0.23767133437500002 0.0637710859375 0.21786409999999998 0.1266777921875
0 0.1903080828125 0.1238661015625 0.21127881093749998 0.127615909375 0.22997173750000002 0.0639054828125 0.2090297375 0.061801515625000004 0.1903080828125 0.1238661015625
0 0.1572379890625 0.1203274875 0.178208715625 0.12407729687499999 0.1990728 0.05868263124999999 0.17811643593749998 0.055755743749999996 0.1572379890625 0.1203274875
0 0.1031397109375 0.10974738749999999 0.1230104953125 0.11351639531249999 0.141703421875 0.04980596875 0.119647115625 0.0468982828125 0.1031397109375 0.10974738749999999
0 0.46210225937500005 0.5035426046875 0.4733171453125 0.5156944078125 0.546467453125 0.4831370796875 0.5352238390624999 0.46933943749999996 0.46210225937500005 0.5035426046875
0 0.43194198593750005 0.6036727015625 0.4431856015625 0.61747034375 0.5184639734375 0.58076001875 0.5072347234375 0.5677852953125 0.43194198593750005 0.6036727015625
0 0.2529042140625 1 0.260071521875 0.96886779375 0.23361544531249998 0.9660369031249999 0.22817237656249997 1 0.2529042140625 1
3 0.2187398828125 0.618095378125 0.2140671953125 0.602536696875 0.1581855921875 0.6158596734375 0.1628582796875 0.631418353125 0.2187398828125 0.618095378125
3 0.10931410781249999 0.589548096875 0.0969561859375 0.5749467328125 0.052260740625 0.5987756734375 0.06350435625 0.6125733171875 0.10931410781249999 0.589548096875
3 0.20583003125000002 0.5088390234375 0.21488812343750002 0.5234979859375 0.26949741718750003 0.5003191703125001 0.2582394375 0.48569860625 0.20583003125000002 0.5088390234375
3 0.2119556703125 0.48156746874999995 0.2242704984375 0.4937000734375 0.2745231125 0.473066815625 0.2632794984375 0.45926917187500005 0.2119556703125 0.48156746874999995
3 0.12981908749999999 0.5035804359375 0.149460046875 0.4941827234375 0.1180152734375 0.4576889140625 0.0995173484375 0.4695361875 0.12981908749999999 0.5035804359375
3 0.0445202265625 0.470496165625 0.0524927421875 0.4859972453125 0.10053110624999999 0.4645794671875 0.09147301249999999 0.44992050624999996 0.0445202265625 0.470496165625
3 0.1426592953125 0.4827770421875 0.1633571046875 0.47089137187499996 0.13529834062499999 0.43927748437499997 0.1134431328125 0.447890675 0.1426592953125 0.4827770421875
3 0.22866417343749998 0.430239240625 0.2388509390625 0.44652484374999996 0.29230283125 0.420073546875 0.2821304296875 0.40461086562500004 0.22866417343749998 0.430239240625
3 0.145355828125 0.4481568078125 0.163911209375 0.43960121562500004 0.1324808 0.40393032656249994 0.1150253609375 0.41246671875 0.145355828125 0.4481568078125
3 0.149131846875 0.34931041875 0.130576465625 0.3578660109375 0.163193003125 0.39845521875 0.1839051765625 0.38739246875 0.149131846875 0.34931041875
3 0.07019454375 0.3655053453125 0.08036694531250001 0.3809680296875 0.1284196734375 0.3603731703125 0.11603302499999998 0.3441259671875 0.07019454375 0.3655053453125
3 0.0640114484375 0.389485221875 0.07646991875 0.40984702500000003 0.12665071249999998 0.38509916718750004 0.1153209140625 0.366364003125 0.0640114484375 0.389485221875
3 0.0824889140625 0.313430996875 0.0915901 0.33055871875 0.14622811875 0.3090257421875 0.1382268765625 0.291878821875 0.0824889140625 0.313430996875
3 0.18483492343750002 0.251553084375 0.16406529375 0.2593241546875 0.1989104453125 0.30152080468750003 0.218551403125 0.29212309375 0.18483492343750002 0.251553084375
3 0.0981118390625 0.2629448890625 0.106069990625 0.2776230515625 0.1617792234375 0.25442503437499997 0.1538354375 0.24056979374999998 0.0981118390625 0.2629448890625
0 0.056821118749999996 0.040586378125 0.0314649859375 0.0377362875 0.014871395312499999 0.09564787500000001 0.0424417765625 0.0992824859375 0.056821118749999996 0.040586378125
0 0 0.081852396875 0.0135703546875 0.0841461953125 0.023837209375 0.041985284375 0.0017809046875000001 0.039077596874999995 0 0.046238131249999995 0 0.081852396875
3 0.1726184703125 0.371126065625 0.191145121875 0.3609246359375 0.16421503125 0.3309373875 0.1445597078125 0.339512178125 0.1726184703125 0.371126065625
0 0.465746825 0.523235084375 0.4770622609375 0.5411473265625 0.5403849078125 0.51287739375 0.5258127375 0.4974915109375 0.465746825 0.523235084375
0 0.2690294953125 0.5365468453125 0.262760215625 0.5555892015625 0.3477717953125 0.572215071875 0.3551410171875 0.5531535171875 0.2690294953125 0.5365468453125
0 0.14717964375 0.9938871062500001 0.17255014062500001 0.997560115625 0.1861168234375 0.95534160625 0.15853207656249999 0.9508840765625 0.14717964375 0.9938871062500001
0 0.219624228125 1 0.2323862265625 0.958649825 0.20373026562500002 0.9558573328125 0.1923491046875 0.9972145234375001 0.20627697031249997 1 0.219624228125 1
3 0.14352723750000002 0.59553626875 0.13119804375 0.5825807468749999 0.0865169625 0.60723260625 0.0955319640625 0.6194228093749999 0.14352723750000002 0.59553626875
3 0.2065891546875 0.678398925 0.2139871046875 0.660983209375 0.162117440625 0.65201055 0.1547194890625 0.6694262656250001 0.2065891546875 0.678398925
0 0.41604614375000004 0.6385233328125001 0.426189815625 0.6523401734375 0.5047536515625 0.614749328125 0.491324515625 0.6018130046875 0.41604614375000004 0.6385233328125001
3 0.07992514687499999 0.9860061609375 0.098695990625 0.9897943687499999 0.1081070921875 0.9616422953124999 0.0893218859375 0.95703116875 0.07992514687499999 0.9860061609375
0 0.371623615625 0.67798775 0.3937086484375 0.682541278125 0.408303453125 0.63618896875 0.387332725 0.6324391609375 0.371623615625 0.67798775
0 0.4067068609375 0.6707900046875 0.41903605468749994 0.683745528125 0.49540000468749995 0.6461930812500001 0.4841707546875 0.633218359375 0.4067068609375 0.6707900046875
0 0.3590419625 0.7136037 0.3702712140625 0.726578425 0.4478069265625 0.6931213781250001 0.4365776765625 0.6801466546875 0.3590419625 0.7136037
0 0.3922700640625 0.7261944328125 0.40569920000000004 0.73913075625 0.479877628125 0.7024396281249999 0.46756279999999995 0.6903070265625 0.3922700640625 0.7261944328125
0 0.37680514375 0.7857326609374999 0.38693445 0.7987265828125001 0.46439834375 0.7611549359375 0.45208351562500004 0.749022334375 0.37680514375 0.7857326609374999
0 0.36737967656250003 0.8130618140625 0.37752335000000004 0.8268786546875001 0.45721585468750003 0.79091445 0.44708654843750006 0.777920528125 0.36737967656250003 0.8130618140625
0 0.360225915625 0.8444671671874999 0.3714551671875 0.8574418890625 0.4478334828125 0.8207123624999999 0.4366185953125 0.8085605609375 0.360225915625 0.8444671671874999
0 0.2589450265625 0.8412960078125 0.27408566562500003 0.8262146546875 0.207514553125 0.79444983125 0.19454507031249998 0.807846946875 0.2589450265625 0.8412960078125
0 0.26954225468750004 0.8180622546875 0.28252610312500004 0.8054880609374999 0.22026857500000002 0.7687089203124999 0.2061991484375 0.782125234375 0.26954225468750004 0.8180622546875
0 0.2778821421875 0.7915752203124999 0.2897804109375 0.779843146875 0.2176377671875 0.744059721875 0.20686816874999997 0.7574184374999999 0.2778821421875 0.7915752203124999
0 0.287307609375 0.7642460671875 0.29587732187500004 0.7509257515625001 0.22609256718749998 0.7241560484375 0.21642291249999998 0.7374955625 0.287307609375 0.7642460671875
0 0.3017013140625 0.706372878125 0.3069281078125 0.690641403125 0.2274306046875 0.6747424546875 0.2233181171875 0.69127765 0.3017013140625 0.706372878125
0 0.31339848593749997 0.6831199265625 0.31973958593749996 0.6681921703125 0.240256446875 0.653116140625 0.23502965312500002 0.6688476171875 0.31339848593749997 0.6831199265625
0 0.3516688203125 0.5433360765625 0.35468136562499997 0.52682008125 0.27639871718750003 0.517485290625 0.2733861734375 0.5340012875 0.3516688203125 0.5433360765625
0 0.3654796921875 0.51510720625 0.374020678125 0.5001410515625 0.2911227984375 0.478539259375 0.2847960609375 0.4942899359375 0.3654796921875 0.51510720625
0 0.38435935312499997 0.4620947390625 0.388471840625 0.44555954218749994 0.313460290625 0.4345213140625 0.308233496875 0.450252790625 0.38435935312499997 0.4620947390625
0 0.397012825 0.4305933875 0.4055681765625 0.4164501515625 0.3269982453125 0.3906569640625 0.318457259375 0.4056231203125 0.397012825 0.4305933875
3 0.731772721875 0.6354818156250001 0.71080199375 0.6317320078125 0.6970342140625 0.6624296390625 0.7191336125000001 0.6678060859375 0.731772721875 0.6354818156250001
3 0.67333605 0.817599371875 0.65020853125 0.8163567234375 0.6419835546875 0.8494271156250001 0.665139803125 0.8523156046875 0.67333605 0.817599371875
3 0.9244450359374999 0.8947101421875001 0.930771771875 0.8789594671875 0.885429940625 0.865757009375 0.8802175109375 0.88231140625 0.9244450359374999 0.8947101421875001
3 0.9148184718750001 0.9105184171875 0.9189596874999999 0.8956290593749999 0.8714467000000001 0.8841108421874999 0.8673342125 0.9006460390625 0.9148184718750001 0.9105184171875
0 0.8876981546874999 0.2392845609375 0.90865451875 0.24221144843750003 0.9229476765625 0.1785778203125 0.8998057921875 0.17651225312500002 0.8876981546874999 0.2392845609375