3 0.23471980625 0.5281108046874999 0.2272589875 0.523609953125 0.2086887 0.5363129062499999 0.21575854687499998 0.5394502671875 0.23471980625 0.5281108046874999
2 0.1743141734375 0.317451328125 0.1692967765625 0.30856082812499996 0.12524920625 0.3270936734375 0.12912631875 0.33631114375000004 0.1743141734375 0.317451328125
3 0.4612826265625 0.7759725937499999 0.452160334375 0.7785883703125 0.45835065625000004 0.79156934375 0.4665281515625 0.7899622859375001 0.4612826265625 0.7759725937499999
2 0.3762448875 0.4277672578125 0.362789571875 0.43679011562500003 0.38878838125000004 0.4499935046875 0.40243918437500004 0.44165239375 0.3762448875 0.4277672578125
2 0.8843592421875 0.4783228828125 0.8968697578124999 0.47030874375 0.8721740828125 0.45304268125 0.8583277921875 0.460702046875 0.8843592421875 0.4783228828125
2 0.7218534328125 0.6259994125 0.7149464375 0.6191263499999999 0.6804121375000001 0.6364069125 0.6888503953125 0.6443164953125 0.7218534328125 0.6259994125
2 0.5432173453125 0.5237598765625 0.5342252625 0.518222503125 0.5061743453124999 0.5365951875 0.5165022031250001 0.542487334375 0.5432173453125 0.5237598765625
2 0.46085183750000003 0.22790996406250003 0.47192900625 0.23211164687500002 0.491997915625 0.21602776562499998 0.48453709375000004 0.21152691250000002 0.46085183750000003 0.22790996406250003
2 0.8898322078125 0.44576589218749996 0.8904513078124999 0.452228578125 0.9142018421874999 0.4446804203125 0.9124424546875 0.4385447078125 0.8898322078125 0.44576589218749996
2 0.7518286375 0.764964365625 0.76176551875 0.7694930203125 0.7789673921875 0.7520178453125 0.770366284375 0.7478439640625 0.7518286375 0.764964365625
3 0.4285726484375 0.7824008250000001 0.42098161718749993 0.7860531203125001 0.4279212515625 0.7973436296874999 0.43590325781250006 0.7950548265624999 0.4285726484375 0.7824008250000001
3 0.4454814625 0.7768145 0.43502339531249995 0.7790755 0.44046440625 0.7937469390625 0.44844641249999995 0.7914581359375 0.4454814625 0.7768145