3 0.8002510562499999 0 0.8001023109375 0.0019913546875 0.8064440375 0.007971985937499999 0.8069002828125 0 0.8002510562499999 0
3 0.9164881875 0.221539653125 0.9172846531250001 0.2103774484375 0.9032787546875 0.20114015156249998 0.9028403046875001 0.21100482187499997 0.9164881875 0.221539653125
2 0.97042748125 0.5081044968749999 0.9702303421874999 0.492267753125 0.95308275625 0.486141109375 0.95314110625 0.49834305 0.97042748125 0.5081044968749999
3 0.821887428125 0.241647665625 0.8154360875 0.2381332015625 0.8150851593749999 0.2663007859375 0.8215365015625 0.26981525 0.821887428125 0.241647665625
3 0.53363766875 0.057408728124999996 0.534434134375 0.046246525 0.51932501875 0.034800853124999996 0.51913496875 0.045834159375 0.53363766875 0.057408728124999996
3 0.42628801562499996 0.026483487500000003 0.43238134375000004 0.0312954828125 0.43521628124999995 0.0148142515625 0.430335784375 0.009744460937500001 0.42628801562499996 0.026483487500000003
3 0.80284641875 0.37272413437499996 0.8006983359375001 0.3805093296875 0.8147334078125 0.3958476 0.8167427046875 0.3844276015625 0.80284641875 0.37272413437499996
2 0.8976047515625 0.74099876875 0.9080817703124999 0.7485432859375 0.9092291640625 0.7092134984375 0.901068190625 0.7036195609375 0.8976047515625 0.74099876875
2 0.7005940109375 0.6460740421875 0.699936334375 0.6608710484375 0.7180775234375 0.67167223125 0.7181287859375 0.6570041234375 0.7005940109375 0.6460740421875
2 0.6574943609375 0.6967639250000001 0.6674745796875 0.7019711703125 0.6687607609375 0.6662761859375 0.6588901546875 0.6586027734375001 0.6574943609375 0.6967639250000001
3 0.8210538734374999 0.3212180796875 0.8268987984375 0.3248614390625 0.829236934375 0.3060429375 0.8231436078125001 0.3012309421875 0.8210538734374999 0.3212180796875
3 0.8297116484375 0.3291492875 0.835198559375 0.33409018125 0.83717868125 0.3165692109375 0.8321885703125 0.3139655875 0.8297116484375 0.3291492875
3 0.629597134375 0.0675477734375 0.625352228125 0.06845005625 0.6297138343750001 0.0919516578125 0.63456515625 0.09092047812500001 0.629597134375 0.0675477734375
3 0.5330825171875 0.042869515625 0.5334113546875 0.0354710140625 0.521224703125 0.025847023437499998 0.5208958640625 0.033245525 0.5330825171875 0.042869515625