3 0.8873295546875 0.1620116734375 0.9088336171875 0.1735711609375 0.936115009375 0.145425096875 0.915017025 0.131955165625 0.8873295546875 0.1620116734375
3 0.9164753953125 0.1751954703125 0.9392530875 0.187025675 0.9633781062500001 0.1612038421875 0.938053153125 0.1488322 0.9164753953125 0.1751954703125
3 0.9603881734374999 0.250422465625 0.938681071875 0.23981820156250003 0.9112520375000001 0.2749215390625 0.9318885484375 0.2842998625 0.9603881734374999 0.250422465625
0 0.646706796875 0.37343953281250003 0.66034749375 0.3593665015625 0.5237367328125 0.2943873265625 0.5100960359375 0.3084603578125 0.646706796875 0.37343953281250003
0 0.49972326718750004 0.538877978125 0.512293371875 0.52357900625 0.37634712656249997 0.4617362171875 0.36250339062500003 0.47676447031249997 0.49972326718750004 0.538877978125
0 0.38834571875 0.637006246875 0.401986415625 0.622933215625 0.2702671359375 0.5599921359375 0.25769702968749997 0.5752911093749999 0.38834571875 0.637006246875
0 0.5230361296875 0.516877034375 0.534129565625 0.5022625656249999 0.40139509218749997 0.4440975984375 0.3903016546875 0.458712065625 0.5230361296875 0.516877034375
0 0.5453337968749999 0.49965220156249995 0.5577008640625001 0.4853084515625 0.4177306890625 0.42360872812499994 0.40556666249999995 0.43699725625 0.5453337968749999 0.49965220156249995
0 0.56462273125 0.4777943234375 0.5759192078125001 0.4622246328125 0.4429816953125 0.4050148875 0.43188825937499997 0.41962935625000003 0.56462273125 0.4777943234375
0 0.594082153125 0.43313876406249996 0.6060431421875 0.42070545781249996 0.4739177859375 0.3596748234375 0.46262130937499996 0.3752445140625 0.594082153125 0.43313876406249996
0 0.6057293109375 0.4096565765625 0.61957304375 0.394628321875 0.48831523906249996 0.33577884999999996 0.475745134375 0.3510778234375 0.6057293109375 0.4096565765625
0 0.630980315625 0.39106273593749996 0.6418707125 0.3774034890625 0.5124956546874999 0.31595906875 0.49992554843750003 0.3312580421875 0.630980315625 0.39106273593749996
0 0.6637991515625 0.3431277234375 0.67468955 0.3294684765625 0.542361153125 0.2693930640625 0.5297910484374999 0.2846920359375 0.6637991515625 0.3431277234375
0 0.4819110015625 0.5600513515625 0.49300443749999995 0.5454368828125 0.3561906390625 0.48141293125000006 0.3434174953125 0.497667125 0.4819110015625 0.5600513515625
0 0.4424655796875 0.60158594375 0.4577859828125 0.585873184375 0.32036306875 0.5247148984375001 0.3077929640625 0.540013871875 0.4424655796875 0.60158594375