2 0.737202234375 0.971847059375 0.7779707546875 0.9735972515625001 0.7581871 0.9367015562500001 0.7156921781250001 0.9354238671875 0.737202234375 0.971847059375
2 0.349886025 0.3449515875 0.3586493234375 0.36048124531250003 0.4198689265625 0.358068375 0.41097276875000005 0.3432922046875 0.349886025 0.3449515875
2 0.3071300703125 0.289243890625 0.3144326875 0.3037390765625 0.3818935921875 0.3032036296875 0.374325253125 0.2902154171875 0.3071300703125 0.289243890625
2 0.3064673328125 0.27436566562500003 0.3149649109375 0.2914022984375 0.394510615625 0.2875593296875 0.387207996875 0.2730641421875 0.3064673328125 0.27436566562500003
2 0.2872135546875 0.2531016828125 0.2994296515625 0.267686334375 0.3724683375 0.2634729171875 0.3586586984375 0.24860728124999998 0.2872135546875 0.2531016828125
2 0.28270959375000004 0.1202321296875 0.2754069765625 0.10573694375 0.196525571875 0.1058124765625 0.20528886875 0.12134213593750001 0.28270959375000004 0.1202321296875
2 0.2997102203125 0.0890455828125 0.2878927015625 0.0722004703125 0.20170711562500002 0.07642647500000001 0.2121968125 0.0914836296875 0.2997102203125 0.0890455828125
2 0.3388883265625 0.0532234703125 0.322955271875 0.0224451375 0.1153933578125 0.0254689875 0.1296000140625 0.056719821875 0.3388883265625 0.0532234703125
2 0.33421868906249996 0.31266628125 0.34138844687500003 0.3279149546875 0.41721563125000005 0.3265239671875 0.4100458734375 0.31127529374999996 0.33421868906249996 0.31266628125
2 0.3636941 0.37846288281249996 0.3695360390625 0.3919235984375 0.4404497421875 0.390443146875 0.4314207234375 0.3764204625 0.3636941 0.37846288281249996
2 0.396623875 0.42466882031250003 0.40698071406249997 0.44047946250000003 0.48134721718750006 0.438054003125 0.4723182 0.42403131875 0.396623875 0.42466882031250003
3 0.84948075625 0.1953079296875 0.8739152984375 0.1965087421875 0.8602393015625 0.1715667890625 0.8388589796874999 0.17168143125 0.84948075625 0.1953079296875
2 0.5503782203124999 0.7174844515625 0.565249959375 0.7356450203125 0.664449584375 0.7321599125 0.6542256078124999 0.7155957828124999 0.5503782203124999 0.7174844515625
2 0.3266566015625 0.22509542656249998 0.317893303125 0.20956576718750003 0.25162735937499997 0.21264265937500001 0.2589299765625 0.227137846875 0.3266566015625 0.22509542656249998
3 0.9841345 0.22371250156250003 0.9546536187499999 0.22317571093750002 0.97018809375 0.25621450625 0.9982082953125 0.25571682500000004 0.9841345 0.22371250156250003
3 0.9368534875 0.2868516734375 0.9053804859374999 0.2882943609375 0.922109921875 0.3238746 0.9551764640625 0.32271289687500004 0.9368534875 0.2868516734375
3 0.890393078125 0.0657850109375 0.860912196875 0.06524822031250001 0.8768452531250001 0.09602655156249999 0.9064589953125 0.09580985625 0.890393078125 0.0657850109375
3 0.9423093484375 0.1534075640625 0.9177419468749999 0.1529602390625 0.9310193640625 0.18016265468749998 0.9557196250000001 0.1798564921875 0.9423093484375 0.1534075640625
2 0.5790588171875 0.7598334859375 0.5896813734374999 0.7741371546875 0.6625871984375 0.7706772234375 0.6519646406249999 0.75637355625 0.5790588171875 0.7598334859375
2 0.521168528125 0.6501808734375001 0.52966610625 0.66721750625 0.6023062109375 0.6652645500000001 0.5935429140624999 0.6497348921875 0.521168528125 0.6501808734375001
2 0.587169534375 0.639288125 0.5798669171874999 0.6247929390625 0.5089532109375 0.6262733921875 0.51784936875 0.6410495625 0.587169534375 0.639288125
2 0.5630038390625 0.5992890171874999 0.571634278125 0.6155721625 0.6473286015624999 0.6149346625 0.63391754375 0.5978085640625 0.5630038390625 0.5992890171874999
2 0.48040703906250004 0.564525209375 0.48691249687499993 0.58354131875 0.5904941625 0.583159625 0.580668765625 0.564335034375 0.48040703906250004 0.564525209375
2 0.5043117031250001 0.550094309375 0.511880040625 0.563082521875 0.58120020625 0.5613210859375 0.572038328125 0.5480518890625 0.5043117031250001 0.550094309375
2 0.108179840625 0.5322988125 0.076972559375 0.532234525 0.10034109375 0.5767545562499999 0.133540496875 0.5748393671875001 0.108179840625 0.5322988125