2 0.02173281875 0.4902673625 0.0314847390625 0.4895854421875 0.025788137500000002 0.39987665 0.015854465625 0.4062029765625 0.02173281875 0.4902673625
2 0.7640713609375 0.5791503953125 0.75181473125 0.568744071875 0.7519055421874999 0.660722090625 0.7651788234375 0.6691800921875 0.7640713609375 0.5791503953125
2 0.78279141875 0.5665779703125 0.7688933734375001 0.565672584375 0.7761575374999999 0.677798546875 0.7889082984375 0.6787841578125 0.78279141875 0.5665779703125
2 0.8470450125 0.603384025 0.8371624625 0.6021978484375 0.8424671765625 0.6863023484374999 0.8517760828125001 0.6875286390625 0.8470450125 0.603384025
2 0.84032610625 0.4743248484375 0.8291656406250001 0.4713508 0.8334537 0.5574036234374999 0.8446141640624999 0.5603776703125 0.84032610625 0.4743248484375
2 0.8152277734375 0.5605553343749999 0.8004948234375 0.55595386875 0.8058051875000001 0.6813570765625 0.8212424078125 0.6877865296875 0.8152277734375 0.5605553343749999
2 0.8903010640625 0.58721864375 0.9026088124999999 0.5901124671875 0.8992579015625 0.49273072031250004 0.8886710796875 0.48971655937499997 0.8903010640625 0.58721864375
2 0.8644702078125001 0.4651276015625 0.844000834375 0.4609272625 0.8604602265624999 0.6963075437499999 0.8785044 0.6988002375 0.8644702078125001 0.4651276015625
2 0.95195335625 0.6692601687499999 0.9546965890625 0.708490215625 0.9866388078125 0.71188829375 0.985616503125 0.6725379078125 0.95195335625 0.6692601687499999
2 0.6735664984375 0.5873563453124999 0.6617017609375 0.5825543125 0.666512340625 0.676079525 0.6776728046875 0.6790535734375001 0.6735664984375 0.5873563453124999
2 0.72746614375 0.60799133125 0.73823471875 0.6053610875000001 0.7331117593750001 0.5156121828125 0.7216389125 0.5164144421875 0.72746614375 0.60799133125
2 0.6515011796875 0.543845734375 0.6351779328125 0.541232703125 0.6421297140625 0.6571349718749999 0.6577486875 0.6579200203125 0.6515011796875 0.543845734375
2 0.52602686875 0.53009296875 0.5167179625 0.528866678125 0.521971553125 0.62048368125 0.53133158125 0.6141974671875 0.52602686875 0.53009296875
2 0.0493470265625 0.6873229828125 0.0702594109375 0.6896151109375 0.056458090625 0.4427855671875 0.034086040625 0.4443499734375 0.0493470265625 0.6873229828125
2 0.617491478125 0.675752934375 0.6164975609375001 0.65329565 0.594437890625 0.6510837484375 0.5965790953125001 0.67346080625 0.617491478125 0.675752934375
2 0.6253521546874999 0.57383273125 0.614191690625 0.570858684375 0.6199678 0.6699480765625 0.6321449203125 0.6709738015625 0.6253521546874999 0.57383273125
2 0.8280636937500001 0.6122202578125 0.8369807125 0.6078422546875 0.8318350156250001 0.54249895625 0.82234435625 0.5469170703125 0.8280636937500001 0.6122202578125
2 0.36151084375 0.460876071875 0.34568173125 0.448842328125 0.3460338 0.5445565421875 0.3628284453125 0.562154465625 0.36151084375 0.460876071875
2 0.342012653125 0.5035386234375 0.3335386484375 0.506008415625 0.3422057078125 0.5804916359375001 0.3504184515625 0.57428565 0.342012653125 0.5035386234375
2 0.693547521875 0.4526756625 0.6838978453125 0.4383325765625 0.68129654375 0.483568046875 0.691962875 0.4959628078125 0.693547521875 0.4526756625
3 0.6612420640625001 0.081365509375 0.6711246156249999 0.0825516859375 0.6666036828124999 0.0096557703125 0.656590503125 0.006601496875 0.6612420640625001 0.081365509375
2 0.0854071203125 0.485814821875 0.0736730125 0.4828808859375 0.0790061109375 0.5838784890625 0.09074021875 0.586812425 0.0854071203125 0.485814821875
2 0.019602915625 0.550487725 0.006721525000000001 0.547634015625 0.0123158828125 0.6523678125 0.026656942187499998 0.6513649874999999 0.019602915625 0.550487725
2 0.20386709062500002 0.49818084687499997 0.1914287125 0.4934189265625 0.196864053125 0.5793915234375 0.209484184375 0.5785090375 0.20386709062500002 0.49818084687499997
2 0.6809557765625 0.4704512515625 0.669272790625 0.4600048140625 0.6685798203125 0.5407742468750001 0.67955853125 0.5493927015625 0.6809557765625 0.4704512515625
2 0.240551815625 0.4787205125 0.2177878734375 0.47468062499999997 0.228874346875 0.6991732265625 0.25291620312499996 0.705000984375 0.240551815625 0.4787205125
2 0.279218728125 0.46287603437499997 0.2664679640625 0.4618904234375 0.27091503906250003 0.566704446875 0.284943715625 0.569477928125 0.279218728125 0.46287603437499997
2 0.305038284375 0.502369659375 0.28814139375000003 0.499796740625 0.2948886890625 0.645749021875 0.313063490625 0.6501098125 0.305038284375 0.502369659375
2 0.3956850765625 0.5786292265624999 0.383559078125 0.570091 0.38508681875 0.682618090625 0.3984907296875 0.6929441890625 0.3956850765625 0.5786292265624999
2 0.416739525 0.4757864265625 0.3964007828125 0.4734541859375 0.4075611140625 0.666028678125 0.42962078437500006 0.6682405796875 0.416739525 0.4757864265625
2 0.45001078124999994 0.473459875 0.42393561562500004 0.47152876250000003 0.44003715468750004 0.759496565625 0.46566930781250004 0.7633358859375 0.45001078124999994 0.473459875
2 0.47337110156250006 0.453054040625 0.4617165015625 0.45950070624999995 0.46842975937500003 0.547261175 0.48021498906250004 0.54268260625 0.47337110156250006 0.453054040625
2 0.47630160312500003 0.717538834375 0.49006901875000003 0.7165761234375 0.482072196875 0.5857290749999999 0.4686171625 0.5829154796875 0.47630160312500003 0.717538834375
2 0.57304845625 0.59250801875 0.561575609375 0.5933102781249999 0.568368375 0.6904513484375 0.580414865625 0.689608975 0.57304845625 0.59250801875