2 0.47452127656250004 0.57192080625 0.48729650781249995 0.5883964421875 0.5860403062499999 0.5876697656250001 0.5769718515625 0.5711352296875 0.47452127656250004 0.57192080625
2 0.584959359375 0.6266037484375 0.57903808125 0.6145679234375 0.5161472015624999 0.614556428125 0.5221306593749999 0.626085853125 0.584959359375 0.6266037484375
2 0.5316200109375 0.7094967 0.5388183343749999 0.721175290625 0.6213957953125 0.72154785 0.616565025 0.7106739937500001 0.5316200109375 0.7094967
2 0.56563149375 0.8241904437500001 0.5728298171875 0.835869034375 0.631951740625 0.8364458296875 0.62718315 0.8250655734375 0.56563149375 0.8241904437500001
2 0.6343479921874999 0.8269733765625 0.6404558078125 0.8374899984375 0.6995777296875 0.8380667953125001 0.6923172265625 0.8268946046875 0.6343479921874999 0.8269733765625
2 0.5941999953125 0.8426052468749999 0.5999969171874999 0.855653875 0.7019500671875 0.85891950625 0.69864505625 0.8456628125 0.5941999953125 0.8426052468749999
2 0.6440525765625 0.8985878312500001 0.6401257828125 0.8903951453125 0.58841741875 0.88970055 0.5923442109375 0.8978932328125 0.6440525765625 0.8985878312500001
2 0.2709737109375 0.1105120640625 0.266142940625 0.09963820625 0.2180169984375 0.0998975125 0.22060456875 0.10895383125 0.2709737109375 0.1105120640625
2 0.506179559375 0.48482364999999994 0.5003204578125 0.4722814234375 0.4312930671875 0.472030496875 0.43727652499999997 0.48355992031249995 0.506179559375 0.48482364999999994
2 0.5227715796875 0.44008365156249996 0.506007375 0.415921734375 0.309983359375 0.41549864999999997 0.3208597640625 0.43739553124999997 0.5227715796875 0.44008365156249996
2 0.478031959375 0.40272010781249995 0.46818388593750004 0.3824916 0.34520493281250003 0.3797285375 0.3549286484375 0.4009698484375 0.478031959375 0.40272010781249995
2 0.4749039171875 0.34784825625 0.460693803125 0.322971871875 0.3051334625 0.3244328875 0.32074497812499997 0.3479392375 0.4749039171875 0.34784825625
2 0.2823379765625 0.0882617796875 0.2762301625 0.077745159375 0.22305821718750002 0.07892699843749999 0.23165794375 0.089235553125 0.2823379765625 0.0882617796875
2 0.45251497343749997 0.3795396265625 0.44793291875 0.36664016718750003 0.38784484375 0.3638885984375 0.39005934375 0.375983325 0.45251497343749997 0.3795396265625
2 0.4273040953125 0.4643442125 0.4287341953125 0.4526969875 0.38213400937499997 0.45057345312499997 0.383320178125 0.46099980937499996 0.4273040953125 0.4643442125
2 0.5055147234375 0.7011510171875 0.49305516406249994 0.702191353125 0.502247975 0.7177130859374999 0.51713726875 0.7169710828125 0.5055147234375 0.7011510171875
2 0.4977520125 0.673982059375 0.506849165625 0.6802394046875 0.5268466359375 0.6780684640625 0.520303575 0.6710966515625 0.4977520125 0.673982059375
2 0.6280536453125001 0.8179759578124999 0.6243755640625 0.8077576687500001 0.5654401765625 0.8056616703125 0.5702087671875 0.8170419265625 0.6280536453125001 0.8179759578124999
2 0.5441321828125 0.6678540078124999 0.5419176828125 0.65575928125 0.4905202078125 0.6525326796875001 0.4903049765625 0.664329071875 0.5441321828125 0.6678540078124999
2 0.5403775734375 0.7285632390625 0.5415015640624999 0.739495996875 0.6041437296875001 0.7415330953125 0.5992507812500001 0.731165640625 0.5403775734375 0.7285632390625
2 0.2809222234375 0.1600529359375 0.2725712109375 0.14771877656250001 0.2196479796875 0.14687501249999999 0.22429221406250002 0.159268071875 0.2809222234375 0.1600529359375
2 0.3050808515625 0.23447019375 0.3013405921875 0.22475830624999998 0.261905253125 0.22454257656249998 0.265832046875 0.23273526093750002 0.3050808515625 0.23447019375
2 0.1533946984375 0.0235961515625 0.156824065625 0.0358400453125 0.22335954375 0.036299040625 0.21640993281249998 0.0225948453125 0.1533946984375 0.0235961515625
2 0.494265253125 0.5517274953125 0.48725346406250003 0.5385297015625 0.4282558984375 0.5369401015624999 0.4352676875 0.550137896875 0.494265253125 0.5517274953125
3 0.11336147031249999 0.650944509375 0.10962121093749999 0.641232621875 0.067942671875 0.6391993546875 0.0728356171875 0.6495668109375 0.11336147031249999 0.650944509375
3 0.14523498125 0.6826160078125 0.139313703125 0.6705801828125 0.077824225 0.6691986515624999 0.0850225484375 0.6808772421875 0.14523498125 0.6826160078125
3 0 0.7700777515625 0.0148329015625 0.7704398421875001 0.005855321875 0.7431217171875 0 0.7429187953125 0 0.7700777515625
3 0 0.7921044015625001 0.004592625 0.8036228812499999 0.024279206249999997 0.803983946875 0.01801355625 0.784709340625 0 0.784706046875 0 0.7921044015625001
3 0.0174635171875 0.8293629031249999 0.0384271421875 0.829366734375 0.0297939375 0.809287390625 0.010045176562499999 0.8094327265624999 0.0174635171875 0.8293629031249999
3 0.023982670312500003 0.605529784375 0.0031434015625 0.6045131515625 0.01062391875 0.6239369265625 0.0314631875 0.624953559375 0.023982670312500003 0.605529784375
3 0.1410786 0.8872058828125 0.121329840625 0.8873512187499999 0.130087403125 0.9064177578124999 0.1509888515625 0.9069279921875 0.1410786 0.8872058828125
3 0.028124687500000002 0.8630561734375 0.050303181249999995 0.8632091718750001 0.04154561875 0.8441426328125001 0.0193671265625 0.843989634375 0.028124687500000002 0.8630561734375
2 0.213057090625 0.06998848125 0.22056630625 0.07913506718749999 0.2776315625 0.076375121875 0.267816971875 0.0659174 0.213057090625 0.06998848125
2 0.3364856390625 0.1293506640625 0.3271684734375 0.114841734375 0.22708545156249998 0.116432046875 0.2377418421875 0.1300773421875 0.3364856390625 0.1293506640625
2 0.3429713046875 0.15687685625 0.339231046875 0.14716496875 0.2813861703125 0.1462309390625 0.2863412953125 0.15609199375 0.3429713046875 0.15687685625
2 0.39264213593749997 0.23442661875 0.3889640546875 0.22420833125 0.328502909375 0.2244951703125 0.335825590625 0.2351609609375 0.39264213593749997 0.23442661875