2 0.17144781250000002 0.8539159640625 0.1681760328125 0.850656028125 0.163120225 0.8587272640625001 0.166555846875 0.8614824859375 0.17144781250000002 0.8539159640625
2 0.58706275625 0.3114223015625 0.5899079484375 0.30682612656249997 0.576084809375 0.29271905 0.5730757734374999 0.2978199375 0.58706275625 0.3114223015625
2 0.5715909906250001 0.329070628125 0.57380160625 0.3255955703125 0.5636793796874999 0.3159274671875 0.5614687640625 0.319402525 0.5715909906250001 0.329070628125
2 0.5755622890625001 0.3218392 0.57777290625 0.31836414375 0.5673437906250001 0.3088077375 0.5648262859375001 0.31239449218750004 0.5755622890625001 0.3218392
2 0.5876506406249999 0.3254507765625 0.5846624031250001 0.329653940625 0.59507071875 0.3401080703125 0.5980589562499999 0.33590490625 0.5876506406249999 0.3254507765625
2 0.6051199390625001 0.3266587703125 0.6078012875 0.3225673046875 0.5950002609375 0.31031359375 0.5920120234375 0.3145167578125 0.6051199390625001 0.3266587703125
2 0.5823554359374999 0.317586390625 0.585814403125 0.31276681875 0.571806621875 0.3000621765625 0.5691044749999999 0.305051365625 0.5823554359374999 0.317586390625
2 0.6028571171875 0.306118703125 0.6012602765625 0.3093703625 0.610175746875 0.3185875375 0.61224331875 0.3147194671875 0.6028571171875 0.306118703125
2 0.5896036078125 0.30026074999999997 0.59228495625 0.2961692828125 0.5823265734375 0.28599646875 0.5796452265625 0.29008793437499997 0.5896036078125 0.30026074999999997
2 0.514290709375 0.2804943015625 0.5163374828125 0.277523953125 0.508444125 0.27016014374999997 0.506847284375 0.273411803125 0.514290709375 0.2804943015625
2 0.6059260015625 0.3050017203125 0.6094057687500001 0.29928442187500004 0.5919831640625 0.282926834375 0.58819650625 0.2887558296875 0.6059260015625 0.3050017203125
2 0.551322771875 0.2647903484375 0.5550886312500001 0.259859078125 0.541101646875 0.2462567125 0.5380926109375 0.2513576 0.551322771875 0.2647903484375
2 0.527185121875 0.262448825 0.530173359375 0.2582456609375 0.5196012 0.2482962421875 0.5169198515625 0.2523877078125 0.527185121875 0.262448825
2 0.5334243390625 0.2624033171875 0.5304153031250001 0.26750420625000004 0.543809309375 0.28043224375000003 0.54651145625 0.2754430546875 0.5334243390625 0.2624033171875
2 0.522927734375 0.268894228125 0.5254452390625 0.2653074734375 0.5150161234375 0.25575106718749996 0.5129485515625001 0.2596191359375 0.522927734375 0.268894228125
2 0.51184324375 0.26135666562500004 0.5091618953125 0.26544813125 0.5194271671874999 0.2755092484375 0.5218016265625 0.27152948125 0.51184324375 0.26135666562500004
2 0.59214233125 0.3482951390625 0.5951305687499999 0.344091975 0.5836585421875 0.333579928125 0.5805272609375 0.3373900796875 0.59214233125 0.3482951390625
2 0.56790578125 0.33708808125 0.5705871296875 0.332996615625 0.558972059375 0.3220915578125 0.5565975984375 0.32607132499999997 0.56790578125 0.33708808125
2 0.5771722859375 0.33772103750000004 0.57432709375 0.342317215625 0.588457121875 0.3563125921875 0.5920591359375 0.35188603125 0.5771722859375 0.33772103750000004
2 0.572608009375 0.3442781390625 0.5705404359374999 0.34814620937499996 0.578719884375 0.35629604531250003 0.5812373890625 0.3527092890625 0.572608009375 0.3442781390625
2 0.5652634828124999 0.346061175 0.5684155640624999 0.3413533015625 0.5548785140625 0.32803225 0.551869478125 0.3331331375 0.5652634828124999 0.346061175
2 0.5613129828125001 0.35239488125 0.56430121875 0.3481917171875 0.550907215625 0.3352636765625 0.5478981796875 0.34036456406250004 0.5613129828125001 0.35239488125
2 0.57637938125 0.37851158749999997 0.5795314625 0.3738037125 0.5647876562499999 0.36003173125 0.5619424640624999 0.364627909375 0.57637938125 0.37851158749999997
2 0.5568709515625 0.36024271875 0.5601660765625 0.35592785625 0.545586115625 0.3416511640625 0.542740921875 0.346247340625 0.5568709515625 0.36024271875
2 0.550527740625 0.364776840625 0.5535159765625 0.3605736765625 0.5423508390625 0.34994993124999996 0.539198759375 0.35465780625 0.550527740625 0.364776840625
2 0.5473340609374999 0.3712801625 0.549851565625 0.3676934078125 0.5379296078125 0.3569000453125 0.535882834375 0.3598703921875 0.5473340609374999 0.3712801625
2 0.5676434578125 0.38124612812500003 0.5707747390625 0.377435975 0.559773446875 0.3663075203125 0.5564783203125 0.37062238281250004 0.5676434578125 0.38124612812500003
2 0.5607993640625 0.5190404125 0.5584249046875 0.5230201796875 0.57359784375 0.5379711984375 0.5762791921875 0.5338797328125 0.5607993640625 0.5190404125
2 0.575985040625 0.5006060609375 0.5737744250000001 0.5040811187500001 0.5853894953125 0.514986178125 0.58807084375 0.5108947125000001 0.575985040625 0.5006060609375
2 0.5788535796875001 0.4884350875 0.5756807 0.4940406859375 0.5916312609375 0.5082635953125 0.594640296875 0.5031627078125 0.5788535796875001 0.4884350875
2 0.59078318125 0.47919722656249997 0.588408721875 0.48317699375 0.597774125 0.49267548281250007 0.6001485843750001 0.4886957140625 0.59078318125 0.47919722656249997
2 0.6015009328125 0.48286258281250005 0.6038753921875 0.478882815625 0.5925672109375 0.46786605937500003 0.5898858609375 0.471957525 0.6015009328125 0.48286258281250005
2 0.6045723640625 0.475068528125 0.6070898687499999 0.471481771875 0.5965177109375001 0.46153235312499996 0.59430709375 0.46500740937499996 0.6045723640625 0.475068528125
2 0.5216118890625 0.28628606093750003 0.51954431875 0.29015413125 0.5307094546875 0.300777875 0.532920071875 0.29730281875000003 0.5216118890625 0.28628606093750003
2 0.5091334546875 0.286377075 0.511180228125 0.283406728125 0.5037575999999999 0.275426509375 0.501710828125 0.27839685625 0.5091334546875 0.286377075
2 0.60157351875 0.4534611203125 0.598871371875 0.45845030937500003 0.6134513328125 0.472727 0.6167672578125 0.4675144140625 0.60157351875 0.4534611203125
2 0.280695896875 0.6107529781250001 0.27787405 0.6077743578125 0.2731459296875 0.6148361703125 0.276110821875 0.6182078046874999 0.280695896875 0.6107529781250001
2 0.2996249234375 0.6999998875 0.29604625625000003 0.6968516515625 0.28877983125 0.7083979421875 0.2921946546875 0.7120508890624999 0.2996249234375 0.6999998875
2 0.3078536125 0.68632305625 0.305031765625 0.6833444359375 0.2988706484375 0.6931531984375 0.30169249531250003 0.69613181875 0.3078536125 0.68632305625
2 0.294103478125 0.6953333828125 0.290381765625 0.691792134375 0.2837499171875 0.70221730625 0.28761467343749997 0.7061515671875 0.294103478125 0.6953333828125
2 0.2832660265625 0.6837002156249999 0.2804441828125 0.680721596875 0.2753883734375 0.68879283125 0.2782102203125 0.69177145 0.2832660265625 0.6837002156249999
2 0.28095651250000003 0.6783097406249999 0.28482127031250004 0.682244003125 0.29206689531249996 0.671595434375 0.2886520703125 0.6679424875 0.28095651250000003 0.6783097406249999
2 0.2769487109375 0.67398246875 0.2802204890625 0.6772424015625 0.2871592265625 0.6667055328125 0.2840304921875 0.6638386109375001 0.2769487109375 0.67398246875
2 0.2897960109375 0.6185677187499999 0.2868103203125 0.6160938093749999 0.28159066875 0.6246697546875 0.284719403125 0.6275366765625 0.2897960109375 0.6185677187499999
2 0.5163323875 0.2908781 0.514285615625 0.2938484484375 0.5230580421875 0.30267260937499996 0.5252686578125 0.299197553125 0.5163323875 0.2908781
2 0.30361915 0.63267479375 0.3009403484375 0.6300891875 0.29510691875 0.6388885281250001 0.2982356546875 0.64175545 0.30361915 0.63267479375
2 0.3093252375 0.635938865625 0.30619650468750004 0.63307194375 0.2998923421875 0.6424876937499999 0.303327965625 0.6452429171875 0.3093252375 0.635938865625
2 0.3136399296875 0.640154440625 0.31051119374999997 0.63728751875 0.3034294125 0.647431375 0.306701190625 0.6506913109375 0.3136399296875 0.640154440625
2 0.307580259375 0.6521516609375 0.31130197187499997 0.655692909375 0.3187114421875 0.64453963125 0.315296615625 0.6408866843750001 0.307580259375 0.6521516609375
2 0.32779075625 0.6532520953125001 0.3239259984375 0.6493178328125 0.3169872609375 0.6598547031249999 0.32040208593749997 0.66350765 0.32779075625 0.6532520953125001
2 0.3326984234375 0.658141996875 0.3289767109375 0.654600746875 0.3216894890625 0.6670447625 0.32541120156250003 0.6705860109375 0.3326984234375 0.658141996875
2 0.3224883265625 0.7179377984374999 0.326111140625 0.712613515625 0.31212415625 0.69901115 0.30850134375 0.704335434375 0.3224883265625 0.7179377984374999
2 0.318576878125 0.7291531328125 0.322527378125 0.7228194265625 0.30481868125 0.7056758125 0.30056129375 0.7121212171875 0.318576878125 0.7291531328125
2 0.361934321875 0.755654575 0.3682384828125 0.746238825 0.35169494375 0.7313415890625 0.34616840312499997 0.7400292312500001 0.361934321875 0.755654575
2 0.343364809375 0.7428299625 0.3405196171875 0.7474261375 0.361008559375 0.76934381875 0.3646313734375 0.764019534375 0.343364809375 0.7428299625
2 0.2409051296875 1 0.243482128125 0.995491434375 0.23781763749999998 0.9904319171875 0.232611959375 1 0.2409051296875 1
2 0.308155046875 1 0.296875634375 0.98941008125 0.2941942859375 0.993501546875 0.300864640625 1 0.308155046875 1
2 0.443236459375 0.41183905000000004 0.446060853125 0.4081405953125 0.4334028703125 0.3962798953125 0.43117145625 0.4006526765625 0.443236459375 0.41183905000000004
2 0.439246909375 0.4132911265625 0.4356240953125 0.4186154109375 0.45435490468750006 0.43761238750000003 0.4579777171875 0.43228810468749995 0.439246909375 0.4132911265625
2 0.4597952828125 0.38667384375 0.46278351874999996 0.38247067968750004 0.44922567031250005 0.37004735 0.4469942546875 0.37442013125 0.4597952828125 0.38667384375
2 0.47873111249999994 0.3508517953125 0.480941728125 0.3473767390625 0.47053341406250004 0.336922609375 0.468158953125 0.340902378125 0.47873111249999994 0.3508517953125
2 0.5301746171875 0.4158022625 0.5333266984375 0.41109438750000005 0.5184398484375 0.39692939531250004 0.5158807453125 0.4023115953125 0.5301746171875 0.4158022625
2 0.5241382953125 0.4202246859375 0.5266558 0.41663793125000004 0.516247484375 0.4061838015625 0.513566134375 0.41027526875 0.5241382953125 0.4202246859375
2 0.4876903078125 0.29907758281249996 0.48531585 0.30305735 0.49676707656249997 0.3144671203125 0.49944842500000003 0.3103756546875 0.4876903078125 0.29907758281249996
2 0.49879559687499997 0.305717425 0.5010062125 0.30224236718749997 0.4922337875 0.293418203125 0.4897162828125 0.29700495937500004 0.49879559687499997 0.305717425
2 0.50466298125 0.3151538578125 0.5025954109375 0.319021928125 0.5133106140625 0.329364359375 0.5161350078125 0.3256659046875 0.50466298125 0.3151538578125
2 0.5117473125 0.2983329265625 0.50890211875 0.302929103125 0.522010034375 0.31507111718749997 0.52471218125 0.310081928125 0.5117473125 0.2983329265625
2 0.5074534203125001 0.293219628125 0.5098278781250001 0.2892398609375 0.49999174375 0.2803577796875 0.49806721718749997 0.2846188625 0.5074534203125001 0.293219628125
2 0.593799859375 0.45406511875 0.5966450515624999 0.449468940625 0.583557934375 0.43642920468749996 0.5805696984375001 0.44063236874999995 0.593799859375 0.45406511875
2 0.607794484375 0.44763626093750003 0.6048062468750001 0.451839425 0.6162574734375 0.46324919531250003 0.6189388234375001 0.459157728125 0.607794484375 0.44763626093750003
2 0.8157320703125001 0.0230132390625 0.8130507203124999 0.02710470625 0.82495188125 0.0387957890625 0.827162496875 0.03532073125 0.8157320703125001 0.0230132390625
2 0.754714721875 0.226812925 0.7572322265625 0.22322617031249997 0.745781 0.2118164015625 0.7434065390625 0.21579616875 0.754714721875 0.226812925
2 0.7764308 0.1957649453125 0.7794190375000001 0.1915617796875 0.7675178765624999 0.1798706953125 0.764815728125 0.1848598859375 0.7764308 0.1957649453125
2 0.77231645625 0.20260336093750003 0.7754685375 0.1978954859375 0.762831353125 0.1851370640625 0.7599653625 0.1906309625 0.77231645625 0.20260336093750003
2 0.778287834375 0.20755117968749998 0.775302146875 0.20507727031249998 0.7706962703125 0.21342981875000003 0.7739680484375 0.2166897515625 0.778287834375 0.20755117968749998
2 0.763986321875 0.214091734375 0.7665038265625 0.21050497968749998 0.7531098203125 0.1975769390625 0.7507353609375 0.2015567078125 0.763986321875 0.214091734375
2 0.7594012453125 0.22154655937499998 0.7626963703125 0.21723169687500002 0.7499161421875 0.2040802625 0.7467640609374999 0.20878813749999997 0.7594012453125 0.22154655937499998
2 0.7588447687500001 0.232430934375 0.7613805265625 0.23462352968750003 0.765965603125 0.2271687046875 0.7631229578125 0.22508780781249998 0.7588447687500001 0.232430934375
2 0.7520932234375 0.23488829687499999 0.755081459375 0.23068513125 0.74199434375 0.2176453953125 0.7389853078125 0.22274628281250003 0.7520932234375 0.23488829687499999
2 0.68789876875 0.24089518437500002 0.6917635265625 0.244829446875 0.699971415625 0.23205033749999998 0.6957997703125 0.228227775 0.68789876875 0.24089518437500002
2 0.7476927890625 0.24094068906250002 0.7503741374999999 0.23684922187500002 0.7392297984375 0.22532775312500003 0.7360985171875 0.22913790625 0.7476927890625 0.24094068906250002
2 0.7584937359375 0.2410151515625 0.7550581125 0.2382599296875 0.7509229703125 0.24599606875000002 0.7540517046875 0.24886298906249998 0.7584937359375 0.2410151515625
2 0.6599065515625 0.20791110468750001 0.6640781984374999 0.2117336671875 0.671037734375 0.2002990734375 0.6668660875 0.1964765125 0.6599065515625 0.20791110468750001
2 0.663646515625 0.217231703125 0.6682680953125 0.22133558125000002 0.67604685 0.20737743437499997 0.67111838125 0.20338525624999998 0.663646515625 0.217231703125
2 0.6699247828125 0.22206782500000002 0.67485325 0.2260600015625 0.6827750499999999 0.21249486874999998 0.6779896265625001 0.208895703125 0.6699247828125 0.22206782500000002
2 0.675997609375 0.2292041015625 0.6803331 0.232521953125 0.688746428125 0.2174426875 0.6844317375 0.21322711249999998 0.675997609375 0.2292041015625
2 0.776571296875 0.20283503125000002 0.7804360546875 0.2067692921875 0.7881732109375 0.1946065921875 0.7847583874999999 0.1909536453125 0.776571296875 0.20283503125000002
2 0.7803812999999999 0.18943123906249998 0.78353338125 0.1847233640625 0.769403353125 0.1707279859375 0.7667012046874999 0.17571717656250002 0.7803812999999999 0.18943123906249998
2 0.7844956453124999 0.1825928234375 0.7873408375000001 0.177996646875 0.773517696875 0.1638895703125 0.77081555 0.16887875937500002 0.7844956453124999 0.1825928234375
2 0.7770182640625001 0.1572745515625 0.7744799609374999 0.1617590296875 0.7892029671875 0.176428734375 0.7918843156250001 0.1723372671875 0.7770182640625001 0.1572745515625
2 0.79706236875 0.16555676875 0.80021445 0.1608488953125 0.7851845546875 0.1462908890625 0.78217551875 0.1513917765625 0.79706236875 0.16555676875
2 0.7992339359375 0.157200084375 0.8017514406249999 0.153613328125 0.7898502796875 0.1419222453125 0.7874758187500001 0.1459020140625 0.7992339359375 0.157200084375
2 0.804370390625 0.15221503281249998 0.8071947843749999 0.14851657812500002 0.7941076687499999 0.1354768421875 0.7917332078125 0.13945660937499998 0.804370390625 0.15221503281249998
2 0.8084639359375 0.1462743390625 0.8114521734375 0.1420711734375 0.7979151250000001 0.1287501234375 0.7953768203125 0.1332346015625 0.8084639359375 0.1462743390625
2 0.8115353703125001 0.1384802828125 0.81485129375 0.133267696875 0.8036861562500001 0.1226439515625 0.8002271875 0.127463525 0.8115353703125001 0.1384802828125
2 0.8161204453125 0.13102545625 0.8191086828125 0.12682229218750002 0.8061438109375001 0.115073290625 0.8031555750000001 0.1192764546875 0.8161204453125 0.13102545625
2 0.8080292890624999 0.10593058125000002 0.8056340296875 0.11080807343750002 0.8175351890625 0.12249915625 0.820359584375 0.11880070312499999 0.8080292890624999 0.10593058125000002
2 0.8145363437500001 0.10089174999999999 0.8116911515625 0.105487925 0.8262711125 0.1197646171875 0.8291163046875001 0.1151684390625 0.8145363437500001 0.10089174999999999
2 0.8305077031250001 0.1142169359375 0.8336597843750001 0.1095090625 0.8189367781250001 0.0948393578125 0.8154778078125 0.09965893125 0.8305077031250001 0.1142169359375
2 0.8338860234375 0.1063111828125 0.8368742609375 0.1021080171875 0.8236440999999999 0.08867526875000001 0.820941953125 0.0936644578125 0.8338860234375 0.1063111828125
2 0.83894183125 0.0982399484375 0.8416231812499999 0.0941484828125 0.8269001749999999 0.07947877656249999 0.824504915625 0.08435626874999999 0.83894183125 0.0982399484375
2 0.8418702187499999 0.0900528796875 0.8450222999999999 0.085345003125 0.8320782281250001 0.072698278125 0.8292330359375001 0.07729445625 0.8418702187499999 0.0900528796875
2 0.847948140625 0.0838350078125 0.850936378125 0.07963184375 0.8359064828125 0.0650738375 0.8328974468749999 0.07017472500000001 0.847948140625 0.0838350078125
2 0.6811913671875 0.2348800265625 0.6862628796875 0.2392652171875 0.694041634375 0.22530707187500001 0.6892770109375 0.22081018281250003 0.6811913671875 0.2348800265625
2 0.6935424609374999 0.24685242500000001 0.6981640390625 0.250956303125 0.7059219953125 0.2378958796875 0.7013004171875 0.2337920015625 0.6935424609374999 0.24685242500000001
2 0.6014563671875 0.43881623750000004 0.603830828125 0.43483646875000004 0.5925018468750001 0.42471743437500004 0.5905773203125 0.428978515625 0.6014563671875 0.43881623750000004
2 0.6253232125 0.40030929375 0.6276768734375 0.39722725 0.6171047140625 0.3872778296875 0.614587209375 0.3908645859375 0.6253232125 0.40030929375
2 0.6401031015624999 0.373121109375 0.6427844515625 0.3690296421875 0.6311693796875 0.35812458281250004 0.6287949187499999 0.3621043515625 0.6401031015624999 0.373121109375
2 0.6376246484375 0.381589490625 0.640776728125 0.376881615625 0.628568678125 0.36530223125 0.625273553125 0.36961709374999996 0.6376246484375 0.381589490625
2 0.651096753125 0.40428078593750005 0.6542280359375 0.40047063281249995 0.6426129640625 0.3895655734375 0.6397885703124999 0.393264028125 0.651096753125 0.40428078593750005
2 0.633510303125 0.38842790781250003 0.6364985390625 0.38422474218749997 0.6236975124999999 0.37197103125000003 0.6207092765625 0.3761741953125 0.633510303125 0.38842790781250003
2 0.634527321875 0.40363541875 0.6321528609375 0.4076151859375 0.6437471328125 0.41941796875000004 0.6462854359375 0.4149334890625 0.634527321875 0.40363541875
2 0.6286391375 0.3950967078125 0.63146353125 0.391398253125 0.6204622375 0.3802697984375 0.6180877765624999 0.38424956718750003 0.6286391375 0.3950967078125
2 0.6206965390625 0.40955956406249994 0.6229071546875 0.40608450625000003 0.6115989734375 0.39506775 0.60908146875 0.39865450468749997 0.6206965390625 0.40955956406249994
2 0.7002706625 0.251969859375 0.7047283984375 0.2565784484375 0.7135500640625 0.24357594218749998 0.7086423953125001 0.23868604062499998 0.7002706625 0.251969859375
2 0.6177681515625 0.4177466328125 0.6210632781250001 0.4134317703125 0.6061764265625 0.399266778125 0.6027174578125 0.40408635000000004 0.6177681515625 0.4177466328125
2 0.63553924375 0.4321970765625 0.637279128125 0.42933842968749997 0.62701385625 0.41927731250000005 0.6248240390625 0.42185464531249994 0.63553924375 0.4321970765625
2 0.6214274671875 0.42398104999999997 0.6182753859375001 0.42868892656249996 0.6309125703125 0.4414473484375 0.63392160625 0.43634646093749996 0.6214274671875 0.42398104999999997
2 0.608005021875 0.43198195625 0.6108502125 0.4273857796875 0.6004418968749999 0.4169316515625 0.59790359375 0.421416128125 0.608005021875 0.43198195625
2 0.6279633828125 0.450532140625 0.63097241875 0.44543125312500004 0.616842390625 0.43143587656250004 0.613383421875 0.43625544843749997 0.6279633828125 0.450532140625
2 0.6202287734375 0.4560177671875 0.623073965625 0.45142158906249996 0.61252260625 0.4405744484375 0.60922748125 0.44488931093749995 0.6202287734375 0.4560177671875
2 0.6476479734375 0.3823920625 0.6446597359374999 0.3865952265625 0.658053740625 0.39952326562499996 0.6605920453125 0.3950387875 0.6476479734375 0.3823920625
2 0.656448840625 0.37028728125 0.6537674921875001 0.374378746875 0.6644618984374999 0.3856189 0.667450134375 0.3814157359375 0.656448840625 0.37028728125
2 0.64828764375 0.3679167953125 0.6509689921875 0.3638253296875 0.6372681 0.3510089890625 0.6347297953125 0.35549346875 0.64828764375 0.3679167953125
2 0.6526880765625 0.36186440468750003 0.655676315625 0.35766124062500004 0.6401964859375 0.3428219203125 0.6376581828125001 0.3473064 0.6526880765625 0.36186440468750003
2 0.656966265625 0.3545212765625 0.6598114578125001 0.3499251015625 0.647174275 0.337166678125 0.6444721265625 0.3421558671875 0.656966265625 0.3545212765625
2 0.66275555 0.35419445625 0.660524134375 0.3585672375 0.6728960265625 0.3696419125 0.6755773765625 0.36555044531249997 0.66275555 0.35419445625
2 0.6750675921875 0.3612852265625 0.6788542484375 0.35545623125 0.659816553125 0.33657095312499996 0.65572300625 0.3425116453125 0.6750675921875 0.3612852265625
2 0.6334725421875 0.21931260312499998 0.6342892124999999 0.223466125 0.643740359375 0.22269664687500001 0.6429236890625 0.21854312656250002 0.6334725421875 0.21931260312499998
2 0.636866565625 0.22386327343749998 0.63721250625 0.22863320312500002 0.6473996750000001 0.22893106406250002 0.64719678125 0.224554146875 0.636866565625 0.22386327343749998
2 0.6541278765625 0.23404849843750003 0.6539249828125 0.2296715828125 0.642489459375 0.2307182375 0.6429992421875 0.23498345468749998 0.6541278765625 0.23404849843750003
2 0.66431759375 0.22766928593750002 0.666528209375 0.2241942296875 0.6568559171875 0.21480743906250002 0.6547883453125001 0.2186755078125 0.66431759375 0.22766928593750002
2 0.6477040171875 0.2354964390625 0.6468432 0.23981543906249997 0.6586246625000001 0.2435387140625 0.6590355453125001 0.23893839843750003 0.6477040171875 0.2354964390625
2 0.6537768421875 0.2426327171875 0.6539797359375 0.2470096328125 0.6618756421875001 0.2476963703125 0.6616727484375 0.2433194546875 0.6537768421875 0.2426327171875
2 0.6542658265625 0.24779565781250001 0.6538341437499999 0.2532936953125 0.66442965 0.25566831562500003 0.66486133125 0.2501702796875 0.6542658265625 0.24779565781250001
2 0.6440578578125 0.24839552031249998 0.6407028828125 0.24872647812499998 0.6419877390625001 0.2589406640625 0.6454857578125 0.2590027171875 0.6440578578125 0.24839552031249998
2 0.6389863453125 0.24401032968749997 0.6361644984375 0.241031709375 0.6318447140625 0.2501702828125 0.634523515625 0.2527558890625 0.6389863453125 0.24401032968749997
2 0.70620044375 0.258713125 0.710658178125 0.26332171249999997 0.7200728234375 0.250993534375 0.71608581875 0.2457685375 0.70620044375 0.258713125
2 0.338669803125 0.663089815625 0.3346412015625 0.6596602640625 0.3270678890625 0.6713182546875001 0.330932646875 0.675252515625 0.338669803125 0.663089815625
2 0.3432289859375 0.6698868609375 0.33965031875 0.666738625 0.33271158125 0.6772754953125 0.3361264046875 0.680928440625 0.3432289859375 0.6698868609375
2 0.3688726375 0.6925988375000001 0.365150925 0.6890575890624999 0.3567791921875 0.702341409375 0.361093884375 0.7065569843749999 0.3688726375 0.6925988375000001
2 0.5188808515625001 0.5814756062499999 0.516363346875 0.5850623609375 0.5294296640625 0.5989998203125 0.5321110124999999 0.5949083546875 0.5188808515625001 0.5814756062499999
2 0.48685322812500004 0.67013093125 0.49031219843749996 0.665311359375 0.47454627968749996 0.6496860140625 0.47092346875 0.6550102984375 0.48685322812500004 0.67013093125
2 0.5009569453125 0.6458593125000001 0.50394518125 0.641656146875 0.4884861515625 0.6259191046875 0.4851910265625 0.6302339671875 0.5009569453125 0.6458593125000001
2 0.48488159062499997 0.6370227390625 0.48205719687500004 0.6407211937499999 0.496187225 0.6547165703125 0.4991754609375 0.65051340625 0.48488159062499997 0.6370227390625
2 0.471828428125 0.642218778125 0.475144353125 0.6370061921875 0.4611573703125 0.6234038281250001 0.457841446875 0.6286164140625 0.471828428125 0.642218778125
2 0.48759137968750005 0.6120023296875 0.4910503484375 0.6071827562500001 0.4779424328125 0.5950407421875 0.474933396875 0.6001416296875 0.48759137968750005 0.6120023296875
2 0.5232473296875 0.557187440625 0.5256425890624999 0.5523099484375 0.5138636734375 0.5419096 0.5116322578125 0.54628238125 0.5232473296875 0.557187440625
2 0.522732871875 0.6187952359375 0.5264987296875 0.6138639640625 0.5062542765625 0.59452775625 0.5030813968750001 0.600133353125 0.522732871875 0.6187952359375
2 0.3687143390625 0.410477990625 0.3652553703125 0.41529756406249996 0.3777495078125 0.42766297499999995 0.3805947 0.423066796875 0.3687143390625 0.410477990625
2 0.4162591296875 0.4532584203125 0.41955425625 0.44894355781249995 0.408982096875 0.43899414062500003 0.40613690468749997 0.443590315625 0.4162591296875 0.4532584203125
2 0.397967228125 0.35621331875 0.39227684375 0.365405671875 0.405691646875 0.3774359875 0.411095940625 0.367457609375 0.397967228125 0.35621331875
2 0.3885292359375 0.3761162953125 0.3858270890625 0.381105484375 0.398628115625 0.3933591953125 0.4014733078125 0.3887630203125 0.3885292359375 0.3761162953125
2 0.3854578046875 0.38391034999999996 0.38244876875 0.3890112390625 0.39494290625 0.40137665 0.3979519421875 0.3962757625 0.3854578046875 0.38391034999999996
2 0.381894840625 0.3932185390625 0.3793773359375 0.3968052953125 0.3908285640625 0.408215065625 0.3932030234375 0.40423529687500004 0.381894840625 0.3932185390625
2 0.376922228125 0.3976988828125 0.373770146875 0.40240675625 0.38671421875 0.41505348125 0.39003014375 0.4098408953125 0.376922228125 0.3976988828125
2 0.3476060734375 0.671409265625 0.34191568906250003 0.68060161875 0.35530969375 0.6935296578125001 0.3611431234375 0.6847303171875 0.3476060734375 0.671409265625
2 0.35124713750000003 0.6718643328125 0.3546827609375 0.6746195562499999 0.3594524796875 0.6657622984375 0.356466790625 0.6632883875 0.35124713750000003 0.6718643328125
2 0.31581020625 0.7960314328125 0.319289975 0.790314134375 0.30381014687499996 0.775474815625 0.300494221875 0.7806874015624999 0.31581020625 0.7960314328125
2 0.302400496875 0.77064696875 0.3053861859375 0.7731208781250001 0.31095432500000003 0.7626377890625 0.307661746875 0.760275578125 0.302400496875 0.77064696875
2 0.2985773375 0.7649172609375 0.301399184375 0.7678958812500001 0.3069257234375 0.7592082390625 0.304246921875 0.7566226312500001 0.2985773375 0.7649172609375
2 0.2919531296875 0.7553112125 0.2944888875 0.7575038078125 0.2988086734375 0.748365234375 0.29565913906249996 0.746396034375 0.2919531296875 0.7553112125
2 0.2920388734375 0.745043246875 0.289196228125 0.7429623484375 0.284998690625 0.7533916578125 0.28767749062500003 0.755977265625 0.2920388734375 0.745043246875
2 0.275183353125 0.7436118546875 0.277862153125 0.7461974625 0.28371638125 0.7365003984375 0.28058764687500004 0.7336334765625 0.275183353125 0.7436118546875
2 0.31350833125 0.770609734375 0.30925094375 0.7770551390625 0.3220519703125 0.7893088500000001 0.326145515625 0.7833681578125 0.31350833125 0.770609734375
2 0.3426033109375 0.8085333609375001 0.34765911875 0.8004621265624999 0.3335082921875 0.7873644718749999 0.32845248437499996 0.7954357078125 0.3426033109375 0.8085333609375001
2 0.335076690625 0.80504175625 0.331191134375 0.8020052203124999 0.326421415625 0.810862478125 0.3296931953125 0.8141224125000001 0.335076690625 0.80504175625
2 0.34162024999999996 0.8115616250000001 0.3384915140625 0.808694703125 0.332330396875 0.818503465625 0.3357660203125 0.8212586890625 0.34162024999999996 0.8115616250000001
2 0.357453659375 0.8111396531249999 0.34894652187499997 0.8039992390625 0.3406970375 0.8185737937500001 0.3488972828125 0.8258259062500001 0.357453659375 0.8111396531249999
2 0.28926710624999996 0.8252756937499999 0.29284577343749996 0.8284239296875 0.2979223828125 0.819454971875 0.294793646875 0.81658805 0.28926710624999996 0.8252756937499999
2 0.2878060890625 0.9014704546875001 0.291428903125 0.8961461703125 0.2758060296875 0.8809138390625 0.2723262609375 0.8866311359375001 0.2878060890625 0.9014704546875001
2 0.28619609375 0.8855886171874999 0.2888774421875 0.8814971515625001 0.27771230468749997 0.87087340625 0.27472406875 0.875076571875 0.28619609375 0.8855886171874999
2 0.2625550703125 0.8683788124999999 0.260508296875 0.871349159375 0.2686877453125 0.8794989953125001 0.2708983609375 0.8760239375 0.2625550703125 0.8683788124999999
2 0.3718872171875 0.40487239218750004 0.369983490625 0.40823574999999995 0.37873511875 0.4179576359375 0.380945734375 0.414482578125 0.3718872171875 0.40487239218750004
2 0.3639862171875 0.41753980312500005 0.361141025 0.42213598125 0.37453503125 0.43506401875 0.3776871109375 0.43035614375 0.3639862171875 0.41753980312500005
2 0.3789948640625 0.7022669421875001 0.37510930781249996 0.6992304046875 0.368128971875 0.7115627203125 0.371850684375 0.71510396875 0.3789948640625 0.7022669421875001
2 0.36095638281250003 0.42353841406250003 0.3576612578125 0.4278532765625 0.368948640625 0.4397677578125 0.37224376718749996 0.43545289531250003 0.36095638281250003 0.42353841406250003
2 0.3760393234375 0.5671492796875001 0.37980518281250003 0.5622180078125 0.3665750203125 0.548785259375 0.3629522078125 0.55410954375 0.3760393234375 0.5671492796875001
2 0.3228635765625 0.485026240625 0.3206113625 0.49029674375 0.3331263015625 0.50176443125 0.335849246875 0.49587751874999997 0.3228635765625 0.485026240625
2 0.32820547499999997 0.47774103125 0.3248895515625 0.48295361718749996 0.33826275625 0.496779378125 0.34188556875 0.4914550953125 0.32820547499999997 0.47774103125
2 0.3342417984375 0.47331860781249996 0.3323172703125 0.47757968906250003 0.3429102296875 0.48663138437500003 0.3451208453125 0.4831563265625 0.3342417984375 0.47331860781249996
2 0.33684249843749997 0.466140959375 0.3344680375 0.47012072812500005 0.345204040625 0.4795654359375 0.3472716125 0.475697365625 0.33684249843749997 0.466140959375
2 0.3403638640625 0.4586282171875 0.337375628125 0.46283138125 0.34972672031249996 0.4748037796875 0.352265025 0.4703193 0.3403638640625 0.4586282171875
2 0.35474093125 0.468527990625 0.3577291671875 0.4643248265625 0.34478509687500003 0.451678103125 0.341796859375 0.4558812671875 0.35474093125 0.468527990625
2 0.350249240625 0.4456836296875 0.3477317359375 0.449270384375 0.3578331625 0.45983621093749993 0.3603506671875 0.45624945625 0.350249240625 0.4456836296875
2 0.3523792078125 0.43912239062499997 0.3500047484375 0.44310215781249995 0.36145597500000004 0.45451192812499996 0.36383043437499996 0.45053215937499996 0.3523792078125 0.43912239062499997
2 0.357843353125 0.43312791562499997 0.35499816093750003 0.43772409375 0.3655703203125 0.44767351250000004 0.3681086234375 0.443189034375 0.357843353125 0.43312791562499997
2 0.25450041562500003 0.8548426390625 0.2578163390625 0.8496300531250001 0.23875784375000003 0.831642496875 0.235728009375 0.837641109375 0.25450041562500003 0.8548426390625
2 0.23353819062499998 0.8402184421875001 0.22942384843750002 0.8470568593750001 0.2536969015625 0.8698226171875 0.25750435625 0.8630958984375001 0.23353819062499998 0.8402184421875001
2 0.21998034375 0.827795115625 0.2171559484375 0.83149356875 0.231592865625 0.8453772484375 0.2344380578125 0.8407810703124999 0.21998034375 0.827795115625
2 0.3849441546875 0.8723461609375001 0.3872978171875 0.869264115625 0.3774824796875 0.8594843140625 0.3752718625 0.8629593703125 0.3849441546875 0.8723461609375001
2 0.4026082875 0.8454434265625 0.40496194843750005 0.8423613812499999 0.3964756125 0.8343232437499999 0.3947357265625 0.8371818921875 0.4026082875 0.8454434265625
2 0.396582153125 0.8231575546875 0.3942076921875 0.8271373234375 0.40567971875 0.8376493703125 0.40789033437500005 0.8341743125000001 0.396582153125 0.8231575546875
2 0.399945190625 0.85531424375 0.40485285937500004 0.8602041437500001 0.41480063125 0.8445663859374999 0.4097291203125 0.8401811953125 0.399945190625 0.85531424375
2 0.395568103125 0.8537918390625 0.39777871875000004 0.8503167812499999 0.3880856265625 0.8418277125 0.38601805625 0.8456957828125 0.395568103125 0.8537918390625
2 0.391945290625 0.8591161218750001 0.39429895 0.8560340765625 0.3855265234375 0.8472099156249999 0.3833159078125 0.850684971875 0.391945290625 0.8591161218750001
2 0.38646034687499997 0.86600831875 0.3889570515625 0.8633192875000001 0.3801846265625 0.854495125 0.3783016984375 0.8569607609375 0.38646034687499997 0.86600831875
2 0.371987346875 0.8930848046875 0.374811740625 0.8893863515625 0.3627259375 0.8790977015625 0.360822209375 0.8824610609375 0.371987346875 0.8930848046875
2 0.22204791406250002 0.8239270453125 0.224422375 0.819947278125 0.2131141921875 0.8089305203125001 0.21073973124999998 0.8129102874999999 0.22204791406250002 0.8239270453125
2 0.38055433125000004 0.9042091234375 0.374746796875 0.8987565953125 0.3657404875 0.9131615343749999 0.3717118671875 0.9181093515625 0.38055433125000004 0.9042091234375
2 0.3516079125 0.9058432312500001 0.34984722968750004 0.909599603125 0.3574336984375 0.917075109375 0.3600942484375 0.9138813671875001 0.3516079125 0.9058432312500001
2 0.3622348265625 0.9331307015625001 0.356734178125 0.9275664718750001 0.3459879859375 0.9448300609375 0.3515094328125 0.9494965656250001 0.3622348265625 0.9331307015625001
2 0.3374681125 0.9710750156250001 0.33329646875 0.967252453125 0.32398327031249996 0.9817690906250001 0.32860485 0.9858729671875001 0.3374681125 0.9710750156250001
2 0.303119946875 0.9760104265624999 0.300131709375 0.9802135906249999 0.31274809375 0.9938697375000001 0.31573633125 0.9896665718750001 0.303119946875 0.9760104265624999
2 0.32214274062500003 1 0.3262902390625 0.9938366406249999 0.3209326375 0.988665425 0.3131851734375 1 0.32214274062500003 1
2 0.4116171421875 0.8243614140625001 0.413827759375 0.82088635625 0.4045846015625 0.8126786031250001 0.40237398437499994 0.8161536609375 0.4116171421875 0.8243614140625001
2 0.41311253593749997 0.8189212937500001 0.41532315156250005 0.8154462359375 0.408329659375 0.8086450546874999 0.4059759984375 0.8117271 0.41311253593749997 0.8189212937500001
2 0.42215789375 0.8093979828125001 0.42420466718750005 0.8064276359375 0.41453237343750005 0.7970408453125 0.4126286453125 0.8004042046875 0.42215789375 0.8093979828125001
2 0.44147361875 0.7965816390625 0.4374450171875 0.793152090625 0.427619490625 0.8100805828125001 0.432384115625 0.814577471875 0.44147361875 0.7965816390625
2 0.42563766249999996 0.8036806859375 0.427705234375 0.7998126171875 0.419075853125 0.7913814671875 0.416722190625 0.7944635124999999 0.42563766249999996 0.8036806859375
2 0.4324125546875 0.7936485265625 0.43507310468749993 0.7904547843749999 0.425114721875 0.78028196875 0.42276106249999995 0.7833640140625 0.4324125546875 0.7936485265625
2 0.43572847968749995 0.7884359421875 0.437775253125 0.7854655937499999 0.4287167375 0.7758554078125 0.42605618749999996 0.7790491515625 0.43572847968749995 0.7884359421875
2 0.43865686718749997 0.7802488734375 0.44070364062499995 0.777278525 0.43250339374999996 0.7700264140625 0.43062046406250004 0.7724920484375 0.43865686718749997 0.7802488734375
2 0.45500260781249996 0.7774150453125 0.44978805 0.7726368421875 0.43984027656249997 0.7882745984375 0.44491178906249995 0.7926597890625 0.45500260781249996 0.7774150453125
2 0.444961028125 0.770833121875 0.4474785328125 0.7672463671875 0.4345136625 0.7554973656249999 0.43244609218749996 0.759365434375 0.444961028125 0.770833121875
2 0.407941703125 0.7531517046875 0.4119703046875 0.756581253125 0.41927832656249997 0.7432395171875 0.415699659375 0.74009128125 0.407941703125 0.7531517046875
2 0.41443305468749997 0.7356564453125001 0.4105682984375 0.7317221859374999 0.40078436718750005 0.7468552328125 0.40495601406250004 0.75067779375 0.41443305468749997 0.7356564453125001
2 0.40707027812499996 0.7316601296874999 0.40169187656250005 0.7273866375 0.393933921875 0.7404470609375 0.39808476875 0.745167346875 0.40707027812499996 0.7316601296874999
2 0.40013918281249994 0.7221657796875001 0.39641747031249996 0.7186245312499999 0.38851647031250003 0.7312919421874999 0.392688115625 0.7351145046875 0.40013918281249994 0.7221657796875001
2 0.39447469375 0.7171062625 0.39073218125000003 0.7144627375 0.382995025 0.7266254375 0.38716666875 0.730448 0.39447469375 0.7171062625
2 0.3880325796875 0.7127748515625 0.3851899359375 0.7106939546875 0.37919266406249996 0.71999800625 0.382157553125 0.723369640625 0.3880325796875 0.7127748515625
2 0.38468015312500003 0.7064287359375 0.380651553125 0.7029991859375 0.3719521328125 0.717292428125 0.37551 0.7213383859375 0.38468015312500003 0.7064287359375
2 0.2480952265625 0.9145887984375 0.245884609375 0.9180638546875001 0.255556903125 0.9274506468749999 0.25776751875000004 0.9239755890625 0.2480952265625 0.9145887984375
2 0.242917171875 0.9213692968749999 0.239502346875 0.9177163515625001 0.23282890156249997 0.9299369671875001 0.23640756875000002 0.933085203125 0.242917171875 0.9213692968749999
2 0.27799371875 0.9375324453125 0.273372140625 0.9334285703124999 0.2589615375 0.9578118859375 0.26403305 0.9621970781250001 0.27799371875 0.9375324453125
2 0.27035165625 0.80768115 0.27452330156250004 0.8115037125000001 0.2805413734375 0.8013019375000001 0.2765127734375 0.7978723875 0.27035165625 0.80768115
2 0.197670865625 0.8056499015625 0.19402725468749998 0.811871909375 0.2087502609375 0.8265416125 0.21223002968750002 0.8208243156249999 0.197670865625 0.8056499015625
2 0.193910103125 0.7972270265625 0.1964276078125 0.7936402703125001 0.18540551562500002 0.7834095375000001 0.18303105625 0.7873893046875 0.193910103125 0.7972270265625
2 0.20002665468749997 0.7433719156249999 0.197347853125 0.7407863078125 0.19085905 0.7516044921875 0.1938447390625 0.7540784015625001 0.20002665468749997 0.7433719156249999
2 0.20507736875 0.7486548296875 0.2020916796875 0.7461809203125 0.196851228125 0.7556545890625 0.1999799625 0.7585215109375001 0.20507736875 0.7486548296875
2 0.21265068281250002 0.7369968390625 0.2098288359375 0.7340182203125 0.2038315640625 0.743322271875 0.20651036406249998 0.7459078796874999 0.21265068281250002 0.7369968390625
2 0.21248174375 0.7508556984375 0.21544663437499997 0.75422733125 0.2213008625 0.744530265625 0.21817212812500003 0.7416633453125 0.21248174375 0.7508556984375
2 0.23021633281249998 0.7537474421875 0.2275375328125 0.7511618328125 0.2210903265625 0.760184571875 0.22421905937500003 0.7630514921875 0.23021633281249998 0.7537474421875
2 0.21861441875 0.7619758796875 0.21503575000000003 0.75882764375 0.2096730546875 0.7670105765625 0.213087878125 0.7706635234375 0.21861441875 0.7619758796875
2 0.21415668437500002 0.7573672921875 0.2113348375 0.7543886734374999 0.20468219062499998 0.7657115671875 0.20736099062500002 0.7682971765625 0.21415668437500002 0.7573672921875
2 0.228000621875 0.7705766453125 0.22472884375 0.7673167125 0.21842468125 0.7767324624999999 0.2216964609375 0.7799923953125 0.228000621875 0.7705766453125
2 0.2395817375 0.7632459296875 0.237209825 0.7605486234375001 0.23186792656250002 0.7678338328125001 0.23468977343750003 0.770812453125 0.2395817375 0.7632459296875
2 0.23722298125000002 0.779682121875 0.23380815625 0.776029175 0.22766784062499998 0.7849402140625 0.23124650781249997 0.7880884499999999 0.23722298125000002 0.779682121875
2 0.24585236250000003 0.7881132703125 0.24258058437500002 0.7848533375 0.23644026562499998 0.7937643765625 0.23971204375 0.7970243109374999 0.24585236250000003 0.7881132703125
2 0.2529498484375 0.7904258375000001 0.256385471875 0.7931810625 0.2617689671875 0.78410040625 0.258947121875 0.7811217859374999 0.2529498484375 0.7904258375000001
2 0.2801877921875 0.8165632296875 0.28331652812499997 0.8194301515625 0.288393134375 0.8104611937499999 0.28540744375 0.807987284375 0.2801877921875 0.8165632296875
2 0.23970778906249998 0.9154161921874999 0.2356791890625 0.91198664375 0.22761434375 0.9251587656250001 0.23133605625000003 0.9287000125 0.23970778906249998 0.9154161921874999
2 0.2905129125 0.83060825 0.287384178125 0.827741328125 0.2815091515625 0.838336115625 0.284944775 0.8410913390625 0.2905129125 0.83060825
2 0.29973527187500004 0.8397137265625 0.2967495828125 0.8372398171875 0.290588465625 0.8470485796875 0.2940240890625 0.8498038031249999 0.29973527187500004 0.8397137265625
2 0.29773264374999997 0.8342115531250001 0.3013113125 0.837359790625 0.3076154734375 0.827944040625 0.3040368046875 0.824795803125 0.29773264374999997 0.8342115531250001
2 0.3037040234375 0.839159371875 0.30683275781249997 0.84202629375 0.31193016406249996 0.8321596140624999 0.30835149687499996 0.8290113781249999 0.3037040234375 0.839159371875
2 0.325121275 0.8407107343750001 0.32125651875 0.836776475 0.3147885125 0.8466969343749999 0.3182033359375 0.8503498828125 0.325121275 0.8407107343750001
2 0.3041722078125 0.8452200375000001 0.3010434734375 0.842353115625 0.295659978125 0.8514337703124999 0.2987887125 0.8543006921874999 0.3041722078125 0.8452200375000001
2 0.315623434375 0.85662980625 0.31249470156250003 0.8537628843749999 0.30684591562499997 0.86115979375 0.3099746484375 0.8640267140625 0.315623434375 0.85662980625
2 0.1915517671875 0.8661820859375 0.1948468921875 0.8618672234375 0.1817389765625 0.849725209375 0.17920067343749999 0.8542096875 0.1915517671875 0.8661820859375
2 0.158360696875 0.8408762265625 0.154782028125 0.8377279906249999 0.14939853281249998 0.8468086453125 0.15297719999999998 0.84995688125 0.158360696875 0.8408762265625
2 0.181939325 0.8607792 0.1788105890625 0.8579122781249999 0.17281331718749998 0.8672163296875001 0.1760850953125 0.8704762640625001 0.181939325 0.8607792
2 0.1912631296875 0.872073134375 0.1879913515625 0.8688132 0.18121645625 0.8788453593750001 0.18493817031249998 0.8823866078125 0.1912631296875 0.872073134375
2 0.20954655312499998 0.8841117234375 0.2125347890625 0.879908559375 0.1994268734375 0.8677665453125 0.19705241406250001 0.8717463140625 0.20954655312499998 0.8841117234375
2 0.2311408046875 0.904291875 0.233822153125 0.9002004093749999 0.221164171875 0.8883397093750001 0.21878971093750002 0.8923194765625 0.2311408046875 0.904291875
2 0.211991471875 0.9099264312500001 0.21571318437500003 0.91346768125 0.223122653125 0.902314403125 0.219094053125 0.8988848515625 0.211991471875 0.9099264312500001
2 0.853641071875 0.0679655796875 0.856936196875 0.06365071718750001 0.8446059046875 0.05078059687499999 0.8415968671874999 0.055881484375 0.853641071875 0.0679655796875
2 0.8123953453125001 0.0291235484375 0.8107985078125 0.0323752078125 0.821063778125 0.042436325000000004 0.8231105515625 0.039465978125 0.8123953453125001 0.0291235484375
2 0.7039401671875 0.2314959828125 0.7020572390625001 0.23396161875 0.7062080859375001 0.2386819046875 0.7073341937500001 0.236046653125 0.7039401671875 0.2314959828125
3 0.379027590625 0.24115583749999997 0.381891034375 0.24233901093750002 0.3823851125 0.2341478046875 0.3796647140625 0.2333576453125 0.379027590625 0.24115583749999997
3 0.4021146875 0.26257294375 0.3993942875 0.26178278125 0.3992694953125 0.2671691203125 0.40168300468749996 0.2680709796875 0.4021146875 0.26257294375
3 0.39808608749999996 0.25914339218750004 0.39505879843749997 0.2584649296875 0.3941147875 0.266374821875 0.39759200781250004 0.2673346 0.39808608749999996 0.25914339218750004
3 0.40034339531249996 0.2405187421875 0.39703001875 0.239054253125 0.39561527343749997 0.2475805546875 0.39878560625000004 0.24865202968750003 0.40034339531249996 0.2405187421875
3 0.3965800859375 0.238772940625 0.393573596875 0.23719675312500002 0.392301896875 0.2461160671875 0.39516534062500003 0.247299240625 0.3965800859375 0.238772940625
3 0.389890934375 0.23853713281250002 0.387027490625 0.23735395937499998 0.385776590625 0.24537554843749998 0.3890899671875 0.2468400375 0.389890934375 0.23853713281250002
3 0.3868037984375 0.23387476562499998 0.3899741296875 0.23494624062499997 0.39106118749999996 0.2274293609375 0.38819774375 0.2262461875 0.3868037984375 0.23387476562499998
3 0.3771289578125 0.23116504999999998 0.37984935625 0.2319552109375 0.3807725703125 0.2249430421875 0.3773161484375 0.22308554218749999 0.3771289578125 0.23116504999999998
3 0.2596989078125 0.15106499375 0.256650821875 0.151284253125 0.25783422968749997 0.1593099796875 0.261618340625 0.160158059375 0.2596989078125 0.15106499375
3 0.3618469296875 0.23405679375 0.36485341875 0.23563298124999998 0.36575583125 0.229518534375 0.3625854984375 0.228447059375 0.3618469296875 0.23405679375
3 0.37207314999999996 0.2392362828125 0.3753865265625 0.2407007703125 0.376065246875 0.23110713125000001 0.37213809375 0.22986603906249997 0.37207314999999996 0.2392362828125
3 0.3778573390625 0.25226360937500003 0.37483005 0.2515851453125 0.374192928125 0.2593833390625 0.377363259375 0.260454815625 0.3778573390625 0.25226360937500003
3 0.3876310796875 0.2638388578125 0.390330678125 0.2655267421875 0.3918676671875 0.258291178125 0.3885542921875 0.2568266890625 0.3876310796875 0.2638388578125
3 0.4075130484375 0.1609109765625 0.40759369687499997 0.1639971578125 0.414425890625 0.164625978125 0.4142021984375 0.16114678437500002 0.4075130484375 0.1609109765625
3 0.3598201171875 0.1310916828125 0.3564651421875 0.131422640625 0.360449596875 0.14332471093750002 0.36321159375 0.14231942656250002 0.3598201171875 0.1310916828125
3 0.4083539046875 0.2625274359375 0.4050197296875 0.26196067031250003 0.40407571718749996 0.2698705625 0.40769598125 0.271223353125 0.4083539046875 0.2625274359375
3 0.41723032499999996 0.2668629828125 0.4142030390625 0.26618451875 0.41313677968749996 0.27280367656250004 0.41645015625 0.2742681640625 0.41723032499999996 0.2668629828125
3 0.41721716875 0.24772948437500003 0.41437452343750003 0.2456485875 0.4129805796875 0.253277165625 0.416437 0.255134665625 0.41721716875 0.24772948437500003
3 0.41758645312500003 0.2449246171875 0.42106367499999997 0.24588439375 0.421393909375 0.2381979 0.4188373546875 0.2369030265625 0.41758645312500003 0.2449246171875
3 0.4283351953125 0.22098395625 0.4250218171875 0.21951946718749998 0.42344322968750003 0.22855047812499998 0.4272273375 0.22939855781250001 0.4283351953125 0.22098395625
3 0.4342051265625 0.22374331406249998 0.43105559375 0.221774115625 0.4296408484375 0.2303004171875 0.432975025 0.23086718281250002 0.4342051265625 0.22374331406249998
3 0.406756646875 0.2132602296875 0.40311558124999997 0.21280516249999998 0.4032352796875 0.220772971875 0.40595567812500005 0.2215631328125 0.406756646875 0.2132602296875
3 0.40025213906249996 0.21162198906250002 0.3967749171875 0.2106622125 0.3962808390625 0.218853415625 0.3993081265625 0.21953187968750001 0.40025213906249996 0.21162198906250002
3 0.396611075 0.211166921875 0.393461540625 0.20919772343749998 0.39192455000000004 0.2164332875 0.39523792812499997 0.2178977765625 0.396611075 0.211166921875
3 0.4068063046875 0.243952428125 0.4037998171875 0.24237624218749998 0.402405871875 0.2500048203125 0.405269315625 0.25118799531249997 0.4068063046875 0.243952428125
3 0.4009779703125 0.2393976234375 0.4038414140625 0.240580796875 0.4043146953125 0.23328731406249997 0.40145125156250006 0.2321041390625 0.4009779703125 0.2393976234375
3 0.40429134843750003 0.240862109375 0.40776857031249997 0.2418218890625 0.40795575937499995 0.23374238125 0.40523535937500005 0.23295221875 0.40429134843750003 0.240862109375
3 0.40408590625 0.2431622671875 0.4007725296875 0.2416977796875 0.39878560625000004 0.24865202968750003 0.4019559390625 0.24972350625 0.40408590625 0.2431622671875
3 0.407625525 0.241428875 0.4101820796875 0.242723746875 0.4110038453125 0.23352312187500002 0.4081404015625 0.23233994687499998 0.407625525 0.241428875
3 0.41429642187500004 0.23588533125 0.4117398671875 0.23459045937499998 0.41110274375 0.242388653125 0.41443692031249996 0.24295541874999999 0.41429642187500004 0.23588533125
3 0.4179166890625 0.237238121875 0.41519629062499996 0.23644795937500002 0.41457996406250003 0.2433484296875 0.41682963281249996 0.24475500156250002 0.4179166890625 0.237238121875
3 0.42045966718749994 0.16688062812499999 0.42129713750000003 0.17013642499999998 0.426922578125 0.1703143140625 0.426555840625 0.1664421078125 0.42045966718749994 0.16688062812499999
3 0.20967566093749998 0.116752946875 0.2092855765625 0.1204555359375 0.2157692859375 0.1229915 0.2158524828125 0.11940060937500001 0.20967566093749998 0.116752946875
3 0.2808542546875 0.2492932703125 0.28015728281249996 0.25310755937499996 0.286640990625 0.255643521875 0.287153321875 0.2532316671875 0.2808542546875 0.2492932703125
3 0.479346178125 0.18639472343750002 0.47789493125 0.1833623234375 0.4723917375 0.18447516875 0.4729223171875 0.1878426640625 0.479346178125 0.18639472343750002
3 0.25113018593750003 0.5734457609375 0.2489013171875 0.5711414671874999 0.24556459375 0.5772517765625 0.2484072390625 0.5793326734375001 0.25113018593750003 0.5734457609375
3 0.24961825 0.46139172031250003 0.2480214109375 0.46464338125 0.254135834375 0.4699842125 0.2554257859375 0.46684425156250003 0.24961825 0.46139172031250003
3 0.24893698125000002 0.477662434375 0.2505338203125 0.47441077343750004 0.244419396875 0.46906994375 0.2432932890625 0.47170519375 0.24893698125000002 0.477662434375
3 0.243860375 0.4866313921875 0.245150325 0.4834914296875 0.24040650000000002 0.4780968171875 0.238523571875 0.480562453125 0.243860375 0.4866313921875
3 0.2105343203125 0.4934201671875 0.21352000937499999 0.495894075 0.217163621875 0.4896720671875 0.2144848203125 0.4870864609375 0.2105343203125 0.4934201671875
3 0.21206112031250002 0.5128928953125 0.2087685421875 0.5105306859375001 0.20528877343750002 0.51624798125 0.2084383078125 0.51821718125 0.21206112031250002 0.5128928953125
3 0.23066968281250003 0.5305991375 0.22784783593750002 0.5276205171874999 0.22418342500000002 0.534740246875 0.22700527187500003 0.5377188671875001 0.23066968281250003 0.5305991375
3 0.2333565453125 0.5656723921875 0.2355854140625 0.5679766859375001 0.23969975625 0.56113826875 0.2373278453125 0.5584409625 0.2333565453125 0.5656723921875
3 0.3013313015625 0.4096340546875 0.2997344625 0.41288571406249996 0.305562796875 0.41744052031249995 0.3065250609375 0.4153099796875 0.3013313015625 0.4096340546875
3 0.22738516562500002 0.5607245734374999 0.23037085624999998 0.5631984812499999 0.233728378125 0.55619045 0.23121342031249997 0.5531001328125 0.22738516562500002 0.5607245734374999
3 0.2095334265625 0.543187946875 0.21294825 0.54684089375 0.21599888437499998 0.5399445609375 0.21346312812499998 0.5377519656249999 0.2095334265625 0.543187946875
3 0.22065696406250002 0.5556071375 0.21857114218749998 0.5536958578125 0.21494832968750002 0.559020140625 0.21777017656250003 0.5619987609375 0.22065696406250002 0.5556071375
3 0.2203581390625 0.5882064828125 0.22379376093749997 0.59096170625 0.226823596875 0.5849630953125 0.22430863906249998 0.5818727765625 0.2203581390625 0.5882064828125
3 0.2148574921875 0.5826422546875001 0.21663642656249998 0.584665234375 0.2205869265625 0.578331528125 0.2183580578125 0.5760272343749999 0.2148574921875 0.5826422546875001
3 0.2152501234375 0.5722625906250001 0.21302125625 0.569958296875 0.208784665625 0.5755059765625 0.21174955781250002 0.578877609375 0.2152501234375 0.5722625906250001
3 0.25383404062500003 0.4567417625 0.252258 0.4590957015625 0.2574725578125 0.4638739046875 0.2584556203125 0.460845640625 0.25383404062500003 0.4567417625
3 0.257149965625 0.45152917812500004 0.256330746875 0.45405273125 0.261095371875 0.4585496203125 0.26238532187499997 0.4554096578125 0.257149965625 0.45152917812500004
3 0.2524243921875 0.45191391562499994 0.254941896875 0.44832716093749997 0.24972733906250003 0.4435489578125 0.247537521875 0.4461262921875 0.2524243921875 0.45191391562499994
3 0.2584216640625 0.44260986406249997 0.2597324140625 0.4385721796875 0.254660903125 0.43418698906250003 0.25322790624999997 0.4369339390625 0.2584216640625 0.44260986406249997
3 0.26022139843750003 0.44373512187499997 0.2584815140625 0.44659376875 0.26398216093750004 0.45215799843750004 0.2648013796875 0.44963444375000006 0.26022139843750003 0.44373512187499997
3 0.26327203125 0.4368387875 0.2618390359375 0.43958573906250004 0.2674827265625 0.44554297812500004 0.2695087015625 0.4434703546875 0.26327203125 0.4368387875
3 0.2657479390625 0.4350474796875 0.264335740625 0.43689670625000004 0.26891572343750003 0.44279602812499996 0.2707986515625 0.44033039374999994 0.2657479390625 0.4350474796875
3 0.2681016 0.4319654328125 0.266361715625 0.4348240828125 0.2709624953125 0.43982568125 0.2730092671875 0.43685533593750003 0.2681016 0.4319654328125
3 0.2740729796875 0.4369132515625 0.2756698171875 0.43366159218749994 0.267940303125 0.4257930703125 0.2660365765625 0.4291564296875 0.2740729796875 0.4369132515625
3 0.27538882343750004 0.41952142031250006 0.2729129171875 0.4213127296875 0.2783927640625 0.42777467968750005 0.27953967031250004 0.42424170468750005 0.27538882343750004 0.41952142031250006
3 0.2775994390625 0.41604636250000004 0.2756957109375 0.419409721875 0.28091026874999997 0.4241879234375 0.282036375 0.42155267187499995 0.2775994390625 0.41604636250000004
3 0.278850759375 0.4605436390625 0.28104057656250003 0.45796630625 0.27553992968749996 0.452402078125 0.2738000453125 0.45526072656250005 0.278850759375 0.4605436390625
3 0.2832978859375 0.43934165468749997 0.2815580015625 0.442200303125 0.28783626875 0.44703642343750005 0.28912621875 0.44389646093749996 0.2832978859375 0.43934165468749997
3 0.2873290328125 0.43609413124999996 0.2858752390625 0.439738803125 0.29141748437500004 0.4435075859375 0.29254359218750003 0.440872334375 0.2873290328125 0.43609413124999996
3 0.2976617953125 0.43010793124999996 0.2986656578125 0.42618194374999996 0.2931442109375 0.4215154390625 0.291240484375 0.42487879843750004 0.2976617953125 0.43010793124999996
3 0.2970947109375 0.41518173281250004 0.29547707343749996 0.4193311171875 0.30130540781250004 0.4238859234375 0.3025953578125 0.4207459625 0.2970947109375 0.41518173281250004
3 0.29987750625 0.4132787265625 0.2973808015625 0.41596775781249995 0.303516025 0.4204108671875 0.305092065625 0.41805692812500006 0.29987750625 0.4132787265625
3 0.45910427499999995 0.16038144062499998 0.459327965625 0.163860634375 0.46497420624999997 0.1631408015625 0.46475051250000005 0.1596616078125 0.45910427499999995 0.16038144062499998
3 0.4101786921875 0.1443630859375 0.4116116890625 0.1416161359375 0.4065817734375 0.1354355 0.40500573281249996 0.1377894375 0.4101786921875 0.1443630859375
2 0.8079766609375 0.0293965890625 0.810494165625 0.0258098328125 0.8011287625 0.0163113453125 0.79830436875 0.0200097984375 0.8079766609375 0.0293965890625
0 0.6353962296875 0.1100137859375 0.6336563453124999 0.11287243437500001 0.640935925 0.12045964218750001 0.6423897203125 0.11681496875 0.6353962296875 0.1100137859375
3 0.651157053125 0.138993278125 0.6526108453125 0.13534860625 0.646496421875 0.1300077734375 0.6448995828124999 0.133259434375 0.651157053125 0.138993278125
3 0.7131600453125 0 0.70967301875 0.003755640625 0.7121879765625 0.00684595625 0.7171813874999999 0.0014678921875 0.7159867890625 0 0.7131600453125 0
3 0.6601633609374999 0.1245883390625 0.6628239109375 0.12139459687500001 0.655216640625 0.1148168109375 0.6536406015625 0.1171707484375 0.6601633609374999 0.1245883390625
3 0.6660383875 0.11399355156249999 0.6679421140625 0.1106301921875 0.6619707359375 0.1056823734375 0.6608446296875 0.10831762656249999 0.6660383875 0.11399355156249999
3 0.6687613328124999 0.1081066390625 0.6706650609375 0.10474328125000001 0.6659004375 0.1002463921875 0.6644674421875 0.1029933421875 0.6687613328124999 0.1081066390625
3 0.675515428125 0.0989722046875 0.6777260453125 0.09549714687500001 0.6717546640625 0.090549328125 0.67001478125 0.093407975 0.675515428125 0.0989722046875
3 0.6788521515625 0.0928618953125 0.6815127015625 0.08966815156249999 0.673005565625 0.0825277375 0.6717156156249999 0.0856677 0.6788521515625 0.0928618953125
3 0.699096184375 0.0596792359375 0.6997931562499999 0.05586494843749999 0.693145603125 0.05383369375 0.6930624078125 0.0574245875 0.699096184375 0.0596792359375
3 0.613429725 0.046796709375 0.6117131875 0.0420805609375 0.6048185953125 0.0441449109375 0.6062490421875 0.048075034375 0.613429725 0.046796709375
3 0.6103633875 0.041236618749999995 0.609219028125 0.03809251875 0.602038346875 0.03937084375 0.6036326390625 0.0427962578125 0.6103633875 0.041236618749999995
3 0.6072554515624999 0.0374719734375 0.6061318921875001 0.033430151562499996 0.59940114375 0.034989790625 0.6008315921875 0.0389199140625 0.6072554515624999 0.0374719734375
3 0.588059425 0.058256125000000006 0.589203784375 0.061400224999999996 0.5957914875 0.0594475734375 0.594647128125 0.056303475000000006 0.588059425 0.058256125000000006
3 0.602249721875 0.128754275 0.600041653125 0.125552259375 0.5947621515625 0.1301442984375 0.5971340656249999 0.1328416046875 0.602249721875 0.128754275
3 0.610080684375 0.1388112546875 0.6077270234375 0.1418932984375 0.6141067375 0.14891787812499999 0.61556053125 0.1452732046875 0.610080684375 0.1388112546875
3 0.62333970625 0.1838339265625 0.6255503234375 0.1803588703125 0.6189859640625001 0.17473672499999998 0.6176960140625 0.17787668750000002 0.62333970625 0.1838339265625
3 0.6445846328125 0.10088348750000001 0.642537859375 0.103853834375 0.6491022171874999 0.1094759796875 0.649799190625 0.105661690625 0.6445846328125 0.10088348750000001
2 0.6265520546875 0.235628825 0.6230748359375 0.23466904687499998 0.62194618125 0.243981371875 0.6261802234375 0.245110765625 0.6265520546875 0.235628825
2 0.6349887328125 0.21297476093749998 0.6333944406249999 0.2095493484375 0.627706603125 0.212064628125 0.6288301640625 0.21610645 0.6349887328125 0.21297476093749998
2 0.698418721875 0.22682947812499998 0.6969857265625 0.22957642812499998 0.7016073046875 0.2336803046875 0.70289725625 0.2305403421875 0.698418721875 0.22682947812499998
3 0.70278139375 0.051661781250000004 0.703171478125 0.0479591921875 0.696789215625 0.047611685937499995 0.6968698640625 0.05069786875 0.70278139375 0.051661781250000004
3 0.4073852875 0.120455521875 0.40992104375 0.12264811718749999 0.41382994687499997 0.11810985781250001 0.41115114531249997 0.11552425156249999 0.4073852875 0.120455521875
3 0.581377915625 0.037989096875 0.58268611875 0.0406284859375 0.58804626875 0.039122628124999996 0.5869019093750001 0.035978528125 0.581377915625 0.037989096875
3 0.5845457015625 0.045737646874999996 0.58597615 0.0496677703125 0.5915001421875 0.0476572015625 0.5902127390625 0.044120090625000004 0.5845457015625 0.045737646874999996
3 0.5698439140625 0.08268908750000001 0.5677996890625 0.078982359375 0.5623771421875 0.0831813890625 0.563971434375 0.0866068 0.5698439140625 0.08268908750000001
3 0.5059665390625 0.061875982812499994 0.5029392515625 0.06119751875 0.5022605312499999 0.0707911578125 0.5051447718750001 0.07107661093749999 0.5059665390625 0.061875982812499994
3 0.537570540625 0.0112063390625 0.539310425 0.0083476921875 0.5358149531249999 0.0016085625 0.5337681796875 0.004578909375000001 0.537570540625 0.0112063390625
3 0.7278757921875 0.012708046875 0.7250331484375 0.01062715 0.7217380234374999 0.014942012499999999 0.7241099359375001 0.01763931875 0.7278757921875 0.012708046875
3 0.4223926609375 0 0.4236520875 0.0028207046875 0.42870534843749997 0.00142654375 0.428424859375 0 0.4223926609375 0
3 0.41278874375 0.005439409375 0.411337496875 0.0024070078125 0.40612039062500005 0.0043058796875 0.40771468281249995 0.0077312921875 0.41278874375 0.005439409375
3 0.42755163906250004 0.130028475 0.426121190625 0.1260983515625 0.4199834203125 0.1283323171875 0.4211277796875 0.1314764171875 0.42755163906250004 0.130028475
3 0.4152395953125 0.12293770468750001 0.417754553125 0.1260280234375 0.4222772328125 0.12126636718749999 0.41976227499999996 0.1181760484375 0.4152395953125 0.12293770468750001
3 0.5804182015625 0.0334425640625 0.5817056046875 0.0369796765625 0.58663661875 0.03429478125 0.58489928125 0.030476354687500002 0.5804182015625 0.0334425640625
3 0.5572869593750001 0.020497978125 0.554238871875 0.0207172390625 0.5564859921875 0.0288008828125 0.559861765625 0.0275722015625 0.5572869593750001 0.020497978125
3 0.5893468281249999 0.0617932359375 0.5903273421875 0.065442046875 0.5968942484374999 0.06438711875 0.5951569109375 0.060568692187499995 0.5893468281249999 0.0617932359375
3 0.5918201875 0.06667900156249999 0.5938644140625 0.070385728125 0.5990815171875 0.0684868578125 0.5976302703124999 0.0654544578125 0.5918201875 0.06667900156249999
3 0.7319485390625 0.0076650765625 0.72943358125 0.0045747578125 0.7259538140624999 0.01029205625 0.7278757921875 0.012708046875 0.7319485390625 0.0076650765625
3 0.6641554578125 0.1164591890625 0.6657314984375 0.11410525 0.6594948281249999 0.1074736828125 0.658368721875 0.110108934375 0.6641554578125 0.1164591890625
3 0.6623947765625 0.12021555937499999 0.6636847265625 0.117075596875 0.6587770578125001 0.11218569687499999 0.6576509500000001 0.114820946875 0.6623947765625 0.12021555937499999
3 0.623976409375 0.123516865625 0.62178659375 0.1260942 0.626795709375 0.13317256093750002 0.6291285703125 0.1309882375 0.623976409375 0.123516865625
3 0.618839953125 0.12850191718749998 0.61710006875 0.131360565625 0.622436871875 0.13742950468749998 0.6241559578125 0.13546857968749998 0.618839953125 0.12850191718749998
3 0.628871340625 0.1617921359375 0.6271314578125 0.164650784375 0.6339819046875 0.17105895468750001 0.634821921875 0.167637678125 0.628871340625 0.1617921359375
3 0.6346996765624999 0.16634694375 0.6359896265625 0.16320698125 0.6300390453125 0.1573614390625 0.62813531875 0.1607247984375 0.6346996765624999 0.16634694375
3 0.626533384375 0.1773306046875 0.62827326875 0.1744719578125 0.6218727546875 0.1683451015625 0.6199898265625 0.1708107375 0.626533384375 0.1773306046875
3 0.21302125625 0.569958296875 0.21034245468749999 0.5673726890624999 0.206248909375 0.57331338125 0.2090707546875 0.5762920015625 0.21302125625 0.569958296875
3 0.210199409375 0.5669796765624999 0.207520609375 0.56439406875 0.2025063984375 0.57066985625 0.2050213546875 0.573760175 0.210199409375 0.5669796765624999
3 0.2078224015625 0.57763651875 0.20500055625 0.574657896875 0.2015207890625 0.5803751953125 0.2040357453125 0.5834655140625 0.2078224015625 0.57763651875
2 0.732056340625 0.154055990625 0.7344307999999999 0.150076221875 0.7240016859375 0.140519815625 0.7214841812499999 0.144106571875 0.732056340625 0.154055990625
2 0.6770969828125 0.1357829859375 0.6738018578125 0.1400978484375 0.68807493125 0.1544862390625 0.6904701906249999 0.149608746875 0.6770969828125 0.1357829859375
2 0.7281240906249999 0.1661690453125 0.7260565203125 0.17003711562499998 0.73558576875 0.17903089218749998 0.737796384375 0.1755558359375 0.7281240906249999 0.1661690453125
2 0.7314400156249999 0.160956459375 0.7295362875 0.16431981874999999 0.73785878125 0.1728626671875 0.7399055531250001 0.16989232031249998 0.7314400156249999 0.160956459375
2 0.7263451578125 0.1641460671875 0.728248884375 0.16078270781249998 0.7182697046875 0.15150761562499998 0.7160590859375 0.1549826734375 0.7263451578125 0.1641460671875
2 0.7289042593749999 0.1587638640625 0.731114875 0.1552888078125 0.7215856265625 0.14629503125 0.719068121875 0.14988178593749998 0.7289042593749999 0.1587638640625
2 0.7365374203124999 0.15108978125 0.7341837609375 0.15417182499999998 0.743856053125 0.16355861562500001 0.7460666687499999 0.16008355937500002 0.7365374203124999 0.15108978125
2 0.734472396875 0.1482807765625 0.7369899015625 0.144694021875 0.72641774375 0.1347446015625 0.7246570593749999 0.1385009734375 0.734472396875 0.1482807765625
2 0.7519310875 0.1236782 0.7494135828124999 0.127264953125 0.759535809375 0.1369330578125 0.7616033796874999 0.1330649890625 0.7519310875 0.1236782
2 0.7385451453125 0.14323780625 0.7407765578125 0.138865025 0.7300197578125001 0.13031804062500002 0.7281160296875 0.1336814 0.7385451453125 0.14323780625
2 0.7427193359375 0.14038329375 0.7405087203125 0.1438583515625 0.7503448578125 0.15274043125 0.752248584375 0.1493770734375 0.7427193359375 0.14038329375
2 0.7454006859375 0.13629182812500001 0.7433539125 0.1392621765625 0.75184025 0.1473003125 0.753887021875 0.144329965625 0.7454006859375 0.13629182812500001
2 0.7420249109375 0.137520509375 0.7440924828125 0.1336524390625 0.7333564796875 0.12420773125 0.7311250640625 0.1285805125 0.7420249109375 0.137520509375
2 0.74444096875 0.131745296875 0.7468154296875 0.127765528125 0.7362224703125 0.1187138328125 0.7342979453125 0.122974915625 0.74444096875 0.131745296875
2 0.7474708046874999 0.1257466859375 0.7496814203125 0.122271628125 0.7395383953125 0.113501246875 0.7373277796875 0.1169763046875 0.7474708046874999 0.1257466859375
2 0.6805767515625 0.130065690625 0.678059246875 0.1336524453125 0.69067563125 0.14730859062499999 0.693356978125 0.143217125 0.6805767515625 0.130065690625
2 0.6854063203125 0.1251923359375 0.6822750375 0.1290024875 0.693705465625 0.1413099796875 0.696693703125 0.137106815625 0.6854063203125 0.1251923359375
2 0.6974921234375 0.1354809859375 0.7001734703125 0.1313895203125 0.6890291328125 0.1198680515625 0.686490828125 0.12435252968749999 0.6974921234375 0.1354809859375
2 0.70117733125 0.12746353125 0.7038586796875 0.123372065625 0.693429565625 0.113815659375 0.6913411953125 0.1185814515625 0.70117733125 0.12746353125
2 0.7060069 0.12259017812499999 0.7089951359375 0.1183870140625 0.697380065625 0.10748195625000001 0.69498480625 0.1123594453125 0.7060069 0.12259017812499999
2 0.7093852218750001 0.1146844234375 0.71175968125 0.11070465625 0.7010444765625 0.100362225 0.6988130609375001 0.10473500468750001 0.7093852218750001 0.1146844234375
2 0.7037674218750001 0.09447531249999999 0.7016998515624999 0.09834338125 0.7125581015625 0.10907882499999999 0.7152394484375 0.10498735781249999 0.7037674218750001 0.09447531249999999
2 0.7178584015625 0.1035890625 0.7200898171875 0.0992162828125 0.7083109015625 0.0888159328125 0.7060794859375 0.0931887140625 0.7178584015625 0.1035890625
2 0.7122822015625 0.0815845046875 0.7092939625 0.0857876703125 0.72166585625 0.09686234375 0.724183359375 0.0932755890625 0.7122822015625 0.0815845046875
2 0.7159050125 0.076260221875 0.713530553125 0.08023998906249999 0.7249817796875 0.091649759375 0.7278061734375 0.0879513046875 0.7159050125 0.076260221875
2 0.7192417375 0.0701499125 0.71639654375 0.07474608906249999 0.7282977046875 0.086437171875 0.730979053125 0.08234570625 0.7192417375 0.0701499125
2 0.7228853484375 0.06392790468750001 0.72036784375 0.0675146609375 0.7316760265625 0.07853141875 0.7338866421875 0.0750563609375 0.7228853484375 0.06392790468750001
2 0.7260582265625 0.058322307812499995 0.7233768796875 0.0624137734375 0.7358710171875 0.074779184375 0.738245478125 0.0707994171875 0.7260582265625 0.058322307812499995
2 0.7295379953125 0.052605010937499995 0.7267136015625 0.056303464062499996 0.7390230984375 0.07007130781250001 0.7418474921875 0.06637285312499999 0.7295379953125 0.052605010937499995
2 0.7331608078125 0.0472807265625 0.7304794609374999 0.0513721921875 0.7426667109375 0.0638493 0.7457979921875 0.06003915 0.7331608078125 0.0472807265625
2 0.7369266671875 0.04234945625 0.7337953859375 0.04615960625 0.7456965453125 0.0578506921875 0.74821405 0.054263935937499994 0.7369266671875 0.04234945625
2 0.7428016937499999 0.0317546671875 0.7410410093750001 0.0355110390625 0.7514493265625 0.0459651671875 0.7538237859375 0.0419854 0.7428016937499999 0.0317546671875
2 0.7489012515625 0.12967680937499998 0.7465267921875001 0.13365657656250002 0.7563629296875 0.14253865625 0.7587373890625 0.1385588875 0.7489012515625 0.12967680937499998
2 0.756146878125 0.11902824062499999 0.75377241875 0.123008009375 0.763137821875 0.132506496875 0.7653692375000001 0.1281337171875 0.756146878125 0.11902824062499999
3 0.21607995156249998 0.5955496078125 0.21800192968749998 0.5979656 0.22180938593750002 0.5912388828124999 0.219273628125 0.5890462875 0.21607995156249998 0.5955496078125
2 0.78996404375 0.05820646875 0.792031615625 0.054338398437500005 0.782216278125 0.0445585953125 0.78014870625 0.048426665625 0.78996404375 0.05820646875
2 0.7835168375 0.0672292046875 0.785727453125 0.063754146875 0.7770980734374999 0.05532299843750001 0.77488745625 0.058798056249999994 0.7835168375 0.0672292046875
2 0.78902003125 0.066116359375 0.786502528125 0.0697031140625 0.7955818421874999 0.078415578125 0.7976286140625 0.07544523125 0.78902003125 0.066116359375
2 0.7908223125 0.0605645421875 0.788611696875 0.0640395984375 0.798570078125 0.0742124140625 0.8007806953125 0.07073735625000001 0.7908223125 0.0605645421875
2 0.78636203125 0.062633028125 0.788572646875 0.059157970312499995 0.7793502875 0.0500524953125 0.7773035140625 0.053022840625 0.78636203125 0.062633028125
2 0.7942604828125 0.056642692187499996 0.7922137109375 0.0596130375 0.8008222937499999 0.06894191093749999 0.8030329093749999 0.065466853125 0.7942604828125 0.056642692187499996
2 0.7983124312500001 0.05249744375 0.7962656578125 0.055467790625 0.8043020609375 0.06322461406249999 0.8064918796875 0.0606472796875 0.7983124312500001 0.05249744375
2 0.7920732140625 0.052542951562499995 0.79459071875 0.0489561953125 0.78579749375 0.04102975625 0.7835868765625 0.044504814062499995 0.7920732140625 0.052542951562499995
2 0.760365215625 0.10770120937500001 0.7576838687499999 0.11179267500000001 0.768562915625 0.1216303953125 0.7706304875 0.11776232499999999 0.760365215625 0.10770120937500001
2 0.795818271875 0.048509403125 0.79786504375 0.04553905625 0.788663484375 0.03553585625 0.7864528671875 0.039010915624999996 0.795818271875 0.048509403125
2 0.8005646437499999 0.047226942187499996 0.7982109828125 0.050308985937499995 0.807290296875 0.0590214484375 0.8093370703125 0.056051103125 0.8005646437499999 0.047226942187499996
2 0.8035736796874999 0.0421260546875 0.8010561765625 0.0457128078125 0.8108715125 0.0554926109375 0.8133890171875 0.05190585625000001 0.8035736796874999 0.0421260546875
2 0.806725759375 0.037418178125 0.8046789875 0.040388524999999995 0.8134514156250001 0.0492126859375 0.8154981875 0.046242340625 0.806725759375 0.037418178125
2 0.8016724999999999 0.0388123390625 0.8040469609375 0.0348325703125 0.7939247328125 0.0251644671875 0.79200020625 0.029425548437499997 0.8016724999999999 0.0388123390625
2 0.8033525359375 0.0319697859375 0.8052354625 0.02950415 0.7979558828125 0.0219169421875 0.7962159984375 0.024775590625 0.8033525359375 0.0319697859375
2 0.7802217125 0.0715440671875 0.7825753734374999 0.06846202343749999 0.7739459921875 0.0600308734375 0.7717353765625 0.06350592968749999 0.7802217125 0.0715440671875
2 0.784825040625 0.06986859375 0.7824505796875 0.0738483609375 0.7922659171875 0.0836281640625 0.794783421875 0.08004140781249999 0.784825040625 0.06986859375
2 0.7788277671875 0.0791726453125 0.7762894640625 0.08365712343750001 0.7856548671875 0.0931556125 0.78864310625 0.0889524484375 0.7788277671875 0.0791726453125
2 0.7759617765625 0.08466654375 0.7736081140625 0.08774858906250001 0.782380540625 0.0965727515625 0.78428426875 0.09320939218749999 0.7759617765625 0.08466654375
2 0.772073671875 0.08830708125 0.7695561671875 0.09189383749999999 0.77951455 0.10206665156250001 0.7818890109375001 0.0980868828125 0.772073671875 0.08830708125
2 0.7640606156249999 0.0729754609375 0.7620138421875 0.0759458078125 0.7709293140625 0.0851629828125 0.773282975 0.08208093749999999 0.7640606156249999 0.0729754609375
2 0.7740605953124999 0.08135282968749999 0.7765780999999999 0.077766075 0.7667627625 0.067986271875 0.7646951921875 0.0718543421875 0.7740605953124999 0.08135282968749999
2 0.77811254375 0.0772075828125 0.780323159375 0.07373252500000001 0.76989404375 0.0641761203125 0.7679903171875 0.0675394796875 0.77811254375 0.0772075828125
2 0.7680841218750001 0.0897591578125 0.7704377828125 0.0866771140625 0.7603155562499999 0.077009009375 0.758104940625 0.0804840671875 0.7680841218750001 0.0897591578125
2 0.7644821078125 0.09418571875000001 0.7665288796875 0.0912153734375 0.7590854546875 0.0841328765625 0.757488615625 0.0873845375 0.7644821078125 0.09418571875000001
2 0.769657615625 0.0940822953125 0.7674469984375001 0.097557353125 0.777119290625 0.1069441421875 0.7793299078125 0.1034690859375 0.769657615625 0.0940822953125
2 0.7625159828125 0.1002422484375 0.7645627562499999 0.0972719 0.7551973515625 0.0877734140625 0.7529867343750001 0.0912484703125 0.7625159828125 0.1002422484375
2 0.7587501265625 0.10517351875 0.760653853125 0.10181016093749999 0.7511454046875 0.091918659375 0.749077834375 0.0957867296875 0.7587501265625 0.10517351875
2 0.7564979109375 0.11044402187499999 0.758544684375 0.1074736765625 0.7488723921875 0.0980868859375 0.7469686640625001 0.10145024531249999 0.7564979109375 0.11044402187499999
2 0.7531819875 0.1156566078125 0.755085715625 0.11229324999999998 0.7477853359375 0.105603765625 0.74588160625 0.10896712500000001 0.7531819875 0.1156566078125
2 0.750479840625 0.12064579843750001 0.7525474109375 0.11677772812500001 0.7428543203125 0.1082886609375 0.740643703125 0.11176371874999999 0.750479840625 0.12064579843750001
2 0.764110275 0.10366766093749999 0.761899659375 0.10714271875 0.770835928125 0.11546216875 0.7725758140625001 0.112603521875 0.764110275 0.10366766093749999
2 0.7453815953125 0.0254747421875 0.7431501796875 0.029847523437500002 0.7543153171875 0.04047126875 0.7566897765625 0.036491499999999996 0.7453815953125 0.0254747421875
2 0.7488405640625 0.020655170312500002 0.746159215625 0.0247466359375 0.7580811749999999 0.0355399953125 0.7607625234375 0.0314485296875 0.7488405640625 0.020655170312500002
2 0.7521564875 0.015442584375000002 0.7497820296875 0.019422351562500002 0.7612332562499999 0.030832121875 0.763607715625 0.026852353125 0.7521564875 0.015442584375000002
3 0.1198582953125 0.742730690625 0.1159103421875 0.742387321875 0.117236796875 0.7508060609375 0.1208778609375 0.751261128125 0.1198582953125 0.742730690625
3 0.11878652187500001 0.710185128125 0.115964678125 0.70720650625 0.11103366249999999 0.709891403125 0.113998553125 0.7132630343749999 0.11878652187500001 0.710185128125
3 0.1223443921875 0.7142310859375 0.12027936718750001 0.7114220828125 0.11444848593750001 0.71354435 0.116042778125 0.7169697625 0.1223443921875 0.7142310859375
3 0.12561617187500002 0.7174910203125 0.1237149921875 0.7141773062500001 0.11831324375 0.717478609375 0.1202144234375 0.720792325 0.12561617187500002 0.7174910203125
3 0.12829497343750002 0.720076628125 0.12684372500000002 0.717044228125 0.1217488671875 0.720233834375 0.123650046875 0.7235475484375 0.12829497343750002 0.720076628125
3 0.13244582031250002 0.7247969140625 0.1302585484375 0.7206971734375001 0.12424302499999999 0.724221875 0.126001159375 0.7271425781249999 0.13244582031250002 0.7247969140625
3 0.1156242515625 0.741601296875 0.1194291609375 0.7415516546875 0.11793886406250001 0.7336376265625 0.11444084375000001 0.7335755703125 0.1156242515625 0.741601296875
3 0.11145260781249999 0.737778734375 0.1146437390625 0.7379524890625 0.1134603296875 0.7299267609375 0.11041224375 0.730146021875 0.11145260781249999 0.737778734375
2 0.7554516140625 0.011127721875 0.7535478859375 0.0144910796875 0.7636493125 0.0250569078125 0.7658599296874999 0.0215818515625 0.7554516140625 0.011127721875
3 0.11462293906250001 0.7388502109374999 0.1118817421875 0.7389577734375 0.1136581296875 0.7476578265625 0.1160924375 0.7476619609374999 0.11462293906250001 0.7388502109374999
3 0.111595653125 0.7381717484375 0.10856836406249999 0.737493284375 0.10928104218750001 0.7461354203125 0.1126152171875 0.746702184375 0.111595653125 0.7381717484375
3 0.104701059375 0.740236096875 0.108056034375 0.7399051390625 0.1067295796875 0.7314864015625 0.10308851562500002 0.731031334375 0.104701059375 0.740236096875
3 0.10071405625 0.7350111015625 0.1031275671875 0.7359129624999999 0.1024356890625 0.726373103125 0.0996944921875 0.7264806640625 0.10071405625 0.7350111015625
3 0.09523675625 0.7218720765625 0.0981209984375 0.7221575265625 0.09679454374999999 0.7137387890625 0.09436023437499999 0.7137346515625 0.09523675625 0.7218720765625
3 0.0866281734375 0.7125432046875 0.089533215625 0.7119309328125001 0.08849285 0.70429821875 0.08577245156249999 0.70350805625 0.0866281734375 0.7125432046875
3 0.11535089999999999 0.707429903125 0.11375660937500001 0.704004490625 0.10714810625 0.706854865625 0.1079647765625 0.7110083859375 0.11535089999999999 0.707429903125
3 0.1094003203125 0.7015843625 0.10735609531250001 0.6978776343749999 0.1018113015625 0.7007859265625 0.10385552812500001 0.704492653125 0.1094003203125 0.7015843625
3 0.10299980625 0.6954575046875 0.10081253593749999 0.6913577671875 0.0952677453125 0.6942660578125001 0.09641210312500001 0.6974101578125 0.10299980625 0.6954575046875
3 0.097826846875 0.68888385625 0.0956395765625 0.6847841171875 0.0885603421875 0.6882509 0.09091145625 0.6918459296874999 0.097826846875 0.68888385625
3 0.11533265 0.701650553125 0.11968893750000001 0.7040706828125 0.1195900375 0.6952051499999999 0.1162558625 0.6946383843749999 0.11533265 0.701650553125
3 0.1460350765625 0.762133090625 0.148695625 0.7589393484375 0.1418243796875 0.7534289000000001 0.1402483390625 0.7557828390625 0.1460350765625 0.762133090625
3 0.12053363125000001 0.634776390625 0.117384096875 0.6328071921875 0.11686921875 0.6418961203125 0.12079637343750001 0.6431372125 0.12053363125000001 0.634776390625
3 0.1412488140625 0.6534961890625001 0.13762855000000002 0.6521434 0.137113671875 0.661232328125 0.140284003125 0.6623038046875 0.1412488140625 0.6534961890625001
3 0.10019579218750001 0.6457393687499999 0.10164703906250001 0.6487717703125 0.10747792187500001 0.646649503125 0.10619051875 0.643112390625 0.10019579218750001 0.6457393687499999
3 0.21095919843750002 0.6129910875 0.21378104375 0.6159697046875 0.21758850000000002 0.6092429874999999 0.21505274375 0.6070503921875 0.21095919843750002 0.6129910875
3 0.20825959843750003 0.6113032015625001 0.210181578125 0.61371919375 0.213661346875 0.6080018968750001 0.21143247812500002 0.605697603125 0.20825959843750003 0.6113032015625001
3 0.2024728625 0.6049529484375 0.20545855156249998 0.6074268578125 0.20758851875 0.6008656203125 0.20443898593749998 0.5988964218749999 0.2024728625 0.6049529484375
3 0.19590850625 0.599330803125 0.1994871734375 0.6024790390625 0.2026808515625 0.5959757171875 0.199245228125 0.59322049375 0.19590850625 0.599330803125
3 0.21033735937500003 0.5807268359375 0.20780160468750003 0.578534240625 0.2044856796875 0.5837468265625 0.2068575921875 0.5864441328125001 0.21033735937500003 0.5807268359375
3 0.21915138281250002 0.5877555531249999 0.21630873906249998 0.5856746546875 0.21176526093749998 0.591334034375 0.21475095 0.5938079421875 0.21915138281250002 0.5877555531249999
3 0.0907790203125 0.7172634890625 0.0941339953125 0.71693253125 0.0931144296875 0.70840209375 0.08930952187499999 0.7084517375 0.0907790203125 0.7172634890625
3 0.0920014796875 0.7301708437500001 0.0951926109375 0.7303445953125001 0.09355926875000001 0.72203755625 0.0903889375 0.7209660812500001 0.0920014796875 0.7301708437500001
3 0.10066736406250001 0.75016069375 0.099236915625 0.7462305703125 0.093733721875 0.7473434171875 0.0945503921875 0.7514969390624999 0.10066736406250001 0.75016069375
2 0.2357556109375 0.7116744296874999 0.23260607656249999 0.70970523125 0.226793446875 0.7176068484375 0.2300652265625 0.7208667828124999 0.2357556109375 0.7116744296874999
2 0.7584814484375 0.0051291109375 0.7562500328125 0.0095018921875 0.76815119375 0.021192975 0.7708325421875 0.0171015078125 0.7584814484375 0.0051291109375
2 0.7622265078125 0.0010955609375 0.7603227796875001 0.0044589203125 0.7694020953125 0.013171384375000001 0.7716127109375 0.0096963265625 0.7622265078125 0.0010955609375
2 0.763868253125 0 0.773290196875 0.00953085 0.7756646578125 0.00555108125 0.7700500765625 0 0.763868253125 0
2 0.77269685625 0 0.7772199 0.0040948671875 0.7797374046875001 0.0005081109375 0.779189384375 0 0.77269685625 0
2 0.1250163890625 0.84188565 0.1230918625 0.84614673125 0.133172490625 0.8576102828125001 0.135996884375 0.853911828125 0.1250163890625 0.84188565
2 0.1197160890625 0.8473754124999999 0.11748467343749999 0.85174819375 0.12995801406250002 0.8650113265625 0.1329462515625 0.8608081625 0.1197160890625 0.8473754124999999
2 0.0840750046875 0.8096089921875 0.0873467828125 0.8128689265625001 0.0952061875 0.8019969625 0.0913414296875 0.798062703125 0.0840750046875 0.8096089921875
2 0.091159334375 0.7927880609375 0.08684464374999999 0.7885724875 0.0786367546875 0.8013515953124999 0.083544425 0.806241496875 0.091159334375 0.7927880609375
2 0.0643114734375 0.7629480796875 0.067440209375 0.7658150015625 0.07313059375 0.7566226484375 0.0691019921875 0.7531930984375 0.0643114734375 0.7629480796875
2 0.2626658671875 0.7388212421875 0.2601509109375 0.7357309234375 0.2542160328125 0.74234180625 0.2577947 0.745490040625 0.2626658671875 0.7388212421875
2 0.2179743296875 0.7239322796875001 0.2193033296875 0.725673946875 0.22439818906250003 0.7224843390625 0.22247620937499998 0.720068346875 0.2179743296875 0.7239322796875001
2 0.24902737031250002 0.7233117328125 0.2458986359375 0.7204448109375 0.2399013625 0.7297488624999999 0.244379896875 0.7334597265625 0.24902737031250002 0.7233117328125
2 0.2403979890625 0.7148805828125 0.23757614375 0.7119019625 0.2308220484375 0.7210363984375 0.23454376093749998 0.724577646875 0.2403979890625 0.7148805828125
2 0.23025496250000002 0.7061102 0.22604172031249997 0.704083084375 0.2218649796875 0.7136146703125 0.2266712015625 0.7163161125 0.23025496250000002 0.7061102
3 0.10467516562500001 0.75448796875 0.10369465156249999 0.7508391578125 0.09653476875 0.7512197609375 0.0978013734375 0.7556545953125 0.10467516562500001 0.75448796875
2 0.21859320000000002 0.7103547359375 0.22204962187500002 0.7122122359375 0.22651245156250002 0.7034666765625001 0.22229920781249998 0.701439559375 0.21859320000000002 0.7103547359375
2 0.23665802500000002 0.7055599828125 0.23952146875000002 0.7067431562500001 0.2432066765625 0.6987257046875001 0.23946416718750002 0.696082178125 0.23665802500000002 0.7055599828125
2 0.26628867968750003 0.7334969578125 0.269232771875 0.7377663125 0.2747801109375 0.7281809484374999 0.27044462187499996 0.7248630953124999 0.26628867968750003 0.7334969578125
2 0.4902128796875 0.6039269578125 0.49291247812499994 0.60561484375 0.49590071562500004 0.6014116796875 0.49277198125000005 0.5985447578125 0.4902128796875 0.6039269578125
2 0.5068150078125 0.4652514984375 0.5047266375 0.470017290625 0.5161986640625 0.4805293375 0.5185731234375 0.47654956875 0.5068150078125 0.4652514984375
2 0.51086695625 0.46110625 0.5092493171875 0.46525563593749997 0.5195353859375 0.474419028125 0.521602959375 0.47055095781249995 0.51086695625 0.46110625
2 0.5358386890625 0.3683429125 0.5323589203125 0.374060209375 0.5466735921875 0.38665315312500004 0.5496826265625 0.381552265625 0.5358386890625 0.3683429125
2 0.8318171640625 0.274412928125 0.8349250984375001 0.27817757187500003 0.8450133703124999 0.26960990156250003 0.8404333875000001 0.263710578125 0.8318171640625 0.274412928125
2 0.7864300625 0 0.7878986015625 0.0028785953125 0.7909882828125 0.0008638890624999999 0.7905475625 0 0.7864300625 0
2 0.315906978125 0.86409290625 0.323043515625 0.8712871 0.3333397734375 0.8537421984375 0.32575330468749997 0.846266690625 0.315906978125 0.86409290625
2 0.2899517609375 0.907365640625 0.2986019421875 0.9148990687499999 0.3112726625 0.8933743968750001 0.30262248281250004 0.885840971875 0.2899517609375 0.907365640625
2 0.37804446875000003 0.8877646578125 0.3781276640625 0.884173765625 0.3728091140625 0.883884178125 0.3736465828125 0.887139975 0.37804446875000003 0.8877646578125
3 0.09842830625 0.774564696875 0.1019263265625 0.7746267515625 0.0997000046875 0.765645384375 0.0966519203125 0.76586464375 0.09842830625 0.774564696875
3 0.1091329015625 0.7590965546875 0.107559409375 0.7547734187499999 0.10099250312500001 0.7558283484375 0.10227990625000001 0.759365459375 0.1091329015625 0.7590965546875