3 0.138356234375 0.5028087765625 0.1293605015625 0.49181083281250004 0.1089723546875 0.51497299375 0.11703313125 0.5266745875 0.138356234375 0.5028087765625
3 0.9958951218750001 0.2106537671875 0.9955141109375001 0.19814744374999999 0.9678000296875 0.20407988124999998 0.968181040625 0.2165862046875 0.9958951218750001 0.2106537671875
3 0.995406784375 0.2486897796875 0.9955028578125 0.23440295 0.9682658625 0.23855487812499998 0.9679504609375 0.2508745984375 0.995406784375 0.2486897796875
3 0.8252877843749999 0.4740912640625 0.81526101875 0.478083803125 0.8206401796874999 0.5081502921875 0.8302090734375 0.503080896875 0.8252877843749999 0.4740912640625
3 0.8094127375 0.48319596093749995 0.8000823859375 0.4873751015625 0.80711213125 0.514067178125 0.815288196875 0.5086245765624999 0.8094127375 0.48319596093749995
3 0.793995559375 0.4933775140625 0.7844266671875 0.49844691093750004 0.7930685656249999 0.5274793046874999 0.8026374593750001 0.522409909375 0.793995559375 0.4933775140625
3 0.7816217953125 0.5005578640625 0.7713564875000001 0.5054406546875 0.7767356484375 0.5355071437500001 0.7874780421875001 0.52884384375 0.7816217953125 0.5005578640625
3 0.76668170625 0.5089589078125 0.7571128109374999 0.514028303125 0.763684684375 0.539643521875 0.77394999375 0.5347607296875 0.76668170625 0.5089589078125
3 0.7522186984375 0.5155794453125 0.7431076765625 0.521725696875 0.75246520625 0.5480873296875 0.7613376859375001 0.54283133125 0.7522186984375 0.5155794453125
3 0.715555278125 0.5381973453125 0.7057478421875001 0.5441569953125 0.7139510859375 0.569255165625 0.7237585234374999 0.563295515625 0.715555278125 0.5381973453125
3 0.6889378374999999 0.5539653421875 0.6774990296875 0.5604420390625 0.6875529734375 0.5869902734375 0.697598953125 0.5801403703125 0.6889378374999999 0.5539653421875
3 0.6763255296875 0.56203594375 0.6667566375 0.5671053390624999 0.675417753125 0.5932803671875 0.684986646875 0.5882109718749999 0.6763255296875 0.56203594375
3 0.665363809375 0.56673213125 0.655556371875 0.57269178125 0.6618704890625 0.6020546203125 0.6723743390625 0.5962815734375 0.665363809375 0.56673213125
3 0.650643046875 0.5771002890625 0.6403777390625 0.5819830796875001 0.64738826875 0.6115325234375 0.6578921203125 0.6057594765625 0.650643046875 0.5771002890625
3 0.62265199375 0.5896377125 0.6107553140624999 0.5950375515624999 0.62031295625 0.6262236609375 0.6308168078125 0.620450615625 0.62265199375 0.5896377125
3 0.4415009890625 0.691857559375 0.43169355156250006 0.6978172093749999 0.4394197109375 0.7246958875 0.4489886046875 0.7196264921875 0.4415009890625 0.691857559375
3 0.42886946718749996 0.7027855265625 0.41860415937499995 0.7076683187499999 0.42700751718749996 0.73759096875 0.43681495468750003 0.73163131875 0.42886946718749996 0.7027855265625
3 0.39915096875 0.730126828125 0.39071714375 0.7393170515625 0.40568441406250005 0.761456778125 0.41387969375000006 0.7531568109375 0.39915096875 0.730126828125
3 0.3865002328125 0.7439121625 0.37736999375 0.75291578125 0.3939686328125 0.7745384625 0.401925371875 0.767128746875 0.3865002328125 0.7439121625
3 0.28475164375 0.831149303125 0.27263563749999997 0.8345820296875001 0.27729916875 0.86731928125 0.28871876093750004 0.86369995 0.28475164375 0.831149303125
3 0.180816353125 0.75940803125 0.18750351875 0.7678790515625 0.2053061234375 0.7487949578124999 0.1990960453125 0.7385434265625 0.180816353125 0.75940803125
3 0.17783854999999998 0.7872352796875 0.168011896875 0.7960522953125 0.18246365 0.8256872625 0.19205175937500002 0.8177605015625 0.17783854999999998 0.7872352796875
3 0.08690505625 0.3382633625 0.076181878125 0.3420692984375 0.079910453125 0.3755102 0.0913300453125 0.3718908703125 0.08690505625 0.3382633625
3 0.0999766203125 0.5039750484375001 0.10781807031249999 0.51370953125 0.12890263125 0.49073397500000004 0.120841853125 0.47903238125 0.0999766203125 0.5039750484375001
3 0.7998002203125 0.8059928093750001 0.803186215625 0.82121265625 0.8284108281250001 0.805071453125 0.82430920625 0.79252236875 0.7998002203125 0.8059928093750001
3 0.23900628125 0.648095153125 0.2314033734375 0.637470415625 0.2107959 0.6586654640625 0.2186181328125 0.6712573140625 0.23900628125 0.648095153125
3 0.8908214734375001 0.2044453140625 0.8902290984375 0.22337001875 0.921644575 0.2203377109375 0.9231526921875 0.203566721875 0.8908214734375001 0.2044453140625
3 0.8881093906249999 0.26192308125 0.8877747703125 0.277100165625 0.91684325 0.27725566874999996 0.9181128234375 0.26137493125 0.8881093906249999 0.26192308125
3 0.8889210921874999 0.24496548749999997 0.8876707343750001 0.25798885625 0.91954408125 0.2560334078125 0.919163071875 0.243527084375 0.8889210921874999 0.24496548749999997
3 0.9725165312499999 0.12519324999999998 0.9728591124999999 0.1434143046875 0.9977683234375 0.1395928203125 0.9981221546875 0.12155836874999999 0.9725165312499999 0.12519324999999998
3 0.7031815156250001 0.5453776921875 0.6908077515625 0.5525580406249999 0.699230325 0.5796233234375 0.7120811734375 0.5706624671875 0.7031815156250001 0.5453776921875
3 0.5105804515625 0.6903297421875 0.5266940421874999 0.6803347921875 0.5131964609375 0.64713880625 0.4994106546875 0.6568033125 0.5105804515625 0.6903297421875
3 0.46950000625 0.7127182750000001 0.4828087265625 0.7048342765625 0.4725546703125 0.6734615640625 0.4587688640625 0.68312606875 0.46950000625 0.7127182750000001
3 0.4562025375 0.68434676875 0.4438287734375 0.691527115625 0.4536249578125 0.721822971875 0.466475809375 0.712862115625 0.4562025375 0.68434676875
3 0.41134383437500005 0.7152646375 0.40056301093749996 0.7276426703125 0.41783885 0.75230931875 0.427923259375 0.7397446828125 0.41134383437500005 0.7152646375
3 0.44608108281250003 0.875331565625 0.4515483546875 0.857713084375 0.426000375 0.85277586875 0.4207908609375 0.866646728125 0.44608108281250003 0.875331565625
3 0.4426838375 0.896367225 0.44837043750000005 0.8807158546875 0.42099097343749997 0.8714712078125 0.41623933125 0.8864189250000001 0.4426838375 0.896367225
3 0.31737905 0.8208083578125001 0.30339313125 0.8256483843750001 0.3075603609375 0.8630235125000001 0.3210691953125 0.8599639921875 0.31737905 0.8208083578125001
3 0.3003689328125 0.825792225 0.2866215578125 0.8297420000000001 0.29333589843749996 0.8687537937500001 0.3056904484375 0.8644308125 0.3003689328125 0.825792225
3 0.1940416375 0.9022607890625001 0.2063961859375 0.8979378078125 0.2027060421875 0.8587821718749999 0.1889586640625 0.8627319468750001 0.1940416375 0.9022607890625001
3 0.19733813281249998 0.7924601765625 0.2058759953125 0.8023812640625 0.2314160125 0.7739203406249999 0.22172386562500002 0.76273579375 0.19733813281249998 0.7924601765625
3 0.2070302796875 0.8036447234375 0.21345968593750003 0.8158633656250001 0.2377685578125 0.797568446875 0.23205478125 0.78267904375 0.2070302796875 0.8036447234375
3 0.1883808296875 0.7757475 0.19644160625 0.7874490953125 0.216829753125 0.7642869343750001 0.209465390625 0.75277194375 0.1883808296875 0.7757475
3 0.27061061875000003 0.686142828125 0.2611570140625 0.674068028125 0.241007409375 0.696339934375 0.24906818749999998 0.708041528125 0.27061061875000003 0.686142828125
3 0.2567399890625 0.6738386609375 0.25122632500000003 0.663773734375 0.23085739218749998 0.6840785281249999 0.23776388437499998 0.6945166625 0.2567399890625 0.6738386609375
3 0.2201375015625 0.6182308187500001 0.21299246562500002 0.6086829390624999 0.1928428625 0.63095484375 0.1997493546875 0.6413929781250001 0.2201375015625 0.6182308187500001
3 0.151866453125 0.6724546874999999 0.1438056765625 0.6607530921875 0.1231789875 0.68480550625 0.1312397625 0.6965071015625 0.151866453125 0.6724546874999999
3 0.184469971875 0.5619193234375001 0.1775634796875 0.551481190625 0.15295841875 0.5792384609375001 0.16149628124999998 0.589159546875 0.184469971875 0.5619193234375001
3 0.26373269062500004 0.8789509000000001 0.2776993953125 0.8769682375000001 0.274428690625 0.8446041921875 0.2623319 0.8451795515624999 0.26373269062500004 0.8789509000000001
3 0.312488228125 0.7527058531249999 0.30558173593750004 0.7422677203125 0.2851935875 0.76542988125 0.2921000796875 0.7758680140624999 0.312488228125 0.7527058531249999
3 0.2738700703125 0.7547623812500001 0.2828658046875 0.765760325 0.30770940625 0.7371127984375 0.29777871718750004 0.72681850625 0.2738700703125 0.7547623812500001
3 0.286235871875 0.7141838921875 0.2774786796875 0.7022956953125 0.25687120625 0.72349074375 0.2656283953125 0.735378940625 0.286235871875 0.7141838921875
3 0.0891043953125 0.6336916968749999 0.0967073015625 0.6443164343750001 0.11546407968750001 0.6216713203124999 0.10831904375000001 0.6121234421875 0.0891043953125 0.6336916968749999
3 0.1617587140625 0.6884637125 0.152782196875 0.6746084015625 0.132394046875 0.6977705624999999 0.140454825 0.70947215625 0.1617587140625 0.6884637125
3 0.160277775 0.735775475 0.16718426718749999 0.746213609375 0.1894231125 0.7245015140625 0.18182020625 0.7138767765625 0.160277775 0.735775475