3 0.023856123437499998 0.1606277875 0.024629953125 0.16385422031250002 0.034802293750000005 0.1601867140625 0.0334194140625 0.15676396718750002 0.023856123437499998 0.1606277875
2 0.0245739953125 0.33154076250000003 0.013946259375 0.335392259375 0.0256127765625 0.36164563437499997 0.035477809375 0.3572175171875 0.0245739953125 0.33154076250000003
2 0.132305009375 0.5667171859375 0.14205534375 0.5711831109375 0.1588047828125 0.5405271046875 0.14905445 0.5360611796875 0.132305009375 0.5667171859375
2 0.1852232484375 0.5311805078125 0.187324309375 0.5245806187500001 0.1616073328125 0.5199298609375 0.16042262499999999 0.5274866734375 0.1852232484375 0.5311805078125
2 0.1202053578125 0.5459474296875 0.129352209375 0.5515419484375 0.152181 0.520199265625 0.14166796406249998 0.5151567203125 0.1202053578125 0.5459474296875
2 0.1697911453125 0.477251115625 0.1732583921875 0.4700992515625 0.1408196265625 0.457989415625 0.137506034375 0.46552158437499996 0.1697911453125 0.477251115625
2 0.091620290625 0.47388577187500003 0.100311746875 0.47966428125 0.1263283015625 0.447033659375 0.1171814515625 0.441439140625 0.091620290625 0.47388577187500003
2 0.0729738375 0.3425105234375 0.0559705765625 0.348937903125 0.07672489375 0.40292890625 0.09524799218749999 0.39632985781249996 0.0729738375 0.3425105234375
2 0.9427522765624999 0.6728125796875 0.9354659609375 0.6757564421875 0.945146115625 0.6997156640625 0.9533432218750001 0.69640381875 0.9427522765624999 0.6728125796875
2 0.9521674812500001 0.6698933625 0.9445738578125 0.6720766140625 0.9528878265625 0.696587809375 0.9607831906250001 0.6938402609375001 0.9521674812500001 0.6698933625
2 0.9524413968750001 0.66270453125 0.9498292921875 0.65623934375 0.926763375 0.66732811875 0.9304399234374999 0.6738056296875 0.9524413968750001 0.66270453125
2 0.208188071875 0.3874170640625 0.20072027656250002 0.3833560859375 0.18226395625 0.405854015625 0.189430009375 0.41047928906250003 0.208188071875 0.3874170640625
2 0.24034519062499998 0.3686737375 0.2541606890625 0.36353429843749996 0.2443213171875 0.337869865625 0.23171835000000002 0.342077025 0.24034519062499998 0.3686737375
2 0.187545053125 0.3599241953125 0.17630827031250002 0.3635793796875 0.1876730453125 0.39039704999999997 0.19844886718750002 0.38560095156249996 0.187545053125 0.3599241953125
2 0.23141104375000002 0.3413164140625 0.24325130781249998 0.3365326359375 0.232034621875 0.3087703640625 0.2204960984375 0.3129898453125 0.23141104375000002 0.3413164140625
2 0.17722802499999998 0.32914412656250003 0.1647787140625 0.333731590625 0.1758473109375 0.36243846562500004 0.18768757656249999 0.3576546875 0.17722802499999998 0.32914412656250003
2 0.21865226093749998 0.30842618437499997 0.23079983125 0.304403015625 0.221410290625 0.2772296828125 0.209416371875 0.28163315624999996 0.21865226093749998 0.30842618437499997
2 0.16523194375 0.2968305140625 0.15202549375000002 0.30216626562500004 0.16400488124999998 0.3305051578125 0.1763005421875 0.3255373890625 0.16523194375 0.2968305140625
2 0.20511408125 0.27098461406249996 0.2168062578125 0.2671454375 0.20893655312499998 0.23980043593749997 0.19572453750000002 0.24381128125 0.20511408125 0.27098461406249996
2 0.1645490046875 0.532455284375 0.16200924218749999 0.543213884375 0.19837064843750002 0.5479878671875 0.20044944999999997 0.5360883484375 0.1645490046875 0.532455284375
2 0.140959675 0.5999384328125 0.1490420828125 0.6055206281250001 0.17326488281250002 0.5802505046875 0.165336128125 0.5750486140625 0.140959675 0.5999384328125
2 0.1831633046875 0.5837718296875 0.1815343328125 0.594162446875 0.21697381875000002 0.5966545984375 0.21921183906250002 0.5864602921875 0.1831633046875 0.5837718296875
2 0.26421585468750003 0.5129793593749999 0.2630367125 0.52186108125 0.2986187234375 0.522083721875 0.300560565625 0.5137786203125 0.26421585468750003 0.5129793593749999
2 0.22625237343750002 0.416394184375 0.225835934375 0.4258525234375 0.26111063749999996 0.4253145546875 0.2621361265625 0.416052528125 0.22625237343750002 0.416394184375
2 0.26118298125 0.44253834375 0.2661645 0.43388990312500003 0.235256703125 0.42425821093750005 0.231037884375 0.43348327031249995 0.26118298125 0.44253834375
2 0.23531791562499998 0.4388321859375 0.23338163750000002 0.44846219375 0.26608875468750004 0.45205829218750004 0.26863408125 0.4426245984375 0.23531791562499998 0.4388321859375
2 0.22754837968750002 0.4353355078125 0.219773278125 0.4305139203125 0.19814032343750002 0.456949603125 0.20683177812500003 0.46272811249999996 0.22754837968750002 0.4353355078125
2 0.23231719375 0.448449871875 0.22576019062500002 0.4440209125 0.2026129625 0.47195317187499997 0.20932362031250001 0.47676243593749995 0.23231719375 0.448449871875
2 0.23941306875 0.47256844062500003 0.2325487578125 0.467378871875 0.21363147656249998 0.48873588593750006 0.220342134375 0.4935451484375 0.23941306875 0.47256844062500003
2 0.251573934375 0.5079121718749999 0.24577962968749997 0.50405983125 0.2317124734375 0.5216877265625001 0.23857122187500002 0.5255523890625 0.251573934375 0.5079121718749999
2 0.2645565515625 0.5216894109375 0.2630756671875 0.531135428125 0.2959420015625 0.5364367390625 0.2989371578125 0.5254941453125 0.2645565515625 0.5216894109375
2 0.17302651875 0.6321058609375 0.16042355156250002 0.6363130203125 0.17149215 0.6650198953124999 0.1827289328125 0.661364709375 0.17302651875 0.6321058609375
2 0.2649528953125 0.5436485296875 0.2577868421875 0.5390232562499999 0.23857338437500003 0.5622694734375 0.24650213906250001 0.567471365625 0.2649528953125 0.5436485296875
2 0.3006795921875 0.578318746875 0.308097303125 0.5704555609375 0.284305475 0.55352498125 0.27704698125 0.563093378125 0.3006795921875 0.578318746875
2 0.2730965171875 0.5638047 0.26259461093750003 0.56141196875 0.25375722968750003 0.5932951453124999 0.26440722499999997 0.594743275 0.2730965171875 0.5638047
2 0.31220915 0.6081665375 0.3219260953125 0.604683021875 0.31376021249999997 0.5792272234375 0.3028307375 0.5836430171875 0.31220915 0.6081665375
2 0.265610790625 0.6278782656249999 0.2700722984375 0.6402320203125 0.32654125624999997 0.6174170812499999 0.3223870546875 0.6058239375000001 0.265610790625 0.6278782656249999
2 0.1656789890625 0.62047575 0.1710234625 0.6258369890625 0.18556270625 0.6119998203125 0.1805255390625 0.60739919375 0.1656789890625 0.62047575
2 0.21913825937500003 0.6413457671875 0.23083599999999999 0.6388314984375 0.22705928437499998 0.6085056671875 0.2149005828125 0.609879021875 0.21913825937500003 0.6413457671875
2 0.153850475 0.266038121875 0.1394259296875 0.270981246875 0.1504889625 0.2983632140625 0.16400271718749998 0.293788071875 0.153850475 0.266038121875
2 0.1920368609375 0.234683959375 0.20220919999999998 0.2310164515625 0.1928140921875 0.2025182140625 0.1817309640625 0.206553703125 0.1920368609375 0.234683959375
2 0.1420136109375 0.23542972187500003 0.1316876171875 0.2387169234375 0.14168620781250002 0.26608656875 0.152922990625 0.262431384375 0.1420136109375 0.23542972187500003
2 0.42508307187499994 0.22148364062499998 0.4229820109375 0.22808353124999997 0.453582503125 0.2369546125 0.4564462640625 0.23093134062499998 0.42508307187499994 0.22148364062499998
2 0.46870049687500004 0.36090775 0.4603219125 0.35721475625 0.43933139531250004 0.39179619374999997 0.44922981562500003 0.39531751718749997 0.46870049687500004 0.36090775
2 0.459221915625 0.31253590937500003 0.45484387968749995 0.32005575625 0.4926215546875 0.3362019234375 0.4976030734375 0.3275534828125 0.459221915625 0.31253590937500003
2 0.48783604374999995 0.31911283749999997 0.4925213859375 0.3123536 0.4582499125 0.2983299171875 0.45417918437499993 0.3066103734375 0.48783604374999995 0.31911283749999997
2 0.4083045703125 0.31762437656250003 0.420639184375 0.321930953125 0.43920463906249996 0.28921407656250003 0.42731985625 0.2833986 0.4083045703125 0.31762437656250003
2 0.4469831421875 0.258643484375 0.441853534375 0.268236525 0.4733759453125 0.2793894375 0.4785055515625 0.269796396875 0.4469831421875 0.258643484375
2 0.43060902343749996 0.23384971875 0.4253313296875 0.2443873625 0.45731469843749994 0.2566811890625 0.46426588593749996 0.24635218124999997 0.43060902343749996 0.23384971875
2 0.4230599203125 0.246632225 0.413611328125 0.241602003125 0.399281384375 0.26906854375 0.40781362187500003 0.2731418421875 0.4230599203125 0.246632225
2 0.41569353124999997 0.194310309375 0.4114747125 0.20353536718749998 0.4461960171875 0.216050153125 0.451479278125 0.206837415625 0.41569353124999997 0.194310309375
2 0.48363825 0.4057467859375 0.471912684375 0.40163652031249997 0.45636464375 0.428710434375 0.468397515625 0.4335813078125 0.48363825 0.4057467859375
2 0.4185183390625 0.1790126921875 0.4141514328125 0.18918235 0.4465901984375 0.2012921875 0.4526305953125 0.19133116249999998 0.4185183390625 0.1790126921875
2 0.397279565625 0.1906904078125 0.4031996984375 0.18829851875 0.3987437546875 0.17726967031250002 0.3922145734375 0.179465246875 0.397279565625 0.1906904078125
2 0.40950504531250004 0.2052159359375 0.40021567031250005 0.201890925 0.38270909531249997 0.23329521875 0.3930629109375 0.2366325515625 0.40950504531250004 0.2052159359375
2 0.3991178390625 0.1939291640625 0.391803696875 0.1902484921875 0.3764093125 0.217702709375 0.3849359859375 0.2204511015625 0.3991178390625 0.1939291640625
2 0.2949261015625 0.1497602734375 0.275497778125 0.158052209375 0.2939472953125 0.2063386359375 0.314593715625 0.198439328125 0.2949261015625 0.1497602734375
2 0.29204564375 0.1518088234375 0.29543158125 0.16150044218749998 0.3308042890625 0.14809371093749998 0.3272702640625 0.13934669375 0.29204564375 0.1518088234375
2 0.37227860625 0.1392999296875 0.36059199375 0.14446401250000002 0.3721159875 0.1729868953125 0.3845653015625 0.16839943125 0.37227860625 0.1392999296875
2 0.48199042031249995 0.37544559843749997 0.47852873906250004 0.38392236875 0.5132500421875 0.39643715625 0.5173207718749999 0.3881566984375 0.48199042031249995 0.37544559843749997
2 0.495073203125 0.4130711609375 0.48904393593749995 0.42568199843750004 0.5306184234375 0.44073653906250004 0.536954996875 0.4288863125 0.495073203125 0.4130711609375
2 0.10019303125000001 0.23418854531250002 0.10357896874999999 0.24388016562499998 0.1388035875 0.2314180359375 0.1355713046875 0.222106721875 0.10019303125000001 0.23418854531250002
2 0.3402068125 0.3955695515625 0.3309452640625 0.398869075 0.33940175625 0.4211107625 0.3485096515625 0.4174309328125 0.3402068125 0.3955695515625
2 0.20915265781249998 0.182645453125 0.212077634375 0.1911961578125 0.24685242343749997 0.180242925 0.2443772765625 0.1701833234375 0.20915265781249998 0.182645453125
2 0.25823172968749997 0.1743182328125 0.24699494687499998 0.17797341718749998 0.259429728125 0.2061283171875 0.269448415625 0.2020805046875 0.25823172968749997 0.1743182328125
2 0.27021668125 0.20398203124999997 0.2574656265625 0.209133790625 0.26898961875 0.23765667656249997 0.28159258593750003 0.233449515625 0.27021668125 0.20398203124999997
2 0.31825233124999996 0.273051378125 0.3326713125 0.266783346875 0.31698198906249997 0.2240175046875 0.3025630078125 0.2302855359375 0.31825233124999996 0.273051378125
2 0.334998371875 0.27778755 0.3205738265625 0.2827306734375 0.33595584375 0.32473590625000004 0.3515929203125 0.3188605015625 0.334998371875 0.27778755
2 0.2811248234375 0.30309295625 0.3020729859375 0.29462935 0.2849840859375 0.2444660421875 0.2628178296875 0.252537021875 0.2811248234375 0.30309295625
2 0.3397637859375 0.32629409374999996 0.328834309375 0.33070988749999997 0.34359615 0.36986899218749997 0.35437197187499997 0.3650728921875 0.3397637859375 0.32629409374999996
2 0.375441325 0.45786649687500003 0.38348477812500004 0.454174346875 0.375654028125 0.436103690625 0.36806596874999997 0.4396118515625 0.375441325 0.45786649687500003
2 0.4883146265625 0.4330548203125 0.4788715984375 0.4293495046875 0.46197406875 0.46095011250000006 0.47065439531250003 0.464078809375 0.4883146265625 0.4330548203125
2 0.3532806328125 0.46726238281250004 0.3645174140625 0.4636071984375 0.3551167421875 0.433784053125 0.3438799609375 0.4374392375 0.3532806328125 0.46726238281250004
2 0.3860712234375 0.4907320828125 0.4017083 0.484856678125 0.39447546718750004 0.464332525 0.3786847375 0.4698276234375 0.3860712234375 0.4907320828125
2 0.366318896875 0.494288690625 0.37588218906250004 0.4904248703125 0.36772743750000003 0.4676188859375 0.3567979609375 0.47203468125 0.366318896875 0.494288690625
2 0.397791225 0.4935174421875 0.38777253749999996 0.497565253125 0.40160132812500005 0.5317927124999999 0.41162001562499995 0.5277449 0.397791225 0.4935174421875
2 0.37666714843750004 0.496301115625 0.36467323125 0.5007045890625 0.38079569062499996 0.5379868109375 0.391725165625 0.533571015625 0.37666714843750004 0.496301115625
2 0.3852015515625 0.5370914984375 0.3868973015625 0.5425997609375 0.4042078703125 0.5369329921875 0.4019030703125 0.531228415625 0.3852015515625 0.5370914984375
2 0.503529696875 0.43531284843750007 0.4980983484375 0.4454701859375 0.5299169359375 0.4547338953125 0.5352001953125 0.445521159375 0.503529696875 0.43531284843750007
2 0.24707470781250002 0.41417480624999997 0.25069560625 0.40740324843750003 0.22450654062500003 0.3989617609375 0.2215002546875 0.4072545390625 0.24707470781250002 0.41417480624999997
2 0.0129853859375 0.3238360828125 0.02118249375 0.3205242359375 0.014114445312500001 0.3030302015625 0.0059173375 0.306342046875 0.0129853859375 0.3238360828125
2 0.44663379062499997 0.10306509374999999 0.4435607265625 0.09545899218750001 0.41304370781250005 0.1064615125 0.4164185140625 0.1135033171875 0.44663379062499997 0.10306509374999999
2 0.03988274375 0.2474958578125 0.023642182812500002 0.2544998546875 0.043309796875 0.303178909375 0.058793221875 0.2969232 0.03988274375 0.2474958578125
2 0.42992206718750003 0.21510470937499998 0.4264436921875 0.2196067609375 0.4340707046875 0.2253729484375 0.43921700625 0.21975462656250003 0.42992206718750003 0.21510470937499998
2 0.42459088593749994 0.2491103703125 0.4177544 0.25054533437500004 0.418106225 0.2619051984375 0.4258535015625 0.2601022515625 0.42459088593749994 0.2491103703125
2 0.44150170937500005 0.2568766609375 0.43527983593749997 0.259832846875 0.438358465625 0.2687638546875 0.4459465234375 0.265255696875 0.44150170937500005 0.2568766609375
2 0.40967879375000005 0.17417878281250002 0.40391231562499996 0.1769509765625 0.4078961703125 0.1841890953125 0.4133553421875 0.18065629218749998 0.40967879375000005 0.17417878281250002
2 0.48873385156250004 0.09844234843750001 0.4928324046875 0.096786425 0.48975377656249997 0.087855415625 0.48474443125000005 0.089879321875 0.48873385156250004 0.09844234843750001
2 0.420511503125 0.11052248906249999 0.42342535000000003 0.11642337968750001 0.436785453125 0.11146793125000001 0.43524335625 0.10633997343749998 0.420511503125 0.11052248906249999
2 0.0016484359375000001 0.30364294375 0.0072723921875 0.3031402578125 0.007985009375000001 0.2917927171875 0.00023216718749999998 0.292270759375 0.0016484359375000001 0.30364294375
2 0.2566417125 0.1939831984375 0.249201740625 0.19654675625 0.251375146875 0.2071706546875 0.25987955937499996 0.20461941874999998 0.2566417125 0.1939831984375
2 0.3071324125 0.3045296046875 0.292104384375 0.3106013234375 0.299798175 0.3322663921875 0.31543525156249996 0.3263909875 0.3071324125 0.3045296046875
2 0.3224866078125 0.3399103015625 0.31792709375 0.340425309375 0.31796604687499996 0.34969965625 0.32283286875 0.3499452609375 0.3224866078125 0.3399103015625
2 0.3536058703125 0.39988845 0.3599813984375 0.3973125703125 0.3553662359375 0.3845785109375 0.34731721718749997 0.38694575625 0.3536058703125 0.39988845
2 0.3694411203125 0.40499260625 0.36698266875 0.398907725 0.354077959375 0.4036791796875 0.35684371875 0.410524671875 0.3694411203125 0.40499260625
2 0.3721790546875 0.4052135640625 0.36504638906250003 0.40853773281250005 0.3705890375 0.4248785296875 0.37954884375 0.4221433015625 0.3721790546875 0.4052135640625
2 0.4120921046875 0.5315356296875 0.4107036609375 0.526787978125 0.4026602078125 0.530480128125 0.40374134531249994 0.5344671703125 0.4120921046875 0.5315356296875
2 0.2233688265625 0.272899303125 0.21867235468750001 0.277008725 0.2244889203125 0.2861606921875 0.23115505781249998 0.2803707015625 0.2233688265625 0.272899303125
2 0.1710562359375 0.34402447187499996 0.163616265625 0.34658803125 0.1671558546875 0.3566599546875 0.1748975671875 0.3535321 0.1710562359375 0.34402447187499996
2 0.4321767828125 0.20888512499999998 0.42778761562499995 0.213755159375 0.437543515625 0.219545990625 0.4414717203125 0.21353504218750002 0.4321767828125 0.20888512499999998
2 0.44327196718749995 0.3163257953125 0.437938621875 0.313614371875 0.42839759062500005 0.32277781875 0.43510825000000003 0.3275870828125 0.44327196718749995 0.3163257953125
2 0.5058323312499999 0.40430033906249996 0.5082407 0.3984610609375 0.4960597390625 0.3945347875 0.49304232187499997 0.40017775312500004 0.5058323312499999 0.40430033906249996
2 0.6662695046875 0.263831671875 0.6678227328124999 0.27160944374999996 0.7024383015625 0.25895100000000004 0.6999742859375 0.2515412125 0.6662695046875 0.263831671875
2 0.970692128125 0.4102494421875 0.964014859375 0.41338961875 0.9669398359375 0.421940321875 0.9751369421874999 0.4186284765625 0.970692128125 0.4102494421875
2 0.9714124734375 0.436943890625 0.978698790625 0.43400002656250003 0.975614596875 0.4237441125 0.9668084406249999 0.42685964375 0.9714124734375 0.436943890625
2 0.92728895 0.64765083125 0.920765334375 0.6511713140625 0.923849528125 0.6614272296875 0.93265011875 0.656986790625 0.92728895 0.64765083125
2 0.763841475 0.5420425 0.7819091796875 0.5356274437499999 0.7683431734374999 0.491561340625 0.7496719875 0.4991049890625 0.763841475 0.5420425
2 0.7537699250000001 0.20768711093749997 0.757714825 0.20565088281250002 0.7532644453125 0.195946940625 0.7477997078125 0.19815483750000001 0.7537699250000001 0.20768711093749997
2 0.6918643656250001 0.058398871875 0.6997652953125 0.056976229687500005 0.697284584375 0.0455917203125 0.689690959375 0.0477749734375 0.6918643656250001 0.058398871875
2 0.7158294515625 0 0.7270333359375 0.032687673437499995 0.73751298125 0.029780778125 0.7285901453125 0 0.7158294515625 0
2 0.6820902234374999 0.301678190625 0.6845542390625 0.3090879796875 0.7097546078125 0.2993487546875 0.70805329375 0.29251558437499997 0.6820902234374999 0.301678190625
2 0.45995215468749995 0.413989434375 0.4531045359375 0.41277458593749994 0.4467623984375 0.42329990781250004 0.453461928125 0.42545935625000003 0.45995215468749995 0.413989434375
2 0.6713477906249999 0.31442373125 0.6691966453125 0.3090994609375 0.6540149625 0.314790871875 0.6557107125 0.3202991359375 0.6713477906249999 0.31442373125
2 0.7248973359375 0.28438299375 0.7289958890625 0.282727071875 0.72608204375 0.27682618125 0.722438884375 0.27829811250000003 0.7248973359375 0.28438299375
2 0.6570469078125 0.27640554375000004 0.6541330624999999 0.270504653125 0.63971408125 0.276772684375 0.6421669671875 0.281532659375 0.6570469078125 0.27640554375000004
2 0.686418175 0.2822341828125 0.6881083609374999 0.2864175390625 0.7008594140625 0.2812657796875 0.6991692296875 0.2770824234375 0.686418175 0.2822341828125
2 0.6370104640625 0.393327515625 0.6340910515625 0.38610171718749997 0.612835584375 0.3938047140625 0.6160567375 0.40046621406250005 0.6370104640625 0.393327515625
2 0.5125562828125 0.4484765015625 0.50953886875 0.4541194671875 0.5197445968750001 0.458401403125 0.5244299375 0.45164216562500004 0.5125562828125 0.4484765015625
2 0.46641115468749994 0.43128715624999997 0.45834544218750006 0.42967967968750004 0.4529196578125 0.441161925 0.4606836296875 0.443333696875 0.46641115468749994 0.43128715624999997
2 0.241272675 0.372280475 0.2388142234375 0.36619559218750003 0.22789031249999997 0.3719362953125 0.23095781406250002 0.378217490625 0.241272675 0.372280475
2 0.22729795937500002 0.37571470156250003 0.22229974531250002 0.380388421875 0.2287197921875 0.38841179531250003 0.2353859328125 0.38262180468749996 0.22729795937500002 0.37571470156250003
2 0.22091686562500001 0.376965675 0.2148542109375 0.3816270734375 0.2202153796875 0.39096303125 0.22749613281249997 0.38669426093750003 0.22091686562500001 0.376965675
2 0.746891696875 0 0.751267265625 0.010067365625 0.7590089765625 0.0069395109375 0.75599743125 0 0.746891696875 0
2 0.905442365625 0.587022971875 0.8987650953124999 0.5901631484375 0.9055314031249999 0.60822148125 0.912208671875 0.6050813046875 0.905442365625 0.587022971875
2 0.9897071015625001 0.5569592734375 0.9875559562499999 0.551635003125 0.9596287828125 0.5638030828125 0.9622408890624999 0.5702682703125 0.9897071015625001 0.5569592734375
2 1 0.5748399953125001 0.992296946875 0.5581248343749999 0.9845552359375 0.5612526890625 0.9928469453125001 0.5804642578125 1 0.5771808218750001 1 0.5748399953125001
2 0.7325384421875001 0 0.7379182921874999 0.017672625 0.745660003125 0.0145447703125 0.74128605 0 0.7325384421875001 0
2 0.7601745171875 0 0.7640405796875 0.01021523125 0.7722376875 0.006903384375 0.7692654375 0 0.7601745171875 0
2 0.7797938531249999 0 0.79120165 0.032862709375 0.801977471875 0.028066610937499997 0.7918665453125 0 0.7797938531249999 0
2 0.8059724546875 0.0379545421875 0.7947356734375 0.041609728125 0.80579870625 0.0689916953125 0.8165745296875 0.06419559531249999 0.8059724546875 0.0379545421875
2 0.819669853125 0.077101325 0.80737419375 0.08206909375 0.8192054921875 0.11135258750000002 0.8318028953125 0.1058205203125 0.819669853125 0.077101325
2 0.0872348390625 0.26242801875 0.0700779234375 0.2684750921875 0.08637629687500001 0.311437246875 0.10201337343750001 0.30556184375 0.0872348390625 0.26242801875
2 0.9178805484374999 0.5797856953125 0.9212609203125 0.5881524078125 0.95845520625 0.5740097093750001 0.9559800609375 0.5639501078125 0.9178805484374999 0.5797856953125
2 0.216194734375 0.4111676484375 0.2132808875 0.405266759375 0.20265871875000002 0.4104431625 0.20557256562499998 0.4163440546875 0.216194734375 0.4111676484375
2 0.5787026453124999 1 0.5779417609374999 0.99185099375 0.550442159375 0.9972105499999999 0.550669159375 1 0.5787026453124999 1
2 0.2072259609375 0.44797014687500003 0.2056782984375 0.44151728281249997 0.194139775 0.44573676406249996 0.19614283125 0.4520056375 0.2072259609375 0.44797014687500003
2 0.15258074531250002 0.50676620625 0.160179934375 0.5059078593749999 0.16163299375 0.48983730937500003 0.15342475625000002 0.4904993421875 0.15258074531250002 0.50676620625
2 0.27440025 0.6207880140625 0.27331911249999996 0.6168009703124999 0.2643593046875 0.6195361984375001 0.2663567953125 0.6244801640625 0.27440025 0.6207880140625
2 0.2780078546875 0.57464955625 0.27101215 0.5743793109374999 0.267106203125 0.5856898859374999 0.27683984375000004 0.586181090625 0.2780078546875 0.57464955625
2 0.8597278953125 0.7085685328125 0.848952075 0.7133646328125 0.860498328125 0.7471871421875 0.8717351093750001 0.7435319578125 0.8597278953125 0.7085685328125
2 0.9768889578125 0.7271477625 0.9745841593750001 0.7214431875 0.9545467859375 0.7295388109375 0.9566979312500001 0.7348630828125 0.9768889578125 0.7271477625
2 0.9629287718749999 0.6978396250000001 0.9626047703125 0.69310429375 0.9437799296874999 0.7002676390625 0.94562376875 0.7048313 0.9629287718749999 0.6978396250000001
2 0.9632583390624999 0.7038998624999999 0.9626325953125001 0.699728828125 0.9454701156249999 0.7044509953125 0.9471658656249999 0.7099592593749999 0.9632583390624999 0.7038998624999999
2 0.8047954703125001 0.7351865234375 0.7993307328125 0.7373944203125 0.8021131875 0.7482146328125 0.8081869734374999 0.7462030484375 0.8047954703125001 0.7351865234375
2 0.32909184375 0.138610728125 0.3329387390625 0.1494432625 0.3704347671875 0.13473626875 0.3662861296875 0.1244680296875 0.32909184375 0.138610728125
2 0.44905885312500005 0.1012005359375 0.45120999843750004 0.10652480625 0.46350565781249997 0.1015570375 0.4615081671875 0.09661307031250001 0.44905885312500005 0.1012005359375
2 0.9724045734375 0.419732425 0.9744020656249999 0.424676390625 0.9848761453125 0.4204445875 0.9831803953125 0.41493632500000005 0.9724045734375 0.419732425
2 0.6394970515625 0.22510131875 0.6374995593749999 0.220157353125 0.619431853125 0.22657241093749997 0.6215829984375 0.23189668125 0.6394970515625 0.22510131875
2 1 0.5997718578125 0.989901871875 0.6033310109375 0.9912958828124999 0.6094035703125 1 0.605886878125 1 0.5997718578125
2 1 0.590055703125 0.9705882484374999 0.6027289062500001 0.973507659375 0.609954703125 1 0.59853944375 1 0.590055703125
2 1 0.582435090625 0.9989262968749999 0.57977758125 0.9655288203125 0.5928286515625001 0.96830014375 0.6009990515625 1 0.5877734328125 1 0.582435090625
2 0.8649836437499999 0.511795653125 0.8370453421875 0.5213139203125 0.8545840703125 0.5699683296875 0.88070079375 0.5611860281250001 0.8649836437499999 0.511795653125
2 0.895696359375 0.6559912171875 0.9117888296875 0.649931821875 0.8906993828124999 0.5885556750000001 0.8743051703125 0.595179365625 0.895696359375 0.6559912171875
2 0.8777767437499999 0.6614616718749999 0.89417095625 0.6548379796875 0.875067871875 0.595755984375 0.8583663500000001 0.6016190671875 0.8777767437499999 0.6614616718749999
2 0.8596812140625 0.66125219375 0.8754719453125 0.6557570953125 0.8582182625 0.60256366875 0.8415167421874999 0.60842675 0.8596812140625 0.66125219375
2 0.8120975578125 0.627391034375 0.7970639640625 0.63213784375 0.8110686671874999 0.6720452359375 0.8262503484374999 0.6663538234375 0.8120975578125 0.627391034375
2 0.82769660625 0.7210676281249999 0.8424284578125001 0.7168851140625 0.83085438125 0.6764380703125 0.815519046875 0.681749178125 0.82769660625 0.7210676281249999
2 0.8456796000000001 0.766888234375 0.865261578125 0.7589766015625 0.851399396875 0.7167996999999999 0.8309121953125 0.726404221875 0.8456796000000001 0.766888234375
2 0.8631549515625 0.7642515828125 0.84782518125 0.7708875984375 0.8668893109375 0.8206952453125 0.8823727359375001 0.8144395359375001 0.8631549515625 0.7642515828125
2 0.8413405171875 0.7836824265625 0.8254016999999999 0.7901221281249999 0.8433735640625001 0.83329291875 0.8588569875 0.827037209375 0.8413405171875 0.7836824265625
2 0.816665725 0.7737443640625 0.8348815171874999 0.76638470625 0.814412246875 0.7078546875 0.793913915625 0.7148093953125 0.816665725 0.7737443640625
2 0.7897318890625 0.696591715625 0.80855673125 0.689428371875 0.7853439625 0.6293524875000001 0.76879609375 0.6355958734375 0.7897318890625 0.696591715625
2 0.7761646468750001 0.724634875 0.797420115625 0.716931878125 0.76879609375 0.6355958734375 0.74708523125 0.6434828625 0.7761646468750001 0.724634875
2 0.7122835453125 0.75663790625 0.73703408125 0.7484075812500001 0.712480790625 0.65879111875 0.6871156390625 0.665500225 0.7122835453125 0.75663790625
2 0.6834177578125 0.7625494359375 0.7084867328125 0.757729534375 0.6936670796875 0.6686042765625 0.668598103125 0.6734241796875 0.6834177578125 0.7625494359375
2 0.665520096875 0.3026219515625 0.664131653125 0.2978742984375 0.6474301312499999 0.3037373796875 0.649125884375 0.30924564375 0.665520096875 0.3026219515625
2 0.6529239328124999 0.23604475468750002 0.655689690625 0.2428902453125 0.683167034375 0.232231065625 0.6808566703125 0.22520158124999998 0.6529239328124999 0.23604475468750002
2 0.6230159625 0.2472435875 0.6253263265625 0.25427307187500003 0.6496159046875001 0.2449018296875 0.6473055421875 0.237872346875 0.6230159625 0.2472435875
2 0.6545216796875 0.2544217796875 0.6514541781250001 0.24814058437500003 0.6300506218749999 0.2567881828125 0.632662728125 0.2632533703125 0.6545216796875 0.2544217796875
2 0.6569189171875001 0.2459326875 0.6599919812499999 0.2535387890625 0.688226459375 0.24213131875 0.6846980015625 0.23470920781250001 0.6569189171875001 0.2459326875
2 0.661517384375 0.2546920265625 0.6633612234374999 0.2592556890625 0.6947890296875 0.24788518437499998 0.6927915375 0.24294121875000002 0.661517384375 0.2546920265625
2 0.6288770453125 0.2669948109375 0.63226298125 0.276686428125 0.6565525609375 0.2673151875 0.653775671875 0.25781988125 0.6288770453125 0.2669948109375
2 0.654797759375 0.283950034375 0.6532612265625 0.2801469828125 0.640202865625 0.28453813437500003 0.6420467046875 0.2891017953125 0.654797759375 0.283950034375
2 0.6738430328125 0.29306587500000003 0.6769160984375 0.30067197968750004 0.7045470921875 0.2903931015625 0.702083075 0.2829833125 0.6738430328125 0.29306587500000003
2 0.6669941781250001 0.363960290625 0.670220896875 0.371946696875 0.7068061359375 0.35760768593750003 0.7037330703125 0.350001584375 0.6669941781250001 0.363960290625
2 0.6563253265625 0.32182035625 0.6580210765625 0.32732861875 0.676544175 0.320729571875 0.675002078125 0.3156016140625 0.6563253265625 0.32182035625
2 0.65668828125 0.335830034375 0.6591411671875 0.340590009375 0.6785694921875 0.332298071875 0.67611660625 0.327538096875 0.65668828125 0.335830034375
2 0.712274275 0.32000761093749996 0.710578521875 0.3144993484375 0.6875014765625 0.32293831093750003 0.6893508796875001 0.3288268796875 0.712274275 0.32000761093749996
2 0.7161100390625 0.32819033124999997 0.7135035000000001 0.3230500515625 0.6904264515625 0.33148901406250003 0.6930385578125 0.3379542015625 0.7161100390625 0.32819033124999997
2 0.6647706890625 0.34141223125 0.666614528125 0.34597589218749997 0.6842268375 0.339744828125 0.6823829984375 0.3351811671875 0.6647706890625 0.34141223125
2 0.7161601234375 0.3401144921875 0.7140089796875 0.33479022187499996 0.6965558875 0.34272649843749997 0.699771475 0.3480630921875 0.7161601234375 0.3401144921875
2 0.709653203125 0.34760969531249997 0.7111953 0.352737653125 0.7265306359375 0.3474265453125 0.725142190625 0.34267889375 0.709653203125 0.34760969531249997
2 0.6242498203125 0.794417765625 0.6500814953125 0.79017448125 0.640369190625 0.68615655625 0.612864025 0.6901912046875001 0.6242498203125 0.794417765625
2 0.603816103125 0.78055426875 0.6220541546875 0.7784942390625 0.616381353125 0.6949635015625 0.5969252046875 0.69663090625 0.603816103125 0.78055426875
2 0.7467637046875 0.49452900624999996 0.7658902890625 0.486801365625 0.7460133718749999 0.42449293906249996 0.72460425 0.43181562968750004 0.7467637046875 0.49452900624999996
2 0.9636791062500001 0.76787569375 0.9723316078125 0.7643798562499999 0.96110935625 0.735292675 0.952001459375 0.7389725046875 0.9636791062500001 0.76787569375
2 0.9702283828124999 0.7342626609375 0.962184928125 0.7379548109375 0.9753879781249999 0.7680112375 0.983585084375 0.7646993906249999 0.9702283828124999 0.7342626609375
2 0.9744459624999999 0.7971468640625 0.9837075109375 0.793847340625 0.97446049375 0.7644045 0.9641345015624999 0.7676917015625 0.9744459624999999 0.7971468640625
2 0.7130824203125 0.44000983125 0.692589653125 0.44828944687499994 0.7276225921874999 0.5349990109375 0.7462937796875 0.5274553625 0.7130824203125 0.44000983125
2 0.53267681875 0.641190090625 0.518252271875 0.6461332140625 0.535779871875 0.6921378109375 0.5494417171875 0.6866180671875 0.53267681875 0.641190090625
2 0.7187852125 0.5668821875 0.6993568875 0.5751741265625 0.72099416875 0.6221726125 0.741481371875 0.6125680906250001 0.7187852125 0.5668821875
2 0.702572475 0.58051071875 0.6881479296874999 0.58545384375 0.7033762953125 0.6270787703125 0.717948928125 0.62119104375 0.702572475 0.58051071875
2 0.633285684375 0.5925785375 0.615069890625 0.5999381968749999 0.6367405640625 0.6548861234375 0.653590171875 0.648078440625 0.633285684375 0.5925785375
2 0.6211603718750001 0.6019013328125 0.603087103125 0.60699148125 0.6160885781250001 0.661460528125 0.6330974046875 0.6563580546875001 0.6211603718750001 0.6019013328125
2 0.60458468125 0.6015201859375 0.589238215625 0.60418148125 0.597565478125 0.668059575 0.6135209921875 0.6655945953125 0.60458468125 0.6015201859375
2 0.42915410468750004 0.6839007500000001 0.43407100937500004 0.6960705140625 0.4711172078125 0.6828724171875 0.46559125625000003 0.670506340625 0.42915410468750004 0.6839007500000001
2 0.5377452109374999 0.6170230734375 0.5209067328125 0.626480571875 0.551718690625 0.685698109375 0.5690125640625 0.6760566203125 0.5377452109374999 0.6170230734375
2 0.49463079218750006 0.6335576609375 0.4759540390625 0.6397764031250001 0.49843193125 0.7059002015625 0.515588846875 0.6998531296875 0.49463079218750006 0.6335576609375
2 0.942772684375 0.46045951250000006 0.9587115031250001 0.4540198125 0.9365576125 0.39263134375000003 0.91909895625 0.3992427125 0.942772684375 0.46045951250000006
2 0.44177809375 0.75710248125 0.44762804687499996 0.7742038890625 0.5274813593750001 0.7437105953125001 0.5223941078125 0.7271858078125 0.44177809375 0.75710248125
2 0.4219834140625 0.78677691875 0.438684934375 0.7809138359375 0.4077505484375 0.6925483484375 0.3893755375 0.6982027953125 0.4219834140625 0.78677691875
2 0.40254952499999996 0.7937439484375 0.421374365625 0.7865806046875 0.389836496875 0.6993437109375 0.36857546406249997 0.7057218 0.40254952499999996 0.7937439484375
2 0.8336745578125001 0.117008715625 0.8151514593750001 0.1236077640625 0.8331288875 0.1681034625 0.8498248421874999 0.16091547343749998 0.8336745578125001 0.117008715625
2 0.8593402140625 0.1818445765625 0.8435550484375 0.1886645828125 0.8610993421875 0.23864390000000002 0.8773454671875 0.2329648078125 0.8593402140625 0.1818445765625
2 0.885728378125 0.3100919703125 0.9027316421875 0.30366459218749997 0.8835027265625 0.2508268265625 0.8651332796875 0.2578061796875 0.885728378125 0.3100919703125
2 0.905343746875 0.310129778125 0.8866725578124999 0.317673428125 0.9141653578125 0.383098228125 0.9304114828125 0.3774191375 0.905343746875 0.310129778125
2 0.6778114296875 0.2242200140625 0.6756547187499999 0.21757083437500002 0.6527257609375 0.22506519374999998 0.65534343125 0.23285528906250003 0.6778114296875 0.2242200140625
2 0.67533071875 0.21283550468749998 0.6730259203125 0.207130928125 0.6479736390624999 0.21592555 0.6504320906250001 0.22201043125000003 0.67533071875 0.21283550468749998
2 0.444471515625 0.09509100937500001 0.4466282265625 0.1017401875 0.4657603734375 0.095337453125 0.46329635625 0.087927665625 0.444471515625 0.09509100937500001
2 0.6388490484375 0.215630659375 0.6357871140625 0.21067437031249997 0.6107403984374999 0.22079390000000002 0.6131988500000001 0.22687878125 0.6388490484375 0.215630659375
2 0.549443575 0.252637584375 0.5466778171875 0.24579209375 0.5172252421875 0.2568069359375 0.5201446546875 0.2640327328125 0.549443575 0.252637584375
2 0.55085984375 0.26400977187499997 0.5480940859375 0.2571642796875 0.523195459375 0.2663392078125 0.52672391875 0.27376131875 0.55085984375 0.26400977187499997
2 0.5592662515625 0.2743272984375 0.55573779375 0.26690518750000003 0.5233991953125 0.2786436734375 0.5260168671875001 0.2864337671875 0.5592662515625 0.2743272984375
2 0.568209365625 0.26761735 0.569597809375 0.272365003125 0.585388540625 0.2668699046875 0.5838464437499999 0.261741946875 0.568209365625 0.26761735
2 0.5743388015625001 0.278854834375 0.5758808984375 0.2839827921875 0.59106258125 0.2782913796875 0.5890650890625 0.2733474125 0.5743388015625001 0.278854834375
2 0.5240527625 0.2894392421875 0.526977740625 0.2979899453125 0.5614396578124999 0.2849511984375 0.5588219875 0.2771611046875 0.5240527625 0.2894392421875
2 0.5983934171875 0.2859467703125 0.5959349656249999 0.2798618890625 0.5717934734375001 0.2882885296875 0.5745592328125 0.295134021875 0.5983934171875 0.2859467703125
2 0.568222659375 0.3069842484375 0.56575864375 0.2995744609375 0.5387366953125 0.31004965156250003 0.541354365625 0.31783974531250003 0.568222659375 0.3069842484375
2 0.5796297890625 0.307684090625 0.581632846875 0.31395296250000004 0.605620684375 0.30514601875 0.6034639734375 0.2984968390625 0.5796297890625 0.307684090625
2 0.5818031953125 0.3183079890625 0.5841135578125 0.325337471875 0.6064279046875 0.316321890625 0.603969453125 0.310237009375 0.5818031953125 0.3183079890625
2 0.5433908125 0.332058059375 0.5455530859375 0.34003214375 0.578347078125 0.328109665625 0.5754276671875 0.3208838703125 0.5433908125 0.332058059375
2 0.5848818234375 0.327238996875 0.587186621875 0.33294357343750003 0.6088974859375 0.3250565859375 0.606439034375 0.31897170468749997 0.5848818234375 0.327238996875
2 0.550327465625 0.354471415625 0.55325244375 0.36302212031250003 0.585283734375 0.35052302343749997 0.5822106687499999 0.3429169203125 0.550327465625 0.354471415625
2 0.59641138125 0.3570867875 0.5988698328125001 0.36317166875 0.6242238546875 0.35381275 0.621458096875 0.3469672578125 0.59641138125 0.3570867875
2 0.5988809640625 0.36582148281250004 0.6005767140625 0.3713297453125 0.6219858359375 0.36400705312500004 0.6196810375 0.35830247656249997 0.5988809640625 0.36582148281250004
2 0.627654309375 0.37410362343750003 0.6253495109375 0.3683990453125 0.6039403906249999 0.3757217390625 0.6062507546875 0.3827512203125 0.627654309375 0.37410362343750003
2 0.6043645609375 0.4043053890625 0.6009841890625001 0.395938678125 0.5742639828125 0.405849571875 0.5777980078125 0.41459658906249997 0.6043645609375 0.4043053890625
2 0.5555173609375 0.25062600156250003 0.55752041875 0.256894875 0.5796866765625001 0.24882389531250002 0.57768361875 0.24255502187500003 0.5555173609375 0.25062600156250003
2 0.588241171875 0.2581968203125 0.585930809375 0.2511673375 0.561333925 0.25977796875000003 0.5639515937499999 0.2675680625 0.588241171875 0.2581968203125
2 0.5608006203125 0.24141326406250002 0.562644459375 0.24597692656249998 0.578127884375 0.2397212171875 0.5762840453125 0.2351575546875 0.5608006203125 0.24141326406250002
2 0.5508867421875 0.1618079578125 0.54858194375 0.1561033828125 0.5267229921875 0.164934971875 0.52918144375 0.171019853125 0.5508867421875 0.1618079578125
2 0.499065409375 0.09648005312499999 0.500761159375 0.1019883140625 0.522016628125 0.09428531875 0.5203208765625 0.0887770546875 0.499065409375 0.09648005312499999
2 0.5069017234375 0.1158756125 0.5095138296874999 0.1223408 0.5312246921875 0.1144538125 0.5284589343749999 0.10760831875000001 0.5069017234375 0.1158756125
2 0.49993384374999994 0.1222299 0.4976234796875 0.11520041562500001 0.4684782125 0.12697586875 0.470788575 0.134005353125 0.49993384374999994 0.1222299
2 0.470651615625 0.1375997671875 0.4740319875 0.1459664796875 0.5050044 0.13477996718750002 0.5017721171875 0.125468653125 0.470651615625 0.1375997671875
2 0.517970321875 0.1445824875 0.5207360796875 0.151427978125 0.5418378953125 0.143344678125 0.5393738781249999 0.1359348890625 0.517970321875 0.1445824875
2 0.547039846875 0.15097542343749998 0.5448887015625 0.14565115312500002 0.5215099109375 0.15465441093750001 0.52366105625 0.1599786828125 0.547039846875 0.15097542343749998
2 0.5171541359375 0.1674738859375 0.5156120390625001 0.16234592812499998 0.4984551234375 0.168393 0.500452615625 0.1733369671875 0.5171541359375 0.1674738859375
2 0.55001490625 0.17145028906249998 0.54831915625 0.165942025 0.5317712890624999 0.17218541406250001 0.5339224328125 0.177509684375 0.55001490625 0.17145028906249998
2 0.5139818296875001 0.24484580937499997 0.51582566875 0.2494094703125 0.528121328125 0.2444417015625 0.5258220953125 0.24006203125 0.5139818296875001 0.24484580937499997
2 0.48482666874999997 0.1818621859375 0.48805338593750003 0.1898485921875 0.519327540625 0.1780977828125 0.5159471703125 0.169731071875 0.48482666874999997 0.1818621859375
2 0.531365978125 0.18429356562500002 0.5341317359375 0.19113905625 0.558421315625 0.181767815625 0.5556555578125 0.1749223234375 0.531365978125 0.18429356562500002
2 0.4970298890625 0.19108808593749999 0.4999493015625 0.1983138828125 0.5246942734375 0.18875865 0.5222302562500001 0.1813488609375 0.4970298890625 0.19108808593749999
2 0.5353553984375 0.1928565921875 0.5372048015625001 0.19874515937499998 0.5611926390625 0.1899382140625 0.5588878390625001 0.1842336375 0.5353553984375 0.1928565921875
2 0.530209096875 0.1984749125 0.527289684375 0.191249115625 0.49616361875 0.2020553234375 0.49954398906249997 0.210422034375 0.530209096875 0.1984749125
2 0.543795196875 0.2111235578125 0.5464073015625 0.2175887453125 0.5662965843750001 0.21043772343749997 0.5636844796875 0.20397253750000002 0.543795196875 0.2111235578125
2 0.5315162296875 0.22006604843750002 0.5298204796875 0.2145577859375 0.5116046875 0.22191744375 0.51375583125 0.2272417140625 0.5315162296875 0.22006604843750002
2 0.629329965625 0.41102934375 0.6260976828125 0.4017180296875 0.5882943484375 0.41566441249999997 0.591372978125 0.424595421875 0.629329965625 0.41102934375
2 0.5911559468750001 0.37292405781250004 0.58808288125 0.3653179546875 0.55711046875 0.3765044671875 0.56064449375 0.385251484375 0.5911559468750001 0.37292405781250004
2 0.628881371875 0.3404289796875 0.6259619609375 0.33320318125 0.5924108328125001 0.3458739484375 0.5947267609375 0.3542283375 0.628881371875 0.3404289796875
2 0.6230595546875 0.14901649687500002 0.625068178125 0.15661027656249998 0.6516347296875 0.1463190765625 0.6491707140625 0.1389092875 0.6230595546875 0.14901649687500002
2 0.597647721875 0.1084092640625 0.595194834375 0.10364928749999999 0.5804685468749999 0.109156709375 0.5826196921875 0.11448098124999999 0.597647721875 0.1084092640625
2 0.6001117375 0.11581905156250001 0.5976532859375 0.10973416875 0.5765570359375001 0.11914237812499999 0.5793172296875 0.12466296406249999 0.6001117375 0.11581905156250001
2 0.6110356484375 0.11007834999999999 0.613340446875 0.1157829265625 0.6355067046875 0.107711946875 0.6325928578125 0.1018110578125 0.6110356484375 0.11007834999999999
2 0.6103174671875 0.12010098437500001 0.612929571875 0.12656617187500002 0.64132326875 0.11686391562500001 0.638557509375 0.110018421875 0.6103174671875 0.12010098437500001
2 0.610400940625 0.1399745875 0.607481528125 0.132748790625 0.584859875 0.1410037609375 0.5877792859375 0.1482295578125 0.610400940625 0.1399745875
2 0.5836918640625 0.1525352953125 0.586457621875 0.1593807859375 0.6122670390625 0.149837875 0.6096549328124999 0.1433726875 0.5836918640625 0.1525352953125
2 0.590419215625 0.161319278125 0.5919668796875001 0.1677721421875 0.6179299484375 0.1586095375 0.61531784375 0.15214434999999998 0.590419215625 0.161319278125
2 0.6267472328125 0.15814381875 0.62921125 0.16555360624999998 0.65607954375 0.1546981125 0.6534674375 0.1482329234375 0.6267472328125 0.15814381875
2 0.600165221875 0.092351034375 0.602777328125 0.098816221875 0.6290365734375001 0.0877644125 0.62642446875 0.08129922656250001 0.600165221875 0.092351034375
2 0.620701271875 0.1667799359375 0.6185501265625 0.1614556640625 0.597750053125 0.16897466875 0.6000548515624999 0.1746792453125 0.620701271875 0.1667799359375
2 0.621667709375 0.1796610203125 0.6190556046875 0.173195834375 0.6025077390625 0.179439221875 0.6046644484375 0.1860884 0.621667709375 0.1796610203125
2 0.6315494375 0.179207625 0.6338542359375 0.1849122015625 0.6602671359375 0.174240696875 0.6578086843750001 0.16815581562499998 0.6315494375 0.179207625
2 0.6279341031250001 0.187304090625 0.625931046875 0.18103521718749999 0.6008787671875 0.1898298390625 0.603490871875 0.196295025 0.6279341031250001 0.187304090625
2 0.6636586375 0.185257221875 0.660585571875 0.17765112031250002 0.6364496468749999 0.1874026671875 0.6393690578125 0.1946284640625 0.6636586375 0.185257221875
2 0.639533840625 0.197658584375 0.641844203125 0.2046880671875 0.670385990625 0.1940412078125 0.667466578125 0.18681540937500002 0.639533840625 0.197658584375
2 0.6432270828125 0.20811081250000002 0.6456855359375 0.2141956953125 0.6714949515625 0.2046527828125 0.6691845890625 0.19762329843749998 0.6432270828125 0.20811081250000002
2 0.6043082953125001 0.10129436562500001 0.6076831015625 0.108336171875 0.6327298171875 0.09821664218750001 0.63057310625 0.0915674640625 0.6043082953125001 0.10129436562500001
2 0.5962481484375 0.10101179687499999 0.5942450890625001 0.0947429234375 0.57055899375 0.10298557187499999 0.5731710999999999 0.1094507578125 0.5962481484375 0.10101179687499999
2 0.7950636906249999 0.3007148375 0.7853189234375 0.29757381875 0.7735676953125 0.3235561046875 0.784223253125 0.326329140625 0.7950636906249999 0.3007148375
2 0.701183728125 0.10506549999999999 0.70651150625 0.10645201875000002 0.7151194890625 0.0923569265625 0.709029009375 0.0903937890625 0.701183728125 0.10506549999999999
2 0.789803928125 0.2431179390625 0.780849684375 0.247178071875 0.791599846875 0.2724745234375 0.8002523484375 0.26897868593749996 0.789803928125 0.2431179390625
2 0.7644811328125 0.22370921406250002 0.756711596875 0.22021253437500002 0.7417670390625 0.246157853125 0.749229271875 0.2488939234375 0.7644811328125 0.22370921406250002
2 0.72836241875 0.240514046875 0.7379590984375 0.24459966562500002 0.7560802890625 0.2147165921875 0.74557281875 0.21099895625 0.72836241875 0.240514046875
2 0.750317209375 0.182096609375 0.7431567218749999 0.17879624375 0.728673125 0.2058824796875 0.7361353562499999 0.208618546875 0.750317209375 0.182096609375
2 0.7068175765625 0.17932189062499998 0.7179285296875 0.181910934375 0.7358738046875 0.1463479296875 0.7255199890624999 0.143010596875 0.7068175765625 0.17932189062499998
2 0.7265510421875 0.1350734796875 0.715588178125 0.13153983281249998 0.70110458125 0.1586260671875 0.7114639625 0.1632883078125 0.7265510421875 0.1350734796875
2 0.7235203328125 0.101349546875 0.7137755640625 0.098208528125 0.6974815171875 0.1286805421875 0.7072262874999999 0.131821559375 0.7235203328125 0.101349546875
2 0.7049972343750001 0.10794859375000002 0.6987530984375 0.10560515156250001 0.6895527640625 0.1234786515625 0.6956432453125 0.12544178749999998 0.7049972343750001 0.10794859375000002
2 0.5879564375 0.081800228125 0.586107034375 0.075911659375 0.56272824375 0.08491491875 0.5651866953125 0.09099979999999999 0.5879564375 0.081800228125
2 0.70785326875 0.0638833328125 0.69856389375 0.06055832343749999 0.6828788953125 0.09122664999999999 0.69353445625 0.0939996859375 0.70785326875 0.0638833328125
2 0.6664401640625 0.0872510875 0.6758887546875 0.092281309375 0.6943172515625 0.063158846875 0.6850223125 0.0585089296875 0.6664401640625 0.0872510875
2 0.6822432609375 0.012296540625000001 0.6714674390625001 0.0170926390625 0.6854387546875 0.049050590625 0.696060921875 0.0438741859375 0.6822432609375 0.012296540625000001
2 0.5914827328125 0.052505253125 0.5937875312500001 0.058209831249999996 0.6159537890625 0.05013885 0.6139507328125 0.0438699765625 0.5914827328125 0.052505253125
2 0.5895464546875 0.062135260937500006 0.59247143125 0.070685965625 0.615548478125 0.062247003125 0.6123217609375 0.054260596875 0.5895464546875 0.062135260937500006
2 0.5652568765625 0.071506503125 0.5667989734375001 0.07663446093750001 0.5847130234375 0.0698391 0.5828691859374999 0.0652754390625 0.5652568765625 0.071506503125
2 0.6199932921875 0.0706260375 0.6175348406250001 0.06454115625 0.5936950921874999 0.0724035 0.5964608515625 0.0792489921875 0.6199932921875 0.0706260375
2 0.9609251000000001 0.401808796875 0.9585167328124999 0.4076480734375 0.970692128125 0.4102494421875 0.9737039796875001 0.40328156875000004 0.9609251000000001 0.401808796875
2 0.965752965625 0.3927800515625 0.9598328328125 0.395171940625 0.9630595515625 0.403158346875 0.9683706359375 0.4005701453125 0.965752965625 0.3927800515625
3 0.0263034453125 0.16406285625 0.027686325 0.1674856015625 0.0361851734375 0.163609459375 0.034500551562499995 0.1607510109375 0.0263034453125 0.16406285625
3 0.2162494578125 0.31559036875 0.215475625 0.3123639375 0.2059012046875 0.3135779453125 0.2059123359375 0.3162277578125 0.2162494578125 0.31559036875
3 0.28982091875 0.20137002656249997 0.2857223640625 0.20302595 0.2887954296875 0.21063205156249998 0.2928939828125 0.208976128125 0.28982091875 0.20137002656249997
3 0.29247970625 0.25515155156249997 0.2961228640625 0.2536796203125 0.29335154218750004 0.245509221875 0.28955472968749996 0.246600846875 0.29247970625 0.25515155156249997
3 0.319366859375 0.2849878609375 0.31526830625 0.2866437828125 0.3186431109375 0.2936855890625 0.3230434078125 0.29146537031249997 0.319366859375 0.2849878609375
3 0.31079782968749997 0.3083573 0.3153517796875 0.3065173859375 0.3118177546875 0.29777036875 0.30726380625 0.2996102828125 0.31079782968749997 0.3083573
3 0.304498046875 0.292764790625 0.3096610453125 0.291121190625 0.3058141484375 0.28028865625 0.30080480625 0.2823125625 0.304498046875 0.292764790625
3 0.3244318515625 0.2962130234375 0.31957616093749996 0.29861723281249997 0.32356558125 0.30718025937500004 0.327664134375 0.30552433749999997 0.3244318515625 0.2962130234375
3 0.3248560203125 0.3247966765625 0.3292618796875 0.3239013625 0.32694595312499997 0.315546971875 0.322392003125 0.3173868875 0.3248560203125 0.3247966765625
3 0.4006633375 0.16366494375 0.4049099796875 0.1610644171875 0.40047072968749997 0.154010290625 0.3965258296875 0.1560465171875 0.4006633375 0.16366494375
3 0.386529403125 0.16539395625 0.39109448125 0.16620385625 0.3944025078125 0.1573467796875 0.3895356890625 0.157101178125 0.386529403125 0.16539395625
3 0.3834507734375 0.156462946875 0.388158375 0.1550033390625 0.38431704375 0.1454957109375 0.379763096875 0.147335625 0.3834507734375 0.156462946875
3 0.37667333593749996 0.135754803125 0.38123285 0.13523979531250002 0.378757703125 0.12518019375 0.373748359375 0.1272040984375 0.37667333593749996 0.135754803125
0 0.3855608015625 0.11579578906250002 0.3808532 0.117255396875 0.38439278906249996 0.127327321875 0.3886449953125 0.126051703125 0.3855608015625 0.11579578906250002
3 0.2945254296875 0.054366984375 0.2981685875 0.052895053125 0.294332821875 0.0447123328125 0.290541575 0.047128865625 0.2945254296875 0.054366984375
3 0.29892572500000003 0.052146765625 0.302870625 0.050110537499999996 0.299342165625 0.0426884265625 0.2950955234375 0.0452889515625 0.29892572500000003 0.052146765625
3 0.30378141406250003 0.0497425546875 0.306815525 0.0480743078125 0.304806903125 0.0404805296875 0.300862003125 0.0425167578125 0.30378141406250003 0.0497425546875
3 0.308796321875 0.049043554687500004 0.312741221875 0.0470073265625 0.3099699 0.038836928124999996 0.3054159515625 0.0406768421875 0.308796321875 0.049043554687500004
3 0.3148311546875 0.0377576234375 0.31027720625 0.0395975375 0.3133502703125 0.047203640625 0.3174488234375 0.045547717187499996 0.3148311546875 0.0377576234375
3 0.27801404218750003 0.21410324374999998 0.2819589421875 0.2120670171875 0.278430484375 0.20464490624999998 0.273876534375 0.20648482031249998 0.27801404218750003 0.21410324374999998
3 0.2735580984375 0.203074396875 0.2770476046875 0.20122215937500001 0.27473723906249997 0.1941926765625 0.2710940828125 0.1956646078125 0.2735580984375 0.203074396875
3 0.27353367500000003 0.161057684375 0.26867798593750003 0.1634618953125 0.2726674046875 0.17202492187500001 0.2776767484375 0.170001015625 0.27353367500000003 0.161057684375
3 0.156423625 0.2632289609375 0.1606869625 0.2646031578125 0.16400055468750002 0.2570709875 0.15943547656249998 0.2562610890625 0.156423625 0.2632289609375
3 0.220870184375 0.3296493359375 0.2219179328125 0.3256869375 0.2099073203125 0.326115690625 0.20931496562500002 0.3298940984375 0.220870184375 0.3296493359375
3 0.225172475 0.340297878125 0.2263738765625 0.33671578750000003 0.21557579375000002 0.336212259375 0.21498344062500002 0.339990665625 0.225172475 0.340297878125
3 0.2288657171875 0.3507501078125 0.2293044171875 0.34659139687499996 0.2171401515625 0.34663984375 0.21685510468750002 0.3511788609375 0.2288657171875 0.3507501078125
3 0.23132973437499998 0.358159896875 0.2331401828125 0.35477411875 0.2230992375 0.35352230156250003 0.22159609531250002 0.35766869375 0.23132973437499998 0.358159896875
3 0.2324164359375 0.363471846875 0.2328551375 0.359313134375 0.22221070781250002 0.3591899140625 0.22146470156250003 0.3625880140625 0.2324164359375 0.363471846875
3 0.23258678437500002 0.367826871875 0.233332790625 0.3644287703125 0.2205594765625 0.3642809046875 0.2198134703125 0.36767900625 0.23258678437500002 0.367826871875
3 0.1565862453125 0.22954199531250002 0.1545943171875 0.22592293593749999 0.1427540515625 0.2307067140625 0.1448996328125 0.23470607812500002 0.1565862453125 0.22954199531250002
3 0.199529078125 0.280761646875 0.200576828125 0.27679924843750003 0.1912985828125 0.276124053125 0.19009718125 0.27970614375 0.199529078125 0.280761646875
3 0.3069543359375 0.2621325875 0.31135463125 0.2599123671875 0.3067561640625 0.251153028125 0.3032666578125 0.25300526562500003 0.3069543359375 0.2621325875
3 0.195950534375 0.261415375 0.1971519359375 0.25783328125 0.18695733750000001 0.2562011609375 0.1853005421875 0.259967246875 0.195950534375 0.261415375
3 0.1150395828125 0.22111198906250001 0.1190067421875 0.2243753875 0.129771434375 0.21692947343750002 0.1267150640625 0.2132980921875 0.1150395828125 0.22111198906250001
3 0.0588890609375 0.2473373515625 0.0640520578125 0.245693753125 0.060364379687500004 0.236566428125 0.0553550359375 0.238590334375 0.0588890609375 0.2473373515625
3 0.064507453125 0.24550976093750002 0.0693631421875 0.24310554843749999 0.066136425 0.2351191421875 0.0615824765625 0.23695905625 0.064507453125 0.24550976093750002
3 0.1237356765625 0.119389059375 0.125272209375 0.123192109375 0.1339247109375 0.11969627187500001 0.13238817812499998 0.115893221875 0.1237356765625 0.119389059375
3 0.29543034375 0.2336097046875 0.3005933390625 0.23196610468749998 0.2981293234375 0.22455631562499997 0.29342172187500004 0.226015925 0.29543034375 0.2336097046875
3 0.298508971875 0.2425407140625 0.3024594375 0.24182939218750002 0.3012079515625 0.23348732499999997 0.2969557453125 0.2347629421875 0.298508971875 0.2425407140625
3 0.3183596125 0.045179734375 0.32245816718750003 0.043523810937500004 0.318776053125 0.0357213953125 0.31467750156249996 0.03737731875 0.3183596125 0.045179734375
3 0.3238243515625 0.0429718359375 0.3276155984375 0.0405553046875 0.32393905 0.0340777953125 0.31953875625 0.036298015625 0.3238243515625 0.0429718359375
3 0.3276155984375 0.0405553046875 0.33277859374999996 0.038911703125 0.3294037890625 0.031869896875 0.3248498390625 0.0337098109375 0.3276155984375 0.0405553046875
3 0.359360603125 0.10470448750000001 0.3637664640625 0.103809175 0.360539746875 0.0958227671875 0.35674293437500004 0.09691439375000001 0.359360603125 0.10470448750000001
3 0.401980675 0.07907954375000001 0.39772846875 0.0803551625 0.4001924859375 0.0877649515625 0.40429103906249997 0.086109028125 0.401980675 0.07907954375000001
3 0.40652905781250004 0.075914725 0.40212876406250003 0.07813494374999999 0.40734184375 0.08841550312499999 0.41249927499999994 0.0854469953125 0.40652905781250004 0.075914725
3 0.41238797812500005 0.058948859374999996 0.41115318749999996 0.0545815125 0.40113450000000006 0.058629323437500006 0.40312642812500005 0.062248384375 0.41238797812500005 0.058948859374999996
3 0.41912089531249996 0.06905775 0.418495153125 0.0648867171875 0.40847646718749997 0.0689345296875 0.409250296875 0.07216096093749999 0.41912089531249996 0.06905775
3 0.41336554531249997 0.0744797578125 0.408356203125 0.0765036640625 0.4118846625 0.08392577500000001 0.416438609375 0.0820858609375 0.41336554531249997 0.0744797578125
3 0.35858801093750003 0.0293687921875 0.36359735312499997 0.027344887499999998 0.36021698281250003 0.018978173437500002 0.355207640625 0.0210020796875 0.35858801093750003 0.0293687921875
3 0.409468565625 0.05172306250000001 0.4080856875 0.048300317187500004 0.3970025578125 0.0523358078125 0.3982317828125 0.0553782484375 0.409468565625 0.05172306250000001
3 0.41943933125 0.072468175 0.41488538437500005 0.074308090625 0.41826019062500003 0.08134989375 0.4222050890625 0.0793136671875 0.41943933125 0.072468175
3 0.3896850140625 0.0840473140625 0.3855864625 0.0857032359375 0.3875950828125 0.0932970171875 0.39214903125 0.09145710312500001 0.3896850140625 0.0840473140625
3 0.4292564453125 0.09283298125 0.43140202499999997 0.0968323453125 0.4408116625 0.0925882203125 0.43927513124999995 0.0887851703125 0.4292564453125 0.09283298125
3 0.39352078125 0.092230034375 0.39898551875 0.0900221375 0.3949960984375 0.0814591109375 0.3904421515625 0.0832990265625 0.39352078125 0.092230034375
3 0.38963152968750003 0.10751533124999998 0.39147536875 0.11207899218749999 0.40407277031250005 0.1065469265625 0.40208084375 0.1029278671875 0.38963152968750003 0.10751533124999998
3 0.332932246875 0.0392920078125 0.3370308015625 0.037636084375000003 0.3336559953125 0.030594279687499996 0.32985918281250004 0.03168590625 0.332932246875 0.0392920078125
3 0.312547378125 0.1094619359375 0.308295171875 0.11073755468749999 0.31152745312499996 0.12004886875000001 0.3154723546875 0.11801264062500001 0.312547378125 0.1094619359375
3 0.33866533906249996 0.0285703734375 0.334566784375 0.030226296875000003 0.337941590625 0.0372681015625 0.34204014374999997 0.0356121796875 0.33866533906249996 0.0285703734375
3 0.341886490625 0.0352318734375 0.34659409218750004 0.0337722640625 0.34306006875 0.025025248437499998 0.33850611875 0.0268651625 0.341886490625 0.0352318734375
3 0.347614015625 0.023185334374999998 0.3439708578125 0.0246572640625 0.3473512296875 0.0330239765625 0.350692646875 0.032116340625 0.347614015625 0.023185334374999998
3 0.3569200859375 0.0304850625 0.3527714484375 0.020216825 0.34867289375 0.0218727484375 0.3523661375 0.032324978125 0.3569200859375 0.0304850625
3 0.290079378125 0.1180972140625 0.294024278125 0.11606098437500001 0.28988120624999997 0.10711765312499999 0.2857826515625 0.1087735765625 0.290079378125 0.1180972140625
3 0.29724543125 0.122722484375 0.3016457265625 0.120502265625 0.29765630625 0.1119392390625 0.2937114078125 0.1139754671875 0.29724543125 0.122722484375
3 0.30590349843750003 0.1205515546875 0.3097003109375 0.11945992812499999 0.30662724531249996 0.111853825 0.303285828125 0.11276146093749999 0.30590349843750003 0.1205515546875
3 0.3208056984375 0.1207240640625 0.325359646875 0.11888415000000001 0.32167196875 0.10975682812500001 0.3171180203125 0.1115967421875 0.3208056984375 0.1207240640625
3 0.3815379921875 0.0992833203125 0.3867009890625 0.09763971875 0.383622359375 0.0887087109375 0.3780039671875 0.090536303125 0.3815379921875 0.0992833203125
3 0.3273237484375 0.11587867656249999 0.3324867453125 0.114235075 0.3303189046875 0.1049360828125 0.32576495625 0.1067759984375 0.3273237484375 0.11587867656249999
3 0.3347581546875 0.1119902125 0.3388567078125 0.11033428906250001 0.334406328125 0.10063034687500001 0.32985238125 0.1024702609375 0.3347581546875 0.1119902125
3 0.34022289375 0.10978231406250001 0.3452322359375 0.107758409375 0.3410891625 0.0988150765625 0.3363815625 0.1002746859375 0.34022289375 0.10978231406250001
3 0.34553397656249996 0.1071941109375 0.3505433203125 0.1051702046875 0.347157384375 0.0954785859375 0.3427570875 0.09769880625 0.34553397656249996 0.1071941109375
3 0.366459878125 0.093430878125 0.3612968828125 0.095074478125 0.36513265 0.10325720000000001 0.3692312015625 0.101601278125 0.366459878125 0.093430878125
3 0.3708657390625 0.09253556562500001 0.367677975 0.0938235046875 0.37029564531250003 0.1016135984375 0.3746959390625 0.0993933796875 0.3708657390625 0.09253556562500001
3 0.375567775 0.08975104843750001 0.37146922187500003 0.09140697187499999 0.37515133437500003 0.0992093890625 0.37879449374999996 0.09773745625 0.375567775 0.08975104843750001
3 0.218855996875 0.32073065 0.2192946984375 0.3165719375 0.20834852656249997 0.3170130125 0.20775617500000002 0.32079141875 0.218855996875 0.32073065
3 0.21350039375000002 0.3127195984375 0.21470179531250003 0.3091375046875 0.2051162453125 0.3077016984375 0.2040629296875 0.3103391890625 0.21350039375000002 0.3127195984375
3 0.19379475156249998 0.36359254218750003 0.19821174218749998 0.3653470453125 0.2039503953125 0.355950315625 0.199231665625 0.3547601125 0.19379475156249998 0.36359254218750003
3 0.0143667171875 0.5803037 0.0095054625 0.5813830046875 0.0116677375 0.5893570890625 0.0163753390625 0.5878974796875001 0.0143667171875 0.5803037
3 0.0076004093750000005 0.5622453671875001 0.0028928078125 0.563704978125 0.00566413125 0.571875378125 0.0103717328125 0.5704157671875 0.0076004093750000005 0.5622453671875001
3 0 0.5514753828125001 0.0031389015625 0.5498916125 0.001130278125 0.5422978328125 0 0.5426369046875 0 0.5514753828125001
3 0 0.5914330671875 0.001961921875 0.5954904187500001 0.0056050812499999995 0.5940184859375 0.0026856703125 0.5867926890625 0 0.5881789453125 0 0.5914330671875
3 0.013369053124999999 0.5961902593749999 0.0088151046875 0.5980301734375 0.0120418234375 0.60601658125 0.015986721875000002 0.603980353125 0.013369053124999999 0.5961902593749999
3 0.0211441546875 0.6010118453125 0.016743859375 0.6032320640625 0.020425971875 0.6110344796875 0.0249799203125 0.609194565625 0.0211441546875 0.6010118453125
3 0.09527179375 0.8002177890625 0.090717846875 0.8020577046874999 0.0934836046875 0.8089031953125 0.09758215625 0.8072472718749999 0.09527179375 0.8002177890625
3 0.0284490265625 0.168062221875 0.0298319046875 0.1714849671875 0.0377272703125 0.1687374171875 0.035735342187500005 0.1651183578125 0.0284490265625 0.168062221875
2 0.70648028125 0.13521966093749999 0.707072634375 0.1314412546875 0.698551525 0.1300177703125 0.696746640625 0.1347284578125 0.70648028125 0.13521966093749999
2 0.9767686937500001 0.7347168984375 0.9752265953125001 0.729588940625 0.9603522203124999 0.736040965625 0.96280510625 0.7408009390625 0.9767686937500001 0.7347168984375
0 0.8243218000000001 0.7140258234375 0.8197678515625 0.7158657374999999 0.82269839375 0.7257413484375 0.8278613890625 0.7240977484375 0.8243218000000001 0.7140258234375
3 0.1391520046875 0.929803253125 0.1352071046875 0.9318394828125 0.1391965234375 0.9404025062500001 0.1431414234375 0.9383662796875001 0.1391520046875 0.929803253125
3 0.1114387734375 0.848099265625 0.1064294296875 0.8501231718750001 0.11011710781249999 0.85925049375 0.115280103125 0.8576068937500001 0.1114387734375 0.848099265625
3 0.07817949375 0.785446659375 0.082278046875 0.7837907359375 0.07889767656249999 0.775424025 0.0751008640625 0.77651565 0.07817949375 0.785446659375
3 0.014879924999999999 0.6300858609375 0.0192802203125 0.6278656421875 0.015142712499999999 0.62024721875 0.0111978125 0.6222834453125 0.014879924999999999 0.6300858609375
3 0.0837255421875 0.766395278125 0.079325246875 0.7686154984375 0.081942915625 0.7764055921875 0.08679860625 0.77400138125 0.0837255421875 0.766395278125
3 0.0649207953125 0.742141165625 0.0696283984375 0.7406815546875001 0.065946284375 0.7328791406249999 0.061545989062499994 0.735099359375 0.0649207953125 0.742141165625
3 0.0671031671875 0.7186977921875 0.0622474765625 0.7211020031250001 0.0673069046875 0.7310022593750001 0.07140545781249999 0.7293463359375 0.0671031671875 0.7186977921875
3 0.056347440625 0.692076434375 0.0522488859375 0.6937323578125 0.055327515625000004 0.7026633671875 0.0604905125 0.701019765625 0.056347440625 0.692076434375
3 0.0486480828125 0.669086459375 0.0439404828125 0.67054606875 0.047320854687500004 0.67891278125 0.051721148437499996 0.6766925609375 0.0486480828125 0.669086459375
3 0.041096815625 0.6451518828125 0.0353303359375 0.6479240765625 0.039928803125 0.656683415625 0.0446364046875 0.65522380625 0.041096815625 0.6451518828125
3 0.0315814453125 0.6242227796875001 0.02672575625 0.6266269906249999 0.029798820312500002 0.6342330921875 0.03511546875 0.6329697953125 0.0315814453125 0.6242227796875001
3 0.1982720296875 0.27109467187499997 0.19947343125 0.26751257968750003 0.18973979218749998 0.2670213734375 0.18914743750000002 0.27079978125 0.1982720296875 0.27109467187499997
3 0.0720655234375 0.19865998125 0.0748145859375 0.20153075468749998 0.0820842078125 0.1946121703125 0.0788797515625 0.1919253890625 0.0720655234375 0.19865998125
0 0.10711082812499999 0.21591009687499998 0.10164608906249999 0.2181179953125 0.1070128234375 0.22877886093750002 0.11262565 0.2256263609375 0.10711082812499999 0.21591009687499998
3 0.07088854375 0.2442587859375 0.0748334453125 0.2422225578125 0.0717603796875 0.23461645625 0.06705834375 0.237400971875 0.07088854375 0.2442587859375
3 0.0763198921875 0.23410145 0.0731321296875 0.2353893890625 0.0762051953125 0.24299549062499998 0.08015009375 0.2409592640625 0.0763198921875 0.23410145
3 0.08059992499999999 0.239450365625 0.085153871875 0.23761044999999997 0.08116445312500001 0.229047425 0.0767641578125 0.23126764375 0.08059992499999999 0.239450365625
3 0.0938063734375 0.23411461249999999 0.09805301562499999 0.2315140875 0.09300471875 0.22426364687499997 0.0887580765625 0.2268641703125 0.0938063734375 0.23411461249999999
3 0.15135306875 0.25067889375 0.1533449953125 0.2542979515625 0.163967165625 0.2491215484375 0.162128890625 0.24588279218750003 0.15135306875 0.25067889375
3 0.1584266828125 0.26949783437499997 0.162086534375 0.2720006234375 0.166919965625 0.2642967859375 0.16204758125000002 0.26272627656249997 0.1584266828125 0.26949783437499997
3 0.0691294171875 0.1874594640625 0.07278370468749999 0.188637346875 0.07898331875 0.18038153437499999 0.075175378125 0.1788233484375 0.0691294171875 0.1874594640625
3 0.16028165 0.2767113109375 0.1654613421875 0.279042428125 0.1689285875 0.271890565625 0.16466525 0.27051637031250003 0.16028165 0.2767113109375
3 0.1730126109375 0.30297700625 0.17545993124999998 0.306412075 0.1831905140625 0.3006344078125 0.1804414515625 0.2977636359375 0.1730126109375 0.30297700625
3 0.1829054671875 0.3051734234375 0.17835151875 0.30701333750000004 0.18295555 0.317097584375 0.1878112421875 0.31469337343750003 0.1829054671875 0.3051734234375
3 0.181952321875 0.3316592359375 0.1853048703125 0.333401415625 0.1912027421875 0.3257099 0.1863303578125 0.32413939062499997 0.181952321875 0.3316592359375
3 0.18746714375 0.3413755 0.1914287390625 0.34331399218750003 0.1971729578125 0.335242171875 0.192454228125 0.3340519671875 0.18746714375 0.3413755
3 0.189475765625 0.3489692796875 0.19358545 0.349963171875 0.19766174375 0.343007621875 0.1937001484375 0.341069128125 0.189475765625 0.3489692796875
3 0.191182646875 0.35712735625 0.1949905890625 0.35868554375 0.20072924374999998 0.34928881562499997 0.196312253125 0.34753431562500003 0.191182646875 0.35712735625
3 0.0711324734375 0.19372833750000001 0.0750940671875 0.1956668296875 0.08038845781250001 0.1891039078125 0.0764268640625 0.187165415625 0.0711324734375 0.19372833750000001
3 0.061150578125 0.1703334140625 0.0657212203125 0.17246821875 0.07131735312500001 0.1653409984375 0.066746709375 0.16320619375 0.061150578125 0.1703334140625
3 0.081571003125 0.14483000937499999 0.08265213906249999 0.1488170515625 0.095101453125 0.14422958749999998 0.0935649203125 0.1404265359375 0.081571003125 0.14483000937499999
3 0.11289369062500001 0.3980482328125 0.1169922453125 0.39639230937500003 0.11422092187499999 0.38822191093749997 0.11012236875 0.389877834375 0.11289369062500001 0.3980482328125
3 0.0674791109375 0.30137680312500004 0.06186072031249999 0.3032043953125 0.0657076171875 0.31403692968749997 0.0708706125 0.312393328125 0.0674791109375 0.30137680312500004
3 0.0822833078125 0.3144180765625 0.08698534375 0.3116335609375 0.08254053125000001 0.3032545265625 0.07798658124999999 0.305094440625 0.0822833078125 0.3144180765625
3 0.051618512500000005 0.1454295890625 0.054822971875 0.14811636875 0.0614891109375 0.1423263796875 0.059195440625 0.13927161562499998 0.051618512500000005 0.1454295890625
3 0.075743309375 0.1330282296875 0.076665228125 0.135310059375 0.084105196875 0.1327465015625 0.082875971875 0.1297040609375 0.075743309375 0.1330282296875
3 0.0774279296875 0.135886678125 0.0786627203125 0.140254025 0.0897458484375 0.1362185375 0.0889720171875 0.1329921046875 0.0774279296875 0.135886678125
3 0.081247 0.1400946796875 0.08202083125000001 0.1433211109375 0.0920395171875 0.1392732984375 0.0909639453125 0.1366111625 0.081247 0.1400946796875
3 0.9319090609374999 0.3719478421875 0.9334455937499999 0.3757508921875 0.9449841171875001 0.3715314109375 0.9440510671875 0.3665997671875 0.9319090609374999 0.3719478421875
3 0.9348396015624999 0.381823453125 0.9388067625 0.3850868515625 0.9471352625 0.3768556828125 0.9430200140625 0.3745368859375 0.9348396015624999 0.381823453125
3 0.9734767453125001 0.4577867390625 0.9693781906250001 0.4594426625 0.97291778125 0.469514584375 0.9780807781249999 0.4678709859375 0.9734767453125001 0.4577867390625
3 0.6414537296875 0.654751421875 0.6397969328124999 0.65851750625 0.6477089921875 0.6597446765625 0.649064046875 0.6565428890625 0.6414537296875 0.654751421875
3 0.6938296984375001 0.6349173109375 0.6915638546875 0.63848708125 0.699026084375 0.64122315 0.7008365328124999 0.637837371875 0.6938296984375001 0.6349173109375
2 0.4637752421875 0.6725672140625 0.4657282140625 0.6669119265625 0.45401377812500004 0.6654514734375 0.45297715937499994 0.6720636859375 0.4637752421875 0.6725672140625
3 0.4845886078125 0.7044151078125 0.4832057296875 0.7009923625 0.4734887859375 0.704475875 0.47456992343750004 0.70846291875 0.4845886078125 0.7044151078125
3 0.4710804171875 0.7103151546875 0.47216155468750004 0.7143021984375 0.48415547343750004 0.7098987250000001 0.48322798906250003 0.7062919890625 0.4710804171875 0.7103151546875
3 0.47505314218750005 0.7149034624999999 0.4761287140625 0.7175655984375 0.48584565937499996 0.7140820828125001 0.485071828125 0.71085565 0.47505314218750005 0.7149034624999999
3 0.42411353749999997 0.7146923015625 0.42549641562499996 0.718115046875 0.43353986874999995 0.7144228953125 0.43245873125 0.710435853125 0.42411353749999997 0.7146923015625
3 0.4490477171875 0.750183896875 0.4449269046875 0.74654019375 0.43598379062500003 0.7532501421875 0.4391938140625 0.757261828125 0.4490477171875 0.750183896875
3 0.427669821875 0.7287389453124999 0.4290527 0.732161690625 0.4377052015625 0.728665853125 0.4363223234375 0.7252431078125 0.427669821875 0.7287389453124999
3 0.501390296875 0.722400346875 0.500161071875 0.71935790625 0.49059777968749996 0.7232217265625 0.49167335312500005 0.7258838625 0.501390296875 0.722400346875
3 0.5312426171875 0.6979524453125 0.532932803125 0.7021358015625 0.545234028125 0.6984929390625 0.5444546328125 0.6939415999999999 0.5312426171875 0.6979524453125
3 0.5387716265625 0.716587396875 0.54409940625 0.7179739140625 0.5481701359375 0.70969345625 0.5439067984375 0.7083192609375 0.5387716265625 0.716587396875
3 0.48936298906250003 0.718854378125 0.4878264578125 0.715051328125 0.4744607890625 0.71868186875 0.47524018437500004 0.7232332078125 0.48936298906250003 0.718854378125
3 0.4359983203125 0.7205077765625 0.433852740625 0.7165084125 0.42428945 0.7203722328125 0.4256723296875 0.723794978125 0.4359983203125 0.7205077765625
3 0.9296042625000001 0.366243265625 0.93114079375 0.370046315625 0.9425256640624999 0.3654465296875 0.9409891328125 0.3616434796875 0.9296042625000001 0.366243265625
3 0.9278973828125 0.3580851890625 0.92821581875 0.3614956125 0.9396062531249999 0.358220734375 0.9391341640625 0.354430003125 0.9278973828125 0.3580851890625
3 0.9278695578124999 0.3514606546875 0.9291043484375001 0.35582800312499996 0.9412519203124999 0.351804834375 0.9401707828125 0.3478177921875 0.9278695578124999 0.3514606546875
3 0.8835116921875 0.2167595546875 0.8844391765624999 0.22036629375 0.894463428125 0.21764338749999998 0.8932286375 0.213276040625 0.8835116921875 0.2167595546875
3 0.838396690625 0.08280674375 0.8437077765625001 0.080218540625 0.839257396875 0.07051459843749999 0.8348571015624999 0.07273481875 0.838396690625 0.08280674375
3 0.8323674249999999 0.09541758125000001 0.8379913796875 0.0949148953125 0.8368879828125 0.085628225 0.8318730750000001 0.086327225 0.8323674249999999 0.09541758125000001
3 0.84670169375 0.14138520937500001 0.8483918796875001 0.145568565625 0.859782315625 0.1422936875 0.8583938718749999 0.137546034375 0.84670169375 0.14138520937500001
3 0.8951336890625001 0.23241367500000001 0.8939044624999999 0.229371234375 0.885553703125 0.2323027765625 0.8867829296874999 0.23534521718749998 0.8951336890625001 0.23241367500000001
3 0.9266013781250001 0.3391438671875 0.9279842578125 0.3425666125 0.936033275 0.3401993671875 0.9355611859374999 0.33640863906249996 0.9266013781250001 0.3391438671875
3 0.8949209859374999 0.2541764796875 0.8969129140625001 0.257795540625 0.9084514374999999 0.253576059375 0.9066075984375 0.24901239687499999 0.8949209859374999 0.2541764796875
3 0.9177095859375 0.28566871250000003 0.9161674890624999 0.28054075625 0.9029610390625 0.28587650781249996 0.90510661875 0.28987587187499997 0.9177095859375 0.28566871250000003
3 0.9045365249999999 0.2989539046875 0.905919403125 0.30237665156250004 0.9163934859375 0.2981448484375 0.914856953125 0.294341796875 0.9045365249999999 0.2989539046875
3 0.9066876703125001 0.304278178125 0.9082242015625 0.308081228125 0.9197627265625 0.303861746875 0.9182261953124999 0.3000586953125 0.9066876703125001 0.304278178125
3 0.9305017578125 0.32650838437499996 0.9285098312500001 0.322889325 0.91910019375 0.32713345 0.9203294203124999 0.33017589062499997 0.9305017578125 0.32650838437499996
3 0.9210976859375 0.33207741562500004 0.92278230625 0.334935865625 0.9309794140625 0.33162401875 0.9302055812500001 0.3283975875 0.9210976859375 0.33207741562500004
3 0.924763103125 0.33590511093750003 0.9275121671875001 0.338775884375 0.9352538796875001 0.3356480296875 0.9334156046875 0.33240927343750004 0.924763103125 0.33590511093750003
3 0.4699269359375 0.689104325 0.4708544203125 0.6927110625 0.4789034390625 0.69034381875 0.47843134843749996 0.6865530890625 0.4699269359375 0.689104325
3 0.4671945671875 0.6902082734375 0.4612633046875 0.6899503484375 0.459332590625 0.7009052640625 0.4654175078125 0.70154349375 0.4671945671875 0.6902082734375
3 0.46919205937499997 0.6951522406249999 0.4705749390625 0.6985749859375 0.481356325 0.69510379375 0.4795180515625 0.6918650390625001 0.46919205937499997 0.6951522406249999
3 0.9219568421875 0.5728301453125 0.92577035 0.5757132375 0.9331824937500001 0.566525146875 0.9287655062500001 0.5647706453125 0.9219568421875 0.5728301453125
3 0.8100611109375 0.61317271875 0.8135673109375 0.615295203125 0.8193170953125 0.6085482890625 0.8155091531249999 0.606990103125 0.8100611109375 0.61317271875
3 0.8216051999999999 0.6102781453125 0.82556679375 0.6122166375 0.8311629249999999 0.6050894171875 0.8267459359375 0.6033349171875 0.8216051999999999 0.6102781453125
3 0.8314646671875 0.604525121875 0.8348227796875 0.6075922078125 0.8449784234375001 0.5999499796875 0.8404077796875 0.5978151734375 0.8314646671875 0.604525121875
3 0.812282434375 0.5990036937500001 0.8159200296875 0.59620685625 0.8095111125000001 0.5908332953125 0.8064825671875001 0.5938264484375 0.812282434375 0.5990036937500001
3 0.8139169734375 0.5899379828125 0.8121065234374999 0.5933237625000001 0.8210885906250001 0.5958881625 0.8233544343749999 0.592318390625 0.8139169734375 0.5899379828125
3 0.84067056875 0.5879765296875 0.8412629218750001 0.5841981234375 0.8286488249999999 0.5857554687500001 0.8289672609375 0.5891658921875 0.84067056875 0.5879765296875
3 0.895745515625 0.55908903125 0.893172365625 0.5618981921875 0.9020063453124999 0.5654071921875 0.9039704468749999 0.56240171875 0.895745515625 0.55908903125
3 0.7651362421875 0.633093084375 0.7690922718750001 0.6337066703125 0.77195046875 0.62635849375 0.7684498343749999 0.6255609171875001 0.7651362421875 0.633093084375
3 0.774177359375 0.6135143750000001 0.7750714546874999 0.609171671875 0.76169465625 0.6101523984375 0.7606469078125 0.614114796875 0.774177359375 0.6135143750000001
3 0.7821283734375 0.62401589375 0.777711384375 0.6222613921875 0.7719615984375 0.62900830625 0.7748587515625001 0.6309344765625 0.7821283734375 0.62401589375
3 0.9363813890625 0.56788701875 0.9401893296875 0.56944520625 0.944874671875 0.5626859703125 0.9404576828125 0.56093146875 0.9363813890625 0.56788701875
3 0.9659097078125001 0.5387037875 0.9628533375 0.5350724062500001 0.9504095890625001 0.5409847765625 0.9531642171874999 0.5451804546875 0.9659097078125001 0.5387037875
3 0.7975784078125 0.6098107421875001 0.7966509234375 0.6062040046875 0.786478584375 0.6098715125 0.787252415625 0.6130979453125 0.7975784078125 0.6098107421875001
3 0.7652620703124999 0.6268488578125 0.7608506453125 0.6264192625 0.7586014953125 0.633963753125 0.762255784375 0.6351416359375001 0.7652620703124999 0.6268488578125
3 0.4719466875 0.69934791875 0.47318147968749996 0.703715265625 0.482898421875 0.7002317515625001 0.4818172859375 0.6962447093749999 0.4719466875 0.69934791875
3 0.6294007609375 0.681298003125 0.632912525 0.68474539375 0.640631978125 0.6763179125 0.63590768125 0.6738028 0.6294007609375 0.681298003125
3 0.519639478125 0.7229901296875 0.52405646875 0.72474463125 0.5287418109375001 0.71798539375 0.523869425 0.716414884375 0.519639478125 0.7229901296875
3 0.5536515671875 0.7114602796875 0.5585239515625 0.7130307890625 0.5663914921875 0.7036587046875 0.5604546640625 0.7020758734375 0.5536515671875 0.7114602796875
3 0.5790055890625 0.7021013609375 0.5834225796875 0.7038558609375001 0.587191565625 0.6961397 0.5829282296875 0.6947655046875 0.5790055890625 0.7021013609375
3 0.6317367843749999 0.6582349375 0.6300799875 0.6620010203125 0.6402745875 0.663633140625 0.64254043125 0.6600633703125001 0.6317367843749999 0.6582349375
3 0.665760003125 0.6493548984374999 0.6644105125 0.6538815953125 0.6776447875 0.655170375 0.6791479296875 0.6510239859375 0.665760003125 0.6493548984374999
3 0.6922007265625 0.6453079296875 0.6941592640625001 0.6409775484375 0.6845681484374999 0.638216834375 0.6827577 0.6416026140625 0.6922007265625 0.6453079296875
3 0.618015890625 0.6858977890625 0.62198305 0.6891611890625 0.6289398015625001 0.6801570890625 0.6246709 0.6774579859375 0.618015890625 0.6858977890625
3 0.6397323187499999 0.679335709375 0.643995653125 0.6807099046875 0.6491308265625 0.6724417703125 0.6439567 0.6714355578125 0.6397323187499999 0.679335709375
3 0.7453950453125 0.63929950625 0.7496583828125 0.6406737015624999 0.7534273687499999 0.632957540625 0.7497730812500001 0.631779659375 0.7453950453125 0.63929950625
3 0.651254146875 0.6711415078125 0.6530924203125 0.6743802624999999 0.6614376156249999 0.6701238140625 0.6595993421874999 0.666885059375 0.651254146875 0.6711415078125
3 0.66340171875 0.6671183390625 0.6679779265625 0.6705780515625 0.6766137343749999 0.6631074953125 0.6728002265625 0.6602243999999999 0.66340171875 0.6671183390625
0 0.4424662875 0.703738228125 0.44005235625 0.7082526 0.45071904375000005 0.7136754484375001 0.45343471874999997 0.7085967796875 0.4424662875 0.703738228125
0 0.8520220484375001 0.575427303125 0.8509743015625 0.5793897 0.8619260359375 0.5802735328125 0.862973784375 0.576311134375 0.8520220484375001 0.575427303125
0 0.8694327859375001 0.5936088578125001 0.8741515156249999 0.594799059375 0.878370334375 0.5855740015625 0.874562390625 0.584015815625 0.8694327859375001 0.5936088578125001
3 0.7296578015625 0.6213265875 0.7299818015625 0.62606191875 0.741685109375 0.6248725562499999 0.7413611078125 0.620137225 0.7296578015625 0.6213265875
3 0.732638425 0.643126359375 0.737510809375 0.64469686875 0.7394526546875 0.6363917671875 0.73595201875 0.635594190625 0.732638425 0.643126359375