2 0.1930481765625 0.57086651875 0.196720646875 0.5683126953125 0.191548609375 0.557140221875 0.1888923703125 0.5594217484375 0.1930481765625 0.57086651875
2 0.9194208421875001 0.5724592390625001 0.926534446875 0.570553153125 0.9173119328125001 0.536134265625 0.9091820984375 0.5383126484375 0.9194208421875001 0.5724592390625001
2 0.8344500375000001 0.5967968859375 0.8415636421875 0.5948908015625001 0.83219035 0.5660065765625 0.8255848625000001 0.5677765124999999 0.8344500375000001 0.5967968859375
2 0.8204623765625 0.528334553125 0.8142493343749999 0.5315691218749999 0.8230339546875 0.55825639375 0.8301475578125 0.556350309375 0.8204623765625 0.528334553125
2 0.8120206515625 0.5313814 0.8051032703125 0.5340198015625 0.8113473171875001 0.56138781875 0.8188533703124999 0.56094636875 0.8120206515625 0.5313814
2 0.8247958609375001 0.5993837156249999 0.8308932359375 0.597749928125 0.823990296875 0.5760527234375 0.8175810296874999 0.5785549750000001 0.8247958609375001 0.5993837156249999
2 0.8004496828125 0.5329120421875 0.7937285265625 0.5362827609374999 0.80470671875 0.5670916375 0.8116241000000001 0.5644532359375 0.8004496828125 0.5329120421875
2 0.792743303125 0.5671576453125 0.7998569062499999 0.5652515625000001 0.79365830625 0.544150521875 0.7872490390625 0.546652775 0.792743303125 0.5671576453125
2 0.796930115625 0.6092050046875 0.80333938125 0.60670275 0.7962402187500001 0.584273228125 0.7898309515624999 0.58677548125 0.796930115625 0.6092050046875
2 0.8154804734375001 0.6662411359375 0.8099717703125 0.6700718718750001 0.8185601671875 0.6960268296875001 0.8254775484374999 0.693388428125 0.8154804734375001 0.6662411359375
2 0.8070697546875 0.6998905703125 0.8142990265625001 0.6963837046875 0.8057106296875001 0.670428746875 0.7989894734375 0.6737994656249999 0.8070697546875 0.6998905703125
2 0.7842354625 0.5435357875 0.77661374375 0.5455780203125 0.78477458125 0.5740022265625 0.7918881859375 0.5720961421874999 0.7842354625 0.5435357875
2 0.7880608328125 0.6147211 0.7951744374999999 0.6128150156250001 0.7859973703125 0.5846631078125 0.7792762140625 0.588033825 0.7880608328125 0.6147211
2 0.7739926140625 0.543925665625 0.7666827859375 0.545099434375 0.775316628125 0.577321371875 0.783134571875 0.5760114546875 0.7739926140625 0.543925665625
2 0.7783261 0.6149748296875 0.7849315890625 0.61320489375 0.7768161953125 0.59104766875 0.77111126875 0.5941460890625 0.7783261 0.6149748296875
2 0.7646152171875 0.5495779109375001 0.7575016140625 0.5514839953124999 0.7660549 0.581372834375 0.7736766171875 0.5793306015625 0.7646152171875 0.5495779109375001
2 0.7565308296875 0.558023275 0.75094156875 0.5595209125 0.7577288421875 0.5828189 0.7633181015625 0.5813212625 0.7565308296875 0.558023275
2 0.854363628125 0.6487583734375 0.846822465625 0.65313370625 0.8576044328125001 0.683210265625 0.8648337046875 0.6797034 0.854363628125 0.6487583734375
2 0.8293771031249999 0.5290854375 0.8227716140625001 0.530855371875 0.8307713390625 0.554613378125 0.8371806062499999 0.5521111265624999 0.8293771031249999 0.5290854375
2 0.8668661640625 0.679158803125 0.8730792062500001 0.675924234375 0.8649638124999999 0.653767009375 0.8587507703125 0.657001578125 0.8668661640625 0.679158803125
2 0.8790876703125001 0.547946215625 0.8726784046875 0.5504484671875 0.8811965796875001 0.5842711875 0.889014521875 0.5829612703125 0.8790876703125001 0.547946215625
2 0.8949941078125001 0.503654465625 0.8901091859375001 0.505748271875 0.897485128125 0.5312432109375 0.9030743890625 0.529745571875 0.8949941078125001 0.503654465625
2 0.9152878265625001 0.6606899937499999 0.922632765625 0.6555823453125 0.910245896875 0.6235811328125 0.9039171890625 0.628416484375 0.9152878265625001 0.6606899937499999
2 0.89913136875 0.5739713125 0.9069493109375 0.572661396875 0.899065253125 0.5473026062499999 0.892147871875 0.5499410078125 0.89913136875 0.5739713125
2 0.902669625 0.631890346875 0.8968490296875 0.63658955 0.9078623312499999 0.66346454375 0.91387915 0.659497659375 0.902669625 0.631890346875
2 0.8874137281250001 0.54650015 0.8808082390624999 0.5482700859375 0.888888521875 0.5743611921875 0.8954940109375 0.57259125625 0.8874137281250001 0.54650015
2 0.8758819765625001 0.5095604406249999 0.8697846015625 0.5111942265625 0.8780611078125 0.53801765 0.8843547062500001 0.5371161812499999 0.8758819765625001 0.5095604406249999
2 0.8686031546875 0.5413367953125 0.875404865625 0.540299178125 0.8663434671875001 0.5105464875 0.8604423156250001 0.5129125906249999 0.8686031546875 0.5413367953125
2 0.85073448125 0.5783053781249999 0.8563237406249999 0.5768077390624999 0.8518105968749999 0.559964453125 0.8462213359374999 0.561462090625 0.85073448125 0.5783053781249999
2 0.8737256390624999 0.5807787578125 0.8785300046875 0.5763518515625 0.868578378125 0.5554715406249999 0.8637740125000001 0.5598984453125 0.8737256390624999 0.5807787578125
2 0.856181175 0.513269465625 0.8492637953125 0.515907865625 0.8600457625000001 0.5459844265625 0.866455028125 0.5434821734375 0.856181175 0.513269465625
2 0.8347639109375 0.4821181515625 0.8336423500000001 0.49419209375 0.862348771875 0.5037679140625 0.8629622171875001 0.49183012187499997 0.8347639109375 0.4821181515625
2 0.8629044546875001 0.5891725484375 0.8708380640625 0.5862618484375 0.8612685499999999 0.5566453078125 0.854154946875 0.5585513921875 0.8629044546875001 0.5891725484375
2 0.8481318984374999 0.517780946875 0.840706403125 0.5205554968749999 0.8508997 0.54843510625 0.8573089656249999 0.5459328546875 0.8481318984374999 0.517780946875
2 0.8762435609375 0.6735065578125 0.883160940625 0.67086815625 0.8753925499999999 0.6439085859375 0.8679670546875 0.6466831359375 0.8762435609375 0.6735065578125
2 0.7482853296875 0.5618024390625 0.741483615625 0.5628400578125 0.746434653125 0.5874149578125001 0.7541369296875 0.5877058234375 0.7482853296875 0.5618024390625
2 0.7774173265625001 0.682719284375 0.771516175 0.6850853875 0.7803007953125001 0.7117726609374999 0.7860057234375 0.7086742390625 0.7774173265625001 0.682719284375
2 0.7522263671875 0.63138696875 0.758947525 0.62801625 0.7487542265625 0.6001366406249999 0.7420330703125 0.603507359375 0.7522263671875 0.63138696875
2 0.26447543906250004 0.5305354828125 0.2710003734375 0.5264324484375 0.2573659421875 0.4979050984375 0.252249684375 0.50320046875 0.26447543906250004 0.5305354828125
2 0.20803338125 0.5048445593750001 0.2134264171875 0.50261460625 0.2061764765625 0.48571974687499997 0.20148777812500002 0.48854587031249996 0.20803338125 0.5048445593750001
2 0.234149678125 0.5433706140625 0.23977405 0.5379390953125001 0.2287256359375 0.5149979828125 0.22321693125 0.5188287203125 0.234149678125 0.5433706140625
2 0.21038183593749998 0.4688950296875 0.20346445625 0.47153343124999997 0.216948109375 0.50559544375 0.22366926562499997 0.5022247265625001 0.21038183593749998 0.4688950296875
2 0.2259330578125 0.49847856718749994 0.23378611249999998 0.49323476875 0.21776188593749998 0.4598534984375 0.2116294 0.46542116718750004 0.2259330578125 0.49847856718749994
2 0.2387268140625 0.50760880625 0.2325943296875 0.5131764750000001 0.24532819843749998 0.5403753390625 0.2521650234375 0.5354038390625 0.2387268140625 0.50760880625
2 0.2556061578125 0.5360515796875001 0.260606746875 0.5323569906250001 0.247596096875 0.5020927093750001 0.2429073984375 0.5049188328125 0.2556061578125 0.5360515796875001
2 0.239102696875 0.45413524531249994 0.23277398749999997 0.45897059687499997 0.244687853125 0.4871740765625 0.250704671875 0.48320719062500006 0.239102696875 0.45413524531249994
2 0.22782096875 0.5482059671874999 0.23211721875000002 0.5439152109375 0.22494783593749998 0.5293534515625 0.22096347343749997 0.5327757421875 0.22782096875 0.5482059671874999
2 0.245778409375 0.444497546875 0.23894158437500002 0.449469046875 0.2538690265625 0.4807895140625 0.26070585 0.4758180140625 0.245778409375 0.444497546875
2 0.27103548437499997 0.5224985656250001 0.2776409734375 0.52072863125 0.2665471140625 0.4915205359375 0.2608421875 0.4946189578125 0.27103548437499997 0.5224985656250001
2 0.263246421875 0.47513727031249997 0.2693789078125 0.4695696015625 0.2557444765625 0.4410422515625 0.2494157671875 0.445877603125 0.263246421875 0.47513727031249997
2 0.2837383484375 0.51909484375 0.28955894375 0.5143956421875 0.2759245125 0.48586829218750005 0.26990769375 0.4898351765625 0.2837383484375 0.51909484375
2 0.2888897171875 0.5098655921875 0.2957265390625 0.504894090625 0.2840089 0.4774229296875 0.27768018906249997 0.48225828125000003 0.2888897171875 0.5098655921875
2 0.27328681875 0.4292777421875 0.26695810937500003 0.43411309375 0.2816087703125 0.462368146875 0.2876255890625 0.4584012609375 0.27328681875 0.4292777421875
2 0.1994057671875 0.5173599531249999 0.2050301390625 0.511928434375 0.19159193125 0.48413340156249995 0.1857713359375 0.488832603125 0.1994057671875 0.5173599531249999
2 0.21429809843749997 0.5526143046875001 0.2219198171875 0.5505720703125 0.21301952968750001 0.525485578125 0.205790259375 0.5289924453125 0.21429809843749997 0.5526143046875001
2 0.7383543718750001 0.561323853125 0.73104454375 0.5624976203125 0.7383853765625 0.5919264390625 0.7456952046875001 0.590752671875 0.7383543718750001 0.561323853125
2 0.7398127421875 0.7273307703125 0.7468457890625 0.7230915875 0.73716060625 0.695075828125 0.729931334375 0.6985826953125 0.7398127421875 0.7273307703125
2 0.726783403125 0.56285449375 0.7198660234375 0.5654928953125 0.7301398765625 0.5957056046875 0.7373691484375 0.5921987359374999 0.726783403125 0.56285449375
2 0.7609573296875001 0.7208802000000001 0.767089815625 0.7153125328125001 0.7527056 0.6799220328125 0.746065 0.68562585 0.7609573296875001 0.7208802000000001
2 0.730724440625 0.6324390234374999 0.7358055875 0.6310775343749999 0.728706425 0.6086480125 0.7233133875 0.6108779671875 0.730724440625 0.6324390234374999
2 0.7213862609375 0.59962091875 0.7263868515625 0.5959263296875 0.7170590046875 0.5733090859375001 0.7118621921875 0.5762713578125 0.7213862609375 0.59962091875
2 0.7145039921875 0.5983254359375 0.7040298078125 0.60191688125 0.7133679890625 0.6347349875 0.7250546250000001 0.6316035624999999 0.7145039921875 0.5983254359375
2 0.7468953390624999 0.6948220984375 0.7411904140625001 0.6979205187499999 0.74856635625 0.7234154578124999 0.754271284375 0.7203170375 0.7468953390624999 0.6948220984375
2 0.7232803999999999 0.69408565 0.7153467906250001 0.69699635 0.7252736421875 0.7320114046875 0.733715365625 0.7289645578124999 0.7232803999999999 0.69408565
2 0.193756621875 0.5369262171875 0.18660790625 0.542766184375 0.203417028125 0.5790767203125 0.2103695203125 0.5725044375 0.193756621875 0.5369262171875
2 0.6848102218750001 0.5403506984375 0.67663494375 0.5362621015625 0.6674847749999999 0.57324925 0.675856278125 0.578070165625 0.6848102218750001 0.5403506984375
2 0.7109245375000001 0.692687025 0.701547140625 0.6983392687500001 0.71609246875 0.7383959671875 0.7242574140625 0.732283703125 0.7109245375000001 0.692687025
2 0.6999484687499999 0.7411519484375 0.709013975 0.7363681703125 0.694619425 0.690776809375 0.6845376890625 0.6958328859375 0.6999484687499999 0.7411519484375
2 0.688342390625 0.7466164734375 0.6977197875 0.740964228125 0.6825506765625 0.7026444609375 0.67387761875 0.708892875 0.688342390625 0.7466164734375
2 0.12262893125 0.6799981953125 0.1196050203125 0.6666803453125 0.0835639953125 0.672413034375 0.08627601562500001 0.6865993515625 0.12262893125 0.6799981953125
2 0.053343565625 0.673446521875 0.05774104375 0.691890590625 0.082522990625 0.6868200765625 0.0788298515625 0.6689721750000001 0.053343565625 0.673446521875
2 0.9059371875 0.538397225 0.8997241468749999 0.5416317937499999 0.909213103125 0.5689152359375 0.91562236875 0.5664129828125 0.9059371875 0.538397225
2 0.9141062375000001 0.4977484921875 0.9078126375 0.49864996093749997 0.9136187921875001 0.5182863656250001 0.9197161671874999 0.5166525796875 0.9141062375000001 0.4977484921875
2 0.180258528125 0.5271998109375 0.1838504390625 0.5223128859374999 0.17515671093750002 0.508159575 0.1718766890625 0.5121780328125001 0.180258528125 0.5271998109375
2 0.9237563078125 0.52969813125 0.9173470421875001 0.5322003843750001 0.9267203343749999 0.5610846078125 0.9338339390625 0.5591785234375 0.9237563078125 0.52969813125
2 0.9238204421875 0.6701771078125 0.9167068374999999 0.6720831921875 0.9255720140625 0.701103565625 0.9337018484374999 0.6989251828125 0.9238204421875 0.6701771078125
2 0.9133813703125 0.6698346703125 0.9064639906249999 0.672473071875 0.9159178375 0.70369039375 0.9230314421875001 0.701784309375 0.9133813703125 0.6698346703125
2 0.9422469234375 0.7978869609375 0.936345771875 0.800253065625 0.9421168156249999 0.82382335 0.9484104140625 0.8229218796875 0.9422469234375 0.7978869609375
2 0.9285670453125 0.7630926296875 0.92266589375 0.765458734375 0.931254290625 0.791413690625 0.937351665625 0.7897799046875 0.9285670453125 0.7630926296875
2 0.8997428328125 0.6758437890625 0.892825453125 0.678482190625 0.9042766484375001 0.7130888 0.9126027062500001 0.711642734375 0.8997428328125 0.6758437890625
2 0.9196585468749999 0.8070790765625 0.912937390625 0.8104497953124999 0.9248967015625 0.84492025625 0.9326340859375 0.8412772390625 0.9196585468749999 0.8070790765625
2 0.9084386859375 0.769270903125 0.9020294203124999 0.7717731546875 0.9101097015624999 0.7978642609375 0.916911415625 0.7968266421875 0.9084386859375 0.769270903125
2 0.8904811031250001 0.6798952515625001 0.8828593843749999 0.681937484375 0.8912164468749999 0.71109400625 0.8988381656250001 0.7090517734375 0.8904811031250001 0.6798952515625001
2 0.8777431281249999 0.68723285625 0.8696132953125 0.6894112390625 0.8802444859375 0.7250224609375 0.8895867718750001 0.7233040984375 0.8777431281249999 0.68723285625
2 0.8696091890625001 0.7239477078125 0.877034684375 0.7211731578125 0.8665646078125 0.69022813125 0.8589428890624999 0.692270365625 0.8696091890625001 0.7239477078125
2 0.8987060765624999 0.8487984328125 0.9054272328125 0.8454277156250001 0.8962501656249999 0.8172758078125 0.8888246703125 0.8200503578125 0.8987060765624999 0.8487984328125
2 0.8530417375000001 0.69463646875 0.8446000124999999 0.6976833171875 0.8532689671875 0.7259713734375 0.8613987984374999 0.723792990625 0.8530417375000001 0.69463646875
2 0.891210359375 0.8594407468749999 0.8981277390625 0.8568023453125001 0.8860878734375 0.8199987859375 0.8798748312500001 0.8232333546874999 0.891210359375 0.8594407468749999
2 0.8694605359375001 0.8087561734375001 0.8750497953125 0.807258534375 0.8691279749999999 0.7892229125 0.8644392765625 0.7920490359375 0.8694605359375001 0.8087561734375001
2 0.8765555921875 0.8657221640625 0.8849973171875 0.862675315625 0.8744817953125 0.825463309375 0.8660400703125 0.8285101578124999 0.8765555921875 0.8657221640625
2 0.9584260328124999 0.7911970968750001 0.9525248812499999 0.7935632 0.9597046015625 0.818325821875 0.9663100921875 0.8165558859375001 0.9584260328124999 0.7911970968750001
2 0.9407803421875001 0.70095298125 0.94973018125 0.697769984375 0.9384752093750001 0.663895690625 0.9297215937500001 0.6678110046875 0.9407803421875001 0.70095298125
2 0.9587771406250001 0.75185828125 0.9512359796875 0.7562336125 0.9609562703125001 0.7803154890624999 0.9678736515624999 0.7776770890625 0.9587771406250001 0.75185828125
2 0.977176721875 0.8144290765625 0.9842903265625 0.8125229921875 0.9756213734375001 0.7842349359375 0.9683921015625 0.7877418015625001 0.977176721875 0.8144290765625
2 0.9901005859374999 0.7976229265625 0.994869840625 0.7971299046875 0.9903566953125 0.7802866171875 0.9850793265625001 0.780915790625 0.9901005859374999 0.7976229265625
2 0.9793640640625 0.773813346875 0.9859695531250001 0.7720434109375 0.977808715625 0.74361920625 0.970891334375 0.746257609375 0.9793640640625 0.773813346875
2 0.9623917046875 0.6535628124999999 0.9562943296874999 0.6551965984375 0.9638664968749999 0.681423853125 0.9706682109375 0.680386234375 0.9623917046875 0.6535628124999999
2 0.983112984375 0.8081290921875001 0.990538478125 0.8053545421875 0.98304686875 0.7814603859375 0.9766376031249999 0.7839626375 0.983112984375 0.8081290921875001
2 0.841435659375 0.7001009921875 0.8322895953125 0.702551671875 0.8431521203125 0.73496133125 0.8522981828124999 0.7325106515625001 0.841435659375 0.7001009921875
2 0.8589202359374999 0.785678909375 0.852510971875 0.7881811609375 0.8622767093749999 0.8185300218749999 0.8697022046875 0.8157554703125 0.8589202359374999 0.785678909375
2 0.8294371328125001 0.7041008828125 0.8204872921874999 0.7072838796875 0.8342126171875 0.748345190625 0.84386679375 0.7457583609375 0.8294371328125001 0.7041008828125
2 0.6780066687499999 0.8482826609374999 0.6696806109375 0.8497287265625 0.6786717906249999 0.8873491781249999 0.6864897328125 0.8860392625 0.6780066687499999 0.8482826609374999
2 0.685615928125 0.7567657624999999 0.6777979859375 0.7580756796875 0.686351271875 0.7879645187500001 0.6941692140625 0.7866546015625 0.685615928125 0.7567657624999999
2 0.7127897953125 0.8358229703125 0.7069692 0.8405221734375001 0.7198641828125 0.8723872374999999 0.726389115625 0.8682842031250001 0.7127897953125 0.8358229703125
2 0.70571753125 0.8785325046875 0.7141592546875 0.8754856578125001 0.7020037218749999 0.8402828796874999 0.6946587828124999 0.8453905296875 0.70571753125 0.8785325046875
2 0.6651446734375 0.7332099140625 0.6554904968749999 0.73579674375 0.66957315625 0.78225656875 0.67961978125 0.7811343749999999 0.6651446734375 0.7332099140625
2 0.6896127484375 0.8428181374999999 0.6818753609375 0.846461153125 0.69422711875 0.8823962453125 0.7019645046874999 0.8787532312499999 0.6896127484375 0.8428181374999999
2 0.6911618671875 0.8282749453125 0.689511521875 0.8200833109375001 0.67438375 0.8225669968749999 0.6758378734375 0.8300263125 0.6911618671875 0.8282749453125
2 0.7137978140625 0.9046236109375 0.70928466875 0.8877803249999999 0.6844676093750001 0.8967847203125 0.6901932078125 0.9140880250000001 0.7137978140625 0.9046236109375
2 0.7087124203124999 0.7474374984375001 0.700074471875 0.7497520296875 0.7105094375000001 0.7846309375 0.719539834375 0.7837810390625 0.7087124203124999 0.7474374984375001
2 0.2989077421875 0.9435827531250001 0.305478121875 0.9457466999999999 0.3038525515625 0.9234203203125 0.2979865109375 0.92185254375 0.2989077421875 0.9435827531250001
2 0.9548753187499999 0.6438034 0.9607764703124999 0.6414372968750001 0.9521075171875 0.613149240625 0.9464025890625001 0.6162476609375 0.9548753187499999 0.6438034
2 0.94222200625 0.618937634375 0.9364014109375001 0.6236368359375 0.9454979218749999 0.6494556453125 0.9522190796875 0.6460849265624999 0.94222200625 0.618937634375
2 0.9318634906250001 0.6209282953125 0.925846671875 0.62489518125 0.937056196875 0.6525024921875 0.9425649015625 0.64867175625 0.9318634906250001 0.6209282953125
2 0.9336872671875 0.53017671875 0.9272779999999999 0.532678971875 0.9355896156249999 0.5555685125000001 0.9416869906249999 0.5539347265625 0.9336872671875 0.53017671875
2 0.9220605171875 0.5152395171874999 0.927649778125 0.5137418796875 0.9223166265625 0.49790320781249997 0.91723548125 0.49926469687499997 0.9220605171875 0.5152395171874999
2 0.7295183609375 0.8698004078125001 0.7374519687500001 0.8668897093749999 0.7261969984375 0.8330154171874999 0.7187715031249999 0.8357899671875 0.7295183609375 0.8698004078125001
2 0.7225471796875 0.7421606953125 0.7126967796875 0.7440152078125 0.7227041875 0.7813633640625001 0.733767040625 0.7799688703125 0.7225471796875 0.7421606953125
2 0.8475413875 0.8224783390624999 0.8557868859375001 0.8186991734375001 0.8448438062499999 0.783956415625 0.8362864140624999 0.7886040453125001 0.8475413875 0.8224783390624999
2 0.817659746875 0.8877824171875 0.8241846796875001 0.8836793828125 0.81081669375 0.8480165859375 0.8039798687499999 0.8529880859375 0.817659746875 0.8877824171875
2 0.852362315625 0.8729896281249999 0.8597878109374999 0.8702150765625 0.84884473125 0.8354723187499999 0.8413035687500001 0.8398476515625 0.852362315625 0.8729896281249999
2 0.8209561921875 0.7456180812500001 0.8299060296875 0.742435084375 0.8188472828125001 0.7092931078125 0.8100936671875001 0.713208421875 0.8209561921875 0.7456180812500001
2 0.8330415046875 0.788688621875 0.82600845625 0.7929278046875 0.8381639906249999 0.8281305828125 0.845589484375 0.8253560343749999 0.8330415046875 0.788688621875
2 0.8415762421874999 0.8774495359375001 0.8496255203124999 0.8729380546875 0.8373543187499999 0.8393360609375 0.829501265625 0.8445798578125 0.8415762421874999 0.8774495359375001
2 0.824329228125 0.8334073859375 0.8325747296875001 0.829628221875 0.8216316484374999 0.7948854625 0.8123699171875 0.798936925 0.824329228125 0.8334073859375
2 0.7912934265625 0.7182459296875 0.78163925 0.720832759375 0.7938402296875 0.76230251875 0.8045106359374999 0.7594433921875 0.7912934265625 0.7182459296875
2 0.7696407234375 0.7248326515625 0.7619033390625 0.728475665625 0.7745669859375 0.7635422937499999 0.78199248125 0.76076774375 0.7696407234375 0.7248326515625
2 0.7370532921875 0.82068774375 0.729004015625 0.8251992250000001 0.7421406671875 0.8640635874999999 0.7501899453124999 0.85955210625 0.7370532921875 0.82068774375
2 0.8040563203125 0.8898576546875001 0.8119899296875 0.8869469562500001 0.799834396875 0.8517441781249999 0.792293234375 0.8561195093749999 0.8040563203125 0.8898576546875001
2 0.7593627656249999 0.7291564109374999 0.750921040625 0.7322032593750001 0.7620603453125 0.7676783328125001 0.7719107468749999 0.7658238203125001 0.7593627656249999 0.7291564109374999
2 0.7757113421875 0.8511438765625 0.78364495 0.848233178125 0.7729332046875 0.81028885625 0.764179590625 0.8142041687500001 0.7757113421875 0.8511438765625
2 0.7794747015625 0.8611240140625 0.7712292015625 0.8649031796875001 0.7821722828125 0.8996459375000001 0.7903021156250001 0.89746755625 0.7794747015625 0.8611240140625
2 0.7665756140625 0.8637954203125 0.757625775 0.8669784171874999 0.76872996875 0.9063873734375001 0.77767980625 0.9032043765625 0.7665756140625 0.8637954203125
2 0.73239758125 0.7403061828124999 0.72395585625 0.7433530312500001 0.734425934375 0.7742980562499999 0.7428676578125 0.771251209375 0.73239758125 0.7403061828124999
2 0.3005763515625 0.50673416875 0.30659316875 0.5027672812499999 0.2926819578125 0.471174515625 0.28748514375 0.4741367875 0.3005763515625 0.50673416875
2 0.29016616093750003 0.457720515625 0.29700298593749996 0.452749015625 0.2822717671875 0.4221608640625 0.2762549484375 0.42612775156250005 0.29016616093750003 0.457720515625
2 0.310149971875 0.5018142390625 0.31577434375 0.49638272031249997 0.3005350109375 0.46593071718749995 0.29522253125 0.4704937703125 0.310149971875 0.5018142390625
2 0.299463 0.449735171875 0.30762794531250004 0.44362290781249997 0.2914880515625 0.41184242187500003 0.2839468890625 0.41621775312500003 0.299463 0.449735171875
2 0.1740102328125 0.3412841890625 0.1779945921875 0.3378619 0.169451640625 0.3181739234375 0.1652710578125 0.320863896875 0.1740102328125 0.3412841890625
2 0.1505605109375 0.31067747031250004 0.15677355312500002 0.3074429015625 0.145448359375 0.28143637187500004 0.13923531718749999 0.284670940625 0.1505605109375 0.31067747031250004
2 0.166977184375 0.3455233734375 0.1711577671875 0.3428334 0.16261481718749998 0.3231454234375 0.15843423437499998 0.32583539687499996 0.166977184375 0.3455233734375
2 0.15607544375 0.351584065625 0.1627966015625 0.348213346875 0.15327253125 0.3248637859375 0.1472557125 0.328830671875 0.15607544375 0.351584065625
2 0.1498624015625 0.354818634375 0.1545511 0.35199251249999997 0.1458924828125 0.33390531874999996 0.141908121875 0.3373276078125 0.1498624015625 0.354818634375
2 0.131564046875 0.3149826625 0.13695708281250002 0.312752709375 0.1305271484375 0.2948532359375 0.12552655937499999 0.29854782343749997 0.131564046875 0.3149826625
2 0.139861221875 0.36220780937499997 0.144353696875 0.358649371875 0.136479975 0.34349144374999996 0.13269183906249998 0.3476460515625 0.139861221875 0.36220780937499997
2 0.11942918437500001 0.300181609375 0.1144285953125 0.30387619843749997 0.1236758828125 0.3241603421875 0.128676471875 0.3204657546875 0.11942918437500001 0.300181609375
2 0.1144492640625 0.3242779234375 0.1196460765625 0.3213156515625 0.112592359375 0.305153109375 0.10790366093749999 0.3079792328125 0.1144492640625 0.3242779234375
2 0.101021390625 0.306683753125 0.0965289171875 0.310242190625 0.10287829531249999 0.325808565625 0.107878884375 0.322113978125 0.101021390625 0.306683753125
2 0.064249128125 0.24668121875 0.06905349375 0.24225431249999999 0.0613759953125 0.227828703125 0.055867290624999996 0.23165943906250003 0.064249128125 0.24668121875
2 0.0681074875 0.23465884843749998 0.0725999609375 0.2311004078125 0.066134915625 0.2171348171875 0.0616424390625 0.22069325625 0.0681074875 0.23465884843749998
2 0.08015145781250001 0.2369259375 0.084447709375 0.2326351828125 0.0745766390625 0.21408796875 0.0712966171875 0.21810642656249998 0.08015145781250001 0.2369259375
2 0.1307460234375 0.20217700624999999 0.1361390609375 0.1999470515625 0.1286928953125 0.18231987656249998 0.124004196875 0.1851459984375 0.1307460234375 0.20217700624999999
2 0.14113965 0.19625246406250002 0.1449277859375 0.1920978578125 0.13443293437499998 0.175287575 0.1311529125 0.1793060328125 0.14113965 0.19625246406250002
2 0.1547906453125 0.2797180078125 0.149281940625 0.28354874531249996 0.1587254546875 0.30456520625 0.1644303828125 0.3014667859375 0.1547906453125 0.2797180078125
2 0.162955590625 0.2736057453125 0.1589712296875 0.277028034375 0.1667292859375 0.29378674375 0.1712217609375 0.2902283046875 0.162955590625 0.2736057453125
2 0.1786679265625 0.30785547968750004 0.17296299843750002 0.3109538984375 0.18229084375 0.33357114375 0.18811143749999998 0.32887194062499997 0.1786679265625 0.30785547968750004
2 0.22417723750000002 0.30900450625000003 0.23078272812499998 0.3072345703125 0.2227830015625 0.2834765640625 0.2168818515625 0.2858426671875 0.22417723750000002 0.30900450625000003
2 0.2435185796875 0.2206231671875 0.23628930937499998 0.2241300328125 0.24628638125000002 0.2512773265625 0.2530075375 0.24790660781249999 0.2435185796875 0.2206231671875
2 0.2545030015625 0.29616937499999996 0.261027934375 0.29206634062500003 0.2514233078125 0.2663836796875 0.2450945984375 0.27121903125 0.2545030015625 0.29616937499999996
2 0.2439131515625 0.3013616 0.2503224171875 0.2988593484375 0.24071779062499998 0.2731766890625 0.2350128640625 0.276275109375 0.2439131515625 0.3013616
2 0.2291364890625 0.26450646718750004 0.2349570828125 0.259807265625 0.22230376875000002 0.2349415 0.21730317968750001 0.23863608906249997 0.2291364890625 0.26450646718750004
2 0.21315770781249999 0.23739217968749998 0.20804145 0.24268755 0.219990425 0.2669571484375 0.22561479687500002 0.261525628125 0.21315770781249999 0.23739217968749998
2 0.23558709375000003 0.302807665625 0.24078390624999998 0.2998453953125 0.231848509375 0.278692784375 0.2271598109375 0.2815189078125 0.23558709375000003 0.302807665625
2 0.2200772109375 0.3140275796875 0.2244891296875 0.308136040625 0.21148881406250003 0.288072621875 0.207076896875 0.2939641609375 0.2200772109375 0.3140275796875
2 0.1704967515625 0.2692304109375 0.1656923859375 0.27365731718749997 0.175251565625 0.29307299531250003 0.1805640453125 0.288509940625 0.1704967515625 0.2692304109375
2 0.20064696093749998 0.2760646875 0.20623622187500001 0.27456705000000003 0.19831705156249999 0.25314214375 0.19362835312499999 0.255968265625 0.20064696093749998 0.2760646875
2 0.20886357968749997 0.32095673593749996 0.2155041796875 0.31525292031249996 0.20434009999999997 0.2939125890625 0.1978151671875 0.2980156234375 0.20886357968749997 0.32095673593749996
2 0.1900715515625 0.2569213078125 0.1841704015625 0.25928741093749996 0.19146578593750002 0.28244925 0.1973669375 0.280083146875 0.1900715515625 0.2569213078125
2 0.2012067515625 0.326932853125 0.206911678125 0.32383443125 0.1969951609375 0.2990202375 0.191994571875 0.30271482656250004 0.2012067515625 0.326932853125
2 0.1792049203125 0.2590481171875 0.1731881015625 0.263015003125 0.18482518750000002 0.2881530671875 0.1906457828125 0.2834538640625 0.1792049203125 0.2590481171875
2 0.189439559375 0.3277311765625 0.1966688296875 0.324224309375 0.18914210781250002 0.3042640359375 0.1824209515625 0.307634753125 0.189439559375 0.3277311765625
2 0.17766811875 0.1699819 0.18306115625 0.16775194531249998 0.17671177656249998 0.1521855734375 0.1713187390625 0.1544155265625 0.17766811875 0.1699819
2 0.19830459218750002 0.163667478125 0.20279706718749999 0.1601090390625 0.19253355 0.14009719375000002 0.18823729843749998 0.1443879484375 0.19830459218750002 0.163667478125
2 0.2438634578125 0.1365470171875 0.2480440421875 0.13385704375000002 0.23887730937499999 0.1159059984375 0.23520483906249998 0.11845982343749999 0.2438634578125 0.1365470171875
3 0.099817434375 0.6233189375 0.09606440625 0.6235396625 0.0984996484375 0.6346605656250001 0.102564565625 0.6335713734375 0.099817434375 0.6233189375
3 0.094771396875 0.6207465453125 0.0905102578125 0.6211034203125 0.0927141640625 0.635425884375 0.09748341875 0.6349328625 0.094771396875 0.6207465453125
3 0.0762024921875 0.6225824890625 0.0724494671875 0.6228032156250001 0.0737528109375 0.6357971953125 0.077817728125 0.6347080046875 0.0762024921875 0.6225824890625
3 0.0697126703125 0.62275164375 0.0654515296875 0.6231085171874999 0.0680478828125 0.638895615625 0.073325253125 0.63826644375 0.0697126703125 0.62275164375
3 0.039506681249999995 0.5994495234375 0.043375373437499996 0.597628015625 0.0390233421875 0.5854509265625001 0.035662764062500005 0.5871362875 0.039506681249999995 0.5994495234375
3 0 0.535731640625 0.0008176281250000001 0.5383908 0.0049982109375 0.535700828125 0 0.52307449375 0 0.535731640625
3 0.11455275625000001 0.61937061875 0.11079973125 0.6195913453124999 0.1130036375 0.6339138109375 0.11828100625 0.6332846390625 0.11455275625000001 0.61937061875
3 0.011421634375 0.122694825 0.014400099999999999 0.1297456953125 0.027253743749999997 0.12080730937499999 0.0242752765625 0.11375643906249999 0.011421634375 0.122694825
3 0 0.146452028125 0.0012449015625 0.14975340937499998 0.0099985171875 0.145838096875 0.0074124984375 0.140251859375 0 0.1444064390625 0 0.146452028125
3 0.0707450390625 0.098165325 0.072314828125 0.104023859375 0.082280896875 0.10056856562500001 0.0781705328125 0.09539077500000001 0.0707450390625 0.098165325
3 0.104194240625 0.62136128125 0.10044121406249999 0.6215820062499999 0.10358079375 0.6332990765625001 0.10713759687499999 0.6323460328125 0.104194240625 0.62136128125
3 0.12053446406249999 0.6193376171875 0.1160771 0.6189621734374999 0.1187891203125 0.633148490625 0.12336215156250001 0.63192315 0.12053446406249999 0.6193376171875
2 0.2779773578125 0.11955727812500001 0.2837979515625 0.114858075 0.2720452 0.09132079374999999 0.26622460625 0.096019996875 0.2779773578125 0.11955727812500001
3 0.045292165625000005 0.5986842015625 0.049472748437500005 0.595994228125 0.0443358234375 0.5808878734375 0.0394509 0.5829816796875 0.045292165625000005 0.5986842015625
2 0.281885265625 0.0792654203125 0.2764922296875 0.08149537500000001 0.2852314046875 0.1019156671875 0.2904282171875 0.098953396875 0.281885265625 0.0792654203125
2 0.7763427671875001 0.007997721874999999 0.7671967046875 0.0104484015625 0.7844891640625 0.060757534375 0.79324278125 0.056842220312500004 0.7763427671875001 0.007997721874999999
2 0.8036467406250001 0.061118540624999995 0.8136128093749999 0.0576632453125 0.7963203484375 0.0073541140625 0.78725484375 0.01213789375 0.8036467406250001 0.061118540624999995
2 0.81286713125 0.016263628125 0.8051297453125 0.01990664375 0.8166966078125 0.0529124703125 0.824041546875 0.0478048203125 0.81286713125 0.016263628125
3 0.081791753125 0.6210848515625 0.0775306125 0.6214417265625001 0.080046409375 0.634895725 0.08430755 0.6345388515625 0.081791753125 0.6210848515625
3 0.08704845312500001 0.6000539546875 0.09130959375 0.5996970796875 0.0889094640625 0.5846422984374999 0.08433643125 0.5858676390625 0.08704845312500001 0.6000539546875
3 0.0241454515625 0.525860971875 0.027817921875000002 0.5233071453125 0.0227615515625 0.510533890625 0.019597196875 0.512951565625 0.0241454515625 0.525860971875
3 0.013475046874999999 0.5287200984375 0.0176556296875 0.5260301234375 0.012795484375 0.5139891859375 0.008418676562500001 0.5159468421875 0.013475046874999999 0.5287200984375
3 0.0923258234375 0.59942478125 0.0965869625 0.5990679078125 0.09457927968749999 0.585477759375 0.09012191562500001 0.5851023171875 0.0923258234375 0.59942478125
3 0.1114028421875 0.5974526890625 0.1153520921875 0.59796428125 0.114048746875 0.5849702984375 0.109395159375 0.583862540625 0.1114028421875 0.5974526890625
3 0.10358490000000001 0.5987626046875001 0.10733792499999999 0.5985418796875 0.1053302421875 0.58495173125 0.10036476406249999 0.5847124375 0.10358490000000001 0.5987626046875001
2 0.25755579375000004 0.26081601249999997 0.25204709062499997 0.2646467484375 0.2603938171875 0.283602409375 0.26609874375000003 0.28050398906249996 0.25755579375000004 0.26081601249999997
2 0.268769425 0.2538868546875 0.26142448749999997 0.2589945046875 0.2748626953125 0.28678953749999997 0.281387628125 0.2826865015625 0.268769425 0.2538868546875
2 0.2525035296875 0.2135062875 0.24597859687499998 0.2176093234375 0.2573037890625 0.24361585156249999 0.26382872343749997 0.2395128171875 0.2525035296875 0.2135062875
2 0.8469731015624999 0.45451497031250004 0.8554148265625001 0.45146812187499996 0.8452566406249999 0.41965463124999997 0.8375192531250001 0.42329764687500004 0.8469731015624999 0.45451497031250004
2 0.798191978125 0.38831146250000004 0.789946478125 0.39209062656250004 0.8015938968749999 0.4274295546875 0.8098393968750001 0.4236503890625 0.798191978125 0.38831146250000004
2 0.737633328125 0.31270541875 0.7262482484375 0.304767515625 0.7193969828125 0.33407462187500003 0.73230640625 0.341604078125 0.737633328125 0.31270541875
2 0.8120784140625 0.4340389734375 0.8044566953125001 0.43608120625 0.8166927859375 0.47361708281250003 0.8242339484375 0.46924175 0.8120784140625 0.4340389734375
2 0.8126918609375 0.42210117968749994 0.8211335859375 0.4190543296875 0.808781828125 0.3831192375 0.8010444421875 0.386762253125 0.8126918609375 0.42210117968749994
2 0.8239963843749999 0.4277059828125 0.817079003125 0.430344384375 0.8273177468749999 0.46449097500000003 0.834235128125 0.461852575 0.8239963843749999 0.4277059828125
2 0.82316604375 0.418509734375 0.83141154375 0.41473057031250005 0.8195679015625 0.378659328125 0.8120267390624999 0.3830346609375 0.82316604375 0.418509734375
2 0.8399275953125 0.3692794890625 0.833714553125 0.372514059375 0.8445419671875 0.4088576 0.85134368125 0.40781998125 0.8399275953125 0.3692794890625
2 0.7911197140625 0.43102099843749997 0.799365215625 0.4272418328125 0.7874864609375 0.3951044703125 0.7797490765624999 0.3987474875 0.7911197140625 0.43102099843749997
2 0.7998690828125 0.26855808125 0.791935471875 0.27146878124999996 0.8036634484375 0.30914080625 0.8123013953125 0.30682627500000004 0.7998690828125 0.26855808125
2 0.8558464906250001 0.4144624046875 0.8477972140625001 0.41897388593749996 0.8597214125000001 0.45737822812499995 0.8681631375000001 0.45433138125 0.8558464906250001 0.4144624046875
2 0.85501615 0.40526615625 0.8640816546875 0.400482378125 0.8513374515625 0.36308265 0.8432881734375 0.36759413125 0.85501615 0.40526615625
2 0.864992553125 0.412011725 0.8574513906250001 0.41638705781249996 0.8712923796875 0.4558475859375 0.8793416578125001 0.45133610468749996 0.864992553125 0.412011725
2 0.8658022234375 0.4008062484375 0.8747520609375 0.3976232515625 0.8644327625000001 0.3611435609375 0.8556791468749999 0.3650588734375 0.8658022234375 0.4008062484375
2 0.8776954171875 0.408608003125 0.8694499171875 0.4123871671875 0.8836027968750001 0.45097923125 0.8914558515625 0.44573543281249994 0.8776954171875 0.408608003125
2 0.8052023734375 0.4774808234375 0.8139559890625 0.4735655109375 0.8019161234375 0.4367619515625 0.7931625078125 0.4406772640625 0.8052023734375 0.4774808234375
2 0.79038649375 0.4790960421875 0.7975000984375 0.47718995781249995 0.784640228125 0.44139101406250003 0.778427184375 0.44462558281250003 0.79038649375 0.4790960421875
2 0.8776045265624999 0.39607404062499996 0.8853419109375 0.392431025 0.8724820390625 0.3566320796875 0.8649408765625 0.3610074125 0.8776045265624999 0.39607404062499996
2 0.35734261875 0.42794721718749995 0.34835766874999996 0.43506409531249995 0.368180365625 0.47449162031250003 0.3756409734375 0.4677831890625 0.35734261875 0.42794721718749995
2 0.3322302328125 0.492758271875 0.340279509375 0.488246790625 0.3221773796875 0.44914313593750005 0.3150286640625 0.4549831015625 0.3322302328125 0.492758271875
2 0.3013281171875 0.399787046875 0.29296694843750004 0.40516699375 0.3106766328125 0.4428060140625 0.31852968593750003 0.43756221718750005 0.3013281171875 0.399787046875
2 0.313834759375 0.3956510078125 0.306097371875 0.3992940234375 0.32239837968749996 0.435740709375 0.3299395421875 0.43136537500000005 0.313834759375 0.3956510078125
2 0.33370290156250004 0.4413455125 0.3266698546875 0.445584696875 0.343443865625 0.485829115625 0.35098502656249997 0.4814537828125 0.33370290156250004 0.4413455125
2 0.35254448125 0.47711145312500003 0.3611018734375 0.4724638234375 0.3471906609375 0.44087105781249997 0.33984572343749997 0.44597870625 0.35254448125 0.47711145312500003
2 0.33434523125000004 0.38073650625 0.3268040671875 0.3851118375 0.344941309375 0.4202816109375 0.35146624375 0.4161785765625 0.33434523125000004 0.38073650625
2 0.3535338109375 0.4117000984375 0.36169875625 0.4055878359375 0.3450858578125 0.370009615625 0.3367246890625 0.3753895625 0.3535338109375 0.4117000984375
2 0.7723586906250001 0.39758815468750003 0.7653256421875 0.40182733906249996 0.7768925062500001 0.4348331671875 0.7841217765625 0.4313263 0.7723586906250001 0.39758815468750003
2 0.3681638015625 0.41955342656249994 0.35929452031250003 0.4250695234375 0.3788858828125 0.4676986125 0.38693516093749997 0.46318713125000005 0.3681638015625 0.41955342656249994
2 0.360213628125 0.36752593125 0.35349247031250003 0.3708966484375 0.36850046875000003 0.40455021718750006 0.3755335171875 0.40031103281249997 0.360213628125 0.36752593125
2 0.40641283906250003 0.3936067328125 0.39683921875 0.3985266609375 0.42317240937499995 0.4581867578125 0.43254980625000006 0.45253451250000004 0.40641283906250003 0.3936067328125
2 0.6939500546875 0.49316268750000003 0.685971 0.48980640624999994 0.67780195 0.5304551390625 0.6871896828125 0.53500375625 0.6939500546875 0.49316268750000003
2 0.7796355312500001 0.4796220703125 0.787765365625 0.4774436875 0.7772952875 0.4464986625 0.769754125 0.45087399531249994 0.7796355312500001 0.4796220703125
2 0.761884509375 0.40117959843750006 0.754343346875 0.4055549328125 0.7668107703125 0.43988924375 0.774155709375 0.43478159375000003 0.761884509375 0.40117959843750006
2 0.8422388171874999 0.25799004062500003 0.83340464375 0.2595722546875 0.8448207296874999 0.298112746875 0.8531467875000001 0.2966666796875 0.8422388171874999 0.25799004062500003
2 0.8912947390625 0.4410692328125 0.8993440140625 0.43655775312499995 0.8874652624999999 0.404420390625 0.8796122078125 0.4096641890625 0.8912947390625 0.4410692328125
2 0.26024091562499996 0.20986327187499998 0.2544203203125 0.2145624734375 0.26687740937500004 0.23869592343749998 0.2726980046875 0.233996721875 0.26024091562499996 0.20986327187499998
2 0.3109987171875 0.259054340625 0.3178004296875 0.258016721875 0.3101125953125 0.23339025000000002 0.30370333125000004 0.23589250156250002 0.3109987171875 0.259054340625
2 0.7843385296875 0.2593762703125 0.7870051046875 0.26729560625 0.80033175 0.2621549515625 0.797977065625 0.2533671515625 0.7843385296875 0.2593762703125
2 0.7623965875 0.173422909375 0.7542213078125 0.1693343109375 0.7486981625 0.1975006546875 0.7565615515624999 0.20245771875 0.7623965875 0.173422909375
2 0.7339897390625 0.2665880296875 0.7483078390625 0.27530982187499997 0.7556217734375 0.239599584375 0.740876115625 0.233347040625 0.7339897390625 0.2665880296875
2 0.3905434953125 0.32015433125000003 0.38206666093749997 0.327135059375 0.40553705156250003 0.378143503125 0.41350577343749995 0.37129892343750004 0.3905434953125 0.32015433125000003
2 0.3780823015625 0.33055734999999997 0.36718056093749996 0.3366180421875 0.39112395625 0.39142421875 0.4013213578125 0.384767359375 0.3780823015625 0.33055734999999997
2 0.3360223328125 0.260983125 0.3446953921875 0.2547347109375 0.327886271875 0.218424175 0.32022944062500003 0.224400290625 0.3360223328125 0.260983125
2 0.32196855625 0.16585208437500001 0.3130992734375 0.1713681796875 0.336650221875 0.2247097234375 0.3450113890625 0.21932977656250002 0.32196855625 0.16585208437500001
2 0.7751634421875 0.11741409218750001 0.76648005 0.11346164218749999 0.75947800625 0.1483034140625 0.768045734375 0.153856646875 0.7751634421875 0.11741409218750001
2 0.3115047078125 0.17964439062499998 0.30396354531249997 0.1840197234375 0.315173071875 0.21162703437500002 0.3229104578125 0.2079840203125 0.3115047078125 0.17964439062499998
2 0.29727339375 0.217993028125 0.30196209218750003 0.21516690624999998 0.293419140625 0.1954789296875 0.28923855781249996 0.198168903125 0.29727339375 0.217993028125
2 0.3026829953125 0.27070126875 0.309600375 0.2680628671875 0.2986221828125 0.23725399062500002 0.2913929125 0.2407608578125 0.3026829953125 0.27070126875
2 0.2772710375 0.23277138125 0.2832878546875 0.22880449375 0.27184699375 0.2043987484375 0.2661420671875 0.20749716875000002 0.2772710375 0.23277138125
2 0.294668828125 0.27127886874999996 0.2994731953125 0.2668519625 0.28901345156249997 0.24610780000000002 0.284520978125 0.24966623906250002 0.294668828125 0.27127886874999996
2 0.2838476453125 0.2796726578125 0.28916012343749997 0.2751096046875 0.2781117109375 0.2521684921875 0.2722911171875 0.25686769531250003 0.2838476453125 0.2796726578125
2 0.7980968390625 0.21722989843749999 0.791063790625 0.22146908125000003 0.8042004437499999 0.26033344375 0.8129540578125001 0.2564181296875 0.7980968390625 0.21722989843749999
2 0.8144721734375 0.2112723515625 0.8067347859374999 0.2149153671875 0.81764275625 0.2535920078125 0.82698504375 0.25187364375 0.8144721734375 0.2112723515625
2 0.888783046875 0.393078765625 0.8960123187500001 0.3895718984375 0.885461684375 0.3562937734375 0.8781167453125001 0.3614014234375 0.888783046875 0.393078765625
2 0.884870890625 0.27482302187499996 0.8935088375 0.27250849062500004 0.8819419749999999 0.2395026625 0.8745164796875 0.24227721249999998 0.884870890625 0.27482302187499996
2 0.9009034703125 0.432215425 0.908132740625 0.42870855781249995 0.89875945 0.3998243328125 0.89203829375 0.40319505156249996 0.9009034703125 0.432215425
2 0.8983566671875 0.3881588375 0.90730650625 0.3849758390625 0.89573964375 0.3519700125 0.8878060328125 0.35488071250000003 0.8983566671875 0.3881588375
2 0.9066868296875 0.3521763015625 0.90109756875 0.3536739390625 0.9103551937500001 0.3841589453125 0.9164525687499999 0.382525159375 0.9066868296875 0.3521763015625
2 0.8559124640625001 0.24804703906249997 0.8467664015624999 0.25049771875000004 0.861784734375 0.29435215000000003 0.8704226828125 0.29203761875 0.8559124640625001 0.24804703906249997
2 0.867171540625 0.2473848640625 0.8592379328125 0.25029556249999996 0.8706085703124999 0.282569071875 0.8782302890624999 0.28052683906250003 0.867171540625 0.2473848640625
2 0.9197325890625001 0.3785067015625 0.9290748765625001 0.37678833749999996 0.9188712453125 0.338707865625 0.9104295203125 0.341754715625 0.9197325890625001 0.3785067015625
2 0.8756772578125 0.1917329203125 0.8718085640625001 0.193554428125 0.8772222718749999 0.21172619843749999 0.8815990781249999 0.20976854218750002 0.8756772578125 0.1917329203125
2 0.8308537359375 0.2500521359375 0.8389030140625 0.2455406546875 0.8234922328125001 0.200221590625 0.8159510718749999 0.20459692343749997 0.8308537359375 0.2500521359375
2 0.8702801156250001 0.22849934374999997 0.8777056109375 0.22572479374999999 0.8690366578125 0.1974367375 0.8624311671875 0.19920667187500002 0.8702801156250001 0.22849934374999997
2 0.8339085109375001 0.100888503125 0.841842121875 0.0979778046875 0.830079034375 0.0642396609375 0.8230459874999999 0.06847884374999999 0.8339085109375001 0.100888503125
2 0.8186237343749999 0.06416952031249999 0.8093620046875 0.0682209828125 0.8241490015625 0.1152769765625 0.8341150703125001 0.1118216828125 0.8186237343749999 0.06416952031249999
2 0.8399130140625 0.200531025 0.8316675124999999 0.204310190625 0.8446884984375 0.24477533437500001 0.8534421125 0.24086002031249998 0.8399130140625 0.200531025
2 0.7938872328125 0.0755070140625 0.7839211640625 0.078962309375 0.80306019375 0.138195390625 0.814238715625 0.135200115625 0.7938872328125 0.0755070140625
2 0.7810687 0.08051151875 0.7718069703125 0.08456298125 0.7870215265625 0.129149728125 0.7969875953125001 0.125694434375 0.7810687 0.08051151875