3 0.47824229531249995 0.9293455765624999 0.47521803125 0.9311793546875 0.4771148765625 0.9501229671875 0.4801391421875 0.948289190625 0.47824229531249995 0.9293455765624999
2 0.49130459687499994 0.38365227812499997 0.492433846875 0.3983022765625 0.5024621375 0.393631659375 0.5017016171875001 0.380696953125 0.49130459687499994 0.38365227812499997
2 0.80820186875 0.2697599578125 0.8097671999999999 0.279210221875 0.8172675843749999 0.2728997140625 0.8160107078125 0.2634386765625 0.80820186875 0.2697599578125
2 0.695173015625 0.287532359375 0.6942245921875 0.278060553125 0.6857084328124999 0.28181428125 0.68668699375 0.29214911875 0.695173015625 0.287532359375
2 0.6713298171875001 0.2503452765625 0.6719999234375 0.2606908859375 0.6802377671875 0.2578109625 0.67925920625 0.24747612343749997 0.6713298171875001 0.2503452765625
2 0.6182314437499999 0.2686171125 0.614560134375 0.2696094015625 0.6162992171874999 0.292878946875 0.6200006640625 0.2927496890625 0.6182314437499999 0.2686171125
2 0.6198908515625 0.35151125156249996 0.62507429375 0.3496020734375 0.62269524375 0.3168499515625 0.617511803125 0.3187591296875 0.6198908515625 0.35151125156249996
2 0.595822534375 0.325565125 0.5921512250000001 0.3265574140625 0.5941916828125 0.3584572765625 0.598171446875 0.357454215625 0.595822534375 0.325565125
2 0.4453342171875 0.323043534375 0.441264040625 0.3214575 0.44050535156250004 0.343950184375 0.44460566718749994 0.3463992515625 0.4453342171875 0.323043534375
3 0.4579729171875 0.897218196875 0.46167436406249995 0.8970889390625001 0.46014624687500005 0.8798606187500001 0.45678339062499995 0.8808421359375 0.4579729171875 0.897218196875
2 0.2687040703125 0.6420100890625 0.2697429078125 0.654070990625 0.278875975 0.6502957203124999 0.27749854687500003 0.6373825562500001 0.2687040703125 0.6420100890625
2 0.134668628125 0.7745751765625 0.13117814375 0.7807456562499999 0.1358812140625 0.800455359375 0.1390632421875 0.79429565 0.134668628125 0.7745751765625
2 0.1460088265625 0.8251601375 0.1496499984375 0.8233048171874999 0.147730090625 0.79485708125 0.143780465625 0.7967231734375 0.1460088265625 0.8251601375
2 0.096611903125 0.843302715625 0.095573065625 0.8312418140625001 0.087643675 0.8341109671875 0.0880957421875 0.84705644375 0.096611903125 0.843302715625
2 0.09480546875 0.8269481984375 0.0937666328125 0.8148872953125 0.08580710625 0.8168934171875 0.0865676265625 0.8298281234375 0.09480546875 0.8269481984375
2 0.542853621875 0.37407538906250004 0.546246615625 0.37395690312499996 0.54527513125 0.35498097500000003 0.541852 0.354236428125 0.542853621875 0.37407538906250004
2 0.801708353125 0.25184094687499997 0.80271705 0.2630388171875 0.8133923875000001 0.259209690625 0.812413828125 0.24887485156250003 0.801708353125 0.25184094687499997
3 0.6496850703125 0 0.6510725109375 0.015157681249999999 0.6544052296875 0.0133131328125 0.6525057484375 0 0.6496850703125 0
3 0.38316438750000004 0.0815427984375 0.3859404734375 0.08144585625 0.38438221875 0.0633545015625 0.3819145859375 0.0634406734375 0.38316438750000004 0.0815427984375
3 0.4216964890625 0.18561550468750002 0.42456298593749997 0.18810765625 0.4258410953125 0.171645425 0.42328305000000005 0.1691425 0.4216964890625 0.18561550468750002
3 0.07086561875 0.2298379046875 0.06750276093749999 0.230819421875 0.06822606718749999 0.25153218593750004 0.0719275140625 0.251402928125 0.07086561875 0.2298379046875
3 0.4628371640625 0.8331061 0.4601514921875 0.8357921390625 0.461957925 0.8521466578125001 0.46532078125 0.8511651406249999 0.4628371640625 0.8331061
3 0.4564694421875 0.7745707390625001 0.4540620859375 0.7763829734375001 0.455620340625 0.794474328125 0.45864460625000003 0.79264055 0.4564694421875 0.7745707390625001
3 0.454622134375 0.6951395 0.4512592765625 0.6961210171875 0.45241866406250003 0.7116340453125 0.45550320468749994 0.71152633125 0.454622134375 0.6951395
3 0.436059865625 0.6499912421875 0.438437084375 0.6473159765625 0.43696924375 0.6318137171875 0.434592025 0.634488984375 0.436059865625 0.6499912421875
3 0.43636465625 0.5791256921875 0.4326933484375 0.58011798125 0.43459019374999996 0.5990615953125 0.4375843203125 0.596364784375 0.43636465625 0.5791256921875
3 0.42473381874999994 0.582124103125 0.427727946875 0.57942729375 0.42653842031250006 0.56305123125 0.423205703125 0.56489578125 0.42473381874999994 0.582124103125
3 0.4305163546875 0.52662078125 0.42807885937499995 0.527569984375 0.4296069765625 0.5447983046875 0.43296983281249996 0.5438167875000001 0.4305163546875 0.52662078125
3 0.41965128125 0.49848541874999996 0.422984 0.49664086875 0.4208088375 0.47857105781250003 0.418062890625 0.4795310328125 0.41965128125 0.49848541874999996
3 0.423372128125 0.43700550312499997 0.42034786406249997 0.43883928125000005 0.42187598125000003 0.4560676015625 0.42490024374999996 0.4542338234375 0.423372128125 0.43700550312499997
2 0.304910071875 0.5733471765625 0.3058584953125 0.582818984375 0.3131408390625 0.579108340625 0.31222255468750004 0.570499565625 0.304910071875 0.5733471765625
2 0.254119734375 0.5604313828125 0.250170109375 0.562297475 0.2523452703125 0.5803672843750001 0.256325034375 0.5793642234374999 0.254119734375 0.5604313828125
2 0.2080238078125 0.6907896375 0.2073235625 0.6795809968750001 0.1991459953125 0.6841869843749999 0.20009441875 0.693658790625 0.2080238078125 0.6907896375
2 0.061589434374999995 0.5213582234375 0.05853503125 0.5223289703125 0.05910764843750001 0.538726575 0.06247050625 0.5377450578125 0.061589434374999995 0.5213582234375
3 0.0391834421875 0.1981090703125 0.03826515625 0.18950029531249998 0.03249494375 0.1922940484375 0.0331047765625 0.20091359375 0.0391834421875 0.1981090703125
3 0.20199917812499998 0.13798611249999998 0.20141948593749998 0.13022959843749998 0.1950625015625 0.13390792499999998 0.1956421953125 0.14166443906249998 0.20199917812499998 0.13798611249999998
3 0.0044253859375 0.042923601562500004 0.007788240625 0.041942084375 0.006846895312499999 0.023829187499999998 0.0037924937499999997 0.0247999328125 0.0044253859375 0.042923601562500004
3 0.009202884375000001 0.047077189062500004 0.0128741921875 0.0460849 0.011782157812500001 0.02365684375 0.00780239375 0.0246599046875 0.009202884375000001 0.047077189062500004
3 0.0981812359375 0.056931259375 0.099482403125 0.049973148437499997 0.093011946875 0.041558259375 0.0920493703125 0.04936863125 0.0981812359375 0.056931259375
2 0.17378150781249999 0.4707798421875 0.172028275 0.464792475 0.16489661875 0.472818278125 0.16643181093749998 0.48140550937500004 0.17378150781249999 0.4707798421875
3 0.1489563328125 0.5027537890625 0.14888898281250001 0.5096688140625 0.15561469375 0.5077057796875 0.15503499999999998 0.4999492640625 0.1489563328125 0.5027537890625
3 0.1820335046875 0.4506177390625 0.182951790625 0.4592265125 0.1886918640625 0.45556972812499996 0.187803715625 0.4478239859375 0.1820335046875 0.4506177390625
3 0.173120059375 0.33686988281249997 0.1758961453125 0.336772940625 0.1756018453125 0.31950153281250004 0.172855896875 0.320461509375 0.173120059375 0.33686988281249997
3 0.1770998234375 0.3358668234375 0.179875909375 0.3357698796875 0.1792128796875 0.31678317968749997 0.17643679375000001 0.31688012187500003 0.1770998234375 0.3358668234375
3 0.23665974531249998 0.29922357499999996 0.23332702656249998 0.301068125 0.234637103125 0.32089631406249997 0.2383084109375 0.319904025 0.23665974531249998 0.29922357499999996
3 0.2383508703125 0.2680574875 0.23920888125 0.2749401984375 0.24458022656249997 0.269568121875 0.2431053078125 0.26270695312500003 0.2383508703125 0.2680574875
3 0.23759035156250002 0.25512278125 0.23817004531250002 0.262879296875 0.24239798750000002 0.2601394015625 0.24212674843749998 0.25237211406250004 0.23759035156250002 0.25512278125
3 0.24283406875 0.2549396671875 0.2431053078125 0.26270695312500003 0.249492428125 0.2598916578125 0.24829582656250002 0.252156684375 0.24283406875 0.2549396671875
3 0.23794309687499998 0.23869286406249998 0.23784560625 0.2447448578125 0.2452786390625 0.2453493734375 0.2446386703125 0.23586679687499998 0.23794309687499998 0.23869286406249998
3 0.15294084531250002 0.1569809515625 0.15263946718750002 0.148350634375 0.14591375625 0.1503136703125 0.14683204218749998 0.1589224453125 0.15294084531250002 0.1569809515625