2 0.3133493390625 0.49219380468749996 0.3104216078125 0.4938444015625 0.33946910468749997 0.5003954421875 0.34115394375 0.498613003125 0.3133493390625 0.49219380468749996
2 0.473629396875 0.9175705734375 0.47638714687499994 0.9166562390624999 0.44989342499999996 0.9100743796874999 0.4470336875 0.9114304703125 0.473629396875 0.9175705734375
2 0.4302600859375 0.9013539343750001 0.42370566875 0.9021672453124999 0.455136959375 0.9094237312500001 0.45796270312500004 0.9082148921875 0.4302600859375 0.9013539343750001
2 0.4984069796875 0.7495776765625 0.496790134375 0.7510656124999999 0.5245947375 0.7574848109375 0.5238277890624999 0.75529143125 0.4984069796875 0.7495776765625
2 0.2898472921875 0.74842351875 0.28702155 0.7496323578124999 0.3173459328125 0.7561679890625 0.3176858921875 0.7546954640625 0.2898472921875 0.74842351875
2 0.37060261250000004 0.6688883437500001 0.3689177734375 0.6706707828125 0.39668838125 0.6772372359375 0.398203240625 0.6761910578125 0.37060261250000004 0.6688883437500001
2 0.3689177734375 0.6706707828125 0.367300925 0.67215871875 0.3962804296875 0.6790042656249999 0.397795290625 0.6779580875 0.3689177734375 0.6706707828125
2 0.3457202921875 0.6001727515625 0.3300726375 0.5962500046875 0.32193536875 0.598403996875 0.3362721390625 0.6024894078125 0.3457202921875 0.6001727515625
2 0.3920241265625 0.587132365625 0.3891643890625 0.58848845625 0.42529528125000005 0.5974503343750001 0.430538815625 0.5967996859375 0.3920241265625 0.587132365625
2 0.3875624984375 0.5843962031250001 0.4034141296875 0.5874354375 0.39932645624999996 0.5830794984375001 0.3847177171875 0.5801721078125001 0.3875624984375 0.5843962031250001
2 0.3576379046875 0.554067296875 0.3547101734375 0.5557178953124999 0.3897001625 0.564106171875 0.3889672078125 0.561765540625 0.3576379046875 0.554067296875
2 0.41225715 0.5601628984375 0.4106743 0.5615035796875001 0.4480820796875 0.5704500484375 0.450975815625 0.5689467046875001 0.41225715 0.5601628984375
2 0.30880884218750004 0.5063454578125001 0.3058811125 0.5079960546875 0.3372444125 0.5155470453125 0.34252194375 0.51474914375 0.30880884218750004 0.5063454578125001
2 0.31753491875 0.4850948640625 0.3133982921875 0.48646636406250005 0.34486357968750003 0.4935755984375 0.3488642234375 0.49279310625 0.31753491875 0.4850948640625
2 0.2988684234375 0.46667116093749994 0.297251575 0.468159096875 0.3321735734375 0.476841878125 0.33506730625 0.47533853437499995 0.2988684234375 0.46667116093749994
2 0.38871969375000004 0.3532524921875 0.387000859375 0.3551821859375 0.417189259375 0.36230682812500004 0.41998100625 0.361245240625 0.38871969375000004 0.3532524921875
2 0.4987074296875 0.1360670125 0.49705658750000004 0.1377022 0.533357459375 0.14592781562499998 0.5338334015624999 0.14386627968750001 0.4987074296875 0.1360670125
2 0.554554628125 0.28575954062500003 0.549277096875 0.286557440625 0.59272935625 0.2968993875 0.5944141953125001 0.29511694843749997 0.554554628125 0.28575954062500003
2 0.3034605546875 0.13240271718750002 0.301775715625 0.1341851578125 0.3332410046875 0.141294390625 0.3311971671875 0.139116421875 0.3034605546875 0.13240271718750002
2 0.6495025562500001 0.050987645312499996 0.6397633984375 0.0490493859375 0.6405643421875 0.051095509375 0.6526533015625 0.053886465625000005 0.6495025562500001 0.050987645312499996
2 0.5896737703125 0.045395440625 0.590576703125 0.046999809375 0.6233528749999999 0.053946379687500004 0.6212750421875 0.0519156640625 0.5896737703125 0.045395440625
2 0.442295909375 0.0715498140625 0.44074705468750003 0.07274324531250001 0.4686196515625 0.0788679390625 0.4689256140625 0.07754266562499999 0.442295909375 0.0715498140625