3 0.398826621875 0.7920307875 0.3966825578125 0.78654578125 0.382937896875 0.7911948828125 0.38508196093749997 0.796679890625 0.398826621875 0.7920307875
3 0.0874631984375 0.13401841875 0.0905802171875 0.1289929265625 0.08193299375 0.123933246875 0.0793315359375 0.1290589546875 0.0874631984375 0.13401841875
3 0.1237821921875 0.2582108265625 0.11820467812499999 0.25937921875000003 0.119387615625 0.2725613328125 0.12320749375 0.2721775671875 0.1237821921875 0.2582108265625
3 0 0.6293516593749999 0.004789496875 0.628151334375 0.002563609375 0.61758218125 0 0.6174251609375 0 0.6293516593749999
3 0.0131154359375 0.7587283421875 0.011897014062499999 0.7539864 0.0004255515625 0.757951090625 0.00174945 0.7621503984375 0.0131154359375 0.7587283421875
3 0.11068162031249999 0.8706110609375 0.1098732828125 0.8665119703125 0.10171796562499999 0.8671792890625 0.10201074218749999 0.8711781656250001 0.11068162031249999 0.8706110609375
3 0.10772921875000001 0.8610269640625001 0.10702635625000001 0.8563852359374999 0.09721887968750001 0.857294546875 0.09678514218749999 0.8622784796875 0.10772921875000001 0.8610269640625001
3 0.290435790625 0.9230090125 0.2953922671875 0.9222830390625001 0.29183065468749997 0.9103279703125 0.2888309421875 0.9119974375 0.290435790625 0.9230090125
3 0.294177728125 0.8184295578125 0.2937913015625 0.8121599265624999 0.28087863281250003 0.8152813390625001 0.2826126140625 0.8201234953125001 0.294177728125 0.8184295578125
3 0.2919873234375 0.7994202328125 0.2902533421875 0.7945780765625 0.2802349109375 0.7965726562500001 0.28083229374999996 0.80175701875 0.2919873234375 0.7994202328125
3 0.2893513546875 0.7882082296874999 0.28823841093749997 0.7829236515625 0.277387984375 0.7864459234375001 0.27860640625 0.7911878640625 0.2893513546875 0.7882082296874999
3 0.39629322031249997 0.8546098015625001 0.3912312625 0.8558784109375001 0.3931407171875 0.8680754687500001 0.39820267343750004 0.8668068609375 0.39629322031249997 0.8546098015625001
3 0.42263217343750004 0.8980229625 0.427694128125 0.8967543546875 0.42474172499999996 0.8871702578124999 0.419984375 0.8896243500000001 0.42263217343750004 0.8980229625
3 0.3802852484375 0.9066856953125001 0.3842106046875 0.9057592921875001 0.383636875 0.8949481499999999 0.3793014375 0.8952317015625001 0.3802852484375 0.9066856953125001
3 0.34521530624999996 0.9026844781250001 0.3407743890625 0.903510665625 0.34289479843750004 0.9146224546875 0.3467146765625 0.9142386874999999 0.34521530624999996 0.9026844781250001
3 0.33427123124999997 0.90393599375 0.329935790625 0.9042195453125 0.3314351640625 0.9157737562499999 0.3351495640625 0.9159326234374999 0.33427123124999997 0.90393599375
3 0.3194500796875 0.8700824624999999 0.31655584531250003 0.8712092953124999 0.3188990359375 0.8784224203125 0.3206566734375 0.8776377953125 0.3194500796875 0.8700824624999999
3 0.6799536171875 1 0.6831992375 0.9971019390625001 0.681359778125 0.99280241875 0.67255409375 1 0.6799536171875 1
3 0.0862038390625 0.875426409375 0.08384881875 0.8710266734375001 0.07465055312499999 0.8743069531250001 0.07494333125 0.8783058296874999 0.0862038390625 0.875426409375
3 0.07627905625 0.8796917453124999 0.07636087968750001 0.8847758921875 0.085348190625 0.8825808828125 0.084539853125 0.8784817921875 0.07627905625 0.8796917453124999
3 0.057824357812500005 0.8755413765625001 0.0600039046875 0.8725862093750001 0.0536417046875 0.864028728125 0.0514621578125 0.866983896875 0.057824357812500005 0.8755413765625001
3 0.0607304203125 0.8716011546875 0.064562125 0.8684039968749999 0.0580944515625 0.8603891499999999 0.055914903125000005 0.8633443171874999 0.0607304203125 0.8716011546875
3 0.0644566484375 0.86894663125 0.0686984390625 0.8663923234375 0.06439848125 0.858235703125 0.060777729687500004 0.8603475906250001 0.0644566484375 0.86894663125
3 0.10853755624999999 0.8651260562499999 0.108244778125 0.8611271781250001 0.099468421875 0.8622369171875001 0.09976120000000001 0.8662357953125 0.10853755624999999 0.8651260562499999
3 0.1105524890625 0.8767804781249999 0.1099551046875 0.8715961171875 0.10045223437499999 0.8736909125000001 0.10022945000000001 0.8775895734375 0.1105524890625 0.8767804781249999
3 0.112672896875 0.8878922671874999 0.11259107500000001 0.8828081203125 0.1019516046875 0.8852451203125 0.1021389046875 0.8897866328124999 0.112672896875 0.8878922671874999
3 0.025315356249999997 0.704222825 0.020358878125 0.7049487984375 0.0240259703125 0.7163612296874999 0.02754124375 0.714791978125 0.025315356249999997 0.704222825
3 0.013750242187500001 0.7059167609375 0.010035840625 0.7057578921875 0.01060956875 0.7165690375 0.0149450078125 0.7162854828125 0.013750242187500001 0.7059167609375
3 0 0.727578090625 0.0060276921875 0.72637803125 0.00470379375 0.7221787265625 0 0.7233275531250001 0 0.727578090625
3 0 0.7341929859375 0.0060040359375 0.7320048140625001 0.0061213421875 0.7286487875 0 0.7299981640625 0 0.7341929859375
3 0 0.7413191984374999 0.007620714062500001 0.7402029953125 0.007538890625 0.73511885 0 0.7367807078124999 0 0.7413191984374999
3 0.33748365625 0.5571042625 0.3330309109375 0.560743840625 0.33692078593749997 0.5682576109374999 0.3417836140625 0.565260884375 0.33748365625 0.5571042625
3 0.2122350265625 0.5986455453125 0.21204772656249998 0.5941040328125 0.20161921249999998 0.5954557640625 0.20242754999999998 0.5995548546875 0.2122350265625 0.5986455453125
3 0.044836659375 0.7001334484374999 0.0397747046875 0.70140205625 0.041379553125 0.7124136296875 0.0459259484375 0.7110448078125 0.044836659375 0.7001334484374999
3 0.0831479 0.816829178125 0.0791170671875 0.8182982140625 0.0795853171875 0.8296519953124999 0.0839207546875 0.8293684406249999 0.0831479 0.816829178125
3 0.0487079140625 0.883905803125 0.05150849843750001 0.8805082171875 0.045345428125 0.8736788578124999 0.04378691875 0.8761916031249999 0.0487079140625 0.883905803125
3 0.055373746875 0.9184266546875 0.060951260937499994 0.9172582625000001 0.05842076875 0.9055036234375 0.054600890624999995 0.9058873890625 0.055373746875 0.9184266546875
3 0.05283142656249999 0.9094854078125 0.049011548437500004 0.9098691750000001 0.048355028125 0.91875176875 0.0525849890625 0.9190108515625001 0.05283142656249999 0.9094854078125
3 0.11881134374999999 0.92512629375 0.11748744375 0.9209269875 0.1092266484375 0.9221369421875 0.1100349875 0.9262360328125 0.11881134374999999 0.92512629375
3 0.11585894062499999 0.9155421968749999 0.11515607812499999 0.9109004703125001 0.105137646875 0.91289505 0.105430425 0.9168939265624999 0.11585894062499999 0.9155421968749999
3 0.11526155625000001 0.910357834375 0.114558696875 0.9057161078125 0.10454026406250001 0.9077106890625 0.1064852015625 0.9114675734375 0.11526155625000001 0.910357834375
3 0.11508608437500001 0.90300293125 0.11448870156249999 0.8978185703125 0.10415383593750001 0.90144105625 0.10485669687500002 0.9060827828125 0.11508608437500001 0.90300293125
3 0.1046930515625 0.8959144890624999 0.1050913078125 0.8993707296875 0.1150042625 0.8979187859375 0.11327028125000001 0.8930766296874999 0.1046930515625 0.8959144890624999