2 0.7762473890625 0.715648425 0.767503190625 0.716278371875 0.774261946875 0.72977558125 0.7823628578124999 0.7285905109375 0.7762473890625 0.715648425
2 0.47430246093750006 0.3646414984375 0.46517398437499996 0.368005734375 0.480869078125 0.379505853125 0.48781150625 0.3762991046875 0.47430246093750006 0.3646414984375
2 0.5397313234375 0.432855840625 0.5307309390625 0.435308646875 0.54597770625 0.4499987671875 0.5535634234375 0.44734714374999995 0.5397313234375 0.432855840625
2 0.54963118125 0.4291353 0.5390239890624999 0.43275643124999996 0.55439885 0.4465351234375 0.5641706156249999 0.4437260125 0.54963118125 0.4291353
2 0.5595310390625 0.42541476093749997 0.54963118125 0.4291353 0.5628840390625001 0.442615765625 0.5733631390625 0.4399060625 0.5595310390625 0.42541476093749997
2 0.5409397390625 0.40886044843749997 0.53322593125 0.41242350156249996 0.54750635625 0.42372480156250003 0.5551561171875 0.4206174625 0.5409397390625 0.40886044843749997
2 0.5778492187500001 0.4131183046875 0.5862063140625 0.410110375 0.57102359375 0.3949645390625 0.56260245 0.3984281828125 0.5778492187500001 0.4131183046875
2 0.5854905125000001 0.394674153125 0.5771974640625 0.3972263671875 0.590450321875 0.41070683125 0.5981000828124999 0.40759949375 0.5854905125000001 0.394674153125
2 0.3546009953125 0.2874054921875 0.34354547812499997 0.2942166265625 0.38168877343749996 0.32048953125 0.3935156734375 0.3133220921875 0.3546009953125 0.2874054921875
2 0.608771321875 0.40352264687500006 0.6186071328125 0.40025782187500003 0.6047750328125 0.38576651875 0.59577465 0.3882193234375 0.608771321875 0.40352264687500006
2 0.3624400734375 0.2778187390625 0.35466221875000004 0.2818375078125 0.37415299375 0.2971240859375 0.38199489375 0.29264960156250003 0.3624400734375 0.2778187390625
2 0.3637210046875 0.26870444375 0.35633025156250003 0.2751011953125 0.382187034375 0.2912824578125 0.3909284109375 0.285540240625 0.3637210046875 0.26870444375
2 0.37786486875 0.265580359375 0.3700229671875 0.27005484375 0.3939498875 0.2845707328125 0.4010844546875 0.279996840625 0.37786486875 0.265580359375
2 0.399861925 0.278430878125 0.4083471140625 0.27451151875 0.39059406406249997 0.2622574578125 0.382816209375 0.26627622500000003 0.399861925 0.278430878125
2 0.396183046875 0.2532839046875 0.38904848125 0.257857796875 0.4110455359375 0.270708315625 0.41875934531250003 0.2671452609375 0.396183046875 0.2532839046875
2 0.4186171390625 0.24249533437499998 0.410067903125 0.2468704078125 0.42910752968750004 0.2602347171875 0.43694942968749995 0.255760234375 0.4186171390625 0.24249533437499998
2 0.5196584859375 0.411446153125 0.5106581015625 0.413898959375 0.5257127296874999 0.429956225 0.5340057796875 0.427404009375 0.5196584859375 0.411446153125
2 0.6003530015625 0.41209856250000004 0.5927032390625 0.41520590156250003 0.6071786265625 0.430252328125 0.6155357218749999 0.4272443984375 0.6003530015625 0.41209856250000004
2 0.8325760000000001 0.8383497140625 0.8420275328125 0.8378191765624999 0.836037334375 0.8188533906250001 0.8257503749999999 0.820195946875 0.8325760000000001 0.8383497140625
2 0.534258271875 0.302430928125 0.5243584140625 0.30615146718749997 0.5457150046875 0.3235591328125 0.5549715734375 0.31928346875 0.534258271875 0.302430928125
2 0.6790931234375 0.4831131109375 0.6684859296875 0.48673424218749994 0.688366628125 0.5095110734375 0.6990378671874999 0.5054342296875001 0.6790931234375 0.4831131109375
2 0.662072809375 0.5169689 0.6748660515625 0.51319028125 0.6562078828125 0.4919794125 0.644186021875 0.49540172499999996 0.662072809375 0.5169689
2 0.718567284375 0.47425465000000006 0.7079600921875 0.47787578125 0.7236580078125 0.49448817187499994 0.734329246875 0.490411325 0.718567284375 0.47425465000000006
2 0.7655498749999999 0.555676878125 0.7564854453125001 0.5585853968750001 0.76967425625 0.572521578125 0.77796730625 0.5699693625 0.7655498749999999 0.555676878125
2 0.49036772187500005 0.3478459734375 0.49956024374999997 0.344026025 0.4803897046875 0.326460871875 0.47055389375 0.3297256984375 0.49036772187500005 0.3478459734375
2 0.5090730015625 0.3379275 0.5204515749999999 0.3339500640625 0.4992230765625 0.3156309703125 0.489259171875 0.31980722500000003 0.5090730015625 0.3379275
2 0.5167924546875 0.34458899062500004 0.506121215625 0.348665834375 0.5237461734375 0.3618313265625 0.5321673171875 0.35836768124999996 0.5167924546875 0.34458899062500004
2 0.5761924765625001 0.4403037 0.5844855265625 0.4377514859375 0.5700101390625 0.42270505781249995 0.5610097546875 0.42515786406249995 0.5761924765625001 0.4403037
2 0.49178521249999996 0.3531570640625 0.48336406875 0.3566207078125 0.501248034375 0.3730756109375 0.5105046062499999 0.368799946875 0.49178521249999996 0.3531570640625
2 0.4777025734375 0.3507131609375 0.48676700312500004 0.34780464218749996 0.4700415203125 0.333371415625 0.46097708906249996 0.3362799359375 0.4777025734375 0.3507131609375
2 0.45686117656249997 0.33477205 0.44760460625 0.3390477140625 0.46844600156249994 0.35498882656249997 0.4755165234375 0.35087064843750004 0.45686117656249997 0.33477205
2 0.4574545296875 0.3613442453125 0.4667111015625 0.3570685796875 0.446769178125 0.3398597359375 0.43693336718750003 0.3431245609375 0.4574545296875 0.3613442453125
2 0.44529893125 0.35545344375 0.4337922640625 0.360342309375 0.4588804890625 0.3819921484375 0.47032310937500005 0.377558996875 0.44529893125 0.35545344375
2 0.5514160171875 0.401038475 0.540872871875 0.4042038921875 0.5560555921875 0.4193497265625 0.566662784375 0.4157285953125 0.5514160171875 0.401038475
2 0.42665118125 0.2366537078125 0.41893737187499996 0.24021676093750002 0.4399068609375 0.25524644375 0.44697738124999997 0.251128265625 0.42665118125 0.2366537078125
2 0.45218490781250004 0.250001271875 0.4598987171875 0.24643821875 0.43944442187500005 0.23287509062499998 0.4317946609375 0.23598242812499998 0.45218490781250004 0.250001271875
2 0.47656297500000006 0.26643943124999997 0.483633496875 0.262321253125 0.467682215625 0.25264399375 0.46131902968749994 0.2568615796875 0.47656297500000006 0.26643943124999997
3 0.6933331593750001 0.3048046640625 0.6992480203125 0.3037770796875 0.6953854703125 0.2953340640625 0.689470609375 0.296361646875 0.6933331593750001 0.3048046640625
3 0.8923937093750001 0.1766362671875 0.899400184375 0.1729738046875 0.8856349546875 0.1631390578125 0.8809426234375 0.1657326046875 0.8923937093750001 0.1766362671875
3 0.703040878125 0.30245126718750004 0.7068977828125 0.3006697390625 0.69847099375 0.2939088421875 0.69673609375 0.295988596875 0.703040878125 0.30245126718750004
3 0.6676072937499999 0.2928242421875 0.67005235 0.2959561671875 0.6805314499999999 0.2932464671875 0.6796291531249999 0.2894019296875 0.6676072937499999 0.2928242421875
2 0.4705897125 0.278147271875 0.4792029953125 0.2733164828125 0.4568188375 0.25808798125 0.447498221875 0.26281936093749997 0.4705897125 0.278147271875
3 0.6644549 0.2895929078125 0.6670280515625 0.2918134046875 0.67763524375 0.2881922734375 0.675190184375 0.28506034687500004 0.6644549 0.2895929078125
3 0.7069223140625 0.228642228125 0.7145748984375 0.23064716093749998 0.7195205921875 0.22111848437499998 0.7138619171875 0.220323209375 0.7069223140625 0.228642228125
3 0.7385489296875 0.214033709375 0.74047596875 0.21058681093749998 0.726521421875 0.20723147968750003 0.7245303359374999 0.2111340921875 0.7385489296875 0.214033709375
3 0.7173260765625 0.2059391578125 0.7206037390625 0.2031467921875 0.7085762328125 0.1963445609375 0.7059418578125001 0.1996920515625 0.7173260765625 0.2059391578125
3 0.700731509375 0.1957067734375 0.705295746875 0.19402465468750002 0.6965459046875 0.1844300609375 0.691210284375 0.1864684828125 0.700731509375 0.1957067734375
3 0.6903079875 0.18262394531249998 0.6962228484375 0.1815963609375 0.689982109375 0.1746779765625 0.6847105359375 0.1762606859375 0.6903079875 0.18262394531249998
3 0.7692053 0.4218877296875 0.77441565 0.4258730078125 0.78238564375 0.4204870953125 0.7791692046875001 0.41771147343750004 0.7692053 0.4218877296875
3 0.7850284859375 0.43247641875 0.7882449265625 0.4352520390625 0.7991083046874999 0.42980804843750003 0.7943491046875 0.4277450390625 0.7850284859375 0.43247641875
3 0.9056548296875 0.55445513125 0.9101578437500001 0.558341 0.9223077984374999 0.5540072578124999 0.9199267859375 0.55041961875 0.9056548296875 0.55445513125
2 0.4724911453125 0.577691515625 0.46702743125 0.58064136875 0.4762924703125 0.59170251875 0.48477766093749997 0.587783159375 0.4724911453125 0.577691515625
2 0.111580409375 0.102218521875 0.10496103593749999 0.10825896718750001 0.12528441562499998 0.117621253125 0.1311324078125 0.1119371125 0.111580409375 0.102218521875
2 0.275632040625 0.1512985625 0.26528385781249997 0.1582091046875 0.3040035734375 0.180380578125 0.3142236640625 0.1743814640625 0.275632040625 0.1512985625
2 0.27384720625000003 0.1793953875 0.2681913546875 0.18371238437499998 0.2842707265625 0.192478215625 0.289926578125 0.18816121875 0.27384720625000003 0.1793953875
2 0.317911009375 0.21486525156249997 0.3257529125 0.21039076875 0.3031125671875 0.1969851265625 0.296042046875 0.20110330312500002 0.317911009375 0.21486525156249997
2 0.30569983125 0.224766978125 0.3152125875 0.21866845625 0.29192895625 0.204707690625 0.28318758125 0.21044990624999999 0.30569983125 0.224766978125
2 0.252886184375 0.17970251875 0.2448521421875 0.185544146875 0.2734742171875 0.2025787609375 0.281508259375 0.196737134375 0.252886184375 0.17970251875
2 0.23983675624999998 0.18530399687500002 0.230388046875 0.1909468046875 0.26036074375 0.20863595156249998 0.2691021171875 0.202893734375 0.23983675624999998 0.18530399687500002
2 0.302491859375 0.237328171875 0.3111691890625 0.23204166874999999 0.2794587703125 0.21132000468749998 0.271424728125 0.21716163281249998 0.302491859375 0.237328171875
2 0.226787328125 0.1909054734375 0.21733861718749997 0.1965482796875 0.249756371875 0.21736935468750002 0.2584977484375 0.21162713593750002 0.226787328125 0.1909054734375
2 0.2692556140625 0.2479927453125 0.28018303906250003 0.2420930421875 0.2427470765625 0.21591954531250002 0.23233484531249998 0.22328580312500002 0.2692556140625 0.2479927453125
2 0.349735409375 0.2091141296875 0.358668925 0.20200476875 0.3213638765625 0.1800321140625 0.31114378593750003 0.186031228125 0.349735409375 0.2091141296875
2 0.45233558125 0.2899880125 0.46088481718749996 0.2856129390625 0.43702194531250005 0.2706413328125 0.4299514234375 0.2747595109375 0.45233558125 0.2899880125
2 0.45998252031250003 0.2817684015625 0.4676322828125 0.2786610640625 0.44601950625000003 0.2630762578125 0.43888493906250003 0.2676501484375 0.45998252031250003 0.2817684015625
2 0.6697527484375 0.452058590625 0.65914555625 0.45567972343749996 0.6785751046875 0.4765342859375 0.689182296875 0.47291315625 0.6697527484375 0.452058590625
2 0.658374175 0.45603602812500005 0.645644978125 0.4593589296875 0.662952525 0.47991526718750005 0.675681721875 0.4765923640625 0.658374175 0.45603602812500005
2 0.6460961265625 0.4612811984375 0.6347816 0.4648029203125 0.652860528125 0.48500295156249995 0.6628244328124999 0.4808266953125 0.6460961265625 0.4612811984375
2 0.870624203125 0.8088433500000001 0.8800116890625 0.8087685265625 0.8723506359375 0.79142678125 0.862255815625 0.7914021953125 0.870624203125 0.8088433500000001
2 0.8455453171875 0.9205682765625 0.8317216875 0.9214137875 0.840479996875 0.9463451968750001 0.854367675 0.9450439718749999 0.8455453171875 0.9205682765625
2 0.856792975 0.9123899984375001 0.8677232234375 0.9116025656250001 0.8601902640624999 0.893349390625 0.8507387328125 0.8938799281250001 0.856792975 0.9123899984375001
2 0.864654634375 0.9437014140625 0.8769995515625 0.9431128 0.8697840015624999 0.9174687796875001 0.85731099375 0.9189688234375 0.864654634375 0.9437014140625
2 0.8835435859375 0.917078984375 0.8704272906250001 0.918023903125 0.8773169609375 0.9357219546875 0.8903692124999999 0.9352327484374999 0.8835435859375 0.917078984375
2 0.8491959703124999 0.8945925375 0.8375583875 0.8952805609375 0.8439328640625 0.9115120609374999 0.8547990656250001 0.9111803421875001 0.8491959703124999 0.8945925375
2 0.878549909375 0.8396990499999999 0.89166620625 0.83875413125 0.883810190625 0.8176672578125 0.870114653125 0.8176013390625 0.878549909375 0.8396990499999999
2 0.8360345125 0.81374111875 0.849150809375 0.8127962 0.840715553125 0.7906984875 0.828306590625 0.7917428156249999 0.8360345125 0.81374111875
2 0.7433708921875 0.795606221875 0.731025975 0.7961948359375 0.7383027484375 0.8162708703125 0.75058361875 0.816137971875 0.7433708921875 0.795606221875
2 0.8256693921875 0.789978034375 0.8146750984375 0.7912211828125 0.8226592046875 0.8113966265625001 0.8336534999999999 0.810153478125 0.8256693921875 0.789978034375
2 0.8452439703125 0.8405947953125 0.8590676015625001 0.8397492859375 0.8499250125 0.817552165625 0.8368727609375 0.81804136875 0.8452439703125 0.8405947953125
2 0.8137398031249999 0.8440673437499999 0.8260206734375 0.8439344453125001 0.8197714671874999 0.8216792453125 0.8066551687500001 0.8226241671875 0.8137398031249999 0.8440673437499999
2 0.7889689890625 0.8150266609375001 0.8013139062500001 0.8144380453125001 0.79384499375 0.79572915625 0.7815000765625 0.7963177703125 0.7889689890625 0.8150266609375001
2 0.775390253125 0.7936002265625001 0.7637526718750001 0.7942882515624999 0.7736666421875 0.8161290671874999 0.785240178125 0.8158967578125 0.775390253125 0.7936002265625001
2 0.7864655296875 0.8225749921875 0.774184659375 0.8227078921875 0.7814614328125 0.842783925 0.7929709218750001 0.8430073312499999 0.7864655296875 0.8225749921875
2 0.8066447531250001 0.9202130343749999 0.7935284546875 0.921157953125 0.800805228125 0.9412339859375001 0.8130220515625 0.9415568015625 0.8066447531250001 0.9202130343749999
2 0.8049710749999999 0.916724803125 0.81596536875 0.9154816531250001 0.8083014937499999 0.8930276359375 0.7974352921875 0.8933593546875 0.8049710749999999 0.916724803125
2 0.795313290625 0.893061128125 0.7821969921874999 0.894006046875 0.7898608671875 0.9164600640625 0.8036204515625001 0.9160702687500001 0.795313290625 0.893061128125
2 0.7935284546875 0.921157953125 0.7804121578125 0.9221028734375001 0.786853503125 0.9429909265624999 0.799905753125 0.942501721875 0.7935284546875 0.921157953125
2 0.7520547375 0.9185822140625 0.762984984375 0.9177947796874999 0.7564795921874999 0.897362440625 0.7455493453125001 0.8981498734375 0.7520547375 0.9185822140625
2 0.7646115515624999 0.9524123531249999 0.7799138984375 0.9513099468749999 0.7685824359375 0.9241580421875 0.7539233765625 0.9258155703125001 0.7646115515624999 0.9524123531249999
2 0.730132146875 0.8076871125 0.71560118125 0.8084332140624999 0.7242982671875 0.8389326109375 0.7402439015625 0.8383853265625 0.730132146875 0.8076871125
2 0.7424666453125 0.9046873671875 0.729350346875 0.9056322859374999 0.7375294171875 0.92955285625 0.7519963359374999 0.9292624703125 0.7424666453125 0.9046873671875
2 0.762338003125 0.7940894328125 0.748514371875 0.79493494375 0.7576569609375 0.8171320640624999 0.7707732593750001 0.81618714375 0.762338003125 0.7940894328125
2 0.6951714171875001 0.722842575 0.6821191671875 0.7233317796875001 0.68978021875 0.7406735265625 0.70218918125 0.739629196875 0.6951714171875001 0.722842575
2 0.627466184375 0.49119304062499997 0.6364665671874999 0.48874023749999995 0.6214759875 0.47222725624999995 0.6124115546875 0.47513577500000004 0.627466184375 0.49119304062499997
2 0.7731525265625 0.5836988812499999 0.7604873765625 0.5865660687500001 0.772715490625 0.6073379671875 0.7860879734374999 0.6045701890624999 0.7731525265625 0.5836988812499999
2 0.6662809953125 0.56914378125 0.6535518 0.5724666843749999 0.6709262140625001 0.5976795765625 0.6858414609375 0.5941991875 0.6662809953125 0.56914378125
2 0.680034934375 0.5585294453125 0.6650556437499999 0.5624655484375001 0.6893140859375 0.59515195 0.7035860421875 0.5911164359375001 0.680034934375 0.5585294453125
2 0.7021572609375 0.5653562609375 0.6893640203125 0.5691348796875 0.7059001859375 0.5900475203125 0.7179220453124999 0.5866252078125 0.7021572609375 0.5653562609375
2 0.7267500499999999 0.6213254453125 0.739415196875 0.6184582562500001 0.7213974953125 0.592690240625 0.7086682984375 0.59601314375 0.7267500499999999 0.6213254453125
2 0.739334215625 0.5882403453125 0.7237756828124999 0.591165609375 0.7414062859375 0.6145556437499999 0.7555501484375 0.6114315593749999 0.739334215625 0.5882403453125
2 0.763784796875 0.6195596015625 0.776449946875 0.6166924140625001 0.757658040625 0.5861684312500001 0.7421635546875 0.5886379828125 0.763784796875 0.6195596015625
2 0.7513391421875 0.55414440625 0.7409240890625 0.556398390625 0.7553382515625 0.5770128046874999 0.7672960671875 0.57404620625 0.7513391421875 0.55414440625
2 0.71278790625 0.720671253125 0.699671609375 0.7216161718749999 0.7066281484375 0.7439707796875 0.72045178125 0.74312526875 0.71278790625 0.720671253125
2 0.7368222890625 0.5804518625 0.751737534375 0.5769714734375 0.7331434109375 0.5553048890625 0.7196428359375 0.558984096875 0.7368222890625 0.5804518625
2 0.5872875109375 0.5050643640625 0.5985379890625 0.5019983578125 0.5773066703125 0.4785669921875 0.565928096875 0.4825444265625 0.5872875109375 0.5050643640625
2 0.5957698765624999 0.49603273281250004 0.6039348343750001 0.4943919484375 0.5927399328125 0.4816654265625 0.5845109296875 0.48376192656250006 0.5957698765624999 0.49603273281250004
2 0.612938040625 0.49705141406250003 0.62425256875 0.4935296921875 0.6041797296875 0.472120003125 0.593636584375 0.4752854203125 0.612938040625 0.49705141406250003
2 0.62702068125 0.49949531562500005 0.616477534375 0.5026607328125 0.63140406875 0.5196294265625 0.64342593125 0.516207115625 0.62702068125 0.49949531562500005
2 0.639426821875 0.49333871562500003 0.6288196296875 0.496959846875 0.6454198421874999 0.5174167734374999 0.65673436875 0.5138950515625 0.639426821875 0.49333871562500003
2 0.6554317281250001 0.6001491265625 0.667968784375 0.5981933703125 0.6521399531250001 0.5773801375 0.6396028968749999 0.5793358953125 0.6554317281250001 0.6001491265625
2 0.642769403125 0.6081285875 0.6547272171875 0.6051619890625 0.631819396875 0.573130121875 0.6184469125 0.5758979015625 0.642769403125 0.6081285875
2 0.66072588125 0.639464590625 0.674869746875 0.63634050625 0.656016615625 0.611384509375 0.6426441328125 0.6141522875 0.66072588125 0.639464590625
2 0.84111871875 0.7057121453125 0.8528203453125001 0.7045684062500001 0.8454767046875 0.679835815625 0.8330677421875 0.6808801437499999 0.84111871875 0.7057121453125
2 0.8557805999999999 0.7091668859375 0.84041420625 0.7107250078125 0.8507152796874999 0.73494380625 0.864538909375 0.7340982953124999 0.8557805999999999 0.7091668859375
2 0.8402861140625 0.7116364359375 0.8250478140625 0.7122831281249999 0.8359921734375 0.73705705 0.8498158046875 0.736211540625 0.8402861140625 0.7116364359375
2 0.8194032515625 0.7370492093750001 0.8325195484375 0.7361042906249999 0.8240202468750001 0.7144622921875 0.8123186171875 0.71560603125 0.8194032515625 0.7370492093750001
2 0.8104499781250001 0.7083726734375 0.8235662749999999 0.7074277515625 0.815323159375 0.683962896875 0.8014354812500001 0.6852641234375 0.8104499781250001 0.7083726734375
2 0.8039728109375 0.7390630453125 0.816381775 0.738018715625 0.8065958953125 0.7152664703125 0.79425098125 0.715855084375 0.8039728109375 0.7390630453125
2 0.790071021875 0.714802915625 0.7790767265625 0.7160460625 0.786417546875 0.7356663828125 0.797539934375 0.7335118046875 0.790071021875 0.714802915625
2 0.7772721328125 0.708356990625 0.78820238125 0.70756955625 0.782212184375 0.6886037703125 0.7698032203125 0.6896481 0.7772721328125 0.708356990625
2 0.7663918187500001 0.6831273515625 0.7509613796875 0.6851411875 0.7605551187499999 0.709260578125 0.77515013125 0.7080587625 0.7663918187500001 0.6831273515625
2 0.75420604375 0.7390395203125 0.767322340625 0.7380946015625 0.7588230390625 0.716452603125 0.7464781234375 0.7170412171875 0.75420604375 0.7390395203125
2 0.743456646875 0.7180107234374999 0.7310476828125 0.7190550546875001 0.7386475124999999 0.741964784375 0.7518278546875 0.7405641515625 0.743456646875 0.7180107234374999
2 0.730337525 0.7138433734375 0.7412677734375 0.7130559390625 0.7378507265625001 0.69631065 0.7248625234375 0.696344140625 0.730337525 0.7138433734375
2 0.7122058421874999 0.7145481421875 0.7267368078125 0.7138020421875 0.7172711640625 0.688771221875 0.703511578125 0.6891610171875 0.7122058421874999 0.7145481421875
2 0.6970315890625 0.7147391187500001 0.7087332171875 0.71359538125 0.70061819375 0.6892190953124999 0.68756594375 0.6897083015625001 0.6970315890625 0.7147391187500001
3 0.6882443874999999 0.1716454609375 0.6939030609375 0.1724407359375 0.6922906078125 0.16338451874999999 0.68579650625 0.1634012640625 0.6882443874999999 0.1716454609375
3 0.6803940171875 0.1607831296875 0.6861807859375 0.1606669765625 0.68804095625 0.1525635203125 0.6809035671875 0.15202514218750002 0.6803940171875 0.1607831296875
3 0.6834682515625 0.13890882499999999 0.6768460546874999 0.139837 0.6792939359375 0.1480811953125 0.685208796875 0.14705361249999999 0.6834682515625 0.13890882499999999
3 0.321404471875 0.020640278125 0.32687100625 0.022802696875 0.331560515625 0.0150968796875 0.328215984375 0.0132326890625 0.321404471875 0.020640278125
3 0.3620983390625 0.008235509375 0.357921203125 0.012295609374999999 0.3749000484375 0.01979370625 0.377470378125 0.01690193125 0.3620983390625 0.008235509375
3 0.36985461875 0 0.3689098515625 0.00082791875 0.3821570640625 0.004083840625 0.383248678125 0.0014489625 0.3797421203125 0 0.36985461875 0
3 0.3666597546875 0.001441121875 0.36402538125 0.0047886109375 0.3771445 0.008955962500000001 0.380358115625 0.0066193109375 0.3666597546875 0.001441121875
3 0.3151025078125 0.0192898796875 0.319218421875 0.020797764062499998 0.3262220734375 0.0120230296875 0.32139882656249996 0.0104157359375 0.3151025078125 0.0192898796875
2 0.1263035140625 0.100105275 0.1223185171875 0.10279823125000001 0.13916927031249998 0.11120775624999998 0.14315426874999998 0.1085148 0.1263035140625 0.100105275
3 0.302946909375 0.013399078125 0.308349396875 0.0160172125 0.3161244296875 0.0068861734374999995 0.3119444703125 0.0058340015625 0.302946909375 0.013399078125
3 0.2978006078125 0.0089580859375 0.3026238546875 0.01056538125 0.3102707921875 0.0023457703125 0.30544754531249996 0.0007384765625 0.2978006078125 0.0089580859375
3 0.36821380625 0.0211775953125 0.3700127546875 0.018642125000000002 0.3568936359375 0.0144747734375 0.35432330625 0.0173665484375 0.36821380625 0.0211775953125
3 0.35432330625 0.0173665484375 0.3523962671875 0.0208134484375 0.366737915625 0.026546762499999998 0.369244196875 0.0241107015625 0.35432330625 0.0173665484375
3 0.2879760859375 0.0326719953125 0.2941499546875 0.034933825 0.3010895609375 0.02661480625 0.296330359375 0.0245517953125 0.2879760859375 0.0326719953125
3 0.3228973 0.0459447375 0.3291352140625 0.0477508515625 0.33305334375 0.0404013390625 0.3303520984375 0.039092271875 0.3228973 0.0459447375
3 0.33665970624999997 0.0506672125 0.341482953125 0.052274509375 0.3474590390625 0.0456789375 0.3426998375 0.043615928124999995 0.33665970624999997 0.0506672125
3 0.3434128171875 0.05393988125 0.34752873125 0.055447765625 0.35279748125 0.0487527875 0.3488096609375 0.046333471875 0.3434128171875 0.05393988125
3 0.37074549375 0.06475197499999999 0.3769193609375 0.06701380312500001 0.383666828125 0.060061928125 0.3789076265625 0.057998918749999996 0.37074549375 0.06475197499999999
3 0.400948971875 0.034607823437500004 0.403455253125 0.0321717625 0.3912356078125 0.026736678125000003 0.388021990625 0.029073328125 0.400948971875 0.034607823437500004
3 0.3953486984375 0.023132290625 0.3912996546875 0.026280962499999998 0.4050620625 0.031003437499999998 0.407632390625 0.028111662500000002 0.3953486984375 0.023132290625
3 0.406473909375 0.026089984375000003 0.41045890468749996 0.0233970296875 0.3981752140625 0.018417659375 0.394833503125 0.0216657375 0.406473909375 0.026089984375000003
3 0.40987966406250004 0.022386190625 0.4116786125 0.019850721874999998 0.4007455421875 0.015525882812499999 0.399653928125 0.0181607625 0.40987966406250004 0.022386190625
3 0.4133494671875 0.018226681249999998 0.41598384218750006 0.014879192187500001 0.4035720578125 0.01081125 0.4019012015625 0.0124352890625 0.4133494671875 0.018226681249999998
3 0.40974028125000006 0.0028485359375 0.40710590625 0.006196025 0.4208683125 0.0109185015625 0.4233745953125 0.0084824390625 0.40974028125000006 0.0028485359375
3 0.4126693640625 0 0.4113470890625 0.0016802109374999998 0.42369482812500003 0.0062038671875 0.42626515625000005 0.0033120921875 0.418094503125 0 0.4126693640625 0
3 0.6480007953125 0.06793454531250001 0.6432444171875 0.0709838078125 0.651479065625 0.0791118484375 0.6555921546875 0.0755074640625 0.6480007953125 0.06793454531250001
3 0.63674466875 0.060776009374999995 0.632695625 0.06392468125 0.6406072171875 0.069219025 0.64452816875 0.06698178437499999 0.63674466875 0.060776009374999995
2 0.22161757343750002 0.027528357812499998 0.221169246875 0.0307183609375 0.23686151875 0.037106209375 0.238916653125 0.03274788125 0.22161757343750002 0.027528357812499998
2 0.14720613437500002 0.1104784 0.1424497578125 0.11352766249999999 0.1564071265625 0.121995265625 0.159876928125 0.11783575625 0.14720613437500002 0.1104784
3 0.606384871875 0.0407088796875 0.601692540625 0.0433024265625 0.6116620890625 0.0493507140625 0.615583040625 0.047113471875 0.606384871875 0.0407088796875
2 0.5903890953125 0.41627481718750003 0.585504625 0.42023550781249996 0.60055643125 0.43118050312499995 0.6047335671875 0.427120403125 0.5903890953125 0.41627481718750003
2 0.4796456765625 0.2599019375 0.4837587671875 0.256297553125 0.470700871875 0.24656221562499997 0.46588044687499996 0.250067190625 0.4796456765625 0.2599019375
2 0.49237574375 0.37461698593750004 0.49861083749999996 0.3713108296875 0.48297979062499996 0.35935499531250004 0.476616603125 0.3635725828125 0.49237574375 0.37461698593750004
2 0.533381378125 0.34459683124999996 0.525731615625 0.3477041703125 0.53647536875 0.358508425 0.5439970375 0.3563125140625 0.533381378125 0.34459683124999996
2 0.5628859890625 0.329690084375 0.555300275 0.3323417078125 0.5679098453125 0.3452670484375 0.5756236515625 0.3417039953125 0.5628859890625 0.329690084375
2 0.5322144265625 0.3272383390625 0.5383854734375 0.32438789843750004 0.5255197171875 0.313285415625 0.5187053828125 0.31558073593749997 0.5322144265625 0.3272383390625
2 0.5092462546875 0.41881240937499997 0.502431921875 0.4211077296875 0.515041490625 0.4340330703125 0.522563159375 0.431837159375 0.5092462546875 0.41881240937499997
2 0.6136614375 0.4097864984375 0.606847103125 0.41208181718750003 0.617849865625 0.42617548281250006 0.6246642 0.42388016406249995 0.6136614375 0.4097864984375
2 0.1529872578125 0.10013770468750001 0.14893821406250002 0.103286375 0.16064548750000002 0.112367178125 0.16752386875 0.1096161453125 0.1529872578125 0.10013770468750001
2 0.6281283578125 0.4094961125 0.6215702078125 0.409968571875 0.626591240625 0.420433265625 0.6325061015625 0.41940568125000005 0.6281283578125 0.4094961125
2 0.59642640625 0.4041112625 0.60381998125 0.40282678125000004 0.595838696875 0.387763609375 0.5878018328125 0.388492965625 0.59642640625 0.4041112625
2 0.79033198125 0.6051666453125 0.807369228125 0.601984484375 0.79423881875 0.5773680484375 0.7771375234375 0.581005925 0.79033198125 0.6051666453125
2 0.8211728953125 0.9143546609375001 0.830496334375 0.914735553125 0.8250213328125 0.8972363203124999 0.8142832249999999 0.896656609375 0.8211728953125 0.9143546609375001
2 0.8722874624999999 0.9099204484375001 0.880260278125 0.9096468062499999 0.87536451875 0.8931584125 0.8668124578124999 0.892421215625 0.8722874624999999 0.9099204484375001
2 0.8984588328124999 0.91359859375 0.8816777703125 0.914957896875 0.8919816656249999 0.9442889671874999 0.90715591875 0.9440979890625 0.8984588328124999 0.91359859375
2 0.45037466875 0.23208765625 0.4455542453125 0.23559263437500003 0.4598987171875 0.24643821875 0.46407585312500005 0.24237811874999998 0.45037466875 0.23208765625
2 0.39620562812500004 0.29418207343749997 0.39144925 0.2972313359375 0.40791572499999995 0.3083751484375 0.41485815156249994 0.30516840156249997 0.39620562812500004 0.29418207343749997
2 0.31642665000000003 0.2048976046875 0.3227898359375 0.2006800171875 0.3076099375 0.19064645156249999 0.30111865781249997 0.19577546875000001 0.31642665000000003 0.2048976046875
2 0.2782475296875 0.23020312656250003 0.2838393359375 0.22634184531249998 0.2677599640625 0.2175760140625 0.262811446875 0.22199242031250002 0.2782475296875 0.23020312656250003
2 0.23239606875000002 0.2177178171875 0.239594684375 0.21268821093749998 0.2213292609375 0.2040798671875 0.216188603125 0.2098634171875 0.23239606875000002 0.2177178171875
2 0.2836801953125 0.1710182921875 0.27885977031250003 0.1745232671875 0.294618909375 0.185567671875 0.300082621875 0.1826178203125 0.2836801953125 0.1710182921875
2 0.31189540937500004 0.149889025 0.30778231875 0.153493409375 0.3230262640625 0.163071259375 0.3271393546875 0.159466875 0.31189540937500004 0.149889025
2 0.3093919484375 0.15743735625 0.30534290625 0.1605860265625 0.3205228046875 0.1706195921875 0.32399260625 0.16646008125 0.3093919484375 0.15743735625
2 0.28675160625 0.14403171406249998 0.28340989687499996 0.14727979375 0.2987178875 0.15640193125 0.3027669328125 0.153253259375 0.28675160625 0.14403171406249998
2 0.2333838921875 0 0.2324696625 0.0016352828125 0.251183409375 0.007053624999999999 0.25413801875 0.0014275625 0.24873634843749998 0 0.2333838921875 0
2 0.228292525 0.0056953828125 0.22495081562500002 0.0089434640625 0.23948460312500003 0.013309634375 0.24218302656250001 0.0095064296875 0.228292525 0.0056953828125
2 0.22585875781250003 0.02301254375 0.22322438125000002 0.0263600328125 0.239688034375 0.032391575 0.2431578359375 0.028232065625000004 0.22585875781250003 0.02301254375
2 0.1933053140625 0.1058040375 0.18842084375 0.10976472968749999 0.20404906718750002 0.116608290625 0.20674748906249998 0.11280508593750001 0.1933053140625 0.1058040375
2 0.18893603750000001 0.11123128281250001 0.185594328125 0.11447936249999999 0.200451171875 0.1216792296875 0.20520755 0.1186299671875 0.18893603750000001 0.11123128281250001
2 0.1974325171875 0.1277610078125 0.20013093906249999 0.12395780468749999 0.184051565625 0.11519197343750001 0.1791030484375 0.119608378125 0.1974325171875 0.1277610078125
2 0.185285384375 0.1372070203125 0.1909412375 0.132890025 0.17351124375 0.12346965937500001 0.169398153125 0.12707404687499999 0.185285384375 0.1372070203125
2 0.157871728125 0.0961770140625 0.15433787968749998 0.10079223749999999 0.1743382015625 0.1073208265625 0.1764573828125 0.1025067828125 0.157871728125 0.0961770140625
3 0.6236867734375 0.051040671875 0.6196377296875 0.054189343749999994 0.6296713265625 0.0597819171875 0.6323057000000001 0.056434426562499994 0.6236867734375 0.051040671875
3 0.5932629296874999 0.031429256249999996 0.5869637890625 0.0351911296875 0.5975125796875 0.0422502546875 0.6023970515625 0.038289564062499996 0.5932629296874999 0.031429256249999996
3 0.682432215625 0.125751175 0.6759381140625 0.1257679203125 0.6783219484375 0.13446783125 0.68275809375 0.13369714375 0.682432215625 0.125751175
3 0.5424722890625 0.15673511874999999 0.5448533015625 0.160322759375 0.5611191671875 0.1574969046875 0.5595095375 0.1535529578125 0.5424722890625 0.15673511874999999
3 0.639876225 0.25918507968750004 0.6430926640625 0.2619607 0.655949953125 0.25772636875 0.6526694671875 0.2554064625 0.639876225 0.25918507968750004
3 0.6603606953125001 0.2109452390625 0.66068375 0.21377893593750003 0.6739921875 0.21146687343749998 0.6728977515625 0.20898948125 0.6603606953125001 0.2109452390625
3 0.652321009375 0.20656232343749997 0.6540587328125 0.20959483906249998 0.6709678875 0.20732410781250002 0.6699374984375 0.20439100156249998 0.652321009375 0.20656232343749997
3 0.6523153640625 0.19633778125 0.654888515625 0.198558278125 0.6667182359375 0.19650310937499998 0.6656238015625 0.19402571875000002 0.6523153640625 0.19633778125
3 0.6463279890625 0.182484265625 0.647422425 0.184961659375 0.66060276875 0.183561025 0.66105109375 0.180371021875 0.6463279890625 0.182484265625
3 0.5639315703125 0.1272209140625 0.5642546265624999 0.1300546125 0.58180706875 0.128339003125 0.5800052984375 0.125762203125 0.5639315703125 0.1272209140625
3 0.576135153125 0.220020325 0.5776807374999999 0.2244199859375 0.59021779375 0.2224642265625 0.587772734375 0.2193323015625 0.576135153125 0.220020325
3 0.5948903671875 0.18408478281250001 0.595213421875 0.1869184796875 0.610579815625 0.1853603578125 0.6087780453125 0.18278355625 0.5948903671875 0.18408478281250001
3 0.6228107515625 0.2112445296875 0.6251917625 0.21483216875000002 0.6375366796875 0.21424355468749998 0.6373417171875 0.21049842812500003 0.6228107515625 0.2112445296875
3 0.6038379953125 0.202536775 0.604740290625 0.20638131249999997 0.6201066843749999 0.20482319062499998 0.6177256734375 0.2012355515625 0.6038379953125 0.202536775
3 0.6184330078125 0.2013349609375 0.6193993515625 0.20472378125000001 0.6325156468750001 0.20377886093750003 0.6308419703125 0.2002906296875 0.6184330078125 0.2013349609375
3 0.614119309375 0.1909696765625 0.6151497 0.1939027828125 0.630323953125 0.19371180625 0.62942165625 0.1898672703125 0.614119309375 0.1909696765625
3 0.6115433359375 0.1836369078125 0.6119304390625 0.1860148921875 0.626589496875 0.1843573609375 0.6262664421874999 0.1815236640625 0.6115433359375 0.1836369078125
3 0.6072324609375 0.1783838953125 0.6089701843750001 0.1814164125 0.6236292421875 0.17975888125 0.62124823125 0.176171240625 0.6072324609375 0.1783838953125
3 0.634650890625 0.11160049375 0.6349099 0.11488990624999999 0.64937681875 0.11459951875 0.6477031421875 0.11111128750000002 0.634650890625 0.11160049375
3 0.6493155953125 0.12016750624999999 0.6484773453125 0.11586725312499999 0.6354891421875 0.11590074375 0.63497676875 0.1195464625 0.6493155953125 0.12016750624999999
3 0.6494465109374999 0.12436834687500001 0.6498948375 0.12117834375 0.6347846296874999 0.12091360625 0.63645830625 0.1244018375 0.6494465109374999 0.12436834687500001
3 0.6471992375 0.1300938203125 0.6471323671875 0.1254372625 0.6333727828125 0.125827059375 0.6356897484374999 0.1298704140625 0.6471992375 0.1300938203125
3 0.6169901140625 0.1500134296875 0.61859974375 0.153957375 0.633453765625 0.156044971875 0.632487421875 0.15265615 0.6169901140625 0.1500134296875
3 0.662791640625 0.188515809375 0.6618252984375 0.1851269875 0.64793761875 0.1864282125 0.6510259656249999 0.1901152625 0.662791640625 0.188515809375
3 0.664273178125 0.193371184375 0.6620202609375 0.188872115625 0.6501264921875001 0.191382996875 0.6532148375 0.195070046875 0.664273178125 0.193371184375
3 0.66948635 0.20246873281250002 0.667169384375 0.198425378125 0.6552756171875 0.2009362609375 0.65694929375 0.20442449218749997 0.66948635 0.20246873281250002
3 0.65831120625 0.22552811093749997 0.6552228609374999 0.22184106093749997 0.6396643281250001 0.224766325 0.6414020515625001 0.2277988421875 0.65831120625 0.22552811093749997
3 0.6283526234375 0.23340031875 0.626035659375 0.22935696249999998 0.611056365625 0.23329306718749998 0.6142087593750001 0.23652440156250001 0.6283526234375 0.23340031875
3 0.6287453703125 0.24600284375 0.6325410515625001 0.24978930312499997 0.6453342921874999 0.246010684375 0.6408312781250001 0.242124815625 0.6287453703125 0.24600284375
3 0.6344709140625 0.251454675 0.6382665937499999 0.25524113437499996 0.6496451671875 0.251263696875 0.648742871875 0.2474191625 0.6344709140625 0.251454675
3 0.64212914375 0.2636841484375 0.6452815359375 0.266915484375 0.6550533015625 0.2641063734375 0.6533155765624999 0.2610738578125 0.64212914375 0.2636841484375
3 0.6588726406250001 0.07782736875 0.6536010671875 0.0794100765625 0.6641498578125 0.0864692046875 0.6665920953125 0.0844888578125 0.6588726406250001 0.07782736875
3 0.6669151484375 0.08732255625 0.6629941984375 0.0895597984375 0.6722564140625 0.09550867656249999 0.6748907890625 0.0921611859375 0.6669151484375 0.08732255625
3 0.6752807125 0.0996514390625 0.66865851875 0.1005796140625 0.672392975 0.109934059375 0.6783718828125 0.10845076093749999 0.6752807125 0.0996514390625
3 0.6798534187499999 0.11330613593750001 0.6726519843750001 0.113223471875 0.6743925296875 0.121368259375 0.6816580125 0.120995209375 0.6798534187499999 0.11330613593750001
3 0.593979603125 0.16490343125 0.5957173265625 0.16793594843749998 0.6118551 0.16602152187500002 0.609345996875 0.1633453109375 0.593979603125 0.16490343125
3 0.6231338078124999 0.2140782265625 0.6214601296875 0.21058999531249997 0.6083438328125 0.21153491562500001 0.609246128125 0.2153794515625 0.6231338078124999 0.2140782265625
3 0.5776987515625 0.0241299796875 0.576543090625 0.0272205734375 0.586512640625 0.0332688609375 0.58985435 0.03002078125 0.5776987515625 0.0241299796875
3 0.5978119765625001 0.23514941718750001 0.600128940625 0.2391927703125 0.61273004375 0.2367812984375 0.6096416984374999 0.23309424843749998 0.5978119765625001 0.23514941718750001
3 0.5541513375 0.1146932109375 0.5518984203125 0.11019414062499999 0.5384618890625 0.113417634375 0.5407788546875001 0.117460990625 0.5541513375 0.1146932109375
3 0.5432408484375 0.1512665421875 0.5462011 0.155865021875 0.5616955859375 0.1533954703125 0.55879938125 0.1483412765625 0.5432408484375 0.1512665421875
3 0.5625535953125 0.193481621875 0.5640351328125 0.198336996875 0.5785660984375001 0.19759089375 0.577855940625 0.1923792140625 0.5625535953125 0.193481621875
3 0.5704067859374999 0.20945622187500001 0.571180990625 0.2142121890625 0.5859681421875 0.21164322812499997 0.582879796875 0.20795617812499997 0.5704067859374999 0.20945622187500001
3 0.5716321390625 0.21613445625 0.574720484375 0.21982150625000002 0.5880929671875 0.217053728125 0.58571195625 0.21346608749999998 0.5716321390625 0.21613445625
3 0.5882351734375 0.2417036546875 0.5822562671875 0.243186953125 0.5883048640624999 0.25147248125 0.593512390625 0.2503454890625 0.5882351734375 0.2417036546875
3 0.554572309375 0.17841844843750002 0.556310034375 0.18145096562500002 0.5708409999999999 0.1807048640625 0.5698106093749999 0.17777175625 0.554572309375 0.17841844843750002
3 0.620944934375 0.20912344218749998 0.6193353046875 0.20517949687499998 0.6039689109374999 0.20673761875 0.6056425875 0.2102258484375 0.620944934375 0.20912344218749998
3 0.5516120578125 0.17381996875 0.5534138265624999 0.1763967703125 0.566594171875 0.17499613593750002 0.565627828125 0.17160731406250002 0.5516120578125 0.17381996875
3 0.5748062390625 0.14222600937500002 0.575193340625 0.1446039921875 0.589016971875 0.14375848125 0.5880506296875 0.140369659375 0.5748062390625 0.14222600937500002
3 0.5899804921875 0.14203503125 0.5916541703125 0.1455232625 0.604191225 0.14356750468749999 0.602453503125 0.14053498749999999 0.5899804921875 0.14203503125
3 0.539622321875 0.00251363125 0.535701371875 0.0047508734375 0.5462501625 0.0118099984375 0.5494637796874999 0.0094733484375 0.539622321875 0.00251363125
3 0.5514576875 0.01068300625 0.5496587421875 0.013218476562500001 0.5604637171875 0.0184547421875 0.56219861875 0.0163749875 0.5514576875 0.01068300625
3 0.5662504859374999 0.0183385875 0.5643874921875 0.021329773437499998 0.5745491796875 0.026010915625 0.577762796875 0.023674265625 0.5662504859374999 0.0183385875
3 0.5737005125 0.11929953125 0.5720908812500001 0.11535558593749999 0.5565963953125 0.11782513750000001 0.5576267859375 0.12075824375 0.5737005125 0.11929953125
3 0.57878276875 0.12419623906249999 0.577109090625 0.12070800781249999 0.5632854593750001 0.12155351875 0.5649591375 0.12504175 0.57878276875 0.12419623906249999
3 0.5872010890625 0.11562032343749999 0.5873320046875 0.119821165625 0.6031495453125 0.12018531406249999 0.602183203125 0.11679649218749999 0.5872010890625 0.11562032343749999
3 0.580066521875 0.12019421562499999 0.579618196875 0.12338421875000001 0.5924142609375 0.1247178734375 0.592798540625 0.12198358437500001 0.580066521875 0.12019421562499999
3 0.5829627281249999 0.12524840937499998 0.5824503562500001 0.128894128125 0.5982678984375001 0.129258275 0.5981369828124999 0.12505743281249998 0.5829627281249999 0.12524840937499998
3 0.607789121875 0.13849656562499998 0.606179490625 0.13455262031249998 0.5872764265625 0.13561369375000001 0.590300725 0.139756459375 0.607789121875 0.13849656562499998
3 0.587273603125 0.130501421875 0.588883234375 0.13444536875 0.60135624375 0.132945325 0.5996185203125 0.1299128078125 0.587273603125 0.130501421875
3 0.5699133 0.13084988749999998 0.571586978125 0.13433811874999999 0.5861179437499999 0.133592015625 0.5850875531249999 0.130658909375 0.5699133 0.13084988749999998
3 0.5882427703124999 0.139002515625 0.5872764265625 0.13561369375000001 0.5734527953125 0.1364592046875 0.5744831828125 0.1393923125 0.5882427703124999 0.139002515625
3 0.6121499296875 0.1177325078125 0.619159228125 0.119182315625 0.6233975875 0.109554228125 0.6164523375 0.10764870625 0.6121499296875 0.1177325078125
3 0.6199785906249999 0.20573462031249998 0.6223596031249999 0.2093222609375 0.63534780625 0.2092887703125 0.6345095578125 0.2049885203125 0.6199785906249999 0.20573462031249998
3 0.6168233765625 0.19739101406249998 0.6177897203125 0.2007798359375 0.631034109375 0.1989234859375 0.6285890515625 0.1957915609375 0.6168233765625 0.19739101406249998
3 0.6050435890625 0.1734291109375 0.6065251265625 0.1782844859375 0.6189340890625 0.1772401578125 0.61803179375 0.173395621875 0.6050435890625 0.1734291109375
3 0.60556160625 0.1800079359375 0.603887928125 0.1765197046875 0.590259259375 0.1811103421875 0.5920610296875 0.18368714531250002 0.60556160625 0.1800079359375
3 0.6137322078125 0.1885916921875 0.61205853125 0.18510346093750002 0.5993293359375 0.1884263640625 0.600423771875 0.1909037578125 0.6137322078125 0.1885916921875
3 0.615085653125 0.1943584984375 0.61418335625 0.1905139609375 0.5986248234375 0.1934392265625 0.6004265953125001 0.19601602812500002 0.615085653125 0.1943584984375
3 0.6158598546875 0.1991144640625 0.6134147984375 0.19598253906250002 0.6008136953125 0.1983940109375 0.601072703125 0.2016834234375 0.6158598546875 0.1991144640625