3 0.9064823562500001 0.8498903500000001 0.9067500953125001 0.8516136421875 0.9124923984375 0.8500006921875001 0.9121923109375001 0.8487400203125001 0.9064823562500001 0.8498903500000001
3 0.6044232828125 0.944369134375 0.604905765625 0.9457975203125001 0.6096067015625 0.9451964765625 0.6091457874999999 0.9434596765625001 0.6044232828125 0.944369134375
3 0.6336397687499999 0.9346351234375 0.631493259375 0.9347949468750001 0.6329514859375001 0.9389258984375 0.6346900765625 0.9390474718749999 0.6336397687499999 0.9346351234375
3 0.6347692406250001 0.9268110984375 0.6328266921875 0.926830225 0.6325894625 0.9302227750000001 0.6348967984375 0.9305390796875 0.6347692406250001 0.9268110984375
3 0.6320000703125 0.927547225 0.6300683046875 0.92741214375 0.6294123703125 0.931240296875 0.63211684375 0.9314294125 0.6320000703125 0.927547225
3 0.55191869375 0.95123499375 0.550147753125 0.9515760421874999 0.5508871906249999 0.9548819249999999 0.5524649515625 0.954527371875 0.55191869375 0.95123499375
3 0.554805559375 0.9515918250000001 0.5530669687499999 0.9514702515625 0.553795621875 0.9549303421875001 0.5555449953125 0.9548977109375001 0.554805559375 0.9515918250000001
3 0.5575962984375 0.9505472859375 0.555428221875 0.951015521875 0.5561137421875 0.9550924421874999 0.55826025 0.9549326171875 0.5575962984375 0.9505472859375
3 0.559324103125 0.950823065625 0.557757125 0.9510234140625 0.5586573875 0.954805428125 0.5600096234375 0.9548999859375 0.559324103125 0.950823065625
3 0.56162065625 0.9512935796875001 0.559871284375 0.9513262109375 0.5606107203125 0.9546320968750001 0.56255326875 0.954612971875 0.56162065625 0.9512935796875001
3 0.5550661984375 0.9423123984374999 0.5535207843750001 0.9422043328124999 0.5534335984375 0.94622721875 0.5555585421875 0.946375809375 0.5550661984375 0.9423123984374999
3 0.5528873390625 0.9429348421875 0.5505584359375 0.9429269515625001 0.5507183421875 0.946192309375 0.5528325015625 0.9464951078125001 0.5528873390625 0.9429348421875
3 0.572611078125 0.9495827296874999 0.570260609375 0.9498832515625001 0.5715148765625 0.9541549015624999 0.574058521875 0.9538678890625001 0.572611078125 0.9495827296874999
3 0.570228259375 0.950345871875 0.5682857109375 0.9503649984375 0.56897123125 0.9544419156249999 0.5709353453125 0.954114378125 0.570228259375 0.950345871875
3 0.5675237859375 0.9501567578125 0.5653557109375 0.9506249953125 0.5668355046875 0.9544475328124999 0.5683917 0.954401390625 0.5675237859375 0.9501567578125
3 0.5631004500000001 0.9551161171875 0.565837271875 0.9548426125 0.565130184375 0.9510741062499999 0.5628012828125 0.9510662140624999 0.5631004500000001 0.9551161171875
3 0.5589072421875 0.9456802078125 0.561021403125 0.9459830046875 0.5612586328125 0.9425904546874999 0.5587365546874999 0.9425690546875 0.5589072421875 0.9456802078125
3 0.5575559265625001 0.9427964187500001 0.555613378125 0.9428155437499999 0.5567176 0.9464568578125 0.55866015 0.946437734375 0.5575559265625001 0.9427964187500001
3 0.5695572062500001 0.9349578218750001 0.5676038734375 0.935131153125 0.5692337109375 0.9395840265625001 0.5714233515625 0.938807375 0.5695572062500001 0.9349578218750001
3 0.5675949328125001 0.9297068968750001 0.565813209375 0.9302021500000001 0.5673037859375001 0.9338704812499999 0.5696650375 0.9334157515625 0.5675949328125001 0.9297068968750001
3 0.5648581109374999 0.929980403125 0.5630871703125 0.9303214484375 0.5645561812500001 0.9342981937499999 0.5667350390625 0.9336757499999999 0.5648581109374999 0.929980403125
3 0.56539174375 0.9390054484375 0.567913825 0.9390268484375 0.5676146578125 0.9349769453125001 0.5652965390625 0.934814846875 0.56539174375 0.9390054484375
3 0.56452383125 0.9347608140625001 0.5627960234375 0.9344850328125001 0.562945146875 0.9379046000000001 0.565070090625 0.938053190625 0.56452383125 0.9347608140625001
3 0.548317640625 0.936106940625 0.5502062750000001 0.9368588499999999 0.551280909375 0.932595090625 0.548190084375 0.932378959375 0.548317640625 0.936106940625
3 0.5470202421875 0.93245211875 0.5450669078125 0.93262545 0.5455484687500001 0.9368430671875 0.5479097203125 0.9363883375000001 0.5470202421875 0.93245211875
3 0.630902946875 0.9349086296875001 0.6289280484375 0.9353903734375001 0.63057945 0.939534834375 0.632135646875 0.9394886921875001 0.630902946875 0.9349086296875001
3 0.6206716859375 0.9451954109375 0.6186967859375 0.9456771578125001 0.6205198000000001 0.9501435375 0.6224947000000001 0.94966179375 0.6206716859375 0.9451954109375
3 0.54370573125 0.9271066359375 0.5419024421875 0.9279103031249999 0.5440048984375 0.9311565375 0.5460013625 0.9303663796875 0.54370573125 0.9271066359375
3 0.6239556875 0.9454250515625 0.6219807890625 0.945906796875 0.6228918359375 0.9495346031249999 0.6248236015625 0.949669684375 0.6239556875 0.9454250515625
3 0.63658239375 0.9286424562500001 0.6382562828125 0.929689271875 0.6414342953125 0.9258825171874999 0.63936326875 0.9249628921875 0.63658239375 0.9286424562500001
3 0.6260350031249999 0.9212415937499999 0.62668909375 0.9229919015625001 0.63240983125 0.9216873640625 0.631584128125 0.9196151359375 0.6260350031249999 0.9212415937499999
3 0.63021216875 0.9142505296874999 0.62840888125 0.9150541953125 0.630253459375 0.9192121640625001 0.6322391421875 0.9185762125 0.63021216875 0.9142505296874999
3 0.6302472796874999 0.9054202140625 0.6282615984375 0.906056165625 0.6305140984375 0.9099327359375 0.63269295625 0.9093102921874999 0.6302472796874999 0.9054202140625
3 0.6288605859375 0.944683309375 0.6268856859375 0.9451650546874999 0.6287841828125 0.9485519890624999 0.6311562187499999 0.9479430531249999 0.6288605859375 0.944683309375
3 0.6329163734375001 0.9477562125000001 0.63075908125 0.9480702421875 0.6329900140625 0.9522552281250001 0.6349649140625 0.9517734828125001 0.6329163734375001 0.9477562125000001
3 0.6307267328124999 0.9485328640624999 0.6283978296875 0.948524971875 0.6294804859375 0.9524747 0.6314338187499999 0.9523013703125001 0.6307267328124999 0.9485328640624999
3 0.6375436718749999 0.9426561546875 0.635407946875 0.942661771875 0.636501384375 0.94645729375 0.6386586765625 0.9461432625 0.6375436718749999 0.9426561546875
3 0.6279405984374999 0.935631246875 0.626169659375 0.9359722937500001 0.6272415312499999 0.9400762281249999 0.6292056484375 0.939748690625 0.6279405984374999 0.935631246875
3 0.6244939265625 0.940503940625 0.6264364765625 0.9404848156250001 0.6251714265625 0.9363673718750001 0.6232073109375 0.9366949109375 0.6244939265625 0.940503940625
3 0.6222198609375 0.9369357828125 0.6200517859375 0.93740401875 0.621531578125 0.9412265578125 0.6240752234375 0.9409395437500001 0.6222198609375 0.9369357828125
3 0.6196869984375 0.9370685906249999 0.617508140625 0.937691034375 0.61912719375 0.9422981140625 0.6211020921875 0.94181636875 0.6196869984375 0.9370685906249999
3 0.627492309375 0.9281617765625001 0.6253997140625 0.9275505671875001 0.6241534703125 0.9314924015624999 0.6260313187500001 0.93239851875 0.627492309375 0.9281617765625001
3 0.6312381453125 0.927338984375 0.6289200265625 0.9271768859374999 0.627502171875 0.9307968015625001 0.6292084109375 0.9313809953125001 0.6312381453125 0.927338984375
3 0.6089057953125 0.9552199203124999 0.6097961953125 0.9563669109375 0.61433630625 0.9552897390625 0.6136390828125 0.9541562578124999 0.6089057953125 0.9552199203124999
3 0.607265175 0.9509212546875 0.607576046875 0.9520277187499999 0.612276984375 0.9514266750000001 0.6119768953125 0.9501660046874999 0.607265175 0.9509212546875
3 0.6068581765625 0.9484134203125001 0.606578734375 0.9496335671875 0.6120415953125 0.9492407625 0.6115483312500001 0.9479665828125 0.6068581765625 0.9484134203125001
3 0.63526684375 0.9474556906249999 0.6333027265625 0.9477832296875001 0.6349756984375 0.951619275 0.636735853125 0.9514324375 0.63526684375 0.9474556906249999
3 0.63143658125 0.943933675 0.6296548578125 0.944428928125 0.6315425718750001 0.9479700687499999 0.6333135109375 0.9476290234375 0.63143658125 0.943933675
3 0.627764384375 0.94925548125 0.625413915625 0.9495560031249999 0.6271192343750001 0.9529294296874999 0.628514603125 0.952407159375 0.627764384375 0.94925548125
3 0.625563959375 0.9501863374999999 0.6234066656249999 0.95050036875 0.6244893234375 0.954450096875 0.626818225 0.954457990625 0.625563959375 0.9501863374999999
3 0.6229879640625 0.9509359734375 0.6200471828125 0.9513501765625 0.6215701078125 0.9545558875 0.623931359375 0.954101159375 0.6229879640625 0.9509359734375
3 0.6268533374999999 0.9456276750000001 0.6245244343749999 0.9456197828124999 0.625617875 0.9494153046875 0.6281399546875 0.9494367046875001 0.6268533374999999 0.9456276750000001
3 0.5462493765625 0.9268196218750001 0.5448647906249999 0.927187684375 0.5461729734375 0.9306883015625 0.5483626140625 0.92991165 0.5462493765625 0.9268196218750001
3 0.5353372000000001 0.919083328125 0.5337486546875 0.919592090625 0.5350352703125 0.9234011203125 0.536988603125 0.9232277890624999 0.5353372000000001 0.919083328125
3 0.8385228640625 0.7279877375 0.8408302000000001 0.72830404375 0.8420872296875 0.724208 0.839790675 0.7237374875 0.8385228640625 0.7279877375
3 0.516755290625 0.932195315625 0.517420165625 0.9337914187499999 0.5229369421875 0.9326275796875001 0.5221004578125 0.9307095578125001 0.516755290625 0.932195315625
3 0.56233603125 0.9299590015625 0.5603826984375 0.9301323328125 0.5611113515625 0.933592425 0.563257859375 0.9334326015625001 0.56233603125 0.9299590015625
3 0.5587411578125 0.9286228984375 0.556981003125 0.9288097375 0.557484128125 0.9327189421875 0.559609071875 0.9328675328125 0.5587411578125 0.9286228984375
3 0.5564122546875 0.92861500625 0.554845275 0.9288153546875 0.5555631453125 0.9324296515625001 0.5573125171875 0.9323970203125 0.5564122546875 0.92861500625
3 0.5539225265625001 0.9281309859375 0.5517652328125 0.9284450156249999 0.5522899265625 0.93204580625 0.5542216921875001 0.9321808875 0.5539225265625001 0.9281309859375
3 0.5498873828125 0.9275388984375 0.5477408734375 0.9276987218749999 0.5486087859375 0.93194335625 0.5507445140625 0.931937740625 0.5498873828125 0.9275388984375
3 0.5352490921874999 0.925895446875 0.5334997203125 0.9259280796875 0.533970496875 0.9302999046875 0.536320965625 0.9299993828125 0.5352490921874999 0.925895446875
3 0.5308599453125 0.9248137234374999 0.5288850468749999 0.9252954687500001 0.5311267625 0.9293262468749999 0.5331016625 0.9288445 0.5308599453125 0.9248137234374999
3 0.5262021406249999 0.9247979390625 0.524431203125 0.9251389859374999 0.5259217781250001 0.92880731875 0.52767115 0.928774684375 0.5262021406249999 0.9247979390625
3 0.52849869375 0.9252684531250001 0.5267385390625 0.925455290625 0.5281967640625 0.92958624375 0.5305580156249999 0.9291315156250001 0.52849869375 0.9252684531250001
3 0.5604627859375 0.9151067296875001 0.5588742390625 0.915615490625 0.560547209375 0.9194515375 0.5623397140625 0.9188020765625 0.5604627859375 0.9151067296875001
3 0.5575435703125 0.91521251875 0.5559658062499999 0.915567075 0.5576172109375 0.919711534375 0.5593881484375001 0.9193704874999999 0.5575435703125 0.91521251875
3 0.5686338015625 0.903746115625 0.5666696875 0.904073653125 0.567741559375 0.9081775890625 0.57051073125 0.9074414624999999 0.5686338015625 0.903746115625
3 0.5610145703125 0.9016637171875 0.5594583734375 0.9017098578124999 0.561152909375 0.9052374921874999 0.5627522375 0.9045745234375 0.5610145703125 0.9016637171875
3 0.55339625625 0.8967920890625001 0.5561330812499999 0.8965185828125 0.5542885 0.8923606156250001 0.552120425 0.8928288515625 0.55339625625 0.8967920890625001
3 0.551999046875 0.902892821875 0.5503673671875 0.9040184109375 0.552233515625 0.9078679656249999 0.5544123734374999 0.907245521875 0.551999046875 0.902892821875
3 0.5464714875000001 0.9042108671875001 0.5447005468749999 0.9045519125 0.5461695578125 0.9085286578125 0.5481552390625 0.9078927046875 0.5464714875000001 0.9042108671875001
3 0.5563657046875 0.9070721890625 0.554583984375 0.9075674421875 0.556439346875 0.9115712046875 0.559026125 0.9106673625000001 0.5563657046875 0.9070721890625
3 0.5539936703125 0.9076811250000001 0.5520295546875 0.9080086640625 0.5536809578125 0.9121531234375 0.556224603125 0.9118661109374999 0.5539936703125 0.9076811250000001
3 0.548090540625 0.9088179468750001 0.5463196015625 0.90915899375 0.5479925703124999 0.912995040625 0.5503646062499999 0.9123861046874999 0.548090540625 0.9088179468750001
3 0.515645809375 0.911972821875 0.5140680468750001 0.9123273749999999 0.5153762296875 0.9158279921875 0.517748265625 0.91521905625 0.515645809375 0.911972821875
3 0.5184149812500001 0.9112366937499999 0.516633259375 0.9117319484375 0.51813461875 0.915246071875 0.52008795 0.9150727406250001 0.5184149812500001 0.9112366937499999
3 0.52157050625 0.9105275859375 0.519788784375 0.9110228390625 0.5210969671875 0.9145234546875001 0.5230610828125 0.9141959171874999 0.52157050625 0.9105275859375
3 0.5233414453125 0.9101865390625001 0.5219784265625 0.9102461875 0.5232973921874999 0.9135925968749999 0.5250575484375 0.913405759375 0.5233414453125 0.9101865390625001
3 0.531652378125 0.9301378046875 0.52910873125 0.93042481875 0.529976646875 0.9346694531249999 0.5327242515624999 0.934241740625 0.531652378125 0.9301378046875
3 0.5178065187499999 0.9338184343749999 0.518643003125 0.9357364578125 0.523558684375 0.934840509375 0.5229261593750001 0.9327817875 0.5178065187499999 0.9338184343749999
3 0.5409716703125 0.9190124468749999 0.5391683828125 0.919816115625 0.5412384890624999 0.9235249703124999 0.5428486 0.9227077953125 0.5409716703125 0.9190124468749999
3 0.5093732890625 0.9267203687500001 0.5077955249999999 0.9270749234375 0.5096616734375 0.9309244781249999 0.5114541781249999 0.93027501875 0.5093732890625 0.9267203687500001
3 0.5433005734374999 0.9190203390624999 0.541358025 0.9190394625 0.5438037 0.9229295421874999 0.545392246875 0.9224207812499999 0.5433005734374999 0.9190203390624999
3 0.558937096875 0.9202687109375001 0.5571661578125 0.9206097578125 0.55889304375 0.9236747718749999 0.5608679421875 0.923193025 0.558937096875 0.9202687109375001
3 0.5632211734375 0.9145248109375 0.5614286671875 0.9151742703125001 0.5631339875 0.9185476953125 0.564883359375 0.9185150625 0.5632211734375 0.9145248109375
3 0.5659687796874999 0.9140970968750001 0.563425134375 0.9143841109374999 0.5650873203125 0.918374365625 0.567480921875 0.917457015625 0.5659687796874999 0.9140970968750001
3 0.5691135218750001 0.91354219375 0.56675226875 0.9139969234375 0.568822375 0.9177057812499999 0.570421703125 0.9170428125000001 0.5691135218750001 0.91354219375
3 0.572054303125 0.913127990625 0.5699077921875 0.9132878140624999 0.5715915468749999 0.916969653125 0.5735880109375 0.9161794953125 0.572054303125 0.913127990625
3 0.5739312328125 0.9168233390625 0.5713875859375 0.9171103531250001 0.573049771875 0.9211006062499999 0.5746491015624999 0.9204376375000001 0.5739312328125 0.9168233390625
3 0.562880715625 0.9055132718750001 0.560712640625 0.905981509375 0.562235565625 0.9091872203125 0.5640280718749999 0.9085377593749999 0.562880715625 0.9055132718750001
3 0.559725190625 0.9062223812499999 0.5573531546875 0.9068313171875 0.5592408671875 0.9103724578125 0.5616236859375 0.9096093156249999 0.559725190625 0.9062223812499999
3 0.5555193593750001 0.9025191421875001 0.5535336765625 0.90315509375 0.5548310765625 0.9068099171874999 0.556805975 0.906328171875 0.5555193593750001 0.9025191421875001
3 0.5667892218749999 0.899588146875 0.5642132281250001 0.9003377796875001 0.5662941171875 0.9038924296875 0.5686445859375 0.9035919078125 0.5667892218749999 0.899588146875
3 0.5598268421875 0.8908883624999999 0.55785194375 0.8913701093749999 0.559310171875 0.895501059375 0.561660640625 0.8952005375000001 0.5598268421875 0.8908883624999999
3 0.5306328453125 0.8975247281250001 0.5282823765625 0.89782525 0.5303416984375 0.9016883124999999 0.5321342062500001 0.901038853125 0.5306328453125 0.8975247281250001
3 0.52177815 0.8992299609375 0.5200072109375 0.8995710078125001 0.5213153937499999 0.9030716234374999 0.5238590390625 0.9027846109375 0.52177815 0.8992299609375
3 0.519266853125 0.8990543546875 0.5170448624999999 0.900293625 0.5189110078125 0.9041431796875001 0.52091825625 0.9031988156249999 0.519266853125 0.8990543546875
3 0.516808553125 0.9008969453125 0.5150376125 0.9012379921875 0.516495840625 0.9053689437499999 0.5194797546875 0.9043379125 0.516808553125 0.9008969453125
3 0.5113133421875 0.9017523703125001 0.5093384421875 0.9022341140625001 0.511204590625 0.90608366875 0.5129755281249999 0.9057426218750001 0.5113133421875 0.9017523703125001
3 0.5229181390625001 0.9245683 0.5211040671875 0.9255261734375001 0.5228093859375 0.9288995984374999 0.524966678125 0.92858556875 0.5229181390625001 0.9245683
3 0.5300358187499999 0.9504796000000001 0.5295641203125 0.9488970078125 0.5244552640625 0.9497794484375 0.5254849265625 0.9517109796875 0.5300358187499999 0.9504796000000001
3 0.5107945609375 0.9452600984374999 0.5103228625 0.9436775046875001 0.5050100453125 0.9447006453125001 0.5056857031249999 0.9461425390624999 0.5107945609375 0.9452600984374999
3 0.5021465875 0.9384569375 0.5030369890624999 0.9396039281249999 0.5079418859375 0.938862184375 0.5072770109375 0.9372660828124999 0.5021465875 0.9384569375
3 0.501932765625 0.9359626125 0.5024152468749999 0.9373909984375001 0.5075564531250001 0.9360459359375 0.5070631890625 0.9347717578125 0.501932765625 0.9359626125
3 0.5115062515625 0.935082446875 0.5134488015625001 0.935063321875 0.511958225 0.9313949906250001 0.509983325 0.9318767359375 0.5115062515625 0.935082446875
3 0.6137010187499999 0.9615987109375 0.6149669906249999 0.9629269218750001 0.618197996875 0.961138365625 0.616567240625 0.9594747218749999 0.6137010187499999 0.9615987109375
3 0.6156965640625 0.963597784375 0.6177244578125001 0.965134234375 0.6200434968749999 0.9625071015625 0.618595134375 0.961011175 0.6156965640625 0.963597784375
3 0.6179068515624999 0.96530195 0.61937678125 0.9664894640625 0.621889 0.9638758390625 0.6204190671875 0.9626883265625 0.6179068515624999 0.96530195
1 0.45798007500000004 0.49295521875 0.4492513625 0.4706503234375 0.41573199531249994 0.47806895625 0.4244822765625 0.5000654359375 0.45798007500000004 0.49295521875
1 0.6840820609375 0.5103154171875001 0.6890470546875 0.522594590625 0.7040735390624999 0.5186865968750001 0.6990869796875 0.5067158375 0.6840820609375 0.5103154171875001
1 0.6718259359375 0.47738148437500005 0.6779167187499999 0.4929935578125 0.7027422171875 0.48775628906249996 0.696833828125 0.472311928125 0.6718259359375 0.47738148437500005
1 0.6888119328125 0.4870921078125 0.696018640625 0.5034020609375001 0.7218639390625 0.49746129687499996 0.71540836875 0.48151379062500005 0.6888119328125 0.4870921078125
1 0.6408948031249999 0.41447390625 0.6500853531249999 0.43572636875 0.679022396875 0.427212503125 0.6700780187500001 0.40799174687499995 0.6408948031249999 0.41447390625
1 0.64825274375 0.39530839218749997 0.65403265625 0.4098140015625 0.6749838375 0.4044607734375 0.6683988703125 0.39036375 0.64825274375 0.39530839218749997
1 0.6432581640625 0.3751241453125 0.6488125499999999 0.39007886875 0.6685291906249999 0.3857240375 0.6631356328125 0.37124544375 0.6432581640625 0.3751241453125
1 0.6301391171875 0.387843328125 0.63660546875 0.40363662656250004 0.6605190000000001 0.39756078125 0.6545890437499999 0.38242483437499997 0.6301391171875 0.387843328125
1 0.631596690625 0.3614469421875 0.637022596875 0.375462915625 0.6557733531250001 0.37104054375 0.6501542687499999 0.3570110640625 0.631596690625 0.3614469421875
1 0.6151156624999999 0.350067059375 0.62120644375 0.365679134375 0.647277265625 0.35928925624999997 0.6415081390624999 0.344629440625 0.6151156624999999 0.350067059375
1 0.6226667781249999 0.33091505312499997 0.6290154359375 0.345615396875 0.6491184296875 0.3412875828125 0.6425981625 0.32626531718749996 0.6226667781249999 0.33091505312499997
1 0.6108481593749999 0.30560479687500003 0.6171752515625 0.320613553125 0.63514251875 0.31629135625 0.629351825 0.3019399515625 0.6108481593749999 0.30560479687500003
1 0.6018720875 0.317374 0.60701763125 0.3353993515625 0.6317245125000001 0.33185835468749997 0.6278988562500001 0.31439018124999996 0.6018720875 0.317374
1 0.6002206828125 0.3132295390625 0.610537021875 0.337814903125 0.642049140625 0.3313406359375 0.63135723125 0.3065740484375 0.6002206828125 0.3132295390625
1 0.6037690078125 0.2930228265625 0.6092919640625001 0.3056509375 0.6239213125 0.3018701359375 0.6185699671875 0.28956394531249996 0.6037690078125 0.2930228265625
1 0.5822123921875 0.2792735328125 0.5917892953125 0.3005530109375 0.61892305 0.2928428140625 0.609313796875 0.2720259546875 0.5822123921875 0.2792735328125
1 0.33413954375 0.36513053125 0.30168955625 0.351704225 0.2848407125 0.38167317343749996 0.3187292015625 0.39396038437500003 0.33413954375 0.36513053125
1 0.18250103906249998 0.2739472796875 0.2116500625 0.273506203125 0.210316896875 0.2481543578125 0.1808030859375 0.24826000312500002 0.18250103906249998 0.2739472796875
1 0.26899954843749996 0.577675684375 0.2619105328125 0.5624586890625001 0.2433098203125 0.567511396875 0.2509460140625 0.5832315375 0.26899954843749996 0.577675684375
1 0.28088470781249997 0.5964822375 0.272679765625 0.580567365625 0.2540359203125 0.5862369000000001 0.2612857625 0.6019300234375 0.28088470781249997 0.5964822375
1 0.348493640625 0.5124173328125 0.3548845109375 0.5292900796875 0.38115929375 0.5227595046875 0.37453211406250003 0.5064900765625 0.348493640625 0.5124173328125
1 0.79690983125 0.51247155 0.7991687765625 0.496823503125 0.7778447875000001 0.4936278140625 0.7758967125 0.5103823265625 0.79690983125 0.51247155
1 0.7973355140625 0.4258781890625 0.787361475 0.40472590156250005 0.7592618375 0.41236855625 0.7686779125000001 0.43317190781250003 0.7973355140625 0.4258781890625
1 0.6940372984375001 0.5234084250000001 0.6979187125 0.5345271015625 0.7071921109375 0.532386265625 0.7034607390625001 0.5218979234375001 0.6940372984375001 0.5234084250000001
1 0.47233865625 0.5291353859375 0.46402864531250004 0.5063948875000001 0.43921393125 0.511477953125 0.4475239421875 0.53421845 0.47233865625 0.5291353859375
3 0.6275234703125 0.9638049578125001 0.6257956625000001 0.9635291765625 0.6253329062499999 0.9673708390625 0.6276186781249999 0.9679955578125 0.6275234703125 0.9638049578125001
1 0.4798238875 0.5470144234375 0.47389393125 0.5318784765625 0.4510217671875 0.536942415625 0.4561682328125 0.5521785359375 0.4798238875 0.5470144234375
1 0.31061338125 0.6932421640624999 0.3306948078125 0.6892227625 0.32389601875 0.6726314140625 0.30440490468750003 0.67653713125 0.31061338125 0.6932421640624999
1 0.3359438453125 0.6863356328125 0.3543190328125 0.6817320375 0.3474231953125 0.6665285515625 0.3296598890625 0.6707100500000001 0.3359438453125 0.6863356328125
1 0.35876209531250003 0.6820427265625 0.3767509296875 0.6774121156249999 0.36906081875 0.6624630093749999 0.35125437656249997 0.6672613359375 0.35876209531250003 0.6820427265625
1 0.3769450265625 0.6746363921875 0.392143121875 0.6710503203125 0.38674864375 0.6593609578125 0.3725487796875 0.66255195 0.3769450265625 0.6746363921875
1 0.3997210625 0.6681710828125 0.41446810625 0.6654832359375 0.4100934265625 0.6530903796875001 0.39555034375 0.655637528125 0.3997210625 0.6681710828125
1 0.418825825 0.664238346875 0.4338091765625 0.66094718125 0.4282862203125 0.64831906875 0.41426875 0.651677778125 0.418825825 0.664238346875
1 0.4407644546875 0.6586442453125 0.4559409828125 0.6553665875 0.4505249390625 0.6439856390625 0.43634664218749997 0.6468682171875 0.4407644546875 0.6586442453125
1 0.33810443437500004 0.61102076875 0.31188356875 0.6167803125 0.322275390625 0.6402862265625 0.3477343328125 0.6343184453124999 0.33810443437500004 0.61102076875
1 0.34537426875 0.5986673734375 0.337844984375 0.5841943953125 0.3188902671875 0.5887574671875 0.3256037140625 0.6037932390625 0.34537426875 0.5986673734375
1 0.36623458124999997 0.6084939546875 0.3427181875 0.6144426125 0.3507613796875 0.6326705859375 0.37427777500000003 0.6267219296875 0.36623458124999997 0.6084939546875
1 0.42014900781250003 0.5897946921874999 0.3936810484375 0.596311759375 0.4045347046875 0.6187652453125 0.4310242296875 0.6119397640625001 0.42014900781250003 0.5897946921874999
1 0.4572085296875 0.6844329078125 0.4376527171875 0.6892638671875 0.4461352578125 0.7095370546875001 0.4664745625 0.704605921875 0.4572085296875 0.6844329078125
1 0.47653210156250003 0.7328922484375 0.4849283796875 0.7543990921875 0.5129741015625 0.7475274703125 0.5038159 0.7258123875 0.47653210156250003 0.7328922484375
1 0.520725640625 0.60891464375 0.486884621875 0.6153810203125001 0.5030455703125 0.6535467515625 0.5366512015625 0.644894465625 0.520725640625 0.60891464375
1 0.5149450765625 0.5638816953125 0.4883594234375 0.5693058078125001 0.5015509234375 0.5971914390624999 0.526816690625 0.59121015 0.5149450765625 0.5638816953125
1 0.5149719015625001 0.5801544640625 0.48028269375 0.5876462546875 0.49533941875 0.622170671875 0.5301041093750001 0.613599434375 0.5149719015625001 0.5801544640625
1 0.544022034375 0.5866797125 0.5175432921875001 0.5933509859375 0.529618865625 0.6205387421874999 0.5569026640625 0.6134588796875 0.544022034375 0.5866797125
1 0.5772610375 0.5832704578125 0.54969871875 0.5887812343750001 0.5627176875 0.6191341765625 0.5894003890625 0.612322203125 0.5772610375 0.5832704578125
1 0.543998359375 0.6258831578125 0.5183031078125 0.632454259375 0.531397559375 0.6617277515625 0.5575438640625 0.654258428125 0.543998359375 0.6258831578125
1 0.5748563859375 0.6176585828125 0.5479805078125 0.624457046875 0.5613328359375 0.652818809375 0.5866201671875 0.6465291046874999 0.5748563859375 0.6176585828125
1 0.6138987078125 0.6228680609375 0.5886150578125 0.6180008406249999 0.5857226671875 0.6343793984375 0.6108562734375 0.6386162843750001 0.6138987078125 0.6228680609375
1 0.604274721875 0.6466789046875 0.6171975640625 0.6756304765625 0.6502020984375 0.667246078125 0.6376440437500001 0.6386299375 0.604274721875 0.6466789046875
1 0.6145568703125 0.6773053531250001 0.6242083328125 0.7002946140625 0.660604703125 0.6905977875 0.650888540625 0.668533765625 0.6145568703125 0.6773053531250001
1 0.7702352968749999 0.397019965625 0.762458921875 0.38330451249999997 0.744019034375 0.38883334999999997 0.750797178125 0.40294388124999997 0.7702352968749999 0.397019965625
1 0.811679240625 0.40952558124999994 0.8338261703125 0.42316119375000005 0.850220278125 0.40524739375 0.8283096593750001 0.3910084640625 0.811679240625 0.40952558124999994
1 0.7839437359375 0.3869763296875 0.774334484375 0.3661594734375 0.747039903125 0.373393540625 0.7566491546874999 0.3942103984375 0.7839437359375 0.3869763296875
1 0.7686226890625 0.372888265625 0.758412340625 0.3523392953125 0.73036661875 0.3592109171875 0.739567953125 0.38030917343750004 0.7686226890625 0.372888265625
1 0.3670642046875 0.7937302140625 0.34175530625 0.8003283296875001 0.3534562296875 0.82454563125 0.378013990625 0.81758506875 0.3670642046875 0.7937302140625
3 0.8713079031250001 0.8643214468749999 0.8698918890625 0.8623628999999999 0.8648683765625 0.86480091875 0.8664991343749999 0.866464559375 0.8713079031250001 0.8643214468749999
3 0.8697957609375001 0.8609615296875001 0.868197353125 0.8588352671875 0.8628198359375 0.860783646875 0.864042675 0.8627286875 0.8697957609375001 0.8609615296875001
3 0.8641307812499999 0.85591656875 0.862854028125 0.8547425656250001 0.8586894875000001 0.856000959375 0.8597299328125001 0.857778284375 0.8641307812499999 0.85591656875
3 0.7411540671875 0.9072870578125001 0.740113621875 0.905509734375 0.7354872453125 0.9078205609375001 0.737118003125 0.909484203125 0.7411540671875 0.9072870578125001
3 0.6718249609375 0.9354457609375 0.6698177125 0.936390128125 0.673046878125 0.9401800328125001 0.67526886875 0.9389407625 0.6718249609375 0.9354457609375
3 0.6729337875 0.9251409203125001 0.6711628484375 0.925481965625 0.6722562875 0.9292774874999999 0.674799934375 0.928990475 0.6729337875 0.9251409203125001
3 0.6675670546875 0.92693509375 0.665613721875 0.9271084249999999 0.6668679890625 0.9313800750000001 0.668821321875 0.93120674375 0.6675670546875 0.92693509375
3 0.6653881968750001 0.9275575375 0.6630592937500001 0.9275496453125 0.6637340296875001 0.9317807703125001 0.66609528125 0.9313260421875 0.6653881968750001 0.9275575375
3 0.6584248953125 0.9216469859374999 0.6565254796875 0.9210492828125 0.654957578125 0.9240388609375 0.656824646875 0.925099184375 0.6584248953125 0.9216469859374999
3 0.6556880734375 0.921920490625 0.6539602671875 0.9216447109375 0.6525747609375 0.924802003125 0.654635003125 0.9258758359374999 0.6556880734375 0.921920490625
3 0.65136270625 0.9227027578125 0.6492377625 0.9225541671874999 0.6478414734375 0.92586566875 0.6497193234374999 0.9267717843750001 0.65136270625 0.9227027578125
3 0.6502196875 0.9390486828125001 0.6486311421875001 0.93955744375 0.6504972875 0.9434069984375 0.6523113609375 0.9424491250000001 0.6502196875 0.9390486828125001
3 0.6488027515625 0.9398793671875 0.646645459375 0.940193396875 0.647760465625 0.9436805046875 0.6495098390625 0.9436478718749999 0.6488027515625 0.9398793671875
3 0.64527165625 0.9404072515624999 0.64350071875 0.9407482999999999 0.6447981171875 0.944403121875 0.6469446265625 0.9442432984375 0.64527165625 0.9404072515624999
3 0.6432751921875 0.9411974109375001 0.6407207625 0.94163863125 0.6414817640625 0.9446361015625 0.6440038453125 0.944657503125 0.6432751921875 0.9411974109375001
3 0.6465662953125 0.9524297687500001 0.6455357125 0.9532874703124999 0.6490443203125 0.955857228125 0.6504720374999999 0.9548723390625 0.6465662953125 0.9524297687500001
3 0.6445698281250001 0.9532199296874999 0.642948934375 0.9541913093750001 0.6469831546875 0.9575726281250001 0.6484324406249999 0.9562793234375 0.6445698281250001 0.9532199296874999
3 0.6386047609375 0.9469142968750001 0.6372201765625001 0.947282359375 0.6379488296875 0.9507424515625 0.63968741875 0.9508640265625001 0.6386047609375 0.9469142968750001
3 0.6372488421875 0.9579766640624999 0.636400653125 0.9590020796875001 0.6399200453125 0.96141763125 0.6413369796875 0.9605869484375 0.6372488421875 0.9579766640624999
3 0.6363898703124999 0.9591562859374999 0.634575796875 0.9601141609375 0.637236215625 0.963709334375 0.638878678125 0.9624295390625001 0.6363898703124999 0.9591562859374999
3 0.633609915625 0.9600466187500001 0.63238615625 0.9608908109375 0.635218184375 0.9648079062500001 0.636452728125 0.963809509375 0.633609915625 0.9600466187500001
3 0.62953071875 0.962860590625 0.627566603125 0.9631881312499999 0.6294327484375 0.967037684375 0.6316008234375 0.9665694468750001 0.62953071875 0.962860590625
1 0.404432103125 0.8645260171875 0.395273903125 0.842810934375 0.36940704062499996 0.8490601124999999 0.3784044125 0.870299065625 0.404432103125 0.8645260171875
1 0.3659461703125 0.8319273687500001 0.372080084375 0.8469226171875001 0.392033034375 0.8419644671875 0.3864570828125 0.8273181578125 0.3659461703125 0.8319273687500001
1 0.329926409375 0.9361766656249999 0.3567699390625 0.929840821875 0.3481274921875 0.906302271875 0.3216811 0.9125109265625 0.329926409375 0.9361766656249999
1 0.6830665078125 0.20559132343750003 0.676395275 0.19272795468749998 0.661744359375 0.196817171875 0.6682224171875 0.20966703125000002 0.6830665078125 0.20559132343750003
1 0.7408082859375 0.3292588171875 0.7336977046875 0.314350234375 0.713540796875 0.319449084375 0.7208661203125 0.33406275937499996 0.7408082859375 0.3292588171875
1 0.7497212359375001 0.3461529625 0.7433510109375 0.33176103437500004 0.7237628484374999 0.337054615625 0.7293495828125 0.3515467171875 0.7497212359375001 0.3461529625
1 0.768306559375 0.35520061875 0.758718875 0.3340753484375 0.7294386109375 0.34194536875 0.7396058265625001 0.3631111640625 0.768306559375 0.35520061875
1 0.7553110000000001 0.3189608015625 0.7439110828125 0.29321494062500003 0.709468046875 0.3027384359375 0.72167301875 0.328075709375 0.7553110000000001 0.3189608015625
1 0.6995128109375 0.289645428125 0.7094976328125 0.310643509375 0.7372324828125 0.3026654234375 0.7273545718750001 0.2829145046875 0.6995128109375 0.289645428125
1 0.7581371171875 0.275769378125 0.7651290828125 0.2923742359375 0.7912214703125 0.28567594375 0.78416480625 0.2699963296875 0.7581371171875 0.275769378125
1 0.7515635875 0.2920454859375 0.7607325687500001 0.31360636249999996 0.7874799703125 0.3058691484375 0.778804253125 0.2855824515625 0.7515635875 0.2920454859375
1 0.709568125 0.25966631093750003 0.702842975 0.247573978125 0.6871938281250001 0.252058275 0.6931462703125 0.264096575 0.709568125 0.25966631093750003
1 0.7221190796875 0.27727973437500003 0.7150624140625 0.26160011875 0.6913744109375 0.267226853125 0.6981839828124999 0.28366399531250003 0.7221190796875 0.27727973437500003
1 0.7406828375 0.2866358046875 0.730912759375 0.26534281718749997 0.7024483359375 0.27265004375 0.71223998125 0.2936346171875 0.7406828375 0.2866358046875
1 0.7031917203125 0.23148243281249997 0.6955555265625 0.21576229218749998 0.671277209375 0.221502709375 0.6792242749999999 0.238329315625 0.7031917203125 0.23148243281249997
1 0.358938015625 0.929372584375 0.38416064843750003 0.9240081218749999 0.3751210640625 0.9005967640625 0.35086431406249996 0.9060287671875 0.358938015625 0.929372584375
1 0.70921715 0.2174924109375 0.7004237375 0.19611275781249998 0.672968328125 0.2028706984375 0.6811929953125 0.2240556203125 0.70921715 0.2174924109375
1 0.7240492703125 0.2496767109375 0.7134004953125 0.2242932953125 0.6815118874999999 0.2333755703125 0.6933520718749999 0.25837741406250003 0.7240492703125 0.2496767109375
1 0.8062123375000001 0.1295938796875 0.8149734000000001 0.1514361546875 0.84398500625 0.144632071875 0.8355887296875 0.12312523125 0.8062123375000001 0.1295938796875
1 0.82311364375 0.1682762671875 0.8312628265625 0.1905406375 0.8630220375000001 0.18330884375 0.854464934375 0.161325871875 0.82311364375 0.1682762671875
1 0.609189684375 0.0628200953125 0.618347884375 0.084535178125 0.648776425 0.0769004140625 0.6386523421875 0.055117790624999996 0.609189684375 0.0628200953125
1 0.6217036859375 0.094842296875 0.6316022421875 0.11707403281249999 0.6618807375 0.1088089328125 0.65228226875 0.0878378671875 0.6217036859375 0.094842296875
1 0.701402125 0.093287153125 0.6916967453125 0.071068925 0.6612789875 0.078549484375 0.670973584375 0.10092191718750002 0.701402125 0.093287153125
1 0.72120108125 0.1321721625 0.7128695031250001 0.109740078125 0.678158728125 0.1175402828125 0.6861363015624999 0.1394827296875 0.72120108125 0.1321721625
1 0.8950468484374999 0.44433289687500005 0.8869713046875001 0.42656754374999994 0.8616839734375 0.4328572453125 0.8694055125 0.45013296406250003 0.8950468484374999 0.44433289687500005
1 0.3855030234375 0.9214676562499999 0.4049078703125 0.9187955921875 0.40116755781249996 0.9028829953124999 0.382385371875 0.90497875625 0.3855030234375 0.9214676562499999
3 0.5249623406249999 0.9092151562499999 0.523749365625 0.909905140625 0.5254439015625 0.9134327750000001 0.5272256234375 0.9129375203125001 0.5249623406249999 0.9092151562499999
3 0.52890135625 0.9084058734375 0.5273128093749999 0.9089146343750001 0.5296084421875 0.9121743796875 0.5310145953125 0.9114979015625 0.52890135625 0.9084058734375
3 0.5316597453125 0.9078239546875 0.5300604156250001 0.9084869234375 0.531948128125 0.9120280640624999 0.5335366734375 0.911519303125 0.5316597453125 0.9078239546875
3 0.949609040625 0.5440690375 0.9478596671874999 0.5441016703125 0.94968268125 0.548568053125 0.951271228125 0.548059290625 0.949609040625 0.5440690375
3 0.9450150140625 0.5459172437500001 0.94247136875 0.5462042578124999 0.9441335546875 0.5501945125 0.9461084546875 0.549712765625 0.9450150140625 0.5459172437500001
3 0.9383176093750001 0.547308446875 0.9367398484375 0.5476630015625 0.9387991703124999 0.551526065625 0.9405808921875 0.5510308109375 0.9383176093750001 0.547308446875
3 0.9357631812499999 0.5477496671875 0.93395989375 0.5485533359375 0.9356436453124999 0.5522351734375001 0.9379941140625 0.5519346515625 0.9357631812499999 0.5477496671875
3 0.9323821296875 0.548907890625 0.9307935859375001 0.5494166500000001 0.9328636906250001 0.5531255078124999 0.9350533328124999 0.55234885625 0.9323821296875 0.548907890625
3 0.92746645 0.5498038390625 0.9254699828125 0.550593996875 0.9269605609375 0.554262328125 0.9287314984374999 0.55392128125 0.92746645 0.5498038390625
3 0.9240853984375 0.5509620609375 0.9219173234375001 0.551430296875 0.923987428125 0.5551391531250001 0.9259515437499999 0.5548116140625 0.9240853984375 0.5509620609375
3 0.9187294484375 0.5526020265625 0.916947725 0.5530972796875 0.9184490859375 0.5566114062499999 0.9204132015625 0.556283865625 0.9187294484375 0.5526020265625
3 0.9156062734375 0.552848515625 0.9132558046874999 0.5531490375 0.9152935609374999 0.5573205140625 0.9178479890625001 0.55687929375 0.9156062734375 0.552848515625
3 0.9108468140625 0.5681667515625 0.91020350625 0.566262234375 0.9041287656250001 0.5670771343750001 0.90514764375 0.5691628734374999 0.9108468140625 0.5681667515625
3 0.9047505078125001 0.5692900640625 0.903881671875 0.5678346609375 0.8981825015625 0.568830784375 0.9000064374999999 0.5705079343749999 0.9047505078125001 0.5692900640625
3 0.9019930390625 0.5670827515625 0.900931028125 0.565613840625 0.895242640625 0.56645575625 0.8961006921875001 0.568065365625 0.9019930390625 0.5670827515625
3 0.8982139312499999 0.5711573953125 0.8973450968750001 0.5697019921875001 0.8930305125 0.570330053125 0.8938885640625 0.5719396625 0.8982139312499999 0.5711573953125
3 0.894081740625 0.5719531703125 0.892633375 0.5704572421874999 0.8882864421875001 0.5715479234374999 0.889541628125 0.5730303421875 0.894081740625 0.5719531703125
3 0.8578948546875 0.5647739109375001 0.8561346999999999 0.56496075 0.85774296875 0.5697220390625 0.8595139078124999 0.569380990625 0.8578948546875 0.5647739109375001
3 0.85429998125 0.56343780625 0.8517347687499999 0.564033234375 0.8539549187500001 0.568372425 0.8561445624999999 0.567595775 0.85429998125 0.56343780625
3 0.851004275 0.5661516046874999 0.84891168125 0.56554039375 0.8484812749999999 0.5689194359374999 0.85020908125 0.5691952171875 0.851004275 0.5661516046874999
3 0.8469152171875001 0.5663305515625 0.8445970984375 0.566168453125 0.8433832015625 0.5696476703125 0.845271834375 0.5703995796875 0.8469152171875001 0.5663305515625
3 0.8399383703125001 0.5689419015625 0.8378349953124999 0.568484896875 0.8360200015625001 0.5722320015625 0.8385205140625 0.5725618171875 0.8399383703125001 0.5689419015625
3 0.8358277453125 0.5694292640625 0.8337243687499999 0.568972259375 0.831909378125 0.5727193640625 0.8339911875 0.5734847828125 0.8358277453125 0.5694292640625
3 0.8268975671875 0.57221394375 0.8253952874999999 0.57148905 0.823591078125 0.5750819484374999 0.8254797125 0.5758338578125 0.8268975671875 0.57221394375
3 0.8166690703124999 0.5741330312499999 0.8147480859374999 0.57384374375 0.8129654437499999 0.5771282281250001 0.8150364703124999 0.5780478515625 0.8166690703124999 0.5741330312499999
3 0.7852207296875 0.582471290625 0.7833105312499999 0.58202779375 0.7820427171875 0.5862780437499999 0.7839421359375 0.5868757453125 0.7852207296875 0.582471290625
3 0.7735537296875 0.585529475 0.77205145 0.58480458125 0.7700324968750001 0.5886923859375 0.7727046203125 0.5893441203124999 0.7735537296875 0.585529475
3 0.94743018125 0.54469148125 0.9458416359375 0.5452002421875 0.946945859375 0.5488415578125 0.9488991921875 0.5486682265625 0.94743018125 0.54469148125
3 0.9514123296875001 0.543265371875 0.94984535 0.5434657203125 0.9518723234375001 0.547791403125 0.953847221875 0.5473096578125001 0.9514123296875001 0.543265371875
3 0.971854859375 0.550738325 0.973110046875 0.5522207453125 0.9774461984375 0.551284271875 0.977178459375 0.5495609796875 0.971854859375 0.550738325
3 0.954911075 0.5432001046875 0.9535480546875 0.5432597546875 0.9548131062499999 0.5473771984375 0.956562478125 0.547344565625 0.954911075 0.5432001046875
3 0.9621627578125 0.5533147656249999 0.9628492 0.5546024546874999 0.9671961328125 0.5535117734375 0.9661449062499999 0.5518886562499999 0.9621627578125 0.5533147656249999
3 0.9564528046874999 0.554465096875 0.95734320625 0.5556120859375 0.9614538296875 0.555124725 0.9609713484375 0.5536963375 0.9564528046874999 0.554465096875
3 0.949701484375 0.5566273328125 0.9509782390625 0.5578013390625001 0.9549603859375001 0.5563752281250001 0.954273946875 0.555087540625 0.949701484375 0.5566273328125
3 0.9418558062500001 0.557783278125 0.943132559375 0.558957284375 0.9480374578124999 0.5582155421875 0.9473618 0.5567736484375 0.9418558062500001 0.557783278125
3 0.9378952234375 0.5589009765624999 0.938581665625 0.5601886640625 0.942735421875 0.5590844749999999 0.9418558062500001 0.557783278125 0.9378952234375 0.5589009765624999
3 0.9170293875000001 0.5658097828125 0.9161929015625001 0.5638917593749999 0.9122215390624999 0.5651636625 0.9132727656249999 0.56678678125 0.9170293875000001 0.5658097828125
3 0.9273118015625 0.5631196593750001 0.92663614375 0.5616777640625 0.9218812890624999 0.56304984375 0.9231472609375 0.56437805625 0.9273118015625 0.5631196593750001
3 0.9383884890624999 0.5601751562499999 0.9377236140624999 0.5585790546875 0.9329903265624999 0.5596427187499999 0.9340523375 0.5611116296875001 0.9383884890624999 0.5601751562499999
3 0.9336228500000001 0.561701440625 0.9325716234374999 0.5600783234375 0.92784911875 0.5609877812499999 0.92851399375 0.5625838812499999 0.9336228500000001 0.561701440625
3 0.9220313328125 0.563680178125 0.9213341093749999 0.5625466968749999 0.9161929015625001 0.5638917593749999 0.9178128765625001 0.565709609375 0.9220313328125 0.563680178125
3 0.9215094031250001 0.55171169375 0.9195452859375 0.55203923125 0.9212074734375 0.5560294859375 0.9231823718750001 0.555547740625 0.9215094031250001 0.55171169375
3 0.9298169187499999 0.5495033171875 0.9280244140624999 0.5501527765625001 0.9296973828124999 0.553988821875 0.9318762406250001 0.553366378125 0.9298169187499999 0.5495033171875
3 0.9407219953125001 0.5462368921875 0.938747096875 0.5467186359375 0.9409995953125 0.5505952062499999 0.943167671875 0.5501269703125 0.9407219953125001 0.5462368921875
3 0.9602885921875 0.541251725 0.9588824390624999 0.5419282015625 0.9607162359375 0.5462403765625 0.9631098375 0.545323028125 0.9602885921875 0.541251725
3 0.9628645859375 0.540502090625 0.9608789046874999 0.5411380421875001 0.9636893671875001 0.545363553125 0.9654818734375 0.5447140921875 0.9628645859375 0.540502090625
3 0.9778587218749999 0.5370567171875 0.9764525703125001 0.5377331937500001 0.9773097 0.5421320359374999 0.9796601687500001 0.5418315140625001 0.9778587218749999 0.5370567171875
3 0.9754543375000001 0.5381282734374999 0.9737157468750001 0.5380066984375 0.97462679375 0.54163450625 0.9763653828125 0.5417560796875 0.9754543375000001 0.5381282734374999
3 0.975645671875 0.5437202453125 0.9763428953125001 0.5448537250000001 0.9810546171875 0.544098475 0.9801965656249999 0.542488865625 0.975645671875 0.5437202453125
3 0.9834078484375001 0.5354302578125 0.9814545171875 0.535603590625 0.9828911765624999 0.54004295625 0.9852416453125 0.539742434375 0.9834078484375001 0.5354302578125
3 0.9726959484375 0.5387101921874999 0.9709357921875 0.5388970328125 0.9722008421874999 0.5430144765625 0.9745513109375 0.5427139546874999 0.9726959484375 0.5387101921874999
3 0.9695188578125 0.539727715625 0.967769484375 0.53976035 0.969216928125 0.5440455078124999 0.9711702593749999 0.5438721765625 0.9695188578125 0.539727715625
3 0.9675439578124999 0.5402094609375 0.9655798421874999 0.5405369999999999 0.9673597218750001 0.545620209375 0.96894826875 0.545111446875 0.9675439578124999 0.5402094609375
3 0.95883930625 0.5425450296875 0.9568644078125 0.5430267734374999 0.9583226328125001 0.5471577265625001 0.9604799265624999 0.5468436953125 0.95883930625 0.5425450296875
3 0.7696255 0.5861845515625 0.7681124359375 0.585613865625 0.76611505 0.5891932546875001 0.7680144656250001 0.5897909578125 0.7696255 0.5861845515625
3 0.7660620546875 0.5871750578125 0.7641410703125 0.58688576875 0.76274478125 0.5901972703125 0.7648158078125 0.5911168953125 0.7660620546875 0.5871750578125
3 0.761908296875 0.5882792484375 0.7600088796875 0.58768154375 0.75875185 0.5917775890625 0.76084444375 0.5923887999999999 0.761908296875 0.5882792484375
3 0.7585164625 0.589591675 0.755855121875 0.5887857328125 0.7534498171874999 0.592646521875 0.7557140203125 0.593579653125 0.7585164625 0.589591675
3 0.218345421875 0.86344555625 0.219589825 0.86508218125 0.22457020625 0.8632609921875 0.2233473671875 0.861315953125 0.218345421875 0.86344555625
3 0.1747953390625 0.858850628125 0.1758789140625 0.860011125 0.1801728546875 0.8569022484375 0.1789068828125 0.8555740359374999 0.1747953390625 0.858850628125
3 0.17259583437499998 0.8569922546875001 0.1738618046875 0.8583204671875 0.178724490625 0.8554063203125001 0.1776409125 0.8542458234374999 0.17259583437499998 0.8569922546875001
3 0.171898609375 0.8558587734374999 0.1729821859375 0.857019271875 0.1768574234375 0.8543459984374999 0.175591453125 0.8530177859375 0.171898609375 0.8558587734374999
3 0.1696883234375 0.8541546062500001 0.17114746875 0.8554963265625 0.1750011390625 0.8531314671875 0.1737459515625 0.8516490484375 0.1696883234375 0.8541546062500001
3 0.167628078125 0.8530807749999999 0.168883265625 0.85456319375 0.17340273125 0.8510052046875 0.17194358437499999 0.8496634843749999 0.167628078125 0.8530807749999999
3 0.16580414375000002 0.8514036234375 0.16743490156250002 0.8530672671874999 0.1715356640625 0.8499448812500001 0.17008730156250002 0.848448953125 0.16580414375000002 0.8514036234375
3 0.16395864375 0.8500348875 0.1657717953125 0.85186624375 0.16967938124999998 0.84873035 0.1684349765625 0.847093725 0.16395864375 0.8500348875
3 0.2522249984375 0.6426709875000001 0.25495103750000003 0.6425516874999999 0.2539330796875 0.63767671875 0.25137865000000004 0.6381179390625 0.2522249984375 0.6426709875000001
3 0.2501961828125 0.6439237671875 0.252364259375 0.6434555296875 0.2507559875 0.6386942421875 0.24840551875 0.6389947640625 0.2501961828125 0.6439237671875
3 0.4929743359375 0.7642593718749999 0.49103178593749996 0.764278496875 0.490590596875 0.7678117453125 0.49252236250000003 0.7679468265625 0.4929743359375 0.7642593718749999
3 0.6850473828125 0.8046536203124999 0.6849395515625 0.8061956875 0.6899944921875 0.8060842812500001 0.6900915421875 0.8046964203125 0.6850473828125 0.8046536203124999
3 0.683395059375 0.8032983921874999 0.6840707171875 0.8047402859374999 0.68955514375 0.8040390671875001 0.6885147 0.8022617437499999 0.683395059375 0.8032983921874999
3 0.6827841015625 0.80093125625 0.6834705421875 0.80221894375 0.68861175 0.8008738828125 0.688118484375 0.799599703125 0.6827841015625 0.80093125625
3 0.681765221875 0.7988455171875 0.682462446875 0.7999789984375 0.6872065171874999 0.7987611265625 0.6865308609375 0.7973192328125001 0.681765221875 0.7988455171875
3 0.6760509328125 0.780625434375 0.6769305484375 0.78192663125 0.6814706609375001 0.7808494593749999 0.6809881796874999 0.779421071875 0.6760509328125 0.780625434375
3 0.6754076234374999 0.7787209203125001 0.6760832812500001 0.7801628140625 0.6804733484375001 0.7784553062499999 0.6797761234374999 0.777321825 0.6754076234374999 0.7787209203125001
3 0.6783071140625 0.7733450796875 0.6774598453125 0.7715812640624999 0.6727373421875 0.772490721875 0.673573828125 0.77440874375 0.6783071140625 0.7733450796875
3 0.67692345 0.7709239109375 0.6764517515625 0.7693413203125 0.67134289375 0.7702237609375 0.6723833390625 0.772001084375 0.67692345 0.7709239109375
3 0.677117546875 0.7681481890625 0.676635065625 0.7667198015625 0.6703348 0.7679838140624999 0.6713860265625 0.7696069328124999 0.677117546875 0.7681481890625
3 0.8280706796875 0.724777475 0.8301956234375 0.724926065625 0.831023165625 0.721419834375 0.8294885359374999 0.7211575609375 0.8280706796875 0.724777475
3 0.8304103671874999 0.7246311609375 0.833275665625 0.7252964046875 0.8345111281250001 0.721508775 0.8316134796875 0.7213061515625 0.8304103671874999 0.7246311609375
3 0.8354113921874999 0.7252907875 0.8376648109374999 0.726378128125 0.8402740765625 0.7223766421875 0.8377843468749999 0.721892621875 0.8354113921874999 0.7252907875
3 0.2188171203125 0.8650281484375 0.2198575640625 0.8668054734374999 0.2242044984375 0.8657147921874999 0.2239259765625 0.8641457078125001 0.2188171203125 0.8650281484375
3 0.2715624765625 0.9740898578125 0.2738051125 0.9753314046874999 0.27682229999999997 0.971048521875 0.274386484375 0.9697934671875 0.2715624765625 0.9740898578125
3 0.4486005125 0.849174228125 0.4492977359375 0.8503077093750001 0.45446050937500004 0.8486542343749999 0.45414963906250005 0.8475477703125 0.4486005125 0.849174228125
3 0.2316570203125 0.5925750203125 0.22961742031250001 0.5939820046875 0.23234161874999998 0.5994411687500001 0.2346920890625 0.5991406484375 0.2316570203125 0.5925750203125
3 0.753837090625 0.58988430625 0.75231324375 0.5894678265625 0.7505306015625 0.5927523109374999 0.7523976671875 0.593812634375 0.753837090625 0.58988430625
3 0.41457623281249995 0.40298707343749995 0.413899653125 0.4043344109375 0.4183957109375 0.40666329843750004 0.4190830734375 0.4051617546875 0.41457623281249995 0.40298707343749995
3 0.6527673390625 0.43901312812500004 0.6550854578124999 0.43917522656249997 0.653648796875 0.4347358625 0.6520710359375 0.4350904171875 0.6527673390625 0.43901312812500004
3 0.9083201578125 0.354453984375 0.9070757531250001 0.3528173578125 0.9020845906250001 0.35479275625 0.9031466015625 0.356261665625 0.9083201578125 0.354453984375
3 0.9890530109375 0.21040717031249997 0.9899110625 0.21201678125 0.995868109375 0.21010892343749998 0.995203234375 0.208512821875 0.9890530109375 0.21040717031249997
3 0.1527501453125 0.14696842968749999 0.150228065625 0.146947028125 0.149442734375 0.152625665625 0.1523188171875 0.153136703125 0.1527501453125 0.14696842968749999
3 0.22730087812500002 0.6215580125 0.2247356640625 0.622153440625 0.22671950624999998 0.6270959515625 0.2296818546875 0.626373334375 0.22730087812500002 0.6215580125
3 0.2304995359375 0.6202320765625 0.228739378125 0.620418915625 0.23045455937499998 0.6264273671875 0.2328050296875 0.6261268453125 0.2304995359375 0.6202320765625
3 0.23289313749999999 0.619314728125 0.2314654171875 0.6202996187500001 0.23303055625 0.6256777312499999 0.23560655156250002 0.6249280984375 0.23289313749999999 0.619314728125
3 0.23597317968749998 0.6196850656249999 0.23365506093750002 0.6195229671875 0.2359929046875 0.6249551140625 0.23796780312500002 0.6244733703125 0.23597317968749998 0.6196850656249999
3 0.2349949390625 0.592033625 0.23204337343749998 0.5926020359375 0.2356471875 0.5993623953125 0.238040790625 0.598445046875 0.2349949390625 0.592033625
3 0.4483866890625 0.846679903125 0.44904078125 0.8484302109374999 0.454160421875 0.8473935640624999 0.452937584375 0.8454485234375 0.4483866890625 0.846679903125
3 0.2476046796875 0.5616132875 0.244793296875 0.560177009375 0.2390815015625 0.5669058015624999 0.2420860625 0.5683555874999999 0.2476046796875 0.5616132875
3 0.25664545156249996 0.5489188453125 0.25387720156250004 0.5468657390625 0.24874493593749997 0.55363505625 0.2509767890625 0.5550308109375 0.25664545156249996 0.5489188453125
3 0.244078309375 0.64535549375 0.2470298734375 0.6447870828125 0.24561478124999997 0.640039303125 0.242663215625 0.6406077140625 0.244078309375 0.64535549375
0 0.8076227453125 0.8312003859375 0.8086524046875001 0.8331319171875 0.8178188921875 0.82974391875 0.8158449156250001 0.8274364328124999 0.8076227453125 0.8312003859375
0 0.8065616546875001 0.8269422437499999 0.807591315625 0.8288737749999999 0.8161459234375 0.825907871875 0.8152986546875001 0.8241440546875 0.8065616546875001 0.8269422437499999
0 0.8888184734375001 0.7804723859375 0.8903845328125 0.7830612703125001 0.9032007296875 0.7774491078125 0.902224984375 0.77474654375 0.8888184734375001 0.7804723859375
0 0.8721917390625 0.7878325796875 0.873575403125 0.7902537484375001 0.8868103046875 0.7842059828125 0.8856090328124999 0.7819525296875 0.8721917390625 0.7878325796875
3 0.4783161734375 0.8878229171875001 0.47895948125 0.8897274312500001 0.4838859453125 0.8886772765625001 0.4832426390625 0.8867727609375 0.4783161734375 0.8878229171875001
3 0.475078065625 0.87860875625 0.4751634109375 0.8801643328125 0.47968195625 0.8793955734375001 0.47959661093749995 0.8778399968749999 0.475078065625 0.87860875625
3 0.4473462453125 0.844902578125 0.448021903125 0.8463444718750001 0.45276597343749997 0.8451266015625001 0.452305059375 0.8433898031249999 0.4473462453125 0.844902578125
3 0.9668852625 0.552405309375 0.967206915625 0.5533575671875 0.9713498906250001 0.5524075859375001 0.9710605859375001 0.55099270625 0.9668852625 0.552405309375
3 0.9807779375000001 0.536950928125 0.979361003125 0.5377816109375 0.980851578125 0.5414499421875 0.983019653125 0.5409817046875001 0.9807779375000001 0.536950928125
3 0.5342680890625 0.9066117 0.5326579765624999 0.9074288749999999 0.534513340625 0.9114326359374999 0.535908709375 0.9109103671875 0.5342680890625 0.9066117
3 0.53450965625 0.9225895609375 0.5340271750000001 0.9211611765625 0.5290045828125 0.9208099624999999 0.52947628125 0.9223925546875 0.53450965625 0.9225895609375
3 0.5429601171875 0.9100088015625 0.5413607875 0.91067176875 0.5422502671875 0.914607990625 0.5439996390624999 0.91457535625 0.5429601171875 0.9100088015625
3 0.540577296875 0.91077194375 0.538817140625 0.9109587828124999 0.53968505625 0.9152034171875 0.5418099984375 0.9153520078125 0.540577296875 0.91077194375
3 0.53319805625 0.8969293015625001 0.5312339421875001 0.8972568390625 0.533078521875 0.9014148078125 0.5350749875 0.9006246499999999 0.53319805625 0.8969293015625001
3 0.5226747281249999 0.9141689 0.5212470109375 0.915153790625 0.5231347234375 0.9186949328124999 0.5254851921875 0.918394409375 0.5226747281249999 0.9141689
3 0.5206998296875 0.9146506453125 0.5186817984375 0.9157492171875001 0.5203763343750001 0.9192768499999999 0.5225336265625 0.9189628203125 0.5206998296875 0.9146506453125
3 0.514525278125 0.9252211015625 0.5125395968750001 0.9258570531249999 0.5138154296875 0.9298202890624999 0.5165414687500001 0.929700990625 0.514525278125 0.9252211015625
3 0.545025884375 0.8943472437500001 0.5430725515625 0.8945205765625 0.545099525 0.8988462593750001 0.54689203125 0.8981967984375 0.545025884375 0.8943472437500001
3 0.54247145625 0.894788465625 0.5410868703125 0.895156528125 0.5425558796875001 0.8991332734374999 0.5445307781250001 0.898651528125 0.54247145625 0.894788465625
3 0.5473871375 0.8938925171875001 0.5454338046875 0.894065846875 0.5474823437499999 0.8980831171875 0.54906010625 0.8977285625 0.5473871375 0.8938925171875001
3 0.5509074484375 0.8935188359374999 0.5491472921875 0.8937056765625 0.5504339078125 0.89751470625 0.5525804187500001 0.8973548828125001 0.5509074484375 0.8935188359374999
3 0.55056054375 0.90403191875 0.5491867421875 0.9042457734375 0.5502693984375 0.9081955031250001 0.55222273125 0.908022171875 0.55056054375 0.90403191875
3 0.5491975265625 0.9040915671875001 0.547254975 0.9041106921875001 0.548895596875 0.9084093578125 0.550698884375 0.9076056921875001 0.5491975265625 0.9040915671875001
3 0.4970261734375 0.811805771875 0.497508653125 0.8132341562500001 0.503036215625 0.8119161125 0.5029293046875 0.8106689499999999 0.4970261734375 0.811805771875
3 0.496673090625 0.808526903125 0.4967584359375 0.8100824796874999 0.501674115625 0.80918653125 0.501191634375 0.8077581437499999 0.496673090625 0.808526903125
3 0.491234290625 0.8335601671875 0.49323075625 0.832770009375 0.491890225 0.8297320140625001 0.48993689218750003 0.8299053453124999 0.491234290625 0.8335601671875
3 0.491582115625 0.8202578546874999 0.49018674687499997 0.820780125 0.49183815 0.8249245843749999 0.49383461406249995 0.8241344265625001 0.491582115625 0.8202578546874999
3 0.4837641828125 0.8348973375 0.48573908125000004 0.8344155921875 0.4842377203125 0.8309014687499999 0.4818656859375 0.831510403125 0.4837641828125 0.8348973375
3 0.47704521250000004 0.836596953125 0.47903089374999996 0.8359610015625 0.4773363578125 0.83243336875 0.47495354062499995 0.8331965109375 0.47704521250000004 0.836596953125
3 0.46853373749999994 0.8389460296875001 0.4701438484375 0.8381288546875 0.46885723281249997 0.834319825 0.4665067625 0.834620346875 0.46853373749999994 0.8389460296875001
3 0.4646486375 0.8389842796875 0.46662353593750006 0.8385025328125 0.4654869640625 0.835323840625 0.4635444140625 0.8353429640625001 0.4646486375 0.8389842796875
3 0.4793458359375 0.8897544484375001 0.47998914218750005 0.8916589640625 0.484926390625 0.8904546 0.4842722984375 0.8887042921875 0.4793458359375 0.8897544484375001
3 0.47445632499999996 0.8763958281249999 0.4747456296875 0.8778107046875 0.4794465671875 0.8772096609375 0.47897486875000006 0.8756270687500001 0.47445632499999996 0.8763958281249999
3 0.4747924453125 0.866036953125 0.474481575 0.8649304875 0.46899714687499994 0.86563170625 0.4696728046875 0.8670736 0.4747924453125 0.866036953125
3 0.545707721875 0.9095810890625 0.5435180796875 0.9103577390625001 0.5450086562500001 0.914026071875 0.5475523015625 0.9137390578125 0.545707721875 0.9095810890625
3 0.50014670625 0.917087453125 0.49966422499999996 0.915659065625 0.4949201546875 0.9168769375 0.49557424687499996 0.9186272453125 0.50014670625 0.917087453125
3 0.9811732328125 0.5424022 0.9820312828125 0.5440118078125 0.9857986875 0.542880603125 0.985294640625 0.5417606312500001 0.9811732328125 0.5424022
3 0.501915803125 0.92232486875 0.50166963125 0.9202931640625 0.49672160156249995 0.9216517328125 0.49720408281250006 0.9230801203125001 0.501915803125 0.92232486875
3 0.5373696984375 0.906673625 0.5356095421875 0.9068604640625001 0.5370569859375001 0.9111456234374999 0.53861318125 0.9110994828125 0.5373696984375 0.906673625
3 0.525218375 0.9138818875 0.5228463390625 0.9144908234375 0.52531358125 0.9180724874999999 0.526934478125 0.91710110625 0.525218375 0.9138818875
3 0.5282392437500001 0.898442078125 0.5260819515625 0.8987561078124999 0.52759409375 0.9021160265624999 0.5293866 0.9014665656249999 0.5282392437500001 0.898442078125
3 0.530228075 0.9532823390624999 0.5301211640625 0.9520351765624999 0.525645753125 0.9521871078125 0.5261282328125 0.9536154953124999 0.530228075 0.9532823390624999
3 0.528576671875 0.9491378796875001 0.5281373234375 0.947092665625 0.523436384375 0.947693709375 0.524283653125 0.9494575265625 0.528576671875 0.9491378796875001
3 0.5271822234375 0.9468709171875 0.5269144859375 0.9451476265625001 0.5228362109375 0.9451723671875 0.5225136359375 0.947009340625 0.5271822234375 0.9468709171875
3 0.52617505 0.941841740625 0.5257033515625 0.9402591484375 0.5200365312499999 0.9407926515625 0.52086223125 0.9428648796875001 0.52617505 0.941841740625
3 0.5263367984375 0.9395286374999999 0.525478746875 0.9379190296875001 0.52002666875 0.9381576265625 0.52065919375 0.9402163484375 0.5263367984375 0.9395286374999999
3 0.524931565625 0.9374158843749999 0.5244598671875 0.935833290625 0.5201668500000001 0.9361529375 0.5206061984375 0.9381981500000001 0.524931565625 0.9374158843749999
3 0.5224868109374999 0.9307365734375 0.52183271875 0.928986265625 0.516745428125 0.9295602921875 0.5174103031249999 0.93115639375 0.5224868109374999 0.9307365734375
3 0.5163634125 0.9489036890625 0.5189070578125 0.948616675 0.517598875 0.9451160578125 0.5153023218749999 0.9446455468750001 0.5163634125 0.9489036890625
3 0.5128674296875 0.940601259375 0.514992371875 0.9407498500000001 0.51429606875 0.9368271390625 0.5125466953125 0.9368597703124999 0.5128674296875 0.940601259375
3 0.5140111015625 0.9547826718750001 0.5139473234375 0.9529186828125 0.5090532078125001 0.9535062171875 0.5099112609375 0.9551158281250001 0.5140111015625 0.9547826718750001
3 0.5137972796875 0.9522883468750001 0.5129500124999999 0.9505245296875 0.5082059421875 0.9517424015625 0.508870815625 0.9533385031250001 0.5137972796875 0.9522883468750001
3 0.51339028125 0.9497805125 0.512521446875 0.9483251109375 0.5070046687499999 0.9494889484375 0.507680328125 0.9509308421875 0.51339028125 0.9497805125
3 0.5118026546875 0.9475000437500001 0.5113309593750001 0.9459174499999999 0.5064152765625 0.9468133984374999 0.5072517624999999 0.9487314234375 0.5118026546875 0.9475000437500001
3 0.50958250625 0.9431608515625 0.5089176328125 0.9415647500000001 0.5038195562500001 0.942292984375 0.5046560421875 0.94421100625 0.50958250625 0.9431608515625
3 0.5097550375 0.9406935421875 0.5089077703125 0.9389297265625001 0.503369425 0.9404019765625 0.504238259375 0.94185738125 0.5097550375 0.9406935421875
3 0.506923928125 0.9339872140625 0.5064090984375 0.93302145 0.5013110234375 0.9337496843749999 0.5023622515625 0.9353728 0.506923928125 0.9339872140625
3 0.5051539109375 0.93153903125 0.5046498625 0.9304190578125 0.49993814218750005 0.931174309375 0.5006030171875 0.932770409375 0.5051539109375 0.93153903125
3 0.5045321687500001 0.9293261015625 0.5042428640625001 0.9279112234375001 0.4993056171875 0.9291155859375 0.499777315625 0.9306981796875 0.5045321687500001 0.9293261015625
3 0.5031592875 0.926750725 0.5028592 0.9254900546875 0.4980935625 0.9270163406249999 0.498962396875 0.9284717421875 0.5031592875 0.926750725
3 0.5027199390625 0.9247055140624999 0.5016902765625 0.92277398125 0.4967530296875 0.92397834375 0.49760029843750003 0.9257421609375 0.5027199390625 0.9247055140624999
3 0.458873984375 0.84105985 0.4597428203125 0.842515253125 0.4644976734375 0.841143175 0.46383279843749997 0.8395470734374999 0.458873984375 0.84105985
3 0.4637727046875 0.8265261578124999 0.46180858750000003 0.826853696875 0.462902028125 0.83064921875 0.4648769265625 0.8301674718750001 0.4637727046875 0.8265261578124999
3 0.45871749375000004 0.8599541343749999 0.45841740781249996 0.8586934640624999 0.4535017265625 0.8595894124999999 0.45437056093750006 0.8610448140625 0.45871749375000004 0.8599541343749999
3 0.4610014234375 0.866157315625 0.4608945125 0.8649101531250001 0.4555924765625 0.8657790859375 0.456482878125 0.866926075 0.4610014234375 0.866157315625
3 0.6127112218749999 0.8064136609375 0.6133545296875 0.8083181765624999 0.6190537 0.8073220531249999 0.6187536125 0.8060613812499999 0.6127112218749999 0.8064136609375
3 0.6124219171874999 0.8049987843749999 0.6127327890625 0.8061052468750001 0.6187859609374999 0.8055987609375 0.618689834375 0.8041973921875 0.6124219171874999 0.8049987843749999
3 0.6117570421875 0.8034026828125 0.6118747375 0.8044956390625 0.6179602609375 0.80352653125 0.6174777796875001 0.8020981453125 0.6117570421875 0.8034026828125
3 0.5919784671875 0.800315059375 0.5924825125 0.8014350312499999 0.597226584375 0.8002171609375001 0.5967333203125 0.7989429828125 0.5919784671875 0.800315059375
3 0.59462718125 0.806853671875 0.5950773125000001 0.8087446796875 0.600594090625 0.8075808406249999 0.6001116093750001 0.8061524546875001 0.59462718125 0.806853671875
3 0.5932120875 0.8021058921875 0.5940593546875 0.803869709375 0.5998124421875 0.8021025515625 0.5995231375000001 0.8006876734375 0.5932120875 0.8021058921875
3 0.6139719328125001 0.7911606921875001 0.614702428125 0.789042321875 0.6071371125 0.7861888890625 0.60600948125 0.7884344515625 0.6139719328125001 0.7911606921875001
3 0.600871303125 0.7480952484375 0.6028569859374999 0.747459296875 0.60104475625 0.7428387078124999 0.5987050703125 0.7429850234375001 0.600871303125 0.7480952484375
3 0.5968891562499999 0.749521359375 0.599443584375 0.7490801406250001 0.5971380890625 0.743185371875 0.5939933484375 0.7437402734375 0.5968891562499999 0.749521359375
3 0.5935620203124999 0.7499085484375 0.595697746875 0.7499029312500001 0.5939717812499999 0.7440486875000001 0.5914604859375 0.7438730812500001 0.5935620203124999 0.7499085484375
3 0.5956931421875 0.7638490874999999 0.5980651765625 0.7632401515625 0.5955018062499999 0.7582571171875 0.5934837749999999 0.759355690625 0.5956931421875 0.7638490874999999
3 0.5984946625 0.7626503421875 0.60068430625 0.761873690625 0.598077803125 0.7575074828125 0.5960489875 0.7587602625 0.5984946625 0.7626503421875
3 0.7330125171875 0.82939226875 0.733892134375 0.830693465625 0.738657771875 0.8291671812500001 0.73816450625 0.8278930015625001 0.7330125171875 0.82939226875
3 0.7032204515625 0.7946122609375 0.7019760484375 0.7929756359375 0.6968779734375 0.79370386875 0.6979184187499999 0.7954811937499999 0.7032204515625 0.7946122609375
3 0.706308515625 0.8031960859374999 0.7054288984375 0.801894890625 0.7008672218750001 0.803280478125 0.701725271875 0.8048900859374999 0.706308515625 0.8031960859374999
3 0.7018260046875 0.7923453 0.7017298765625 0.7909439296875 0.6958806625 0.7913097171875 0.696910321875 0.7932412484375 0.7018260046875 0.7923453
3 0.7007747765625 0.7907221812499999 0.7005178203125 0.7888446828125 0.6954089640625 0.789727125 0.6956874859375 0.791296209375 0.7007747765625 0.7907221812499999
3 0.6995627203125 0.788622934375 0.69946659375 0.787221565625 0.6938105546875 0.7876008609375 0.694496996875 0.7888885484375 0.6995627203125 0.788622934375
3 0.69913415625 0.7864235140625 0.69945673125 0.7845865421875 0.69383304375 0.784503215625 0.6935212515625 0.786185984375 0.69913415625 0.7864235140625
3 0.6920198921875 0.7826718578125 0.6925023734375 0.7841002453125 0.6977936234375 0.7833855187500001 0.6975258859375 0.781662228125 0.6920198921875 0.7826718578125
3 0.6917629359374999 0.7807943609375 0.6924278109374999 0.7823904625 0.6979338046875 0.7813808296875 0.6976337171875 0.7801201578125 0.6917629359374999 0.7807943609375
3 0.6919031171875 0.778789671875 0.691816853125 0.7800233265625 0.6973444125 0.7787052812499999 0.696840365625 0.7775853078125 0.6919031171875 0.778789671875
3 0.9797328890625 0.549119759375 0.9802369359374999 0.5502397328125 0.9843691281250001 0.54944395625 0.9842837843750001 0.5478883796875 0.9797328890625 0.549119759375
3 0.6155638953125 0.8128115749999999 0.6162395546874999 0.8142534687499999 0.62135919375 0.813216821875 0.6207051046875 0.8114665140625 0.6155638953125 0.8128115749999999
3 0.6169682078125 0.8177135609375 0.6176438656250001 0.8191554546875001 0.622967465625 0.817978109375 0.6217446265625 0.8160330703125 0.6169682078125 0.8177135609375
3 0.60921431875 0.8009004640624999 0.6098899765625 0.802342359375 0.615621496875 0.800883615625 0.6147526609375 0.7994282125 0.60921431875 0.8009004640624999
3 0.23842842343749998 0.8871642625 0.2385353328125 0.8884114249999999 0.2434617984375 0.88736126875 0.2431617109375 0.886100596875 0.23842842343749998 0.8871642625
3 0.460562075 0.8641121015625 0.46027277031249997 0.862697225 0.4555610484375 0.8634524750000001 0.4562259234375 0.865048575 0.460562075 0.8641121015625
3 0.4590139 0.8723717296875 0.45967877343749997 0.8739678312500001 0.4647984140625 0.8729311843750001 0.4643159328125 0.871502796875 0.4590139 0.8723717296875
3 0.46190970625 0.8781528171874999 0.46181265781249997 0.8795406781249999 0.46691073281250006 0.8788124453125 0.466621428125 0.877397565625 0.46190970625 0.8781528171874999
3 0.4629923625 0.8821025453125 0.463088490625 0.883503915625 0.4681542171875 0.8832383015625 0.46768251875000005 0.8816557078124999 0.4629923625 0.8821025453125
3 0.460813771875 0.8494084203125001 0.4615002125 0.8506961078125 0.46587949531249995 0.84914280625 0.46519305624999996 0.8478551187500001 0.460813771875 0.8494084203125001
3 0.4605783828125 0.84722250625 0.461232475 0.848972815625 0.46562254062499997 0.8472653078124999 0.46417417812500006 0.8457693796875001 0.4605783828125 0.84722250625
3 0.44669215468749995 0.8431522703125 0.44756098906249997 0.844607671875 0.451940271875 0.843054371875 0.450899828125 0.841277046875 0.44669215468749995 0.8431522703125
3 0.22811983906250002 0.9041089546875 0.228773928125 0.9058592624999999 0.2344730984375 0.904863140625 0.23382979218750002 0.9029586249999999 0.22811983906250002 0.9041089546875
3 0.23243534375000002 0.9006916640625 0.232917825 0.9021200500000001 0.237640328125 0.9012105937499999 0.23696467187499998 0.8997686984375 0.23243534375000002 0.9006916640625
3 0.2385137671875 0.8887198375 0.23899624843749998 0.8901482250000001 0.24351479375 0.889379465625 0.2430430953125 0.8877968734374999 0.2385137671875 0.8887198375
3 0.2368407984375 0.8848837921875001 0.237720415625 0.8861849875000001 0.24302245 0.8853160546875 0.24181039375000002 0.8832168078124999 0.2368407984375 0.8848837921875001
3 0.6136761843749999 0.809270434375 0.6145234515625 0.81103425 0.6194606984375 0.8098298875 0.6182378609375 0.8078848484375 0.6136761843749999 0.809270434375
3 0.23561888125000002 0.8801495218750001 0.23592975312500003 0.8812559859375 0.240598340625 0.8811175625000001 0.24050221249999998 0.8797161921875001 0.23561888125000002 0.8801495218750001
3 0.223262678125 0.8902877140625 0.223723590625 0.8920245140624999 0.22822057031249998 0.8915641687500001 0.22774887187499998 0.889981575 0.223262678125 0.8902877140625
3 0.22105791562500002 0.8718481578124999 0.22209835937500003 0.8736254828125001 0.2286025859375 0.8722207718749999 0.22798084375 0.8700078437500001 0.22105791562500002 0.8718481578124999
3 0.48119950312500004 0.7688596265625 0.480717021875 0.7674312390625 0.47655248281249996 0.7686896359375 0.4770457453125 0.7699638156249999 0.48119950312500004 0.7688596265625
3 0.5592820390625 0.8181736171875 0.55729635625 0.8188095671875001 0.559344896875 0.8228268390625001 0.5617061484375 0.8223721093749999 0.5592820390625 0.8181736171875
3 0.5694800296875 0.8111386859374999 0.566936384375 0.8114257 0.568941790625 0.8160597968750001 0.571109865625 0.815591559375 0.5694800296875 0.8111386859374999
3 0.5753569890625 0.8242564359375001 0.572974171875 0.8250195765624999 0.574024478125 0.829431925 0.576965259375 0.8290177218749999 0.5753569890625 0.8242564359375001
3 0.5719651546875 0.8255688625 0.570365825 0.82623183125 0.5716308765625 0.830349275 0.5740029109375 0.8297403390625 0.5719651546875 0.8255688625
3 0.563657640625 0.8277772406249999 0.5615003468750001 0.8280912703125001 0.562980140625 0.831913809375 0.5651697812500001 0.831137159375 0.563657640625 0.8277772406249999
3 0.55111431875 0.7545333984375 0.5497189484375 0.7550556687500001 0.5518312671875 0.7609369265625 0.5543964781249999 0.7603415015625 0.55111431875 0.7545333984375
1 0.1082652859375 0.6332241875 0.12072222031249999 0.6105412078125 0.094098959375 0.5998467578125 0.080998715625 0.620625221875 0.1082652859375 0.6332241875