3 0.40905949062499997 0.467250825 0.4063902671875 0.46390339999999997 0.3972542984375 0.470166878125 0.4000467625 0.4727361890625 0.40905949062499997 0.467250825
1 0.7096704218750001 0.6076544984375001 0.69156280625 0.61914396875 0.6999697953124999 0.6321741578125 0.71880920625 0.619737078125 0.7096704218750001 0.6076544984375001
1 0.8030718 0.8534961937500001 0.77612343125 0.8657124546875 0.7924482703125 0.89302475 0.8180973703125 0.8816662187500001 0.8030718 0.8534961937500001
1 0.7801158921875 0.8368322906250001 0.792976684375 0.8529607984375 0.8088144046875 0.841111809375 0.7951024015625 0.8248484843749999 0.7801158921875 0.8368322906250001
1 0.831476903125 0.9018650625 0.8147058109374999 0.9140979765624999 0.825382696875 0.92748768125 0.8422359500000001 0.9147360234375 0.831476903125 0.9018650625
1 0.8357931703125001 0.8929770687499999 0.8368449484375 0.9138821734375 0.8567103609375 0.9151673953125 0.8554980875 0.8934392375 0.8357931703125001 0.8929770687499999
1 0.83157920625 0.8718370015625 0.8334449390625001 0.891275753125 0.8546956109374999 0.889323959375 0.8518143453125001 0.870787878125 0.83157920625 0.8718370015625
1 0.55481849375 0.7075594749999999 0.5343999015625001 0.7189488015625 0.5435759421874999 0.732632553125 0.5631022421874999 0.7213677781250001 0.55481849375 0.7075594749999999
1 0.572926109375 0.696070003125 0.5550238953125 0.706262615625 0.5635541265625 0.7185146875 0.579996575 0.70835675 0.572926109375 0.696070003125
1 0.6092234999999999 0.6725723171875 0.593311271875 0.6812189609375 0.6024051515625 0.69542145625 0.618115803125 0.6862111265624999 0.6092234999999999 0.6725723171875
1 0.6285931328125 0.65862394375 0.6124344203125001 0.6688268203125001 0.6218158625 0.6812137109374999 0.6376908359375 0.67096589375 0.6285931328125 0.65862394375
1 0.6509233734375 0.64434685 0.63078851875 0.6557811171875 0.6422717078125 0.6714255546875 0.660663059375 0.6599810234375 0.6509233734375 0.64434685
1 0.6708900796874999 0.6358106140625 0.6538390781250001 0.6461380453125 0.6592109484375 0.6562946109375 0.6775201390625 0.6453688234375 0.6708900796874999 0.6358106140625
1 0.6901852015625 0.6186599 0.671144215625 0.630533296875 0.6829933015625 0.64570393125 0.7007761 0.6344288921875 0.6901852015625 0.6186599
1 0.729323790625 0.5937510640625 0.709106775 0.605704075 0.7191712796874999 0.6211238156250001 0.7384960031250001 0.6092953578125 0.729323790625 0.5937510640625
1 0.6798524234375 0.89140990625 0.66613659375 0.877007121875 0.652005121875 0.8872652046875 0.66681481875 0.9021071171875 0.6798524234375 0.89140990625
1 0.7497834625 0.5821023656250001 0.7297680234375 0.594619059375 0.738298253125 0.6068711312499999 0.7582315328125 0.59487318125 0.7497834625 0.5821023656250001
1 0.7711803328125 0.5682091984375 0.7511238125 0.5809852640625001 0.7609122312500001 0.592638978125 0.7795500671875 0.5796382140625 0.7711803328125 0.5682091984375
1 0.7903483859375 0.5536971421875 0.77097875625 0.5676455140625001 0.7788631796875001 0.5784659078125001 0.7992034343750001 0.56573478125 0.7903483859375 0.5536971421875
1 0.7141759890625 0.5461525515625001 0.7348783171875 0.5348081640625 0.720087753125 0.5106635359375 0.6990195265625 0.522481728125 0.7141759890625 0.5461525515625001
1 0.690900896875 0.5663952 0.7122977671874999 0.5525020328125 0.6905408453125 0.5245952578125 0.6684570859375001 0.53731611875 0.690900896875 0.5663952
1 0.6621192109375 0.5828410265625 0.686185303125 0.5722952859375 0.66820295 0.5425934375 0.6436104640625 0.5527899281249999 0.6621192109375 0.5828410265625
1 0.63633921875 0.5986987609375001 0.6611781875 0.5869460375 0.645416996875 0.5615841640625 0.621347078125 0.5739904499999999 0.63633921875 0.5986987609375001
1 0.6204759390625 0.5243990843749999 0.5844365093749999 0.540758909375 0.60657745 0.579095765625 0.6422548078125 0.5613492015625 0.6204759390625 0.5243990843749999
1 0.654943840625 0.50327041875 0.6211332265625 0.5202491328125001 0.6415794 0.554595265625 0.676405546875 0.5367138812500001 0.654943840625 0.50327041875
1 0.5601227109375 0.65203335 0.5833452453125 0.6376317031250001 0.5695549062499999 0.620026578125 0.547385159375 0.6351267265625 0.5601227109375 0.65203335
1 0.5838792921875 0.6342598671874999 0.6102678375 0.6182326406249999 0.5963953375 0.601146259375 0.569764134375 0.6168691749999999 0.5838792921875 0.6342598671874999
1 0.4243782546875 0.530297365625 0.448055490625 0.5313886875 0.447604615625 0.5140351765625 0.42335990625 0.512853975 0.4243782546875 0.530297365625
1 0.7809699203125 0.8553131671875001 0.7628212234375 0.8670620124999999 0.773457028125 0.8807110874999999 0.79107933125 0.8686129921875001 0.7809699203125 0.8553131671875001
1 0.6966444546874999 0.9084269375 0.6786314890625 0.893609434375 0.6649404234375 0.9065960546875 0.6818184406250001 0.9212338000000001 0.6966444546874999 0.9084269375
1 0.4807416265625 0.5288551859374999 0.5025005671875 0.5163487578125 0.49178642968749997 0.5013578828125 0.4697026703125 0.5140787437500001 0.4807416265625 0.5288551859374999
1 0.543709921875 0.29289082187500004 0.579219928125 0.33680155 0.625142428125 0.30578846249999997 0.5905247124999999 0.26175318125 0.543709921875 0.29289082187500004
1 0.28964332812500004 0.1542756 0.3113591703125 0.1824417484375 0.345255771875 0.163083746875 0.32139327500000003 0.13377996875 0.28964332812500004 0.1542756
1 0.31962096875 0.18720670781249998 0.3377418703125 0.20868826718750003 0.35573007031250004 0.19611636875 0.33971857031249997 0.1741712703125 0.31962096875 0.18720670781249998
1 0.3442410359375 0.22274567812499999 0.36446368281249997 0.2474847859375 0.3846434453125 0.2339306046875 0.3655968265625 0.20911188281249998 0.3442410359375 0.22274567812499999
1 0.367741459375 0.25066271875 0.3874338890625 0.27691311875 0.40679969375 0.26482528906249997 0.38665920625 0.2395674375 0.367741459375 0.25066271875
1 0.36348519218750003 0.32895449062500004 0.345009871875 0.30236510625 0.324912271875 0.31540054375 0.34326817656249997 0.3409075015625 0.36348519218750003 0.32895449062500004
1 0.41795987031250004 0.3192368203125 0.3975336265625 0.3343472328125 0.40954703437499995 0.3484803796875 0.42956630156250003 0.3341031421875 0.41795987031250004 0.3192368203125
1 0.3981184265625 0.2865817375 0.416067353125 0.31282187031249997 0.4452560140625 0.2956428671875 0.42600781874999993 0.27026046406250004 0.3981184265625 0.2865817375
1 0.4675918890625 0.3180578921875 0.4524650265625 0.2997093265625 0.4372396875 0.309528278125 0.45411005312499997 0.327887109375 0.4675918890625 0.3180578921875
1 0.4804039484375 0.3381668578125 0.4665276234375 0.32294101875000003 0.451541115625 0.3349248265625 0.466716709375 0.34929293437500003 0.4804039484375 0.3381668578125
1 0.5004699296874999 0.3602223671875 0.48424537343749996 0.3432952125 0.470110075 0.3554138390625 0.48503918749999997 0.371338178125 0.5004699296874999 0.3602223671875
1 0.5128792625 0.221272234375 0.5254601453125 0.23549525937500002 0.5401590921875 0.22532705625 0.5268091578125 0.21045046875 0.5128792625 0.221272234375
1 0.517234590625 0.252538071875 0.5463944484375001 0.288796075 0.5881354015625 0.26031123906250003 0.55772118125 0.22279105000000002 0.517234590625 0.252538071875
1 0.617830103125 0.35195666875 0.6328337234375 0.3710833515625 0.64858928125 0.35975310625 0.63479894375 0.34214798125 0.617830103125 0.35195666875
1 0.7055558890625 0.9127630328125 0.6838007734375 0.9234089187500001 0.6929729859375 0.9389532140625001 0.7137536484375 0.9289506234375 0.7055558890625 0.9127630328125
1 0.647698796875 0.39843032031250003 0.6669097390625 0.4222115546875 0.687537559375 0.407664825 0.6685692734375001 0.3841879015625 0.647698796875 0.39843032031250003
1 0.7227227484375 0.4517899859375 0.69684449375 0.416849371875 0.65287855 0.4428547796875 0.6812655328125 0.4803197625 0.7227227484375 0.4517899859375
1 0.73228764375 0.4538366734375 0.7108946015625001 0.46586929687499995 0.7199101437500001 0.4787299921875 0.7416280046875 0.4664829359375 0.73228764375 0.4538366734375
1 0.73061865 0.45702875 0.6906030765625 0.4746199671875 0.715372159375 0.5165636218749999 0.754376025 0.49801453125000006 0.73061865 0.45702875
1 0.765914590625 0.5261640265625 0.78019024375 0.544377775 0.795333421875 0.5350775671875 0.7812593453125001 0.517427503125 0.765914590625 0.5261640265625
1 0.5140890890625001 0.441345328125 0.491132171875 0.444888028125 0.49535761406249995 0.460446465625 0.51657103125 0.45689349999999995 0.5140890890625001 0.441345328125
1 0.546074040625 0.42487509375 0.5141569546875 0.42806215468750003 0.5184454281249999 0.4524045640625 0.5502020171875001 0.4483944453125 0.546074040625 0.42487509375
1 0.43013031875 0.55274455625 0.410837215625 0.5294820671875 0.3857813671875 0.548113278125 0.40519388437500004 0.5724581953125 0.43013031875 0.55274455625
1 0.45301836250000005 0.5826916328125 0.4341694921875 0.5602971375 0.407739865625 0.5765837375 0.42621901093750003 0.601312578125 0.45301836250000005 0.5826916328125
1 0.46426936406249997 0.6126567328125 0.4488625921875 0.5924026828125 0.4321774875 0.6022563078125 0.44940609687500005 0.6238624234375 0.46426936406249997 0.6126567328125
1 0.490902375 0.635486478125 0.4705975640625 0.6112661140625 0.4487898890625 0.6277530015624999 0.46791867187499997 0.652052978125 0.490902375 0.635486478125
1 0.504356415625 0.6588876640625 0.49291048125000003 0.6448443984375001 0.47074073437499997 0.6599445453125 0.482108334375 0.6726460140625 0.504356415625 0.6588876640625
1 0.45788499062500004 0.542783028125 0.4789532171875 0.5309648359375 0.4685189875 0.5178794453125 0.44866787031250005 0.52935865 0.45788499062500004 0.542783028125
1 0.5035648328125 0.5114656296875 0.52248640625 0.49850980624999996 0.5116079453125 0.48455641875 0.49244371718749996 0.4972079328125 0.5035648328125 0.5114656296875
3 0.420505425 0.48129409218749997 0.4180377796875 0.47851035 0.40918554687500003 0.48481876718750005 0.4119369296875 0.48764745 0.420505425 0.48129409218749997
3 0.388112696875 0.439738240625 0.3850775796875 0.43686462031250006 0.3781742515625 0.44188644374999997 0.38007442343750003 0.4445803078125 0.388112696875 0.439738240625
3 0.20786846718750002 0.2684136328125 0.20515816406249998 0.2653255796875 0.19829591875000002 0.2700880328125 0.2007224828125 0.273131146875 0.20786846718750002 0.2684136328125
3 0.213165828125 0.27536785625000004 0.21065710312500002 0.2728434859375 0.20423908906250002 0.278473934375 0.20703155 0.28104324375 0.213165828125 0.27536785625000004
3 0.21700725156249998 0.2804962125 0.21458068749999998 0.2774530984375 0.20800217656250003 0.282260490625 0.2103876609375 0.28556297656249996 0.21700725156249998 0.2804962125
3 0.3381721765625 0.4134828265625 0.341054453125 0.41181230625 0.3349469609375 0.4044638921875 0.33169878750000004 0.40660821562500005 0.3381721765625 0.4134828265625
3 0.3346775203125 0.4171833828125 0.3378435328125 0.4155578015625 0.330966990625 0.40755582500000004 0.32780097812500003 0.40918140625 0.3346775203125 0.4171833828125
3 0.3291967046875 0.4205693609375 0.332728615625 0.4184699765625 0.3277560703125 0.4113013203125 0.32422415937500004 0.4134007046875 0.3291967046875 0.4205693609375
3 0.3668487421875 0.408719003125 0.3642616828125 0.4048528328125 0.3556559328125 0.4096050203125 0.35795925624999997 0.41342625 0.3668487421875 0.408719003125
3 0.3774358140625 0.4263485375 0.374807671875 0.4227417390625 0.3662430046875 0.4272345546875 0.3691959625 0.43062691875 0.3774358140625 0.4263485375
3 0.3405796109375 0.42582865625000005 0.3386421859375 0.421533621875 0.3267920875 0.42656959062500005 0.32909541249999996 0.430390821875 0.3405796109375 0.42582865625000005
3 0.34660494218750004 0.43369581406249996 0.3436930640625 0.4300440765625 0.334598175 0.43604818593749994 0.337267396875 0.4393956109375 0.34660494218750004 0.43369581406249996
3 0.3513835625 0.4365797015625 0.3488337578125 0.434314703125 0.3393318890625 0.44105198593750006 0.3420832734375 0.44388066875 0.3513835625 0.4365797015625
3 0.379656975 0.4306885109375 0.376502440625 0.42673246093749995 0.3684230859375 0.4318339015625 0.370483753125 0.43535081875000003 0.379656975 0.4306885109375
3 0.39223403125 0.44677207812499997 0.388877921875 0.442252346875 0.3796597921875 0.44903457031249994 0.383788778125 0.45234732187500004 0.39223403125 0.44677207812499997
3 0.2674290453125 0.3881866578125 0.2650024796875 0.38514354375000004 0.256030834375 0.390369534375 0.258255821875 0.392848965625 0.2674290453125 0.3881866578125
3 0.395631221875 0.45103243906249996 0.39271934375 0.4473807015625 0.3854090390625 0.4531357015625 0.38795884531249997 0.4554007015625 0.395631221875 0.45103243906249996
3 0.3550606640625 0.4427455453125 0.3514208171875 0.43818087187500004 0.3434236234375 0.4427635671875 0.3462122578125 0.44719342187500005 0.3550606640625 0.4427455453125
3 0.361328653125 0.450917015625 0.35837569375 0.4475246484375 0.3502552578125 0.452885459375 0.3515879546875 0.45548944375 0.361328653125 0.450917015625
3 0.3573267328125 0.444965603125 0.354452109375 0.4429150375 0.34600685625 0.44849028124999996 0.3491241375 0.4508451578125 0.3573267328125 0.444965603125
3 0.35485807812500003 0.46238846406249995 0.3582963484375 0.46638945156249995 0.36743231718749997 0.460125971875 0.364561521875 0.4562148625 0.35485807812500003 0.46238846406249995
3 0.3367657671875 0.4664357625 0.333043759375 0.462389834375 0.3248411640625 0.4682693890625 0.32864533281249997 0.47179657343750003 0.3367657671875 0.4664357625
3 0.4160965265625 0.47607585781250006 0.4141591015625 0.4717808234375 0.4045789015625 0.4771763078125 0.408017171875 0.4811772953125 0.4160965265625 0.47607585781250006
3 0.42871466406250003 0.491900053125 0.42596328281250007 0.489071371875 0.41776068437499997 0.49495092500000004 0.41998567343750004 0.4974303578125 0.42871466406250003 0.491900053125
3 0.64745688125 0.8315079953125 0.6434769109375 0.8345999281250001 0.653429653125 0.8452161546875001 0.6573685421875 0.8423835937499999 0.64745688125 0.8315079953125
3 0.6528555359375 0.8286407609375 0.6485507484374999 0.8319471249999999 0.6565584125 0.8419894046874999 0.66082211875 0.8389424109375 0.6528555359375 0.8286407609375
3 0.320808846875 0.3982364578125 0.317288415625 0.3947542140625 0.3103029265625 0.4002947828125 0.31362178281249997 0.40321334374999995 0.320808846875 0.3982364578125
3 0.313921621875 0.45457537343750004 0.3173598921875 0.45857636093750004 0.3266152765625 0.453395309375 0.3232180859375 0.4491349484375 0.313921621875 0.45457537343750004
3 0.2706208328125 0.3937438765625 0.2682353484375 0.390441390625 0.2598722578125 0.3954978890625 0.261488690625 0.3981468140625 0.2706208328125 0.3937438765625
3 0.2619635359375 0.3841304640625 0.2592532328125 0.381042409375 0.2518235140625 0.38571498437499996 0.2542911578125 0.3884987265625 0.2619635359375 0.3841304640625
1 0.5367219875 0.4967763234375 0.5632710296875 0.481572153125 0.549081365625 0.4609791171875 0.5230176359375001 0.47679191249999997 0.5367219875 0.4967763234375
3 0.27311345625 0.34495115625 0.27554002187500004 0.3479942734375 0.28463491093750004 0.3419901640625 0.28277581875 0.3390369296875 0.27311345625 0.34495115625
1 0.56028464375 0.47471807187500004 0.5781085218750001 0.4631836625 0.5694588765625 0.44984916249999995 0.549324021875 0.46128342812499995 0.56028464375 0.47471807187500004
3 0.187072496875 0.2858583953125 0.1846459328125 0.2828152796875 0.1766449125 0.2892585171875 0.1794784546875 0.29156845468750003 0.187072496875 0.2858583953125
3 0.19009996406250002 0.2924531015625 0.1870648453125 0.28957948125 0.1817445234375 0.2937885140625 0.18401059375 0.296008575 0.19009996406250002 0.2924531015625
3 0.19467318281249998 0.2966338484375 0.1914775671875 0.292937171875 0.184899059375 0.2977445640625 0.18752719843750001 0.3013513625 0.19467318281249998 0.2966338484375
3 0.22387996718749997 0.29035873125 0.2207665140625 0.2861433109375 0.21381827968749997 0.29328505 0.2171782171875 0.295944240625 0.22387996718749997 0.29035873125
3 0.1974207390625 0.3013230734375 0.1939003078125 0.29784082968750003 0.187157475 0.303685709375 0.189584040625 0.30672882343749996 0.1974207390625 0.3013230734375
3 0.329139734375 0.2905457765625 0.33182043437500003 0.288311575 0.3243764203125 0.28021971875 0.3214119828125 0.28240898125 0.329139734375 0.2905457765625
3 0.32296820312499996 0.29461999375 0.3265822765625 0.29200186562499997 0.31852970625 0.2840795015625 0.3155652671875 0.2862687671875 0.32296820312499996 0.29461999375
3 0.31388096875 0.296903015625 0.3173717984375 0.295063003125 0.3112232265625 0.2879739609375 0.3080161328125 0.2898589125 0.31388096875 0.296903015625
3 0.2662034875 0.3334874671875 0.26838356874999997 0.3380868125 0.27792269062499997 0.3329506984375 0.2741596 0.32916414375 0.2662034875 0.3334874671875
3 0.27142251562499997 0.33909989218750003 0.27324052499999996 0.3423124984375 0.2805919109375 0.3362981265625 0.27775836875 0.33398818750000003 0.27142251562499997 0.33909989218750003
3 0.2785417140625 0.3474061796875 0.28096827812499997 0.35044929375 0.2875467875 0.34564190156249996 0.2849559015625 0.343636275 0.2785417140625 0.3474061796875
3 0.2828273703125 0.35340252968749997 0.2848097 0.35557764999999997 0.29122388906249996 0.35180774531250003 0.28875624218749996 0.349024003125 0.2828273703125 0.35340252968749997
3 0.2581593671875 0.38060328125 0.2553296484375 0.3764328 0.2484263234375 0.3814546234375 0.2511366234375 0.384542678125 0.2581593671875 0.38060328125
3 0.2650943140625 0.34049050937500003 0.26266775 0.33744739375 0.2532107890625 0.34206476406249997 0.2550288 0.3452773703125 0.2650943140625 0.34049050937500003
3 0.2569700515625 0.3477118625 0.259680353125 0.350799915625 0.26767754843749997 0.34621722187500004 0.26590061875000004 0.3427452421875 0.2569700515625 0.3477118625
3 0.2608525546875 0.352580846875 0.2644140671875 0.35580371875 0.27188486875 0.3508717734375 0.269297809375 0.347005603125 0.2608525546875 0.352580846875
3 0.26595216875 0.35711084375 0.2678112578125 0.360064078125 0.2762565125 0.35448883593749997 0.2737477875 0.35196446406250004 0.26595216875 0.35711084375
3 0.269349359375 0.3613712046875 0.2716937625 0.3649330625 0.27924672500000003 0.3594823734375 0.27771245 0.356314703125 0.269349359375 0.3613712046875
3 0.27270546875 0.3658909359375 0.27521036875 0.37027584999999996 0.283696703125 0.3644412359375 0.28102747968749997 0.361093809375 0.27270546875 0.3658909359375
3 0.34183982031250004 0.38481709531249997 0.3383193875 0.3813348515625 0.33129281875 0.387134790625 0.3342868578125 0.390267784375 0.34183982031250004 0.38481709531249997
3 0.3454796671875 0.389381765625 0.3428104453125 0.386034340625 0.334406271875 0.3913502125 0.33679175625 0.3946526984375 0.3454796671875 0.389381765625
3 0.23419557812499997 0.361120959375 0.2368647984375 0.3644683875 0.24348438749999998 0.35940162343750004 0.24105782343749999 0.3563585078125 0.23419557812499997 0.361120959375
3 0.236289671875 0.36809959375 0.2393247921875 0.37097321562499996 0.2486661625 0.36341287499999997 0.2455078015625 0.3613173703125 0.236289671875 0.36809959375
3 0.2523021828125 0.369838090625 0.24862125625 0.365532790625 0.239810103125 0.3715818390625 0.24280414375 0.3747148328125 0.2523021828125 0.369838090625
3 0.25634900781250003 0.3736695859375 0.25327280937499996 0.3710553359375 0.2448686359375 0.3763712078125 0.247418440625 0.37863620781249996 0.25634900781250003 0.3736695859375