1 0.7020046265625 0.3999035984375 0.7097147265625 0.400706940625 0.711256746875 0.39861825156249997 0.703546646875 0.3976542421875 0.7020046265625 0.3999035984375
1 0.7972243640625 0.200032134375 0.8018504234374999 0.19248072031250002 0.7875867390625 0.1907133671875 0.7825751734375 0.19858611875 0.7972243640625 0.200032134375
1 0.7760215875 0.1992287921875 0.775250578125 0.20806555312500002 0.7914417890625 0.2082262203125 0.7914417890625 0.19971079687499999 0.7760215875 0.1992287921875
1 0.738242096875 0.3741966578125 0.7444101765625 0.37516066875 0.7471087125 0.3722686375 0.740169621875 0.371143959375 0.738242096875 0.3741966578125
1 0.726676946875 0.37162596406250004 0.7374710875 0.3729113109375 0.7397841171875 0.36937660625 0.7289899765625 0.367930590625 0.726676946875 0.37162596406250004
1 0.7023901312499999 0.3831940875 0.713184271875 0.384800771875 0.717039321875 0.37998072031249996 0.70624518125 0.37837403593749996 0.7023901312499999 0.3831940875
1 0.7147262921875 0.3849614390625 0.724749421875 0.3862467859375 0.7278334625 0.3823907453125 0.71781033125 0.38094472968750004 0.7147262921875 0.3849614390625
1 0.7316885125 0.38576478125 0.7397841171875 0.38688945937499997 0.7424826515625 0.38303341875 0.7336160375 0.381908740625 0.7316885125 0.38576478125
1 0.687740940625 0.3946015421875 0.6950655359375 0.395404884375 0.6962220515624999 0.3931555265625 0.68851195 0.392352184375 0.687740940625 0.3946015421875
1 0.7205088671875 0.4019922875 0.72744795625 0.40295629843749997 0.728604471875 0.400867609375 0.72166538125 0.39974293125 0.7205088671875 0.4019922875
1 0.7224363921875 0.3989395890625 0.7297609875 0.3999035984375 0.73130300625 0.3976542421875 0.7243639171875 0.3968509 0.7224363921875 0.3989395890625
1 0.713184271875 0.39781490937499997 0.7208943718749999 0.3987789203125 0.7224363921875 0.3963688953125 0.7147262921875 0.395404884375 0.713184271875 0.39781490937499997
1 0.69275250625 0.3984575828125 0.6996915953125 0.3995822625 0.7016191203125001 0.3971722359375 0.6942945265625 0.3962082265625 0.69275250625 0.3984575828125
1 0.6958365453125 0.39588688906249997 0.7020046265625 0.39669023124999997 0.703161140625 0.39428020625000004 0.6969930609375 0.3936375328125 0.6958365453125 0.39588688906249997
1 0.6881264453125 0.41854113125000003 0.69853508125 0.41982647812499996 0.7008481109375 0.4164524421875 0.6900539703125 0.4150064265625 0.6881264453125 0.41854113125000003
1 0.6765612953125 0.41693444687500003 0.6873554359375 0.41821979374999996 0.6892829609375 0.4148457578125 0.6784888203125 0.41356041093749996 0.6765612953125 0.41693444687500003
1 0.68851195 0.4310732640625 0.6981495765625 0.4326799484375 0.7020046265625 0.4283419015625 0.6919814953125 0.4268958875 0.68851195 0.4310732640625
1 0.501156515625 0.688785346875 0.4938319203125 0.6878213375 0.49190439531249996 0.689910025 0.4996144953125 0.6908740359375 0.501156515625 0.688785346875
1 0.490362375 0.6791452437500001 0.491133384375 0.677859896875 0.4830377796875 0.67641388125 0.4818812640625 0.678020565625 0.490362375 0.6791452437500001
1 0.4845798 0.6881426734375 0.485350809375 0.6868573265625 0.47686970000000006 0.6855719796875 0.475713184375 0.6871786625 0.4845798 0.6881426734375
1 0.792598303125 0.1828406171875 0.788743253125 0.19007069375000002 0.80146491875 0.191516709375 0.8060909796875 0.18460796875000002 0.792598303125 0.1828406171875