0 0.9593192578125 0.44599528125 0.9623041984375 0.4493589390625 0.9656003359374999 0.44148411249999997 0.9632650406250001 0.43950221718750004 0.9593192578125 0.44599528125
3 0.7430011203125 0.7917339015625 0.7410545 0.789610540625 0.738013325 0.7937515890625 0.7400249546875 0.7960535656250001 0.7430011203125 0.7917339015625
3 0.6861887359375001 0.8118050890624999 0.684830440625 0.8141199578125 0.6890468859375 0.8176422156250001 0.6897587703125 0.8167762796875 0.6861887359375001 0.8118050890624999
3 0.6910562078125 0.8179222656249999 0.6893728640625 0.8193440593749999 0.694174403125 0.8244738515625001 0.6952735765625 0.82225329375 0.6910562078125 0.8179222656249999
3 0.6994904843749999 0.826179934375 0.6979366984375 0.827554575 0.7018304 0.832205684375 0.703058671875 0.8295335875 0.6994904843749999 0.826179934375
3 0.7039674328125 0.8308210390624999 0.7023490984375 0.832421446875 0.70786390625 0.8378984578124999 0.7086384906250001 0.8351892140625001 0.7039674328125 0.8308210390624999
3 0.717922059375 0.8494083437500001 0.7195399328125001 0.8474035499999999 0.7146743046874999 0.8429039156250001 0.71383425 0.8450301609374999 0.717922059375 0.8494083437500001
3 0.7227231375 0.8541337499999999 0.7235636546875 0.8524118890624999 0.719799975 0.848118009375 0.7183762078125 0.8498498781249999 0.7227231375 0.8541337499999999
3 0.7279142765625 0.85993084375 0.7290784625 0.8578889000000001 0.724731534375 0.8536050296875001 0.7234373296875 0.8552897421875001 0.7279142765625 0.85993084375
3 0.7387368546874999 0.8598350046875 0.7372490015625 0.8621970296875 0.7419850703125 0.8667438203125 0.7432788140625 0.8646547218749999 0.7387368546874999 0.8598350046875
3 0.7403681203125 0.8695573859374999 0.741402746875 0.8675625984374999 0.7373149375 0.8631844140625 0.736345321875 0.8653578156249999 0.7403681203125 0.8695573859374999
3 0.7381660765625 0.87076341875 0.739136153125 0.8689944000000001 0.7349178609375 0.863854603125 0.7338191484375 0.8664795453125 0.7381660765625 0.87076341875
3 0.7369849078125 0.9146828203125 0.7351032984375 0.9127380734375 0.7328404 0.9174049578125001 0.734268321875 0.9193125578125001 0.7369849078125 0.9146828203125
3 0.6933507156250001 0.95443301875 0.6949685890625 0.952428225 0.69075121875 0.9480971968749999 0.6896520453125 0.9503177546874999 0.6933507156250001 0.95443301875
3 0.695357265625 0.9522867578125 0.6967164828125 0.9507806593750001 0.6925632015625001 0.9458194765625001 0.6911403593750001 0.948360115625 0.695357265625 0.9522867578125
3 0.6965864609375 0.9504234296874999 0.6976206265625 0.9480242578125001 0.6939865046875 0.943683221875 0.6927577703125001 0.9459509359375 0.6965864609375 0.9504234296874999
3 0.6989171421875 0.948361471875 0.7003399828125 0.9458208328125 0.6954093453125 0.9411425828125 0.6941156015625001 0.94323168125 0.6989171421875 0.948361471875
3 0.6813871953125 0.8066752984375001 0.68080625625 0.8087072328125 0.6842453468749999 0.8125124250000001 0.685280434375 0.8109220234375 0.6813871953125 0.8066752984375001
3 0.74819595625 0.8007660781249999 0.746767571875 0.79845409375 0.7440500640625001 0.8022750609375 0.7458021140625 0.8042669640625 0.74819595625 0.8007660781249999
3 0.7014382343750001 0.9427915046875001 0.7025378718749999 0.9409753328124999 0.6981259328125 0.9365128453124999 0.6968962750000001 0.9379717890625001 0.7014382343750001 0.9427915046875001
3 0.6758078390625 0.8014240578124999 0.6745786421875 0.803287384375 0.6782127640625 0.8076284203125 0.679506046875 0.8051349374999999 0.6758078390625 0.8014240578124999
3 0.6373628375 0.788514090625 0.6363876796875 0.7858348671875001 0.63146443125 0.787626784375 0.6328282656249999 0.7901645390625001 0.6373628375 0.788514090625
3 0.6208857328125 0.7742835953125 0.6189418843750001 0.7745865453125 0.61966069375 0.7797863921875 0.621409971875 0.7793519812499999 0.6208857328125 0.7742835953125
3 0.6190032000000001 0.7715300765625 0.61692840625 0.7706670265625 0.6158320015625 0.7753138953125001 0.618296396875 0.77684425 0.6190032000000001 0.7715300765625
3 0.60423253125 0.776097053125 0.6028041484375 0.77378506875 0.599049703125 0.7775788953125 0.600867225 0.7801537984375 0.60423253125 0.776097053125
3 0.624483834375 0.7470825734375001 0.6235783046875001 0.7486258203125 0.6272774375 0.7531454703125 0.6281825046875 0.7511978390625 0.624483834375 0.7470825734375001
3 0.6301936734375 0.75309543125 0.62889946875 0.75478014375 0.6325335875 0.7591211796875 0.6338273328125 0.75703208125 0.6301936734375 0.75309543125
3 0.635773953125 0.7591554453125 0.6342856390625 0.7611130828125 0.638048859375 0.7650025765625 0.6392139671875 0.76376940625 0.635773953125 0.7591554453125
3 0.6397976765625 0.764163784375 0.6387625890625 0.765754184375 0.6427853875 0.769953753125 0.6439500359375 0.7683161953125001 0.6397976765625 0.764163784375
3 0.644663765625 0.769067803125 0.6433045484375 0.7705739015625 0.6463549609375 0.774520559375 0.6474541359375 0.7723000015625 0.644663765625 0.769067803125
3 0.625879534375 0.77752291875 0.6236106312499999 0.77693279375 0.6240717078125 0.7834401062499999 0.6268593078125 0.78424599375 0.625879534375 0.77752291875
3 0.6545849703125 0.774154678125 0.6557500796875 0.7729215078125 0.652829225 0.76892769375 0.65153501875 0.7706124046875 0.6545849703125 0.774154678125
3 0.654590971875 0.7794116875 0.6532967671875001 0.7810964 0.6577732546874999 0.7853331171875 0.658872890625 0.7835169453125 0.654590971875 0.7794116875
3 0.6593925125 0.7845414796875 0.6587465640625 0.7863947984374999 0.662315675 0.79055721875 0.6634148515625 0.7883366625 0.6593925125 0.7845414796875
3 0.66581608125 0.7913059421875 0.6645868859374999 0.7931692703125 0.6681550734374999 0.7965229218750001 0.6689305812499999 0.79462244375 0.66581608125 0.7913059421875
3 0.670876278125 0.7959370359375 0.6694525125 0.79766890625 0.673345753125 0.8019156296875 0.674185346875 0.799384996875 0.670876278125 0.7959370359375
3 0.699820821875 0.9452006859375001 0.7009850078125 0.9431587421875 0.6963785 0.9385647953125 0.6954738953125 0.9409168125 0.699820821875 0.9452006859375001
3 0.7030565703125 0.9411910953125 0.70415620625 0.9393749234375001 0.6996787953125 0.9343294359375 0.6987741890625 0.9366814531250001 0.7030565703125 0.9411910953125
3 0.6025228625 0.754468884375 0.6007067265625 0.7531071359375 0.59954485 0.75717100625 0.600971846875 0.7582698359375 0.6025228625 0.754468884375
3 0.6772042046875 0.945948221875 0.6755213203125 0.9477744015624999 0.6799337234375 0.9526412750000001 0.6808387890625001 0.95069364375 0.6772042046875 0.945948221875
3 0.6795321140625 0.9414599515625 0.67875614375 0.9429560421875 0.683362653125 0.9475499890625001 0.6843327296874999 0.9457809718749999 0.6795321140625 0.9414599515625
3 0.6813427109375 0.937969075 0.680048503125 0.9396537875 0.684656396875 0.9454608906249999 0.6856905624999999 0.9430617171875 0.6813427109375 0.937969075
3 0.6860787765625 0.942515865625 0.687308434375 0.9410569234375 0.683349259375 0.9358228140625 0.6817963984375 0.938006221875 0.6860787765625 0.942515865625
3 0.6875020796875 0.9403796109375 0.6889258453125 0.93864774375 0.6843838875 0.9338280265625001 0.683349721875 0.9362271984375001 0.6875020796875 0.9403796109375
3 0.685806728125 0.9312873875 0.68483665 0.933056403125 0.688860375 0.9380647421875 0.6902186671874999 0.935749875 0.685806728125 0.9312873875
3 0.68748915 0.9290568218749999 0.686324965625 0.9310987640624999 0.690737365625 0.9359656359375 0.69222429375 0.9327948421875 0.68748915 0.9290568218749999
3 0.6885228531250001 0.926253265625 0.6871650203125 0.92897251875 0.69151195 0.933256390625 0.692740684375 0.9309886781250001 0.6885228531250001 0.926253265625
3 0.6903989203124999 0.9233453875000001 0.688976078125 0.925886028125 0.6933875546875 0.9299441281249999 0.69494041875 0.9277607187499999 0.6903989203124999 0.9233453875000001
3 0.69117258125 0.9198273703125001 0.690722125 0.9226209203125 0.69494041875 0.9277607187499999 0.696233240625 0.92486285 0.69117258125 0.9198273703125001
3 0.693632821875 0.9177182578125 0.6925336453125001 0.919938815625 0.6965569078125 0.92454276875 0.6977215546875 0.9229052109375001 0.693632821875 0.9177182578125
3 0.69518660625 0.91634361875 0.6939574109375 0.9182069453124999 0.6977861015625 0.9226794406250001 0.6991443953124999 0.920364571875 0.69518660625 0.91634361875
3 0.696738084375 0.912947053125 0.6954443390625 0.9150361515625001 0.699791728125 0.9197244078125 0.7008909046875 0.9175038499999999 0.696738084375 0.912947053125
3 0.6982259375 0.910585028125 0.69738495625 0.9119025046875 0.7010836265625 0.91601776875 0.7019246078125 0.91470029375 0.6982259375 0.910585028125
3 0.7034009140624999 0.9022286359375 0.702365825 0.9038190374999999 0.70612996875 0.9085173031249999 0.7073596265625001 0.9070583609374999 0.7034009140624999 0.9022286359375
3 0.7046941953125 0.8997351515625001 0.7033349796875 0.90124125 0.7079414890625 0.9058351968749999 0.70878200625 0.9041133359375 0.7046941953125 0.8997351515625001
3 0.6783683890625001 0.9439062796875 0.6770087124999999 0.9450079921875 0.6818111765625 0.9509465531249999 0.6832981046875 0.947775759375 0.6783683890625001 0.9439062796875
3 0.6758463734375 0.9486674765625001 0.6747476609375 0.9512924203124999 0.6787699984375 0.9550876015625 0.6799346453124999 0.9534500453125 0.6758463734375 0.9486674765625001
3 0.70421983125 0.9383403828124999 0.70480030625 0.9359040625 0.7012311953125 0.9317416421875 0.6996783343749999 0.9339250515625 0.70421983125 0.9383403828124999
3 0.67313025 0.9537015984374999 0.6715119140625 0.955302009375 0.675924315625 0.9601688812500001 0.6771525875 0.95749678125 0.67313025 0.9537015984374999
3 0.7071950734375 0.9332119484374999 0.7084242703125 0.9313486203125001 0.703687278125 0.9259930609374999 0.7023294484375 0.9287123125000001 0.7071950734375 0.9332119484374999
3 0.7084242703125 0.9313486203125001 0.7098480359375 0.9296167515624999 0.7055642703125 0.9238939531250001 0.7036222671875 0.9258144453125 0.7084242703125 0.9313486203125001
3 0.7101717015625 0.9292966703125 0.7112713390625001 0.9274804984375 0.7067284546875 0.9218520109374999 0.7054342499999999 0.9235367234374999 0.7101717015625 0.9292966703125
3 0.7106207718750001 0.9252899640625 0.7113967421875 0.9237938734375 0.7077621578125 0.919048453125 0.7067925421875 0.9212218546875001 0.7106207718750001 0.9252899640625
3 0.7120445375 0.923558096875 0.7135983234375 0.9221834578125 0.7095750625 0.917579503125 0.7082163078125 0.9194899859375001 0.7120445375 0.923558096875
3 0.71431066875 0.921721909375 0.7150861765625 0.9198214328125 0.7111274640625 0.914991709375 0.709704621875 0.917532346875 0.71431066875 0.921721909375
3 0.7148916062499999 0.919689975 0.7161212640625 0.91823103125 0.7125512281249999 0.9132598390625001 0.711127925 0.9153960937500001 0.7148916062499999 0.919689975
3 0.7163130625 0.9159361781250001 0.717931396875 0.91433576875 0.71403861875 0.9104934312499999 0.7127444140625 0.91217814375 0.7163130625 0.9159361781250001
3 0.718449634375 0.9141471453125 0.7196788296875 0.91228381875 0.714878215625 0.9079627984374999 0.7137790390625 0.9101833562499999 0.718449634375 0.9141471453125
3 0.71902965 0.911306440625 0.7205834359375001 0.909931803125 0.7161710359375 0.9050649312499999 0.7151373328124999 0.9078684875 0.71902965 0.911306440625
3 0.7205170390625 0.9085400312499999 0.7216157515625 0.9059150890625001 0.71746385625 0.9021670609375001 0.7164296921875 0.904566234375 0.7205170390625 0.9085400312499999
3 0.7216166765625001 0.906723859375 0.72297496875 0.9044089906250001 0.7187576015625 0.9000779624999999 0.717593415625 0.9021199062499999 0.7216166765625001 0.906723859375
3 0.7233631843749999 0.9038631390624999 0.7243978109375 0.901868353125 0.7197272156250001 0.8979045609374999 0.71908126875 0.89975788125 0.7233631843749999 0.9038631390624999
3 0.7246569296875001 0.9017740406250001 0.725757028125 0.9003622531250001 0.7214741859375 0.895448225 0.720763690625 0.8975273156249999 0.7246569296875001 0.9017740406250001
3 0.726015684375 0.8998635578125 0.7276335578124999 0.8978587625 0.7228320187499999 0.892728971875 0.72173238125 0.8945451437499999 0.726015684375 0.8998635578125
3 0.612123634375 0.7627065390625 0.610633009375 0.7626422515625 0.6107035625 0.767673490625 0.612906990625 0.7676806140625 0.612123634375 0.7627065390625
3 0.596546978125 0.7424845578125 0.5946686015625 0.7433705078124999 0.598109078125 0.7483888546874999 0.5995983140625001 0.7472399875 0.596546978125 0.7424845578125
3 0.5880031531250001 0.5815478453125 0.58969019375 0.5833611328125 0.5934441765625 0.5791629203124999 0.5911084171875001 0.576776640625 0.5880031531250001 0.5815478453125
3 0.6147858796875 0.5402445625000001 0.6161487921875 0.541973546875 0.6191899671875001 0.5378324984375 0.6173083593750001 0.5358877515625 0.6147858796875 0.5402445625000001
3 0.6107644671875 0.53725815 0.61290519375 0.5391085859375 0.61380471875 0.53230833125 0.6117949359375 0.5316238953125 0.6107644671875 0.53725815
3 0.6076527375 0.5363679593749999 0.610505809375 0.5377568453125 0.610369784375 0.5321426078125 0.6082299812499999 0.5311009421875 0.6076527375 0.5363679593749999
3 0.6053838359375 0.5357778359375 0.607718209375 0.536950959375 0.6078389953125 0.52922048125 0.6053118984375 0.5295334406250001 0.6053838359375 0.5357778359375
3 0.6041551015625 0.5380455484375 0.6057738984375 0.5368495234374999 0.6041467890625001 0.5307666109375 0.6018147234375 0.5316154140625 0.6041551015625 0.5380455484375
3 0.6026013156250001 0.5394201859375001 0.6039619171874999 0.5391272453125 0.6012974109375 0.5326128078125001 0.5997440859375 0.53439183125 0.6026013156250001 0.5394201859375001
3 0.6035903265625 0.5542309703125 0.60216148125 0.5515146 0.598404728125 0.5532865 0.599704475 0.556454409375 0.6035903265625 0.5542309703125
3 0.6056665046874999 0.5563071765625 0.6043686046875 0.55475680625 0.60028910625 0.5576575578125 0.6019761484374999 0.559470846875 0.6056665046874999 0.5563071765625
3 0.6072894578125 0.5587506203125 0.6065097953125 0.5570116265625 0.602688953125 0.559413684375 0.6036641109375 0.56209290625 0.6072894578125 0.5587506203125
3 0.613579775 0.5623271578125 0.6118931953125 0.5609182546875 0.608591053125 0.563536071875 0.6100189765625 0.565443671875 0.613579775 0.5623271578125
3 0.6147434984375 0.5598808296875 0.615389446875 0.558027509375 0.61046065625 0.5549668015625 0.6100752109375 0.557938965625 0.6147434984375 0.5598808296875
3 0.61701609375 0.5637060359375 0.6164305375 0.5616941171875001 0.6122855671874999 0.5640118703125 0.6127420265625 0.5664753296875 0.61701609375 0.5637060359375
3 0.57530984375 0.475724746875 0.5750534953125 0.47824537187500005 0.5808859671875 0.4781452921875 0.5805590671874999 0.47563467656249997 0.57530984375 0.475724746875
3 0.575229028125 0.4049573125 0.576786971875 0.40722214218749997 0.5796326546875 0.40214086406250005 0.57781605625 0.40037473281249997 0.575229028125 0.4049573125
3 0.6978705578125 0.712887753125 0.6959248625 0.7115731609375 0.692688190625 0.7147739796875 0.69482938125 0.7170288015625 0.6978705578125 0.712887753125
3 0.69047645 0.7074879203125 0.688077065625 0.7061361796875001 0.684970878125 0.710098615625 0.687760325 0.7125220421875 0.69047645 0.7074879203125
3 0.613034753125 0.5390614296875 0.6147208703125 0.540065946875 0.6163350484375 0.5348260703125 0.6145189109375 0.5334643234375 0.613034753125 0.5390614296875
3 0.6154849359375001 0.58489555625 0.613732884375 0.582903653125 0.611599084375 0.587118996875 0.613092015625 0.5892052125 0.6154849359375001 0.58489555625
3 0.6815285546875 0.703462725 0.682373690625 0.70578471875 0.6861922234375 0.7013607359375 0.684894321875 0.6998103671875 0.6815285546875 0.703462725
3 0.6115262234375 0.58006583125 0.6102278609375 0.5781110765624999 0.6071866828125 0.582252125 0.6090037453125 0.5844226421875 0.6115262234375 0.58006583125
3 0.5833311734375 0.5763708984375 0.5855373734375 0.578804334375 0.5884471437500001 0.5730929 0.5860463734375 0.5705280046875 0.5833311734375 0.5763708984375
3 0.6002374890625 0.56920611875 0.5983563421875 0.56766575625 0.59570291875 0.5708565671875 0.5973904203125 0.573074240625 0.6002374890625 0.56920611875
3 0.602442765625 0.570830784375 0.6005620796875 0.5696948078124999 0.59790865625 0.57288561875 0.60017940625 0.5750932843750001 0.602442765625 0.570830784375
3 0.59545626875 0.5818692828125 0.5938983265625 0.5796044546875 0.5906625796875 0.58361404375 0.5922846078124999 0.5852487156249999 0.59545626875 0.5818692828125
3 0.5975979203125 0.584528490625 0.5962995578125 0.582573734375 0.5926096609375 0.5861417906249999 0.5948154 0.5881708406249999 0.5975979203125 0.584528490625
3 0.5994140578125 0.5858902359375 0.598051609375 0.5845656375 0.595139528125 0.5882551453125 0.597151159375 0.590557121875 0.5994140578125 0.5858902359375
3 0.6015552484375 0.5881450593750001 0.599543615625 0.58584308125 0.5973461906249999 0.5910929671875 0.5989036703124999 0.592953409375 0.6015552484375 0.5881450593750001
3 0.6038255343750001 0.5899483390625 0.6023985359374999 0.5888495093749999 0.5992273375 0.592633328125 0.601886765625 0.594699528125 0.6038255343750001 0.5899483390625
3 0.6060321953125001 0.5927861609375 0.60479930625 0.5914144046875001 0.6016281078125 0.5951982234375001 0.6031855890625 0.5970586671875 0.6060321953125001 0.5927861609375
3 0.6085629875 0.595708284375 0.6065508953125 0.5930019234375 0.603769759375 0.5978574296875 0.60571591875 0.5995764078125 0.6085629875 0.595708284375
3 0.6103150375 0.5977001890625 0.608433428125 0.5957554390625 0.60571591875 0.5995764078125 0.60792165625 0.6016054578125 0.6103150375 0.5977001890625
3 0.6130385515625 0.5991362296875 0.6110264578125 0.5964298671875 0.608180775 0.601511146875 0.6099323640625001 0.6030986656249999 0.6130385515625 0.5991362296875
3 0.6045844171875 0.573489990625 0.603026475 0.5712251625 0.6003735140625001 0.5748203578125 0.6018664453125 0.576906571875 0.6045844171875 0.573489990625
3 0.6063364671875 0.5754818937499999 0.60451986875 0.5737157625 0.6023201328125001 0.5769437203125001 0.603813065625 0.579029934375 0.6063364671875 0.5754818937499999
3 0.608866796875 0.5779996328125 0.6069851875000001 0.5760548859375 0.6043981609375 0.58063746875 0.6067325343750001 0.5818105921875001 0.608866796875 0.5779996328125
3 0.6830883453125 0.7073450968749999 0.6848403953125 0.709337 0.688139765625 0.70429286875 0.6865827484375 0.7028368109375001 0.6830883453125 0.7073450968749999
3 0.6759515078125 0.7002334109375 0.6775089875 0.7020938546875 0.6798368953125 0.697605584375 0.6783444265624999 0.69592375625 0.6759515078125 0.7002334109375
3 0.5968609484375 0.7336723843749999 0.5956963 0.7353099421875 0.59946044375 0.74000820625 0.60056008125 0.738192034375 0.5968609484375 0.7336723843749999
3 0.5877419328125 0.6932996640625 0.5894912109375 0.69286525625 0.5865675875 0.6864451296875 0.5843660046875 0.688055546875 0.5877419328125 0.6932996640625
3 0.5870369765625 0.7002313796874999 0.588915353125 0.6993454296875 0.5868359421875 0.694438525 0.5845688859375 0.69546594375 0.5870369765625 0.7002313796874999
3 0.5858082421875 0.7024990921875001 0.586649684375 0.701586003125 0.5841811328125 0.6964161796874999 0.5822386703125 0.6979322859375 0.5858082421875 0.7024990921875001
3 0.5843854015625001 0.7050397312500001 0.58522591875 0.7033178718750001 0.5817854421875001 0.698299525 0.5808162890624999 0.7008773109375 0.5843854015625001 0.7050397312500001
3 0.5834236359375 0.714087684375 0.583940025 0.7122815203124999 0.5800486312500001 0.7096523375 0.5794026828125001 0.7115056562500001 0.5834236359375 0.714087684375
3 0.58465236875 0.711819971875 0.58484370625 0.7091207328125 0.5806286468749999 0.7068116328125 0.58050231875 0.709689484375 0.58465236875 0.711819971875
3 0.58094861875 0.7032564671875 0.5802385828125 0.7057399421875 0.5843895578125 0.7086792 0.584775925 0.70651580625 0.58094861875 0.7032564671875
3 0.5917836656250001 0.7140790328125 0.59327475 0.7145477046875001 0.593333296875 0.7090649265625 0.591583553125 0.70909495 0.5917836656250001 0.7140790328125
3 0.5818680015625 0.71384478125 0.5817402890625 0.715509478125 0.5855016609375 0.7177814328125 0.5860185140625 0.716379653125 0.5818680015625 0.71384478125
3 0.58842851875 0.72703225625 0.587387890625 0.7237700328125001 0.583757925 0.7230684640625 0.5835015765625 0.7255890890625001 0.58842851875 0.72703225625
3 0.5831128999999999 0.72573055625 0.5828560890625 0.72784679375 0.5875884625000001 0.7291585015625001 0.5877802609375 0.7268636484375001 0.5831128999999999 0.72573055625
3 0.5983326359375 0.717156871875 0.5982648562499999 0.7145519453125 0.5946344296875 0.71344599375 0.5941839734375 0.71623954375 0.5983326359375 0.717156871875
3 0.593926240625 0.7175470093749999 0.5940585703125 0.7199261671875 0.5995682984374999 0.720954940625 0.5995646046875 0.7177198578125 0.593926240625 0.7175470093749999
3 0.5937989906250001 0.7196160921875 0.592958934375 0.7217423390625 0.5978863390625 0.723589890625 0.59827316875 0.7218308828125 0.5937989906250001 0.7196160921875
3 0.5866303921875 0.7414415359375 0.5886415609375 0.7433391281249999 0.5907744375 0.7383150125 0.5886987218749999 0.7366431921875 0.5866303921875 0.7414415359375
3 0.5886415609375 0.7433391281249999 0.5903940734375 0.7457354171875 0.5931097359375 0.740296909375 0.5914231578125 0.7388880062500001 0.5886415609375 0.7433391281249999
3 0.5893690406250001 0.6993825765625 0.5917024921875 0.69974693125 0.5902054031249999 0.6940212484375 0.588325640625 0.6936940421875 0.5893690406250001 0.6993825765625
3 0.6176050890625 0.6822280890625 0.6192935140625 0.6852545328125 0.6229184 0.6815078625 0.621684125 0.6789229515625 0.6176050890625 0.6822280890625
3 0.6693347546874999 0.69455064375 0.671151353125 0.6963167765625 0.6735424250000001 0.690389578125 0.67146716875 0.6891221421875 0.6693347546874999 0.69455064375
3 0.659881090625 0.7016324765624999 0.658129040625 0.6996405734375 0.6554119921875 0.703865925 0.65709995625 0.706487984375 0.659881090625 0.7016324765624999
3 0.6685500109375 0.6883634109375001 0.6668629703125 0.6865501234375 0.6640154390624999 0.6900138609375001 0.66557338125 0.692278690625 0.6685500109375 0.6883634109375001
3 0.6665379171875 0.68565705 0.6645272109375 0.6841638437500001 0.66252296875 0.6883320328125 0.6638208703124999 0.6898824015625 0.6665379171875 0.68565705
3 0.6581732703125 0.6816218468749999 0.65999079375 0.6841967515625 0.6621891421874999 0.6797556359375 0.6607612203125 0.6778480375 0.6581732703125 0.6816218468749999
3 0.6655632234375 0.6833822125 0.667315734375 0.6857785 0.6699013765624999 0.6799827625 0.6677606484374999 0.678132328125 0.6655632234375 0.6833822125
3 0.66738120625 0.6863615015625 0.6691327953124999 0.6879490203125 0.6716543500000001 0.6827834359375 0.6697736640625 0.6816474593749999 0.66738120625 0.6863615015625
3 0.6755246046875001 0.7236506109375 0.6735125109375 0.72094425 0.6713136984375 0.724980978125 0.6725470515625 0.7267571187499999 0.6755246046875001 0.7236506109375
3 0.6760976921874999 0.714744128125 0.6746693078125 0.7124321421875 0.6718231609374999 0.7171090359375001 0.673121525 0.719063790625 0.6760976921874999 0.714744128125
3 0.6730579 0.72009833125 0.67104626875 0.7177963546874999 0.6682642109375 0.7218430921875 0.6700817328124999 0.7244179953125001 0.6730579 0.72009833125
3 0.6801873484375001 0.7207398515625 0.6787598874999999 0.7192366375 0.6759773671875 0.722878990625 0.67772941875 0.7248708921875 0.6801873484375001 0.7207398515625
3 0.6825885796875 0.7237091328124999 0.6807715187500001 0.7215386140625 0.6783135890625 0.72566965625 0.6797415109375 0.7275772546875 0.6825885796875 0.7237091328124999
3 0.6775353109375 0.72514381875 0.67584919375 0.7241393015625001 0.6731312218750001 0.7275558828124999 0.674689165625 0.7298207125 0.6775353109375 0.72514381875
3 0.6805848 0.72828170625 0.6785736296875 0.7263841156249999 0.6756620140625 0.7304780078124999 0.6775431609375 0.7320183703125 0.6805848 0.72828170625
3 0.6853771046875 0.7253237890625 0.683366859375 0.72423496875 0.6812335203125001 0.7288546984375001 0.682920096875 0.7302636015624999 0.6853771046875 0.7253237890625
3 0.6889545265625 0.736765146875 0.686747865625 0.7339273265624999 0.682864321875 0.7381726937499999 0.685329640625 0.74051181875 0.6889545265625 0.736765146875
3 0.6625419031249999 0.70491183125 0.6604652625 0.7024312390625 0.6572945265625 0.70661944375 0.659630284375 0.7090057234375 0.6625419031249999 0.70491183125
3 0.7056633515625 0.8971573656249999 0.7042391234375 0.8984848484375 0.7087815453124999 0.9037089500000001 0.70988071875 0.90148839375 0.7056633515625 0.8971573656249999
3 0.707151203125 0.8947953406250001 0.7055328671875001 0.8963957499999999 0.7103989562499999 0.9012997703125001 0.7114335828125 0.8993049828125 0.707151203125 0.8947953406250001
3 0.7085099578125 0.8928848578125 0.7074748703125 0.8944752593749999 0.7114331203125001 0.8989005984375 0.7125977671875 0.897263040625 0.7085099578125 0.8928848578125
3 0.5054144468749999 0.8432145078125 0.50450891875 0.8447577531249999 0.50840308125 0.8498132484375001 0.5097618359375 0.847902765625 0.5054144468749999 0.8432145078125
3 0.541086165625 0.8678545328125 0.5400515375 0.8698493203125001 0.5442043578125 0.8744061171874999 0.5456276625 0.8722698640625 0.541086165625 0.8678545328125
3 0.527775178125 0.8453919796875 0.526740553125 0.8473867671875001 0.5305687828125001 0.8514548765625 0.531797978125 0.8495915484375001 0.527775178125 0.8453919796875
3 0.528679321875 0.8426355781250001 0.5279683625 0.8443102828125 0.531862065625 0.84896139375 0.53328536875 0.8468251390624999 0.528679321875 0.8426355781250001
3 0.5310745515625 0.8403478484375 0.5296507859374999 0.8420797171875 0.53425729375 0.8466736640624999 0.535032340625 0.844368803125 0.5310745515625 0.8403478484375
3 0.53236829375 0.8382587515625 0.5314627656249999 0.8398019968750001 0.5350968875000001 0.8441430328124999 0.5363906328125 0.8420539343750001 0.53236829375 0.8382587515625
3 0.537152746875 0.828426284375 0.5353366109375 0.8270645359375 0.5326845734375001 0.8314685031250001 0.5343070640625001 0.8335075625 0.537152746875 0.828426284375
3 0.539164840625 0.831132646875 0.5378674015625 0.8299866625 0.535344 0.8335347015625001 0.5370955875 0.8351222203124999 0.539164840625 0.831132646875
3 0.5415669953125 0.8349106984375 0.5402040859375 0.8331817140625001 0.5374215640625 0.836824065625 0.539368184375 0.8389474265624999 0.5415669953125 0.8349106984375
3 0.543513615625 0.8370340593750001 0.5421511671875 0.8357094609375 0.540081453125 0.8392946484375001 0.5416384703125 0.8407507078125 0.543513615625 0.8370340593750001
3 0.5453943015625 0.8381700359375 0.5440964015625 0.8366196671875 0.5417684921875 0.8411079375 0.5430659312499999 0.8422539203125 0.5453943015625 0.8381700359375
3 0.5483133078125 0.8405463093750001 0.5466267296875 0.8391374062500001 0.5441688 0.8432684484375 0.546050409375 0.8452131953125 0.5483133078125 0.8405463093750001
3 0.5505854421875 0.84396713125 0.548833853125 0.8423796140625001 0.5470241812500001 0.8466792609375 0.5483220828125 0.8482296312500001 0.5505854421875 0.84396713125
3 0.5535689968749999 0.8461176343749999 0.5514287312499999 0.8446715828125001 0.5496185984374999 0.8485668437499999 0.5513701859375 0.8501543625 0.5535689968749999 0.8461176343749999
3 0.5560993265625 0.8486353734375 0.55408908125 0.8475465515625 0.5520198296875 0.851536125 0.5535123 0.8532179531249999 0.5560993265625 0.8486353734375
3 0.5581773531249999 0.8523291203125 0.5565557859375 0.8510988328125 0.554421984375 0.8553141765625 0.5557844328125 0.8566387765625001 0.5581773531249999 0.8523291203125
3 0.50340928125 0.8465739265625001 0.5023096453125 0.8483900984374999 0.506073325 0.8526839781250001 0.5074316203125 0.850369109375 0.50340928125 0.8465739265625001
3 0.5065122375 0.8397807953124999 0.505542159375 0.8415498109374999 0.5098900109375 0.8466424546875 0.510990109375 0.8452306671875001 0.5065122375 0.8397807953124999
3 0.5379181984375 0.8744690500000001 0.5366239937499999 0.8761537625000001 0.540711803125 0.8805319468749999 0.54213556875 0.8788000765625 0.5379181984375 0.8744690500000001
3 0.508647421875 0.83677860625 0.5076127968749999 0.83877339375 0.5118301656249999 0.8431044218749999 0.51279978125 0.8409310203125001 0.508647421875 0.83677860625
3 0.635559015625 0.9681855171875 0.63646500625 0.9670466546875 0.6328954328124999 0.96247985 0.632185396875 0.9649633265625001 0.635559015625 0.9681855171875
3 0.634071625 0.9709519265625 0.634977615625 0.9698130656249999 0.6310839140625 0.96516195625 0.630178846875 0.9671095875000001 0.634071625 0.9709519265625
3 0.5174100875 0.905599765625 0.5149452296875 0.9036650281249999 0.5130700859374999 0.9073816750000001 0.5143679859375 0.9089320453124999 0.5174100875 0.905599765625
3 0.5110059125 0.9158194875 0.5089306578125 0.9145520515625 0.5058904046875 0.9195018703125 0.507707003125 0.921268003125 0.5110059125 0.9158194875
3 0.5112652875 0.802450125 0.5095782468750001 0.8006368359374999 0.5071203171875001 0.8047678765624999 0.5090019265625 0.806712625 0.5112652875 0.802450125
3 0.513989725 0.8046949390625 0.5129504796875 0.802645871875 0.510168884375 0.8070969937499999 0.511920471875 0.8086845125 0.513989725 0.8046949390625
3 0.5509513875 0.7671710640625 0.5499158390625001 0.7683570796875 0.5540036484375 0.7727352625 0.55477915625 0.7708347875 0.5509513875 0.7671710640625
3 0.5520621078125 0.7750601406250001 0.552902165625 0.7729338953125 0.549463075 0.769128703125 0.5482984281250001 0.7707662609375 0.5520621078125 0.7750601406250001
3 0.5309846031250001 0.8183324265625 0.5326024765625 0.8163276328125001 0.5280623640625 0.8131254562500001 0.5275464359375001 0.8153360046874999 0.5309846031250001 0.8183324265625
3 0.49873776249999996 0.8418013656250001 0.4976381265625 0.8436175374999999 0.5017263984375 0.8484001062500001 0.5030206046875 0.8467153937499999 0.49873776249999996 0.8418013656250001
3 0.5143392515625 0.8270204359375001 0.513239615625 0.8288366078125 0.5173274250000001 0.8332147921875 0.518751653125 0.8318873078125 0.5143392515625 0.8270204359375001
3 0.513435109375 0.8297768375000001 0.5120104203125 0.830699934375 0.5157745625 0.8353982015625 0.51706830625 0.833309103125 0.513435109375 0.8297768375000001
3 0.5120772765625 0.8324960906250001 0.511236759375 0.8342179515625 0.5141566890625 0.8374029953125 0.5151922375 0.8362169796875 0.5120772765625 0.8324960906250001
3 0.51032984375 0.8345480406249999 0.509165659375 0.8365899828125001 0.5127988578125 0.8401222484374999 0.5138339453125 0.8385318484375001 0.51032984375 0.8345480406249999
3 0.5150668359374999 0.839903603125 0.5134485015625 0.8415040109374999 0.518055009375 0.846097959375 0.519024625 0.8439245578125 0.5150668359374999 0.839903603125
3 0.5455487984375 0.8599596890625 0.546649359375 0.8589522875 0.5440512484375 0.853829621875 0.5424329125 0.8554300296875 0.5455487984375 0.8599596890625
3 0.5390169125 0.87184410625 0.5378518031249999 0.8730772796874999 0.5423946859375001 0.8787057656249999 0.5434293140625 0.876710978125 0.5390169125 0.87184410625
3 0.7102569296875 0.8904285218749999 0.7088331640625001 0.8921603906250001 0.7133101109375 0.8968014921874999 0.7144752203125 0.895568321875 0.7102569296875 0.8904285218749999
3 0.5632255421875 0.8464461953125 0.5643901890625 0.8448086390625 0.5604964875 0.8401575296875 0.5594623234375 0.8425567015625001 0.5632255421875 0.8464461953125
1 0.6679836390625 0.07890755 0.630717703125 0.133735690625 0.684640740625 0.194008609375 0.7216420171875 0.13442215625 0.6679836390625 0.07890755
1 0.41319381875000005 0.44512157343750003 0.339810584375 0.368872040625 0.2944663640625 0.44342940156250005 0.36953664062499997 0.521492221875 0.41319381875000005 0.44512157343750003
1 0.26730738125000003 0.7227470421875 0.22616298281249997 0.7862687890625 0.28481747031250004 0.8470446453125 0.3264805671875 0.7837386609375 0.26730738125000003 0.7227470421875
1 0.7361214796875 0 0.764621384375 0.0320022375 0.7867524484375 0.003314965625 0.78374614375 0 0.7361214796875 0
0 0.9887235953125 0.6573928046875 0.9911169781250001 0.653487534375 0.9745070828125 0.636473496875 0.972243259375 0.6403316125 0.9887235953125 0.6573928046875
0 0.9867179687500001 0.6603478375 0.9886576625 0.6564054203125 0.9717241 0.6397114640625 0.9699785140625 0.6433809562499999 0.9867179687500001 0.6603478375
0 0.9848414390625001 0.6628513296875 0.9870407125 0.659218984375 0.96900474375 0.6419148890625 0.9675191999999999 0.646298840625 0.9848414390625001 0.6628513296875
0 0.9182154468749999 0.7720574250000001 0.9157579796875 0.7765928515625 0.931330478125 0.7931753640625 0.9337233984375001 0.7888657078125 0.9182154468749999 0.7720574250000001
0 0.5615000703125 0.75422920625 0.5589771296875 0.75818163125 0.5749392296875 0.7754314484375 0.5773976203125 0.77170479375 0.5615000703125 0.75422920625
1 0.4425102109375 0.4660064453125 0.41333410312499996 0.5112149968749999 0.46367925625 0.559642175 0.49013554531250003 0.5162326625 0.4425102109375 0.4660064453125
1 0.39398648125 0.537068690625 0.3634470015625 0.580143871875 0.41353534375 0.6306872875 0.44278108125 0.589701203125 0.39398648125 0.537068690625
1 0.4648377484375 0.7228623765625 0.459828246875 0.7058739515625 0.4508872765625 0.7079145390625 0.45563719843749995 0.7245928890625 0.4648377484375 0.7228623765625
0 0.49615766250000004 0.852449728125 0.49298738750000004 0.857042315625 0.50914498125 0.8752323625 0.51179748125 0.87123278125 0.49615766250000004 0.852449728125
1 0 0.44055958124999994 0.015420656250000001 0.4531601078125 0.031181156249999998 0.40737296718750005 0 0.38594192031249996 0 0.44055958124999994
3 0.572764071875 0.8569315484375 0.5738632484374999 0.854710990625 0.5701650390624999 0.8510001109375 0.5691954234375001 0.8531735125000001 0.572764071875 0.8569315484375
3 0.556607865625 0.8399546578124999 0.55803163125 0.8382227906249999 0.5540733796875 0.8337974499999999 0.5528441843749999 0.8356607781250001 0.556607865625 0.8399546578124999
3 0.5465341140625 0.871535390625 0.548022890625 0.8699821359375 0.5434159203125 0.8649838031250001 0.54244584375 0.8667528203125 0.5465341140625 0.871535390625
3 0.5512867031249999 0.833800334375 0.551932190625 0.831542628125 0.548364003125 0.8281889796874999 0.547393925 0.8299579953125 0.5512867031249999 0.833800334375
3 0.5358779375 0.8470951812499999 0.5349069359375 0.8480554281250001 0.538086446875 0.8515505437499999 0.5393161046875 0.8500916015625 0.5358779375 0.8470951812499999
3 0.5343241515625 0.8484698203125 0.5330299453125 0.8501545328125 0.5366636046875 0.8540911843749999 0.53763414375 0.852726553125 0.5343241515625 0.8484698203125
3 0.5349816453125 0.8567261328125 0.53627585 0.8550414203125 0.5326421906250001 0.8511047703125 0.53147754375 0.852742328125 0.5349816453125 0.8567261328125
3 0.5292114125 0.854578515625 0.5304406078125 0.8527151890625 0.52719655 0.8494458421875001 0.526291021875 0.8509890875 0.5292114125 0.854578515625
3 0.5281117765625 0.8563946874999999 0.529081853125 0.8546256718749999 0.5257732453124999 0.8515820953125001 0.5251268359375 0.8530310296874999 0.5281117765625 0.8563946874999999
3 0.526429815625 0.8590296390625 0.5273353453125 0.8574863921875 0.524220384375 0.8537655046875001 0.523120746875 0.8555816765625 0.526429815625 0.8590296390625
3 0.524617834375 0.861307359375 0.5253283328125 0.8592282687499999 0.52227838125 0.855685996875 0.521113734375 0.8573235531250001 0.524617834375 0.861307359375
3 0.520986021875 0.85898825 0.51969089375 0.8598641921875 0.5230654343750001 0.8638951546875001 0.5241655328125 0.8624833671875001 0.520986021875 0.85898825
3 0.5189139984375 0.8605515125000001 0.5178779875 0.8613331421874999 0.5213180015625001 0.8659471046875 0.5220285 0.8638680140625 0.5189139984375 0.8605515125000001
3 0.5312193484375001 0.8536454093750001 0.52992468125 0.8549257375 0.5336233499999999 0.859041003125 0.534788459375 0.85780783125 0.5312193484375001 0.8536454093750001
3 0.529666946875 0.8562332046875 0.528501378125 0.8570619921875 0.5323950796875 0.8617131015625 0.5334297046875001 0.8597183140625001 0.529666946875 0.8562332046875
3 0.5286327843749999 0.858632378125 0.5269489765625 0.8596497859375001 0.5310372484375 0.8644323546875 0.5318127546875 0.862531878125 0.5286327843749999 0.858632378125
3 0.5264966734375001 0.8608257953124999 0.525526134375 0.862190425 0.529419375 0.86643715 0.5301307953125 0.8651668296875 0.5264966734375001 0.8608257953124999
3 0.52552798125 0.863807965625 0.52449289375 0.8653983671875001 0.5282565734375 0.8696922484374999 0.528772040625 0.8670773125 0.52552798125 0.863807965625
3 0.5267037125 0.8718756578125 0.52747968125 0.8703795671875 0.523650990625 0.8659070718749999 0.5224208703125 0.8669616296875 0.5267037125 0.8718756578125
0 0.5566535828125 0.8799888062500001 0.5530199234375 0.8760521562499999 0.546613903125 0.8846543359375 0.5495993046875001 0.888422378125 0.5566535828125 0.8799888062500001
0 0.559949721875 0.872113978125 0.56228594375 0.8749046437500001 0.5664276796875 0.86975619375 0.56422101875 0.8669183734375 0.559949721875 0.872113978125
0 0.5678514453125 0.8680243265625001 0.569539409375 0.8706463843750001 0.5725151140625 0.8659223359375 0.570958096875 0.864466278125 0.5678514453125 0.8680243265625001
3 0.38110188906250003 0.7177390359375 0.38000225312499997 0.7195552078125 0.3833117828125 0.7234075546875001 0.3844764296875 0.7217699984375 0.38110188906250003 0.7177390359375
3 0.3745760046875 0.7348804624999999 0.375870675 0.7336001359375001 0.3715882953125 0.72909049375 0.37061821875 0.730859509375 0.3745760046875 0.7348804624999999
3 0.37831844531250003 0.7205726171875 0.37728335625 0.72216301875 0.3803333078125 0.7257052921875 0.3817570734375 0.723973421875 0.37831844531250003 0.7205726171875
3 0.3779382859375 0.8416724562500001 0.3761221484375 0.840310709375 0.3739233375 0.8443474390624999 0.3755453671875 0.8459821109375 0.3779382859375 0.8416724562500001
3 0.3648311046875 0.8274290687500001 0.3631445265625 0.826020165625 0.36029792031249996 0.8302926734374999 0.3619204109375 0.8323317328125001 0.3648311046875 0.8274290687500001
3 0.360487409375 0.8259758937499999 0.3586058 0.8240311484375 0.3556300953125 0.8287551953125 0.35744715625 0.8309257140625 0.360487409375 0.8259758937499999
3 0.41167133749999996 0.9279033875 0.41271058125 0.9299524546875 0.41581630625 0.9255856359375001 0.41425975 0.9245339625 0.41167133749999996 0.9279033875
3 0.40753052500000003 0.933860609375 0.4088288859375 0.9358153640625 0.4118696 0.9312699296875 0.41083128125 0.9300296328125001 0.40753052500000003 0.933860609375
3 0.40339109375 0.941030984375 0.40436532812500003 0.9429014375 0.40766423906249993 0.9374529203125 0.4062367796875 0.93594970625 0.40339109375 0.941030984375
3 0.401713753125 0.9477097875 0.4034007921875 0.9495230765624999 0.40598874531250007 0.9457492656250001 0.4044312625 0.943888821875 0.401713753125 0.9477097875
3 0.3971851859375 0.9546172468749999 0.39815942031249996 0.9564876984374999 0.401070575 0.9519894203125 0.3998376859375 0.950617665625 0.3971851859375 0.9546172468749999
3 0.39382265 0.9611003046875 0.3952501109375 0.9626035187499999 0.397448921875 0.9585667890625 0.39576234375 0.9571578859375001 0.39382265 0.9611003046875
3 0.41103785625 0.9406751124999999 0.41298447656250004 0.9427984734375 0.4157006015625 0.9377643499999999 0.41394855 0.9357724484375 0.41103785625 0.9406751124999999
3 0.40405274531249996 0.9529267671874999 0.40548112812500003 0.9552387515625 0.4083268109375 0.950157471875 0.4067052453125 0.9489271859375 0.40405274531249996 0.9529267671874999
3 0.400495640625 0.9592783656250001 0.401794003125 0.9612331203125001 0.404704696875 0.9563304562500001 0.40327769843750005 0.9552316265625 0.400495640625 0.9592783656250001
0 0.5713537 0.870390590625 0.5737544703124999 0.8729554859374999 0.5762760234375001 0.8677899046875 0.5741998453125 0.8657136984375 0.5713537 0.870390590625
3 0.7147975015625 0.8940350828125 0.71615671875 0.8925289843750001 0.7112910921875 0.88802935 0.710774703125 0.8898355140625 0.7147975015625 0.8940350828125
3 0.7128430328124999 0.8850371703125001 0.7116138359375 0.8869004984375 0.7160907859375001 0.8915416 0.717189959375 0.8893210421875001 0.7128430328124999 0.8850371703125001
3 0.7171240265625001 0.88833365625 0.7186778125 0.8869590171875 0.7142008640624999 0.882317915625 0.7134253562499999 0.884218390625 0.7171240265625001 0.88833365625
3 0.6674586359375 0.9244130078125 0.6655124781249999 0.9226940296875 0.6630550093750001 0.9272294562500001 0.664872071875 0.9293999734374999 0.6674586359375 0.9244130078125
3 0.6646138781250001 0.93030305625 0.66221356875 0.9281425453125 0.6599511328125 0.9332138171875 0.66150815 0.9346698765625 0.6646138781250001 0.93030305625
3 0.6605376125 0.9360345062500001 0.6586569250000001 0.9348985296875 0.65626354375 0.9388038 0.657950584375 0.9406170875000001 0.6605376125 0.9360345062500001
3 0.6633694421875 0.9188216671875 0.661358734375 0.9173284609374999 0.6586421484375 0.9219581984375 0.660264178125 0.9235928718749999 0.6633694421875 0.9188216671875
3 0.658969509375 0.9248731984375 0.6571529109375 0.9231070671875001 0.655278228125 0.9272281 0.6567056874999999 0.9287313140625001 0.658969509375 0.9248731984375
3 0.6569021046875 0.9304803140625 0.6549554843750001 0.9283569515625001 0.6526275765625 0.9328452234375 0.6543791640625 0.9344327390625 0.6569021046875 0.9304803140625
3 0.6531485828125 0.9350829109375001 0.6517215859375 0.9339840828125 0.6490049984375 0.9386138203125001 0.6510807171875 0.9402856406250001 0.6531485828125 0.9350829109375001
3 0.6480376921875 0.9428091484375001 0.646545684375 0.9415317046875 0.6438286359375 0.9457570562500001 0.6456456968750001 0.9479275749999999 0.6480376921875 0.9428091484375001
3 0.6407934625 0.955155115625 0.6387177453125 0.95348329375 0.63561248125 0.9582544984375 0.6380132515625 0.9608193937499999 0.6407934625 0.955155115625
3 0.25431990937500004 0.8700791765625 0.255613653125 0.867990078125 0.251396284375 0.8636590500000001 0.2501030015625 0.8661525343750001 0.25431990937500004 0.8700791765625
3 0.2214032109375 0.9312131156250001 0.22263240468749998 0.9293497875 0.2186086828125 0.924341446875 0.217444959375 0.926787775 0.2214032109375 0.9312131156250001
3 0.3969380734375 0.965225578125 0.398625575 0.96744325 0.40134216250000004 0.9628135125 0.3993960046875 0.9610945359375 0.3969380734375 0.965225578125
3 0.4171345265625 0.9449289609375 0.41596572343749993 0.9429270484375 0.4133136859375 0.9473310156249999 0.41454703750000005 0.94910715625 0.4171345265625 0.9449289609375
3 0.41467844375 0.9506775421875 0.4128613828125 0.9485070234374999 0.4102748171875 0.9534939906250001 0.4117027390625 0.955401590625 0.41467844375 0.9506775421875
3 0.411055865625 0.956446140625 0.40923926875000005 0.9546800062499999 0.4070413796875 0.9595255078125 0.40846930156249994 0.9614331078125 0.411055865625 0.956446140625
0 0.4249496375 0.9784943 0.42319805 0.9769067828125 0.41964094531249996 0.9832583796875 0.4215220921875 0.9847987421875001 0.4249496375 0.9784943
0 0.49624981718749994 0.819647359375 0.49547523125000004 0.8223566046874999 0.5026079125 0.825828821875 0.5028638 0.8229038140625 0.49624981718749994 0.819647359375
0 0.5000199624999999 0.829602634375 0.49769066874999995 0.8328777468749999 0.5059299140625 0.8405995734375 0.5072886671875 0.8386890906250001 0.5000199624999999 0.829602634375
0 0.5173597515624999 0.8615217640624999 0.5158078109375 0.8645139453124999 0.5230746703125 0.8719828609375 0.524043825 0.8694050734375001 0.5173597515624999 0.8615217640624999
0 0.5214531015625 0.8707525734375 0.519900240625 0.8729359828125001 0.5238584890625 0.8773613203125 0.5253468046875 0.8754036812500001 0.5214531015625 0.8707525734375
0 0.5525243140625 0.8960556593750001 0.5506477859375 0.8985591515625 0.5560985046875 0.9046663203125 0.557262690625 0.9026243765625 0.5525243140625 0.8960556593750001
0 0.5502591078125 0.8987006187500001 0.54818846875 0.9014770359375 0.5546101921875 0.9066239578124999 0.555579346875 0.904046171875 0.5502591078125 0.8987006187500001
0 0.5536221046875001 0.8926219468750001 0.5523292828125 0.8955198171875001 0.5586232921875001 0.9023314359375 0.5601761562500001 0.9001480265625 0.5536221046875001 0.8926219468750001
0 0.5631527859375 0.8962327484375001 0.5646406359375 0.8938707234375001 0.5567900703124999 0.88600743125 0.555561334375 0.8882751437499999 0.5631527859375 0.8962327484375001
0 0.551070071875 0.8710980968750001 0.553077084375 0.8693562203124999 0.546198903125 0.8617458375 0.5446460390625 0.8639292484375 0.551070071875 0.8710980968750001
3 0.3836788109375 0.9880541828125 0.3855599578125 0.98959454375 0.3880183484375 0.9858678890625001 0.3859421703125 0.9837916828125 0.3836788109375 0.9880541828125
3 0.406980525 0.9629863609375 0.40581218437500005 0.961388834375 0.40328924375 0.9653412609375 0.40549452031250005 0.9669659265625 0.406980525 0.9629863609375
3 0.40400574375 0.9685191796874999 0.402578284375 0.967015965625 0.3999257859375 0.9710155484375 0.401288696875 0.97274453125 0.40400574375 0.9685191796874999
3 0.400253146875 0.9739305484375 0.3988256859375 0.972427334375 0.39617364843749997 0.9768313015625001 0.3975365609375 0.9785602843750001 0.400253146875 0.9739305484375
3 0.3906169203125 0.991394940625 0.3888653328125 0.9898074234375001 0.38634285468749996 0.9941642328125001 0.3882890125 0.9958832109375001 0.3906169203125 0.991394940625
3 0.3859097890625 1 0.38731801250000003 0.99684345625 0.3860201109375 0.9952930859375 0.383433084375 0.99987566875 0.383532015625 1 0.3859097890625 1
3 0.392734559375 0.973026109375 0.3949412203125 0.9758639312499999 0.3970086265625 0.9702568171875001 0.3956457140625 0.96852783125 0.392734559375 0.973026109375
3 0.379279340625 0.9945100984374999 0.3806427125 0.99664346875 0.3833588375 0.991609346875 0.381931378125 0.9901061328124999 0.379279340625 0.9945100984374999
3 0.378077490625 1 0.37934850625 0.99832818125 0.377855575 0.9962419671875 0.375507103125 1 0.378077490625 1
3 0.5861851687499999 0.57856855625 0.5878731312500001 0.581190615625 0.590977934375 0.576015025 0.589550475 0.5745118109375 0.5861851687499999 0.57856855625
3 0.7315305421875 0.6783860828125 0.7334734671875001 0.6772743625000001 0.7304848328125 0.670675621875 0.7285419078125 0.671787340625 0.7315305421875 0.6783860828125
0 0.95142723125 0.45857702656250005 0.9494806109375 0.4564536640625 0.9448865718749999 0.462778121875 0.9477410296875 0.46538016562499995 0.95142723125 0.45857702656250005
3 0.9049033312500001 0.6351066640624999 0.9048355499999999 0.6325017390625 0.8996494890625 0.6311528828124999 0.89978228125 0.6339364234375 0.9049033312500001 0.6351066640624999
3 0.8914245609375 0.635967003125 0.8906499765625 0.6386762484374999 0.8948636515624999 0.63977219375 0.8955086765625 0.637110103125 0.8914245609375 0.635967003125
3 0.9013462265625 0.6414582625 0.901992175 0.63960494375 0.8970633859375001 0.636544234375 0.89687205 0.6392434734375 0.9013462265625 0.6414582625
3 0.8992746671875 0.6434259109375 0.8999851640625 0.6413468203125 0.8954459734375 0.638953415625 0.8949305093750001 0.64156835 0.8992746671875 0.6434259109375
3 0.8978522859375 0.6463709343749999 0.8982386531250001 0.644207540625 0.893699928125 0.6422185218750001 0.8935090515624999 0.6453221453125 0.8978522859375 0.6463709343749999
3 0.8977328874999999 0.6553145671875 0.8952694156250001 0.654592984375 0.8943030328124999 0.6595970828125 0.8963787484375001 0.6612689046875 0.8977328874999999 0.6553145671875
3 0.9027940062500001 0.66075443125 0.9001359640625 0.6599013890625 0.9002069796875001 0.6653370140625 0.9026713734375 0.66686736875 0.9027940062500001 0.66075443125
3 0.9561212250000001 0.6532792374999999 0.9542391546875001 0.6509301046875 0.9509407062499999 0.65678300625 0.9534705734375001 0.6588963609375 0.9561212250000001 0.6532792374999999
3 0.9053898078125 0.6638551734375 0.9035736703125 0.662493425 0.9023477062499999 0.66718745 0.90487665 0.6684920328125 0.9053898078125 0.6638551734375
3 0.9081147078124999 0.666504371875 0.9061044609375 0.66541555 0.9052680984375 0.6707768796875 0.907472453125 0.6715927734375 0.9081147078124999 0.666504371875
3 0.9103204453125 0.668533421875 0.9083756718749999 0.6680276015625 0.9076047812500001 0.6739719296875 0.9101978125000001 0.6746463578124999 0.9103204453125 0.668533421875
3 0.9132399124999999 0.671314078125 0.9109700890625 0.669915184375 0.9103282953124999 0.6754079734375 0.9122739921875 0.6767225625 0.9132399124999999 0.671314078125
3 0.9155765953125 0.67450913125 0.9135672749999999 0.67422908125 0.9127945375 0.6785558671875 0.914934803125 0.68000191875 0.9155765953125 0.67450913125
3 0.9184319765625 0.67791994375 0.9166163015625 0.6769625828125 0.915261240625 0.6821081484375 0.917531528125 0.6839114296875 0.9184319765625 0.67791994375
3 0.893321871875 0.6516608515625 0.8932550140625001 0.6498646953125 0.889430478125 0.64903166875 0.889498259375 0.6516365953125 0.893321871875 0.6516608515625
3 0.8975323140624999 0.6499260984374999 0.897270425 0.6475941 0.8915647421875 0.645220709375 0.892086671875 0.64826716875 0.8975323140624999 0.6499260984374999
3 0.9038055437500001 0.6385403796875 0.9041914500000001 0.6359725984375 0.8990040031250001 0.6334105875 0.8982303421875001 0.6369286046875 0.9038055437500001 0.6385403796875
3 0.9052897 0.632943271875 0.9061943046875 0.6305912546875 0.9015260203125001 0.6286493906249999 0.9013346828125 0.6313486296875 0.9052897 0.632943271875
3 0.9479368312500001 0.63683955 0.946250715625 0.63583503125 0.9433386359375 0.6395245390625 0.9451556968749999 0.64169505625 0.9479368312500001 0.63683955
3 0.89906578125 0.6307585046875 0.8999058375000001 0.628632259375 0.8952375515625001 0.6266903953125 0.8945929874999999 0.629756871875 0.89906578125 0.6307585046875
0 0.9996545937500001 0.6954878046874999 0.997059715625 0.693195834375 0.9944726890625001 0.697778415625 0.9965493296875 0.7002590078125001 0.9996545937500001 0.6954878046874999
0 0.9972529 0.6921141375000001 0.9948521296875 0.6895492421875 0.9894148015625 0.6951692484375 0.9909736671875 0.6982428484375001 0.9972529 0.6921141375000001
0 0.9928414234374999 0.6880560359375 0.990700234375 0.6858012140625 0.987207215625 0.6915226578125 0.9886356 0.693834640625 0.9928414234374999 0.6880560359375
0 0.99082933125 0.6853496734375 0.9886872171875 0.68228608125 0.9837699734375001 0.68933500625 0.9857179781250001 0.692671525 0.99082933125 0.6853496734375
0 0.9849908562499999 0.6801927421875 0.9834965390624999 0.676893371875 0.9785147453124999 0.68416806875 0.9807209453124999 0.6866015046875 0.9849908562499999 0.6801927421875
3 0.9190700749999999 0.6691920734375 0.92004569375 0.67227568125 0.9250971171875 0.6692234546875 0.9226313359375 0.66647994375 0.9190700749999999 0.6691920734375
3 0.9162792421875 0.6655554890625 0.9172544 0.6682347109375 0.92146391875 0.6656911890625 0.9201000828125 0.6631534343750001 0.9162792421875 0.6655554890625
3 0.9137493765625001 0.663442134375 0.9148540921875 0.6660742015625 0.9186744718750001 0.6632677609375001 0.9172460875 0.6609557765625 0.9137493765625001 0.663442134375
3 0.91089445625 0.6604357078125 0.9116100328125001 0.66280485625 0.9149785703125 0.6615788078125 0.9144575640625 0.65934111875 0.91089445625 0.6604357078125
3 0.908817353125 0.6575507296875001 0.9095333906249999 0.6603242640625 0.91335469375 0.6583265921875 0.9128336875 0.6560889046875 0.908817353125 0.6575507296875001
3 0.90602790625 0.6551273015625 0.907133084375 0.658163753125 0.9117317406250001 0.6558831484375001 0.910237425 0.6525837796875 0.90602790625 0.6551273015625
3 0.8977084109375 0.6338821453125 0.89802930625 0.63113575 0.8928441703125 0.630595665625 0.8930415109375 0.6331534359375001 0.8977084109375 0.6338821453125
3 0.9051786140625 0.649165840625 0.9030401937500001 0.64933733125 0.90486095 0.65474293125 0.9068043359375 0.654035596875 0.9051786140625 0.649165840625
3 0.9067291671875 0.6449605046875 0.9047216921875 0.646297996875 0.9071252328125 0.6512892031249999 0.9087444921875001 0.6504975640625 0.9067291671875 0.6449605046875
3 0.89226369375 0.6330319859375 0.8916832171875001 0.6354683062500001 0.8964806015625 0.636958628125 0.8969324421874999 0.635378234375 0.89226369375 0.6330319859375
3 0.941646515625 0.6332630124999999 0.9404136265625 0.6318912578125 0.9377588171875001 0.6338689125 0.9394463203125 0.636086584375 0.941646515625 0.6332630124999999
3 0.9792870203125 0.6794368953125 0.9768876359374999 0.67808515625 0.9741055765625 0.6821318921875 0.977024121875 0.6841037812499999 0.9792870203125 0.6794368953125
0 0.9672135421875 0.66238995 0.9653310093749999 0.6596364328125001 0.9606074109374999 0.6660080453125 0.962619040625 0.6683100234375 0.9672135421875 0.66238995
3 0.8717618406250001 0.5561446625 0.8700088656249999 0.5533439875 0.8669690749999999 0.55869819375 0.8687865968749999 0.561273096875 0.8717618406250001 0.5561446625
3 0.8607192953125 0.533867846875 0.8592314421875 0.536229871875 0.8628010156249999 0.540796678125 0.8639647390625 0.5383503515625 0.8607192953125 0.533867846875
3 0.8519747437499999 0.537657434375 0.8498330921875 0.534998228125 0.8458850015625 0.539469365625 0.8473783953125 0.541959965625 0.8519747437499999 0.537657434375
3 0.8168078718749999 0.5011016125000001 0.8148621734375 0.4997870203125 0.8123396953125 0.5041438312500001 0.8140262734375 0.5055527343749999 0.8168078718749999 0.5011016125000001
3 0.83592454375 0.5000097359375 0.837806153125 0.501954484375 0.8398090093749999 0.49657314062499996 0.8385120328125 0.4958315390625 0.83592454375 0.5000097359375
3 0.8314475937499999 0.495368634375 0.8327459578124999 0.497323390625 0.8361098765625 0.4920534890625 0.8347474265624999 0.4907288890625 0.8314475937499999 0.495368634375
3 0.8332549578125 0.4890470609375 0.8316974765625 0.4871866171875 0.828462653125 0.49200497656250003 0.8307979515625 0.49398687187499996 0.8332549578125 0.4890470609375
0 0.97009904375 0.748925528125 0.9684797843749999 0.7497171671875 0.97185525 0.7545569015625 0.9731485328125 0.7520634171875 0.97009904375 0.748925528125
0 0.98883996875 0.7592979109375 0.9870284515625001 0.7619800171875 0.9939057078125 0.7687816296875 0.9948098515625 0.766025228125 0.98883996875 0.7592979109375
0 0.9235564671875001 0.79560031875 0.9211547734375 0.792226653125 0.9156547421875001 0.799689971875 0.9182505453124999 0.8027907109375001 0.9235564671875001 0.79560031875
0 0.775016703125 0.622507625 0.7776125031250001 0.6256083671875 0.7811668390625 0.6168304546875001 0.7790915828125 0.61556301875 0.775016703125 0.622507625
0 0.8438678296875001 0.532314765625 0.8422458 0.530680090625 0.8386868484375001 0.5354141484375 0.8406989390625 0.5381205109375 0.8438678296875001 0.532314765625
0 0.8545710062499999 0.541162559375 0.8523007203124999 0.5393592796875 0.847576196875 0.544922121875 0.8503015578124999 0.54797570625 0.8545710062499999 0.541162559375
0 0.8383493265625 0.5236026687499999 0.8367268343750001 0.5215636109374999 0.83265149375 0.5281038312499999 0.8343394578125001 0.5307258906250001 0.8383493265625 0.5236026687499999
0 0.8336151062500001 0.5206734203125001 0.8320567015625 0.51800420625 0.8284350484375 0.524581575 0.8302516484375 0.5263477062499999 0.8336151062500001 0.5206734203125001
3 0.8595648078125 0.5444018828125 0.858071875 0.5423156687499999 0.8549666109375 0.547086871875 0.856978240625 0.5493888484375 0.8595648078125 0.5444018828125
3 0.8731994593750001 0.5665443531250001 0.8748869609375 0.568762028125 0.877863128125 0.5644423640625 0.8763706578124999 0.562760534375 0.8731994593750001 0.5665443531250001
3 0.8854951124999999 0.551146159375 0.88387354375 0.549915871875 0.8807682796874999 0.5546870765625 0.8826503515624999 0.557036209375 0.8854951124999999 0.551146159375
3 0.8645037562500001 0.55635906875 0.866190796875 0.55817235625 0.8687782859375 0.553994159375 0.866118859375 0.5519279609375001 0.8645037562500001 0.55635906875
3 0.85730375625 0.550686309375 0.858731215625 0.552189521875 0.8621610703125 0.5479070078125 0.8595671156250001 0.546423809375 0.85730375625 0.550686309375
3 0.860679221875 0.555526040625 0.8589271703125 0.5535341390624999 0.8562105843750001 0.558163875 0.8586759031250001 0.560503 0.860679221875 0.555526040625
3 0.8872121703125 0.5792444953125 0.8856542265625 0.5769796656249999 0.8822248343749999 0.5816665671875 0.8830049609374999 0.5838099453125001 0.8872121703125 0.5792444953125
3 0.8908476750000001 0.5847986875 0.88883650625 0.5829010953125 0.8857312437499999 0.5876723 0.887353734375 0.5897113578125001 0.8908476750000001 0.5847986875
3 0.8929870187500001 0.585435965625 0.8911708812500001 0.5840742203125 0.889102553125 0.5888725640625 0.8910487109374999 0.590591540625 0.8929870187500001 0.585435965625
3 0.8936311187499999 0.58196510625 0.8921428062500001 0.5839227453125 0.8956473687500001 0.5883109359375001 0.8970061234375001 0.586400453125 0.8936311187499999 0.58196510625
3 0.89551965625 0.5899756328125 0.8937030578125 0.5882095015625 0.8900790953125 0.5927649421875001 0.8914424671875001 0.5948983125 0.89551965625 0.5899756328125
3 0.9002897937500001 0.567607221875 0.898278625 0.565709628125 0.8956925218749999 0.5711009828125 0.8982869375 0.572988565625 0.9002897937500001 0.567607221875
3 0.8991209906250001 0.565605309375 0.901068071875 0.5681330578125 0.9037191859375 0.5629203203124999 0.9016430078125 0.5608441140625 0.8991209906250001 0.565605309375
3 0.9129335875000001 0.5733213671875 0.9111815375000001 0.5713294656250001 0.9082058328124999 0.5760535140624999 0.909957884375 0.5780454171875 0.9129335875000001 0.5733213671875
3 0.88069634375 0.54844268125 0.8789442921875 0.546450778125 0.8771996312500001 0.550929040625 0.8782384125 0.552573721875 0.88069634375 0.54844268125
3 0.8884062687500001 0.54664788125 0.886718765625 0.544430209375 0.8846499765625 0.5488241671874999 0.8860778984375 0.5507317656249999 0.8884062687500001 0.54664788125
0 0.9764242515625 0.6695559171875 0.9748017593749999 0.6675168578124999 0.9698190421874999 0.6739827828125 0.9718956828125 0.6764633734375 0.9764242515625 0.6695559171875
0 0.96448864375 0.6597407515625 0.962607034375 0.6577960046875 0.9578825125 0.663358846875 0.9595704765624999 0.66598090625 0.96448864375 0.6597407515625
3 0.6391422859375 0.644249959375 0.6373897734375 0.6418536718750001 0.634089940625 0.6464934171875 0.6368793875 0.6489168453125 0.6391422859375 0.644249959375
3 0.9529625453125 0.4410269734375 0.9549746375 0.4437333359375 0.957366171875 0.438210525 0.9550958859374999 0.43640724531249997 0.9529625453125 0.4410269734375
3 0.9308936171875001 0.4106268328125 0.9288174375 0.40855062656249996 0.92493481875 0.41360476406249996 0.927529696875 0.41589673281249995 0.9308936171875001 0.4106268328125
3 0.9209360343749999 0.43043323281249996 0.92275355625 0.4330081359375 0.9262465734375 0.42728669531249996 0.924041296875 0.425662028125 0.9209360343749999 0.43043323281249996
3 0.9175605687499999 0.4255935015625 0.9156794203124999 0.4240531390625 0.9123786640624999 0.42788411249999997 0.9143907546875001 0.430590475 0.9175605687499999 0.4255935015625
3 0.92514324375 0.42586778281250004 0.926567009375 0.42413591562499997 0.9222832421874999 0.4184131171875 0.9206649078125 0.420013525 0.92514324375 0.42586778281250004
3 0.920795853125 0.42117952656249996 0.9185251031250001 0.41897185937500003 0.9158721421875 0.42256705625 0.9181428921875 0.424774721875 0.920795853125 0.42117952656249996
3 0.91657940625 0.41765726875000003 0.91437413125 0.416032603125 0.9122407906250001 0.4206523328125 0.914512003125 0.423264384375 0.91657940625 0.41765726875000003
3 0.9140583156250001 0.4232272359375 0.9125008328125 0.42136679218750006 0.908876871875 0.4259222328125 0.910628921875 0.4279141375 0.9140583156250001 0.4232272359375
3 0.911842878125 0.41270609374999995 0.9098303234375 0.4095953453125 0.9077629203124999 0.415202459375 0.9102282374999999 0.417541584375 0.911842878125 0.41270609374999995
3 0.909449959375 0.4170157484375 0.9076983703125 0.41542823125000006 0.904268978125 0.42011513125000005 0.9064097046875 0.42196556718749995 0.909449959375 0.4170157484375
3 0.907625509375 0.4083750640625 0.9050961046875001 0.4066660953125 0.9032873546875001 0.4117745140625 0.9052330515625 0.41308910625 0.907625509375 0.4083750640625
3 0.9030189999999999 0.40378111875 0.9013324218750001 0.402372215625 0.898680384375 0.40677618281249994 0.9006260828125001 0.4080907734375 0.9030189999999999 0.40378111875
3 0.9012752624999999 0.4090681515625 0.8991345359375 0.40721771562500003 0.895833778125 0.41104869062500005 0.898039978125 0.4134821265625 0.9012752624999999 0.4090681515625
3 0.898288475 0.4040869515625 0.8969255640625 0.4023579671875 0.8938848500000001 0.40690340156250004 0.8959601046874999 0.4081708375 0.898288475 0.4040869515625
3 0.902430675 0.3993428875 0.9009372796875 0.39685228906250003 0.897637446875 0.40149203437500003 0.8992604 0.403935478125 0.902430675 0.3993428875
3 0.896665521875 0.40164350937500004 0.8952376 0.3997359078125 0.8921309515625 0.4032939578125 0.8934943234375 0.40542732656249997 0.896665521875 0.40164350937500004
3 0.946995434375 0.43672596874999997 0.94485609375 0.43608868906250003 0.94440979375 0.44252170625 0.94765061875 0.44296035624999996 0.946995434375 0.43672596874999997
3 0.9768577703125001 0.481685340625 0.975240359375 0.4840945203125 0.9798473296875001 0.48909285156250004 0.9815292890625 0.4864579015625 0.9768577703125001 0.481685340625
3 0.9038461281249999 0.3903320828125 0.9049499203125 0.3921553796875 0.9086388921875 0.387778553125 0.9068873046875 0.386191034375 0.9038461281249999 0.3903320828125
0 0.928908771875 0.4317792046875 0.9265089234375001 0.43002308125 0.922820875 0.43520867812499997 0.92476888125 0.4385451953125 0.928908771875 0.4317792046875
0 0.9438767796875001 0.42976999843749997 0.9461493750000001 0.43359520625 0.9519080625 0.425633190625 0.9493122609375 0.42253245 0.9438767796875001 0.42976999843749997
0 0.930210828125 0.43696904375 0.9281346484374999 0.43489283749999996 0.9228918890625 0.4406443015625 0.9255527015625 0.4439236578125 0.930210828125 0.43696904375
0 0.9387073421875 0.442979015625 0.93656523125 0.43991542499999997 0.930158746875 0.4481132171875 0.9323654093749999 0.45095103906249995 0.9387073421875 0.442979015625
3 0.9539594078125001 0.4627123078125 0.952336915625 0.46067324843749996 0.9483902109375 0.46635754374999994 0.9500131640625 0.4688009875 0.9539594078125001 0.4627123078125
3 0.9789247156249999 0.47567383906250005 0.9781505921875 0.47878747187500004 0.9836663250000001 0.4850732546875 0.9847641125000001 0.481639540625 0.9789247156249999 0.47567383906250005
3 0.9901752234375 0.5098092875 0.9913394078125 0.5077673453125 0.98757665 0.5042822359375 0.9868666140625001 0.5067657125 0.9901752234375 0.5098092875
3 1 0.5099821343750001 0.9987288984375 0.5091233265625 0.9962059578125 0.5130757515625 0.9976998140625 0.5159707375 1 0.5126492796875 1 0.5099821343750001
3 0.9093521609374999 0.3881257734375 0.91090871875 0.389177446875 0.9129775078125 0.38478348906250004 0.91122638125 0.38360035625 0.9093521609374999 0.3881257734375
3 0.9020276812500001 0.3869484109375 0.9031969453125 0.38935470625 0.9065622531249999 0.3852979609375 0.9049397593749999 0.3832589015625 0.9020276812500001 0.3869484109375
0 0.9621519609375 0.6565457015625 0.9603994484375 0.6541494109375 0.95625725 0.658893478125 0.9583338921875001 0.66137406875 0.9621519609375 0.6565457015625
0 0.871547565625 0.368509865625 0.87362466875 0.371394840625 0.8766644593749999 0.3660406375 0.875430646875 0.3638601125 0.871547565625 0.368509865625
0 0.9269798515625001 0.27490771718749996 0.9293156109374999 0.2772939984375 0.9335869078125001 0.2720983921875 0.9312502234375 0.268903340625 0.9269798515625001 0.27490771718749996
0 0.9097107187500001 0.3048595421875 0.9124370015625001 0.30872189687499996 0.9163813984375 0.3010156765625 0.914434778125 0.2988923140625 0.9097107187500001 0.3048595421875
0 0.9371508390625 0.7257215484375 0.939551609375 0.72828644375 0.9425277765625 0.7239667796875 0.9405166078124999 0.7220691875 0.9371508390625 0.7257215484375
0 0.9902903140625 0.66734095625 0.9924324265625 0.6704045468750001 0.99812471875 0.6610507625 0.9953352703125 0.658627334375 0.9902903140625 0.66734095625
0 1 0.6677017703125 0.9974229953125 0.6708131734375 1 0.6735980765625 1 0.6677017703125
0 0.9612191859375001 0.6342302109375 0.9627766671875 0.6360906546875 0.965233671875 0.63115084375 0.9634816234375 0.629158940625 0.9612191859375001 0.6342302109375
0 0.964398234375 0.63732094375 0.9667339937499999 0.6397072234375 0.9707438625 0.6325840031250001 0.9685385859375 0.6309593375 0.964398234375 0.63732094375
0 0.8826080187500001 0.3497179890625 0.8846196484375 0.352019965625 0.8881131281249999 0.346702909375 0.8867511421875 0.3457826953125 0.8826080187500001 0.3497179890625
3 0.79499215625 0.011441176562499999 0.7954495374999999 0.01471340625 0.800696453125 0.012601409375 0.7996562843749999 0.009743571874999999 0.79499215625 0.011441176562499999
3 0.903272115625 0.3984297984375 0.9043712906250001 0.396209240625 0.9012558671875001 0.39208396875 0.900026671875 0.3939472953125 0.903272115625 0.3984297984375
3 0.8101243578125 0.0397137140625 0.8077909078125 0.0393493609375 0.807476015625 0.047352764062500004 0.81013359375 0.047801421875 0.8101243578125 0.0397137140625
3 0.8976964546874999 0.3964136390625 0.8993166359375 0.39643077031249996 0.8990492046874999 0.38924614687500003 0.8967162171874999 0.38928617656250003 0.8976964546874999 0.3964136390625
3 0.8954284749999999 0.3966322859375 0.8936118765625001 0.394866153125 0.8905702375000001 0.398602815625 0.8923877609374999 0.40117771874999997 0.8954284749999999 0.3966322859375
3 0.8922582015625 0.40122487500000004 0.8901815609374999 0.39874428281249996 0.8877886421875001 0.4030539390625 0.8894106703125001 0.40468861250000004 0.8922582015625 0.40122487500000004
3 0.8682017578125001 0.4463905125 0.8669734874999999 0.44906261093750005 0.8709958234374999 0.45285779374999996 0.8718354203124999 0.4503271625 0.8682017578125001 0.4463905125
3 0.92100211875 0.26130585 0.9220413640625 0.2633549171875 0.924692478125 0.258142178125 0.9232000078124999 0.25646035 0.92100211875 0.26130585
3 0.9169899406249999 0.26640714375 0.9184828734374999 0.2684933578125 0.9206157515625 0.26346924375 0.9190596546875 0.26282195625 0.9169899406249999 0.26640714375
3 0.905346703125 0.2856134125 0.906904646875 0.2878782421875 0.9089720515625 0.28227112656250003 0.9072209234375 0.28108799375000004 0.905346703125 0.2856134125
3 0.9014659328124999 0.29228509375 0.9032829921875001 0.2944556109375 0.9054794953125 0.2883969546875 0.9039879484375 0.2875238953125 0.9014659328124999 0.29228509375
3 0.8914396437500001 0.3086777953125 0.8933853390625 0.3099923875 0.8966201625 0.305174028125 0.894738553125 0.3032292796875 0.8914396437500001 0.3086777953125
3 0.89784289375 0.2976493046875 0.8993358265625 0.2997355203125 0.9021810468749999 0.2942498546875 0.9010127062500001 0.2926523296875 0.89784289375 0.2976493046875
3 0.8891108109375001 0.3123572953125 0.8904751078125 0.3152994359375 0.893321253125 0.3106225421875 0.8914396437500001 0.3086777953125 0.8891108109375001 0.3123572953125
3 0.882189325 0.32357440937500004 0.8838768265624999 0.3257920828125 0.8862692828125001 0.321078040625 0.884777275 0.31980059843749997 0.882189325 0.32357440937500004
3 0.8860073937499999 0.3187460421875 0.887564875 0.320606484375 0.8896982140624999 0.31598675625 0.88820574375 0.31430492656250003 0.8860073937499999 0.3187460421875
3 0.8708070515624999 0.3443039078125 0.87230136875 0.34760327812499997 0.8757289140625 0.3412988359375 0.8735886484375 0.3398527859375 0.8708070515624999 0.3443039078125
3 0.7839553078125 0.3346509078125 0.782269190625 0.333646390625 0.779163465625 0.3380132109375 0.7813692046875 0.3400422609375 0.7839553078125 0.3346509078125
0 0.8009167843749999 0.48928742031250005 0.799100646875 0.4879256734375 0.795282115625 0.49234965624999993 0.79735829375 0.4944258625 0.8009167843749999 0.48928742031250005
0 0.8262131484375 0.5083990359375 0.8273123218749999 0.506178478125 0.821602021875 0.4997612375 0.8201146296875 0.502527646875 0.8262131484375 0.5083990359375
0 0.8078493546875001 0.4877755546875 0.807910671875 0.4847190875 0.8016816718750001 0.47808608125 0.80012973125 0.48107826249999996 0.8078493546875001 0.4877755546875
0 0.5816333046875 0.4515773109375 0.5792980078125 0.449595415625 0.573020621875 0.45734166875 0.5756159624999999 0.4600380234375 0.5816333046875 0.4515773109375
0 0.6491321953125 0.652750534375 0.64744469375 0.6505328593749999 0.6442094093749999 0.6549468328125 0.6462860484374999 0.6574274250000001 0.6491321953125 0.652750534375
0 0.6080913906250001 0.6367398265624999 0.6091905671875 0.6345192703125 0.60471315625 0.6294737828125 0.603355325 0.6321930359375 0.6080913906250001 0.6367398265624999
0 0.5996050359375 0.63962633125 0.6005746515625 0.6374529296875 0.595188940625 0.6315243765624999 0.5940252171875 0.6339707031249999 0.5996050359375 0.63962633125
0 0.7169740953125 0.586793653125 0.7191798328125001 0.588822703125 0.7217663984375 0.583835734375 0.7199497984375001 0.582069603125 0.7169740953125 0.586793653125
0 0.74205095 0.5839370015625 0.7440635046875 0.58704775 0.7474246546875001 0.5793515359375 0.745219378125 0.5777268703125 0.74205095 0.5839370015625
0 0.7743355546874999 0.5367879421875 0.7723290046875 0.538934203125 0.7777788 0.5442326015625001 0.7787474921875 0.5412504296875 0.7743355546874999 0.5367879421875
0 0.7347569484375 0.6094490687499999 0.736056234375 0.6122125953124999 0.7399383921875 0.6067540703125001 0.7381863421875 0.6047621671875001 0.7347569484375 0.6094490687499999
0 0.7335784484375 0.598955065625 0.7313076984375 0.5967474 0.726972778125 0.6029775468749999 0.7300222671875 0.606115434375 0.7335784484375 0.598955065625
0 0.7901332046875 0.6370310640625 0.7925348984375 0.6404047296875001 0.7975798546874999 0.63169110625 0.794920890625 0.63002929375 0.7901332046875 0.6370310640625
0 0.819393359375 0.66542064375 0.8217291187500001 0.6678069234375 0.8247675250000001 0.6612395625 0.8235341734375 0.6594634234375001 0.819393359375 0.66542064375
0 0.82575191875 0.6720064921875 0.8280881390625 0.6747971578125 0.8313206546874999 0.667956871875 0.8296336125 0.6661435828125 0.82575191875 0.6720064921875
0 0.8306834796875 0.6774935125 0.8325019250000001 0.6808771874999999 0.8371614375 0.675135728125 0.8346306468750001 0.672213603125 0.8306834796875 0.6774935125
0 0.8339925484374999 0.6809414734375 0.83587508125 0.6836949921875 0.840210003125 0.6774648453125 0.8383279312499999 0.6751157125 0.8339925484374999 0.6809414734375
0 0.8422963421875 0.6884375296874999 0.84372565 0.6915582859375 0.8487738390624999 0.685675359375 0.8470217874999999 0.6836834578125 0.8422963421875 0.6884375296874999
0 0.808386834375 0.6746858859375 0.8062451828125001 0.6720266796875001 0.8023639499999999 0.6782939734375 0.8048942796875 0.6808117124999999 0.808386834375 0.6746858859375
3 0.5340543078125 0.7824235500000001 0.53191311875 0.7801687296875001 0.5295206609374999 0.78488276875 0.5317268609375 0.78731620625 0.5340543078125 0.7824235500000001
3 0.4974796796875 0.9318678531250001 0.49605268281250003 0.9307690234375 0.4941770765625 0.9340812859375 0.49566908437499996 0.9353587296875 0.4974796796875 0.9318678531250001
3 0.5007873640625 0.9341026593749999 0.49935898125 0.9317906718750001 0.49618916874999996 0.9367876484375 0.49781165937500005 0.9388267062500001 0.5007873640625 0.9341026593749999
3 0.49722979843750004 0.9400498703125001 0.4953481875 0.9381051218750001 0.4926961515625 0.9425090890625001 0.4945132109375 0.9446796093750001 0.49722979843750004 0.9400498703125001
3 0.40337036406250004 0.6958791578125 0.40557656406250003 0.69831259375 0.4090045703125 0.6924125375 0.40686338125 0.6901577156250001 0.40337036406250004 0.6958791578125
0 0.3581736109375 0.7293206734375001 0.356550196875 0.7264728453125 0.3494940703125 0.7332888750000001 0.3517662046875 0.736709696875 0.3581736109375 0.7293206734375001
0 0.3805047875 0.705617484375 0.378822365625 0.7078480484375 0.386024675 0.7155427359375001 0.3875775375 0.7133593265625 0.3805047875 0.705617484375
0 0.3658212953125 0.7297735703125 0.3646589578125 0.73343305625 0.371213009375 0.7409591343749999 0.37295905625 0.737694028125 0.3658212953125 0.7297735703125
3 0.3434190015625 0.6912014203125 0.3413446703125 0.6907427546875 0.3405106171875 0.6981260093749999 0.34336276718750003 0.698706125 0.3434190015625 0.6912014203125
3 0.236739578125 0.9112694859375001 0.23777512656250002 0.910083471875 0.2347883390625 0.9051022718749999 0.2334300453125 0.907417140625 0.236739578125 0.9112694859375001
3 0.218628540625 0.9417300171875 0.2196622421875 0.938926459375 0.21563852031250003 0.9339181203125 0.21402110937500002 0.9363273 0.218628540625 0.9417300171875
0 0.3046452046875 0.9011177828125 0.302443621875 0.9027282015625 0.3071146796875 0.9070963765625001 0.3081493046875 0.9051015890624999 0.3046452046875 0.9011177828125
0 0.272183371875 0.8498225906249999 0.2740686765625 0.8550024203125 0.28488478906250003 0.8492451875 0.28319451562500003 0.8446012015625 0.272183371875 0.8498225906249999
0 0.27849493125 0.8720008531250001 0.27511992812499997 0.8675655046875 0.2667751359375 0.8809188734375001 0.27053835625 0.8848083687500001 0.27849493125 0.8720008531250001
0 0.8126696750000001 0.6795999140625 0.8099461625 0.6781638703125 0.807359596875 0.6831508375 0.8095007875 0.6854056578125001 0.8126696750000001 0.6795999140625
0 0.80067090625 0.6712236765624999 0.7985292546875 0.66856446875 0.7950343890625 0.6726683703125 0.79756471875 0.675186109375 0.80067090625 0.6712236765624999
0 0.8215967359375 0.38163356249999997 0.8188086734375 0.3804232890625 0.816747271875 0.3912874140625 0.8201831296875 0.392261909375 0.8215967359375 0.38163356249999997
3 0.82939050625 0.85050615 0.8274443484375 0.8487871734375 0.8249218687500001 0.853143984375 0.8268684890625 0.8552673453124999 0.82939050625 0.85050615
3 0.8756338921875001 0.8255838656250001 0.8767344515625 0.8245764640625 0.872450225 0.81844928125 0.8707037171875 0.8213100000000001 0.8756338921875001 0.8255838656250001
3 0.7951950953125 0.8133944671875 0.7932489359375 0.811675490625 0.7906614484375 0.8158536859375 0.792543059375 0.817798434375 0.7951950953125 0.8133944671875
3 0.7746157625000001 0.725410125 0.7759095078125 0.7233210265625 0.7714325578125 0.718679925 0.7703983953125 0.7210790968749999 0.7746157625000001 0.725410125
3 0.8291555531249999 0.70151373125 0.8279217390625 0.6993332046875 0.824102746875 0.7033528015625 0.8259198062499999 0.7055233203125 0.8291555531249999 0.70151373125
3 0.82123720625 0.6910455109375 0.8194206062499999 0.689279378125 0.8159912140625 0.693966278125 0.8180678531250001 0.6964468703125 0.82123720625 0.6910455109375
3 0.7752998359375 0.6434413515624999 0.7733536765625 0.6417223765625 0.770442521875 0.646220653125 0.7724546125 0.648927015625 0.7752998359375 0.6434413515624999
3 0.7988962265625 0.649416890625 0.800648740625 0.6518131781250001 0.8040117359375 0.64573450625 0.802455178125 0.6446828328125 0.7988962265625 0.649416890625
3 0.7970298578125 0.660816859375 0.794111775 0.6592493562499999 0.7926257703124999 0.6632289234375001 0.7943773578125 0.664816440625 0.7970298578125 0.660816859375
3 0.794047225 0.659475128125 0.7917769375 0.6576718484375 0.789772696875 0.6618400359375001 0.7912656296875 0.66392625 0.794047225 0.659475128125
3 0.773649175 0.6167347875 0.775725815625 0.6192153796875 0.7778586921875 0.6141912640625 0.77643169375 0.6130924359375001 0.773649175 0.6167347875
3 0.7710105281249999 0.6328659296875 0.769453046875 0.6310054859374999 0.7667369234375 0.6360396078125 0.7686830812500001 0.637758584375 0.7710105281249999 0.6328659296875
3 0.723135775 0.5912261156249999 0.721448734375 0.5894128265624999 0.7185375781250001 0.59391110625 0.71951135 0.5953771718749999 0.723135775 0.5912261156249999
3 0.7308954703125 0.5762652140625 0.7295357921875001 0.577366928125 0.733235846875 0.5826953484375 0.7339463453125 0.5806162578125 0.7308954703125 0.5762652140625
3 0.725657790625 0.5864649187500001 0.723517525 0.5850188671875001 0.7216419187499999 0.58833113125 0.723005290625 0.5904645000000001 0.725657790625 0.5864649187500001
3 0.72495145 0.592183478125 0.7234589796875001 0.5905016484375001 0.7213251781250001 0.5947169921875 0.7227531 0.5966245906250001 0.72495145 0.592183478125
3 0.8356236609375 0.8607786234375 0.833872534375 0.8595954906250001 0.8310263890625 0.864272384375 0.8323252140624999 0.8666315234375 0.8356236609375 0.8607786234375
3 0.8463314562500001 0.8736702718749999 0.844449846875 0.8717255234374999 0.8414727578125 0.8752364171875 0.843355290625 0.877989934375 0.8463314562500001 0.8736702718749999
0 0.6735669 0.7118220015625 0.6710374953125 0.7101130328124999 0.6681263390625001 0.7146113125 0.670072496875 0.7163302875 0.6735669 0.7118220015625
3 0.8462581328125 0.8662127203125 0.8447652031249999 0.8641265062500001 0.8420476921875 0.8679474718750001 0.8437992812499999 0.869534990625 0.8462581328125 0.8662127203125
0 0.6962563796875 0.7181276296875 0.6982039234374999 0.7210597640625 0.7011787046875 0.71552694375 0.699427115625 0.7139394265625 0.6962563796875 0.7181276296875
0 0.6980757484375 0.7223200750000001 0.69976325 0.7245377484375 0.7042936656250001 0.7192478328125 0.702217025 0.7167672406250001 0.6980757484375 0.7223200750000001
0 0.73709625 0.7851852 0.734502296875 0.7837020031249999 0.731981665625 0.7896763531250001 0.7347061015625 0.79192116875 0.73709625 0.7851852
0 0.7693694125 0.784766225 0.7670986625 0.7825585609375 0.7626323359375 0.7872183203125 0.764904009375 0.7902347578125 0.7693694125 0.784766225
0 0.7709356671875 0.794309990625 0.7724931500000001 0.7961704359375 0.7749496921875 0.7908262374999999 0.7733931359375 0.7897745656249999 0.7709356671875 0.794309990625
0 0.8681826234375001 0.8268799671875 0.8698009578124999 0.825279559375 0.8642856890624999 0.8193981609375 0.8633160734375 0.8215715625 0.8681826234375001 0.8268799671875
0 0.8697991109375 0.8236620171875 0.8708982859375001 0.8214414609375 0.8639564796875 0.8148656203125 0.8627922937499999 0.8169075625 0.8697991109375 0.8236620171875
0 0.8674591953125 0.81763626875 0.8686243046875 0.8164030984374999 0.8639518624999999 0.810821765625 0.8625931078125 0.8127322484375 0.8674591953125 0.81763626875
0 0.8489258734374999 0.8755578546875 0.8506783859375 0.8779541421875001 0.8528108015625 0.8725256421875001 0.8510601359375001 0.871746896875 0.8489258734374999 0.8755578546875
0 0.8188814359375 0.8413854296875 0.8169357390625 0.8400708375000001 0.81421730625 0.843083034375 0.815839796875 0.8451220921875 0.8188814359375 0.8413854296875
0 0.8339292328125 0.85249516875 0.8317880437499999 0.8502403468749999 0.8276463046875 0.8553887984375 0.8292037875 0.8572492421875 0.8339292328125 0.85249516875
0 0.8359417859375 0.8556059171875001 0.8343197578125 0.8539712421875001 0.830694871875 0.8577179140625001 0.832900609375 0.8597469656250001 0.8359417859375 0.8556059171875001
0 0.7386631718750001 0.9088127874999999 0.740739353125 0.9108889937500001 0.74390685625 0.9038700921875 0.7415729437499999 0.9031013531250001 0.7386631718750001 0.9088127874999999
3 0.73180223125 0.74604989375 0.7296610421875 0.7437950718749999 0.7268794453125 0.7482461953125 0.7292797531249999 0.7504067046875 0.73180223125 0.74604989375
3 0.7240185234375 0.7399827578125 0.7221369125 0.7380380093750001 0.719096659375 0.7429878296875 0.7216265265625 0.7451011828125 0.7240185234375 0.7399827578125
3 0.3613001125 0.23240250312500002 0.35909806875 0.23360853593750003 0.361891671875 0.23967143281249997 0.3640937171875 0.2384654 0.3613001125 0.23240250312500002
3 0.3702480078125 0.2364276984375 0.368625515625 0.2343886390625 0.3649356203125 0.2379566953125 0.3666881328125 0.2403529828125 0.3702480078125 0.2364276984375
3 0.5255457328124999 0.48210535312499997 0.5267099171875 0.48006341093750005 0.5228807640625 0.47518653125 0.5211983421874999 0.4774170953125 0.5255457328124999 0.48210535312499997
0 0.8679537765625 0.7399842765625 0.8658780593750001 0.7383124546875 0.8623204937500001 0.7442596671875 0.8642666515625 0.7459786453125 0.8679537765625 0.7399842765625
0 0.8952446843749999 0.7464356125 0.8975163578125 0.7494520484375 0.9015266875 0.7427332125 0.8988677234375 0.7410713999999999 0.8952446843749999 0.7464356125
0 0.8964812703125 0.75104245 0.8989470484375 0.753785959375 0.9025032296875001 0.7466255921875 0.900427975 0.7453581546875 0.8964812703125 0.75104245
0 0.90166594375 0.7511781484375 0.9036780359375 0.7538845109375 0.9069110125 0.747448609375 0.9050289406250001 0.7450994765625001 0.90166594375 0.7511781484375
0 0.9025138515625001 0.7559264531250001 0.90497963125 0.7586699640625 0.9088608656250001 0.7524026703125 0.9063950859375 0.7496591593749999 0.9025138515625001 0.7559264531250001
0 0.8861838546874999 0.7570154453125 0.884560440625 0.754167615625 0.8804182421875 0.7589116796875001 0.8826899140625001 0.7619281171875001 0.8861838546874999 0.7570154453125
0 0.883082746875 0.76542611875 0.885094840625 0.76813248125 0.8882641906250001 0.7627311203125 0.8852156250000001 0.7604020031250001 0.883082746875 0.76542611875
0 0.89234784375 0.7634698359375001 0.890466696875 0.7619294734375 0.8867781859375 0.7667106859375 0.8893080515625 0.768824040625 0.89234784375 0.7634698359375001
0 0.8947509234375 0.7680566578125 0.8934520984375001 0.7656975171875 0.8880152328124999 0.771721909375 0.8903509906249999 0.774108190625 0.8947509234375 0.7680566578125
0 0.89981158125 0.7730921359375 0.897734015625 0.7698027749999999 0.8936591375 0.7767473796875 0.8965131328125 0.7789450375 0.89981158125 0.7730921359375
0 0.9077276203125001 0.7815384296875 0.90604011875 0.77932075625 0.9022229718749999 0.7849578953125 0.9043646234375 0.7876171015625 0.9077276203125001 0.7815384296875
0 0.9140820234374999 0.7844848109375 0.9121344796875 0.781552678125 0.90877148125 0.7876313500000001 0.910718103125 0.7897547125 0.9140820234374999 0.7844848109375
0 0.9095474515624999 0.7861352593750001 0.9077949390625 0.783738971875 0.903718675 0.7894704203125 0.905924875 0.79190385625 0.9095474515624999 0.7861352593750001
0 0.9287272874999999 0.7836044578125 0.9302852312500001 0.7858692875 0.9328713343749999 0.780477934375 0.9306655953125 0.778448884375 0.9287272874999999 0.7836044578125
0 0.9322959375 0.7873624921875 0.9346967078124999 0.7899273890625 0.9370232296875001 0.7842259625 0.9351416218749999 0.7822812156250001 0.9322959375 0.7873624921875
0 0.9515698765625 0.8104865828125 0.954230228125 0.8133615531249999 0.9570081296874999 0.8056753484374999 0.95512698125 0.8041349859375 0.9515698765625 0.8104865828125
0 0.89970593125 0.7373276125 0.8969810328125 0.7346784125 0.893033403125 0.7395539375 0.8951755171875 0.7426175296874999 0.89970593125 0.7373276125
0 0.8674945484375 0.7350945046875 0.8657420359374999 0.7326982171875 0.8614707390625 0.7378938203125001 0.86393698125 0.7410417171875 0.8674945484375 0.7350945046875
0 0.7260391328125 0.8636474921874999 0.7244867328125 0.8662352859375 0.72980743125 0.8719852250000001 0.7309706921875 0.8691345125 0.7260391328125 0.8636474921874999
0 0.8493977234375001 0.7212512624999999 0.8468664703125001 0.7179247515625 0.8429188421875 0.722800275 0.8444772453124999 0.725469490625 0.8493977234375001 0.7212512624999999
0 0.7757039031249999 0.4865298328125 0.774729209375 0.48425499531250005 0.7682517109375 0.4870171640625 0.7690332234375 0.49037369843749995 0.7757039031249999 0.4865298328125
3 0.858389228125 0.36621942343749997 0.8595575703125 0.3678169484375 0.8634406515625 0.3631671953125 0.8615595031250001 0.36162683281249997 0.858389228125 0.36621942343749997
3 0.852567840625 0.3760247484375 0.854320815625 0.37882542343750003 0.8572305859375 0.37311398906250004 0.8549607609375001 0.37171509375 0.852567840625 0.3760247484375
3 0.7790910671875 0.3313644296875 0.781103159375 0.3340707921875 0.784595253125 0.3275405796875 0.781871278125 0.3257001515625 0.7790910671875 0.3313644296875
3 0.7431492515625 0.35395318593749997 0.745356375 0.35719539375 0.748006103125 0.3507695 0.746254053125 0.348777596875 0.7431492515625 0.35395318593749997
3 0.7042996640625 0.2137561484375 0.7026177031249999 0.2163911 0.7085857375 0.22150087499999999 0.709812625 0.2176156203125 0.7042996640625 0.2137561484375
0 0.658285021875 0.2687344078125 0.6605557703125 0.2709420734375 0.6637887453125 0.26450617187500003 0.6621021687499999 0.26309727031249996 0.658285021875 0.2687344078125
0 0.681138590625 0.2484820625 0.6832147703125 0.2505582703125 0.687032378125 0.2453255171875 0.6839838125 0.2429964 0.681138590625 0.2484820625
0 0.7439432796875 0.1412736375 0.742255315625 0.138651578125 0.7376617375000001 0.145380421875 0.7402566171875 0.14767239062499998 0.7439432796875 0.1412736375
0 0.7313958984375 0.1632363078125 0.7282173125 0.1605499625 0.7216181078125 0.1702338375 0.724603046875 0.1735974953125 0.7313958984375 0.1632363078125
3 0.826274821875 0.44890723593750004 0.8249109875 0.44636948125 0.8205078234375 0.44959031562499996 0.821547990625 0.45244815312500003 0.826274821875 0.44890723593750004
3 0.7987478875 0.46276947812499997 0.7962816453125 0.4596215828125 0.7923326296875 0.46328395 0.7937614749999999 0.4660003203125 0.7987478875 0.46276947812499997
3 0.9633708453125 0.8159006640625 0.9613601375 0.8144074578125 0.9586435515625 0.8190371953125 0.9603310531249999 0.82125486875 0.9633708453125 0.8159006640625
0 0.87521509375 0.7426005671875 0.873203925 0.7407029765625001 0.8669929359375 0.749841 0.8690695765625 0.7523215921874999 0.87521509375 0.7426005671875
0 0.852844203125 0.73152661875 0.8553099828124999 0.7342701296875 0.8589966468749999 0.727871375 0.8561431125000001 0.726078103125 0.852844203125 0.73152661875
0 0.93328818125 0.8050039734375 0.9310815203124999 0.8021661531250001 0.9266806640624999 0.8074089125 0.92875730625 0.8098895046875001 0.93328818125 0.8050039734375
3 0.935138746875 0.7230151859375 0.936890796875 0.7250070875 0.9397378671875 0.721138965625 0.9377271593750001 0.7196457609375 0.935138746875 0.7230151859375
3 0.9331921265625001 0.7208918234375 0.9343609296875 0.722893734375 0.9372711640625001 0.7175866859375 0.9353250046875001 0.7158677078125 0.9331921265625001 0.7208918234375
0 0.60549379375 0.405067059375 0.607505884375 0.40777342031249997 0.6129404421875 0.399727103125 0.6096313734375001 0.396279140625 0.60549379375 0.405067059375
0 0.5661783578125 0.4244336234375 0.56909875 0.428023053125 0.5739486765625 0.41877358593749997 0.5712887890625 0.4163030015625 0.5661783578125 0.4244336234375
3 0.48068845 0.5858156078125 0.4784181625 0.5840123265625 0.475701115625 0.5882376796875 0.47829645468750004 0.590934034375 0.48068845 0.5858156078125
0 0.5459672328125 0.488629628125 0.544803971875 0.491480340625 0.550382403125 0.49592281250000003 0.5520652875 0.49409663281249994 0.5459672328125 0.488629628125
0 0.5399503515624999 0.49749472656249993 0.5387875515625 0.500749825 0.5451433390625 0.5049093609375 0.5465020953125 0.502998878125 0.5399503515624999 0.49749472656249993
0 0.531478771875 0.5133215609375 0.5307687375000001 0.5158050375000001 0.5360225796875 0.51975881875 0.53699265625 0.517989803125 0.531478771875 0.5133215609375
0 0.526626075 0.5201447156250001 0.5265642984375 0.5227967984374999 0.53175174375 0.525358809375 0.5316175671875001 0.5213621125000001 0.526626075 0.5201447156250001
0 0.52617700625 0.5241514203125 0.524947809375 0.5260147500000001 0.5304603078125 0.5294698343750001 0.5307171187499999 0.5273535953125 0.52617700625 0.5241514203125
0 0.5235876703125 0.5267120750000001 0.522618053125 0.5288854781250001 0.5273531984375001 0.5326234984375 0.5284528359375 0.5308073249999999 0.5235876703125 0.5267120750000001
0 0.5212592984375 0.5307959609374999 0.5202906078125 0.5337781328125 0.5267095578125 0.5364987453125 0.5265758421875 0.53290643125 0.5212592984375 0.5307959609374999
0 0.5738053171875 0.6904833859374999 0.570950396875 0.6874769578125 0.566551390625 0.6943372609375 0.5683679875000001 0.69610339375 0.5738053171875 0.6904833859374999
0 0.5875806109374999 0.7222839515625 0.5877719484374999 0.7195847125 0.5821312765625 0.7173899375 0.5820058734375 0.7210765625 0.5875806109374999 0.7222839515625
0 0.5878526609375 0.7335124296875 0.5863597296874999 0.7314262140625 0.581505184375 0.7366318281249999 0.583775934375 0.7388394921875 0.5878526609375 0.7335124296875
0 0.606153290625 0.7555748359375001 0.6036898203125001 0.7548532531250001 0.6036331203125 0.7619535749999999 0.6067443875 0.7624393796875 0.606153290625 0.7555748359375001
0 0.6095273703124999 0.7592014125000001 0.6072589296875 0.759015675 0.6086947015625 0.7677978249999999 0.6110272296875 0.7673534078124999 0.6095273703124999 0.7592014125000001
0 0.6261111453125 0.35609623125 0.6242945468750001 0.354330096875 0.6213843140625 0.35963714687500004 0.623785084375 0.36220204218749996 0.6261111453125 0.35609623125
0 0.6316102531250001 0.3478241421875 0.629339040625 0.34521209062499997 0.6268834203125 0.351365059375 0.629219640625 0.3541557234375 0.6316102531250001 0.3478241421875
0 0.628073465625 0.3719686953125 0.62580225625 0.36935664375 0.62276385 0.375924003125 0.6255537578125 0.3787518171875 0.628073465625 0.3719686953125
3 0.9509373218749999 0.8240670781249999 0.949833990625 0.8226481671875 0.945950909375 0.8272979203125 0.947702959375 0.829289821875 0.9509373218749999 0.8240670781249999
3 0.9261582718750001 0.8039580687500001 0.923824359375 0.8031893296874999 0.9219487531249999 0.806501590625 0.9239603828125 0.8088035671875 0.9261582718750001 0.8039580687500001
3 0.9369218421875001 0.8089406234375 0.9355589312499999 0.8072116406250001 0.9325182156249999 0.811757071875 0.9345939328125 0.8134288953125001 0.9369218421875001 0.8089406234375
3 0.9531453687500001 0.8281180546875 0.9514592531250001 0.8271135375 0.9488058296874999 0.830304346875 0.9510120296875 0.832737784375 0.9531453687500001 0.8281180546875
3 0.9663677921874999 0.8297783421875 0.967208309375 0.82805648125 0.96383330625 0.8236211328125 0.962863690625 0.8257945343750001 0.9663677921874999 0.8297783421875
3 0.944067915625 0.824140015625 0.942510434375 0.8222795734374999 0.93953334375 0.825790465625 0.9421927703125 0.8278566640625 0.944067915625 0.824140015625
3 0.9471727171875 0.8189644265625 0.9461343953125001 0.81772413125 0.9425735968750001 0.820840646875 0.9441960890625 0.8228797046875 0.9471727171875 0.8189644265625
3 0.9913911828125 0.836852709375 0.9902869296875 0.8346250281250001 0.986078334375 0.837977321875 0.9872475984375001 0.8403836171875 0.9913911828125 0.836852709375
0 0.632470628125 0.36349085 0.63052446875 0.3617718734375 0.6278092671875 0.36761476718749997 0.629949996875 0.369465203125 0.632470628125 0.36349085
3 0.6189608671875 0.56421185625 0.6189636375 0.5666381687500001 0.6233087187499999 0.5693045 0.6233700343749999 0.56624803125 0.6189608671875 0.56421185625
3 0.7620570921875001 0.6239881109375001 0.760110471875 0.6218647500000001 0.757848034375 0.62693601875 0.7595355359375 0.6291536921875001 0.7620570921875001 0.6239881109375001
3 0.7594714515625001 0.6297838484375 0.7577194 0.6277919468750001 0.75480824375 0.632290225 0.7571426171875 0.6334633484375 0.7594714515625001 0.6297838484375
3 0.6530061421875 0.6968527921875001 0.6506053734374999 0.6942878953125 0.6476305921875001 0.6998207140625 0.6499668140625 0.70261138125 0.6530061421875 0.6968527921875001
0 0.75535439375 0.7700441578125 0.7533427640625 0.7677421796874999 0.7477781859375 0.7754312703124999 0.7497893546875 0.7773288609375 0.75535439375 0.7700441578125
0 0.753536871875 0.7674692546874999 0.75100515625 0.763738359375 0.74388586875 0.7719933171875 0.746417121875 0.7753198265625 0.753536871875 0.7674692546874999
1 0.20247500000000002 0.870339721875 0.1793074609375 0.8994042406249999 0.2162296171875 0.9407826640625 0.2388106765625 0.9088974546875 0.20247500000000002 0.870339721875