2 0.383134865625 0.394714884375 0.38537651875 0.397093846875 0.419156040625 0.3822048125 0.413664921875 0.378299228125 0.383134865625 0.394714884375
2 0.37137084531250003 0.3918396875 0.3804241421875 0.39529750625000004 0.41932940625 0.3700887609375 0.40880773125000003 0.3648804359375 0.37137084531250003 0.3918396875
2 0.811794428125 0.316885771875 0.8278072203125 0.32599968281249997 0.8918381046875 0.274411671875 0.878066965625 0.26767672187499997 0.811794428125 0.316885771875
2 0.8050711078124999 0.3593351453125 0.831840109375 0.37217659062499997 0.9124565453125 0.309554025 0.89017935625 0.2959060734375 0.8050711078124999 0.3593351453125
2 0.8086587984375001 0.3421940953125 0.819875571875 0.34852447343750004 0.8730465546874999 0.3103958109375 0.8601268718749999 0.3037957171875 0.8086587984375001 0.3421940953125
2 0.5631913640625 0.41513735937499996 0.5884138109375 0.4267218953125 0.6812106703125 0.347813253125 0.6501062140625 0.3347911171875 0.5631913640625 0.41513735937499996
2 0.348867625 0.3741081 0.3594674765625 0.378822828125 0.40713883749999996 0.34235300625 0.3957657078125 0.33700982343749997 0.348867625 0.3741081
2 0.3586856953125 0.38375880156250003 0.37091028125 0.38923684375 0.411909346875 0.361829825 0.3982945625 0.3541076796875 0.3586856953125 0.38375880156250003
2 0.2567913765625 0.4374455078125 0.2736556265625 0.44669427656250005 0.33541934375000004 0.4094205890625 0.31940654999999996 0.40030667812500004 0.2567913765625 0.4374455078125
2 0.237843471875 0.4744168421875 0.252770275 0.4848766890625 0.3237606546875 0.43894476875 0.3079823953125 0.4283500625 0.237843471875 0.4744168421875
2 0.177660325 0.4906897265625 0.1921265640625 0.498546728125 0.2650543890625 0.45140372968750003 0.2512832484375 0.44466877968749996 0.177660325 0.4906897265625
2 0.3070969234375 0.45047292031249997 0.3152205875 0.4542894796875 0.3451337234375 0.436258175 0.3370882375 0.4319480171875 0.3070969234375 0.45047292031249997
2 0.276480184375 0.4729466015625 0.2810416703125 0.477210928125 0.3186179046875 0.46039333750000005 0.30817440937499996 0.45469141406249997 0.276480184375 0.4729466015625
2 0.2018409453125 0.5253843125000001 0.1729084671875 0.509670309375 0.0630910015625 0.5803173765625 0.094039103125 0.5943267062500001 0.2018409453125 0.5253843125000001
2 0.2283754125 0.5397065515625 0.20625457812499998 0.5250714046875 0.097444925 0.5948661359375 0.120886284375 0.6066745546875 0.2283754125 0.5397065515625
2 0.2649965015625 0.5399409875 0.2485231421875 0.5282242312500001 0.1452131125 0.5963601187500001 0.16524865 0.607629109375 0.2649965015625 0.5399409875
2 0.1423051546875 0.6753383375 0.1342681734375 0.66546375 0.032416375 0.6913283156250001 0.044241565625 0.704838771875 0.1423051546875 0.6753383375
2 0.20638348281250002 0.74468695625 0.18843324374999998 0.736784121875 0.12213519375 0.8026864578125 0.14628015625 0.8100525015625 0.20638348281250002 0.74468695625
2 0.315041703125 0.8246381953125 0.2974568421875 0.8309606578125001 0.3678080703125 0.899278890625 0.38531475312499996 0.8934500234374999 0.315041703125 0.8246381953125
2 0.387005878125 0.8001116500000001 0.3674920765625 0.8020807640625 0.41203959375 0.8845273546874999 0.4333344828125 0.8823343578125 0.387005878125 0.8001116500000001
2 0.3208030140625 0.8543915328124999 0.309030490625 0.8570807640625 0.35108316875 0.9001717828125001 0.36184788125 0.8983348890625 0.3208030140625 0.8543915328124999
2 0.3356958015625 0.8871090921875 0.3290490171875 0.8794786109375 0.280099653125 0.8909530171875 0.28519988125 0.8973265890625 0.3356958015625 0.8871090921875
2 0.2060249671875 0.675310971875 0.19156723125 0.661889540625 0.055779556249999994 0.7036303312500001 0.0651285578125 0.7162426187500001 0.2060249671875 0.675310971875
2 0.8791529546874999 0.2663307875 0.8953221046875001 0.274457503125 0.9617509984374999 0.2242612578125 0.9440352937500001 0.21487763124999998 0.8791529546874999 0.2663307875