3 0.0173710375 0.9013116890624999 0.0191374265625 0.8954691640625001 0.0060559734375 0.892449071875 0.00419825 0.8986872015625 0.0173710375 0.9013116890624999
3 0.841233596875 0.9335903562500001 0.8390708 0.9393413640625001 0.8544393671874999 0.943306165625 0.8557180171875001 0.9377677249999999 0.841233596875 0.9335903562500001
3 0.8308781749999999 0.965784775 0.8287464578125 0.9732097140624999 0.844115025 0.977174515625 0.8455452593749999 0.9691709375 0.8308781749999999 0.965784775
3 0.8331906531250001 0.9521512390625 0.8314242640625 0.9579937656249999 0.846122428125 0.9630538578125 0.8480714812500001 0.9564201265625 0.8331906531250001 0.9521512390625
3 0.851674634375 0.8847481578125 0.849999578125 0.8901950812500001 0.8651854796875 0.8949510890625 0.8670432015625 0.8887129593750001 0.851674634375 0.8847481578125
3 0.8544165046875 0.8782974609374999 0.8528638578125 0.8850227125 0.8679273500000001 0.88850039375 0.869876403125 0.8818666593750001 0.8544165046875 0.8782974609374999
3 0.8586526718749999 0.8726084390625 0.8575566875 0.8773556734374999 0.8696626609375 0.8809839359374999 0.8713377171875001 0.8755370125 0.8586526718749999 0.8726084390625
3 0.859412503125 0.8657001531249999 0.8583165171875 0.8704473875 0.870422490625 0.87407565 0.872006215625 0.8690243296875 0.859412503125 0.8657001531249999
3 0.8627588078124999 0.8439715218750001 0.8612061609375001 0.8506967718749999 0.8757819140624999 0.8544785390625 0.878127375 0.847936325 0.8627588078124999 0.8439715218750001
3 0.84875200625 0.8974074515625 0.8463152125000001 0.90434526875 0.8615011156250001 0.9091012781250001 0.8639379093749999 0.9021634593750001 0.84875200625 0.8974074515625
3 0.844216478125 0.918861528125 0.8425414218749999 0.9243084515625 0.856934509375 0.9288814234375 0.858304490625 0.92294738125 0.844216478125 0.918861528125
3 0.843365315625 0.9261654171875 0.8419953343750001 0.9320994625000001 0.8544063828124999 0.9362148453125 0.8563554359375001 0.9295811125 0.843365315625 0.9261654171875
3 0.8382779843750001 0.939158328125 0.8368166703125001 0.9454879765624999 0.8509046828125 0.9495738265625 0.8531588109375001 0.943427215625 0.8382779843750001 0.939158328125
3 0.8276212984375 0.9817004109375 0.8264339812499999 0.9868432500000001 0.840034253125 0.9912331859375 0.841891975 0.9849950562500001 0.8276212984375 0.9817004109375
3 0.8831710046874999 0.97077381875 0.8861266171875 0.9652058468750001 0.8699652359375 0.9610580093750001 0.8690829921875001 0.96668796875 0.8831710046874999 0.97077381875
3 0.87601601875 0.9999569203125 0.877568665625 0.9932316703125 0.8622914312500001 0.9888712640625 0.85994596875 0.9954134796874999 0.87601601875 0.9999569203125
3 0.9039446 0.8247284968749999 0.8976934109375 0.8228686062499999 0.8943743734374999 0.8354363828125001 0.9006255640624999 0.8372962734374999 0.9039446 0.8247284968749999
3 0.9263260953125 0.8290622937500001 0.918306609375 0.8276275390625001 0.9152926484374999 0.8406824359374999 0.9237085421875 0.8422087093749999 0.9263260953125 0.8290622937500001
0 0.7554293765625 0.8350267390624999 0.7542731375 0.84184350625 0.7691539640625 0.84611239375 0.7712856828125 0.8386874546875 0.7554293765625 0.8350267390624999
3 0.6260248359375 0.9126570140625001 0.6333739171875 0.9151870609375001 0.6377597640625 0.9016155109374999 0.6299229421875 0.8993895500000001 0.6260248359375 0.9126570140625001
0 0.5437502984375 0.966999640625 0.5519835265624999 0.9693171203125001 0.5578306875 0.9494159218749999 0.5497801234375 0.9463072374999999 0.5437502984375 0.966999640625
0 0.533352365625 0.9650157765625 0.5416769265625 0.966937653125 0.5470966015625 0.945271009375 0.538863371875 0.9429535296875 0.533352365625 0.9650157765625
3 0.8394896265625 1 0.8400672374999999 0.99832450625 0.8251864093749999 0.9940556203125 0.8238140421875 1 0.8394896265625 1
3 0.8369390828125001 0.946766303125 0.8352640234375001 0.952213225 0.8488642953125 0.9566031609375001 0.8505082749999999 0.9494823078125 0.8369390828125001 0.946766303125
3 0.4659922359375 0.94571426875 0.45815541406250004 0.9434883062500001 0.45456237968749996 0.9572428921875 0.4619114625 0.9597729375 0.4659922359375 0.94571426875
3 0.0958988125 0.3369105421875 0.1024550796875 0.33925755468749996 0.1067806734375 0.3277555359375 0.099828 0.325317009375 0.0958988125 0.3369105421875
1 0.32560295 0.739960375 0.3035563015625 0.6473658921875 0.197792853125 0.6696176031250001 0.21901751093750002 0.7657725125 0.32560295 0.739960375
1 0.396522415625 0.5629898984375 0.3539583046875 0.39107131875 0.15072679375 0.44124007968749995 0.19664673593749998 0.6185169875 0.396522415625 0.5629898984375
1 0.4355491015625 0.2999022390625 0.3363139359375 0.1582357359375 0.16499866093749999 0.2745260375 0.2599355 0.41853370312499993 0.4355491015625 0.2999022390625
1 0.5812932828124999 0.29979815625 0.560102321875 0.38616064843750003 0.6630478109375 0.4140943734375 0.6846041015625 0.32614946875 0.5812932828124999 0.29979815625
1 0.709596240625 0.4710933640625 0.683988353125 0.569353475 0.7982780796875 0.60240635625 0.8234274015624999 0.500706865625 0.709596240625 0.4710933640625
1 0.6732790343749999 0.635634659375 0.6508734875 0.7363008437499999 0.754429128125 0.7652088125 0.7777188234375 0.664330059375 0.6732790343749999 0.635634659375
3 0.8708491437499999 0.43998459375000004 0.8733772703125 0.432651171875 0.8592892578125 0.428565321875 0.856974875 0.43678146562500003 0.8708491437499999 0.43998459375000004
0 0.9255318499999999 0.4780270984375 0.9270844968749999 0.47130184843749995 0.9122950015625 0.46663735624999997 0.9094928796874999 0.4751575859375 0.9255318499999999 0.4780270984375
0 0.12919265156249998 0.418767609375 0.1276400046875 0.425492859375 0.141240278125 0.42988279531250007 0.14395106875000002 0.42175816875 0.12919265156249998 0.418767609375
0 0.127374225 0.3633448921875 0.13024231718749998 0.36900730625 0.1424668921875 0.3630791109375 0.1397814640625 0.35662549062500004 0.127374225 0.3633448921875
3 0.0825433640625 0.3350772609375 0.088398146875 0.3368456328125 0.0916569296875 0.3263473890625 0.08491800000000001 0.324791584375 0.0825433640625 0.3350772609375
3 0.8477181781249999 0.905502546875 0.84546405 0.9116491578125 0.859734725 0.914943803125 0.861287371875 0.908218553125 0.8477181781249999 0.905502546875
0 0.11113425156250001 0.482518746875 0.10930760937499999 0.4904308046875 0.12348695312499999 0.49412105312500004 0.1249171890625 0.4861174765625 0.11113425156250001 0.482518746875
0 0.10760337812500001 0.4996211921875 0.10635580781250001 0.5068335625 0.12053515156250001 0.510523809375 0.12257553750000001 0.503494475 0.10760337812500001 0.4996211921875
3 0.8962936593749999 0.9175504562500001 0.8973896437500001 0.9128032218750001 0.882905225 0.9086258515625 0.881443909375 0.9149554999999999 0.8962936593749999 0.9175504562500001
3 0.8937655328125 0.9248838765625 0.89562325625 0.918645746875 0.8817489875 0.9154426203125 0.880196340625 0.922167871875 0.8937655328125 0.9248838765625
3 0.89471374375 0.9334365609375 0.89538224375 0.9269238796874999 0.8806238265624999 0.9239333171874999 0.8789487687499999 0.929380240625 0.89471374375 0.9334365609375
3 0.891179059375 0.939704221875 0.8928541171875001 0.9342572984374999 0.8805654781250001 0.9314202421875001 0.879195496875 0.9373542875 0.891179059375 0.939704221875
3 0.8906018921875001 0.9458213015625001 0.8909050625000001 0.94089103125 0.8790128312500001 0.9381454937499999 0.8784045875000001 0.9425886437500001 0.8906018921875001 0.9458213015625001
3 0.881466775 0.9799642046875 0.8838122343749999 0.9734219906250001 0.8674371093750001 0.9683914296875 0.8661895375 0.9756038 0.881466775 0.9799642046875
3 0.8718838046874999 0.8677460031249999 0.87365019375 0.8619034765625001 0.8592571078125 0.8573305046874999 0.8577044609375 0.86405575625 0.8718838046874999 0.8677460031249999
0 0.524417653125 0.962119659375 0.53234580625 0.96395001875 0.538161890625 0.9423748906249999 0.5290445125 0.940269978125 0.524417653125 0.962119659375
3 0.43632191249999996 0.9367808906249999 0.4299793890625 0.9353166046875 0.42629502500000005 0.9494667937499999 0.432332471875 0.9504439578125 0.43632191249999996 0.9367808906249999
3 0.0186186078125 0.89409931875 0.020781404687499998 0.8883483109375 0.008797843750000001 0.885998375 0.007305448437500001 0.8906540921874999 0.0186186078125 0.89409931875
0 0.2730774453125 0.9403451109375001 0.274538759375 0.9340154640625 0.26115223125 0.9305082515624999 0.25987358125000004 0.93604669375 0.2730774453125 0.9403451109375001
3 0.305827696875 0.950406234375 0.3071976796875 0.9444721890625001 0.29310966562499996 0.9403863390625 0.29137435625 0.9479027953125 0.305827696875 0.950406234375
3 0.3042750515625 0.9571314843750001 0.305736365625 0.9508018375 0.2920758390625 0.9484814328125 0.2907058578125 0.954415478125 0.3042750515625 0.9571314843750001
3 0.3013505171875 0.9643733859375001 0.30281183125 0.9580437406250001 0.289821709375 0.9546280453125 0.2883603953125 0.9609576921875 0.3013505171875 0.9643733859375001
3 0.3173374515625 0.9059776546875 0.3118790765625 0.9043008 0.3084376296875 0.9155902499999999 0.3146888203125 0.917450140625 0.3173374515625 0.9059776546875
3 0.324777865625 0.9081120984375 0.31813026718750004 0.906160690625 0.3146285671875 0.9195196734375 0.321276165625 0.9214710796875 0.324777865625 0.9081120984375
3 0.3012420375 0.9160124609375 0.30590759843750004 0.9175062796875 0.309012890625 0.9040557781249999 0.3044386625 0.9021663578125001 0.3012420375 0.9160124609375
3 0.303066775 0.902683009375 0.2969379953125 0.9021014468749999 0.2948684359375 0.9128742437499999 0.300997215625 0.9134558078125 0.303066775 0.902683009375
3 0.28706269375 0.9123222125 0.292795065625 0.9128122578125 0.2961451796875 0.9019184109375 0.28998532187500003 0.8996629171875 0.28706269375 0.9123222125
3 0.27566391874999996 0.9255247656250001 0.2768512359375 0.9203819281250001 0.2647452625 0.9167536671875001 0.2631615375 0.9218049875000001 0.27566391874999996 0.9255247656250001
3 0.2742026046875 0.9318544140625 0.27517617968749997 0.9258288515625 0.262796209375 0.9233873984375001 0.261517559375 0.9289258406249999 0.2742026046875 0.9318544140625
3 0.2333688046875 0.9115932828125001 0.23150727187500003 0.906996628125 0.2245565015625 0.9099754921875001 0.227484846875 0.9135683734375 0.2333688046875 0.9115932828125001
3 0.374411940625 0.9824910109375 0.37648340625 0.9771356062500001 0.3623953921875 0.9730497546875 0.360323928125 0.9784051609375 0.374411940625 0.9824910109375
3 0.24108321406250002 0.9125409171875001 0.239435425 0.9088269859375 0.23111276875 0.9123225015624999 0.23333962968750002 0.9153367453125 0.24108321406250002 0.9125409171875001
3 0.246937996875 0.9143092890625001 0.24529020781250002 0.910595359375 0.23705888281249998 0.9136952703125001 0.23989589531250002 0.91768375625 0.246937996875 0.9143092890625001
3 0.25251878437499997 0.9172644703125 0.25254795625000004 0.9135210078125 0.2441942234375 0.9153425937499999 0.24663482656250002 0.9192395609374999 0.25251878437499997 0.9172644703125
3 0.098343465625 0.87250314375 0.09727856093750001 0.8789243093750001 0.113043534375 0.8829806281250001 0.1145048484375 0.8766509812500001 0.098343465625 0.87250314375
3 0.06825518281250001 0.8888912796874999 0.074109965625 0.8906596499999999 0.0784958140625 0.8770881015624999 0.071848215625 0.8751366953125 0.06825518281250001 0.8888912796874999
3 0.049410278125 0.8837072125000001 0.056149209374999995 0.8852630171874999 0.059437167187499994 0.8710213109374999 0.051905421875 0.8692824703124999 0.049410278125 0.8837072125000001
3 0.033023721875 0.8461722984375 0.0386647609375 0.8470579484374999 0.0411307296875 0.8363766671875 0.0357636859375 0.8343042109375001 0.033023721875 0.8461722984375
3 0.0151016640625 0.8641191640624999 0.013731682812500002 0.8700532078125001 0.0243433578125 0.8729197953125001 0.0262924125 0.8662860640625001 0.0151016640625 0.8641191640624999
3 0.015251343749999998 0.8562366359375 0.0138813625 0.8621706796874999 0.026871484374999997 0.865586375 0.02903428125 0.859835365625 0.015251343749999998 0.8562366359375
3 0.0098316703125 0.8779032812500001 0.0086443515625 0.8830461187499999 0.020964068750000002 0.887557103125 0.022821792187500002 0.8813189749999999 0.0098316703125 0.8779032812500001
3 0.329402225 0.9658493703125 0.3288250578125 0.97196645 0.3408086203125 0.974316384375 0.3423612671875 0.967591134375 0.329402225 0.9658493703125
3 0.33193035000000004 0.95851595 0.3306827796875 0.9657283218750001 0.34226993437500003 0.9679867375000001 0.343426171875 0.9611699703125 0.33193035000000004 0.95851595
3 0.42328297031249995 0.9679390828125 0.4223093953125 0.9739646437499999 0.43542192812499997 0.978658665625 0.436974575 0.9719334156249999 0.42328297031249995 0.9679390828125
3 0.3656560828125 0.967968903125 0.3641636890625 0.9726246203125 0.3752631046875 0.9751871218750001 0.376664165625 0.9709270078125 0.3656560828125 0.967968903125
3 0.4225231375 0.9748473687500001 0.4210618234375 0.9811770140625 0.4340519453125 0.984592709375 0.4362147421875 0.9788417 0.4225231375 0.9748473687500001
3 0.41068925468749995 0.9646149046874999 0.4092279421875 0.9709445515624999 0.4199309484375 0.9734155359375001 0.42218507968749996 0.967268925 0.41068925468749995 0.9646149046874999
3 0.42217364843749994 0.934764571875 0.4163188640625 0.9329962 0.41367023124999996 0.9444686859375 0.4187322 0.946054021875 0.42217364843749994 0.934764571875
3 0.41473323281249996 0.932630128125 0.4094886015625 0.9318359984375 0.4061384875 0.9427298453124999 0.41177952656250005 0.94361549375 0.41473323281249996 0.932630128125
3 0.40711015625 0.9312868921874999 0.4020481875 0.9297015546875 0.3987894046875 0.9401998 0.4042477796875 0.941876653125 0.40711015625 0.9312868921874999
3 0.4001885609375 0.93052229375 0.394425109375 0.9283583171875 0.39214180625 0.9382483921875 0.3979052578125 0.9404123656250001 0.4001885609375 0.93052229375
3 0.3932048078125 0.926409834375 0.387960175 0.9256157046875 0.38500646875 0.9366010687499999 0.390556175 0.9378823203125 0.3932048078125 0.926409834375
3 0.38628321250000003 0.9256452359375 0.3811299140625 0.924455503125 0.3772318046875 0.9377229671875 0.383482996875 0.9395828578125001 0.38628321250000003 0.9256452359375
3 0.38019884843749996 0.964659346875 0.37861512343750003 0.9697106671875 0.3897145390625 0.9722731687499999 0.39099318906249997 0.966734728125 0.38019884843749996 0.964659346875
3 0.37904261093749997 0.971476115625 0.3781292890625 0.9754321453125 0.38846696718749996 0.9794855390625001 0.3905384328125 0.974130134375 0.37904261093749997 0.971476115625
3 0.3774259015625 0.9694361125000001 0.37870455000000003 0.963897671875 0.3665072453125 0.9606650140624999 0.3648321875 0.9661119375 0.3774259015625 0.9694361125000001
3 0.33406206875 0.9510910109375 0.3329971625 0.9575121781249999 0.3462923578125 0.9614149921875 0.3475399296875 0.9542026203124999 0.33406206875 0.9510910109375
3 0.380562271875 0.95765954375 0.37928362187500003 0.963197984375 0.3926701515625 0.966705196875 0.3936437265625 0.960679634375 0.380562271875 0.95765954375
3 0.3672670765625 0.953756728125 0.3659884265625 0.9592951703124999 0.37800306875 0.963319034375 0.3798607890625 0.9570809046875001 0.3672670765625 0.953756728125
3 0.3710719453125 0.9354674749999999 0.37604258125 0.9374484125 0.38082483749999996 0.9239683812499999 0.37378083125 0.92192545625 0.3710719453125 0.9354674749999999
3 0.36314379375 0.9336371171875 0.3700964671875 0.93607564375 0.3735068359375 0.9231122640624999 0.3668592359375 0.9211608578125 0.36314379375 0.9336371171875
3 0.357837003125 0.9294951265625 0.36378311874999997 0.9308678968749999 0.365547603125 0.9196079781250001 0.36008922656250003 0.9179311234374999 0.357837003125 0.9294951265625
3 0.359966815625 0.916652796875 0.353715625 0.91479290625 0.3497261859375 0.9284559734375 0.3562824515625 0.9308029843750001 0.359966815625 0.916652796875
3 0.352617734375 0.91412275 0.34648895468749996 0.9135411875000001 0.3421031078125 0.9271127375000001 0.349634853125 0.928851578125 0.352617734375 0.91412275
3 0.34539106406250003 0.9128710296874999 0.33944494999999997 0.9114982609375 0.33621724531249997 0.9236704343750001 0.341766953125 0.9249516859375 0.34539106406250003 0.9128710296874999
3 0.339048540625 0.91140674375 0.332004534375 0.9093638171875 0.328502834375 0.9227228015625 0.3360345796875 0.9244616406249999 0.339048540625 0.91140674375
3 0.3353096390625 0.9438786406249999 0.333848325 0.9502082875 0.3475399296875 0.9542026203124999 0.349580315625 0.9471732859375 0.3353096390625 0.9438786406249999
1 0.6756905843750001 0.9037055125 0.6961236203125 0.8296687 0.631783165625 0.8135644671875 0.61595353125 0.885747240625 0.6756905843750001 0.9037055125