1 0.650302503125 0.785755634375 0.65869555625 0.7796170953125 0.6544296359375 0.7734586109375 0.6458287703125001 0.77988318125 0.650302503125 0.785755634375
1 0.6428334890625 0.7945320984375 0.65155168125 0.7888482953125 0.64424218125 0.777856425 0.6351474703125 0.7843592109374999 0.6428334890625 0.7945320984375
1 0.5984611359375 0.792447803125 0.5921025125 0.7858614203125 0.586516090625 0.7905429671875 0.592341759375 0.7969606437500001 0.5984611359375 0.792447803125
1 0.58913715 0.7815218796875001 0.582974071875 0.7761701078125001 0.5771675640625 0.7826583265625 0.58255076875 0.7878805015625 0.58913715 0.7815218796875001
1 0.574989753125 0.7673100484375001 0.566960946875 0.7741502437500001 0.5745541796875 0.7805410828125 0.5813483749999999 0.7738964296875 0.574989753125 0.7673100484375001
1 0.40276559218749997 0.5445087890625 0.3964851875 0.5384162515625001 0.388703303125 0.5452173390625 0.394607190625 0.5521288609375 0.40276559218749997 0.5445087890625
1 0.3885652484375 0.582700415625 0.38404013593749997 0.5781016812499999 0.3803777109375 0.5837440765624999 0.3835508875 0.5877975890625 0.3885652484375 0.582700415625
1 0.404181909375 0.5981982343750001 0.40022885781250006 0.594015128125 0.396578703125 0.5981368828125 0.40028483125000003 0.6023590999999999 0.404181909375 0.5981982343750001
1 0.412660071875 0.6069800765625 0.40809585156250006 0.6021344203125001 0.40366582187500005 0.6061265796875001 0.40777530625 0.6112973765625 0.412660071875 0.6069800765625
1 0.4199158953125 0.614436821875 0.4161315484375 0.6097207609375 0.411168565625 0.613544215625 0.414705990625 0.618299384375 0.4199158953125 0.614436821875
1 0.4285236546875 0.6224387890624999 0.42314045 0.6172166140625001 0.41894507187499996 0.62269030625 0.42421095 0.6271717140625 0.4285236546875 0.6224387890624999
1 0.594337134375 0.7024853515625 0.5808791234374999 0.6894299140625 0.5708895093749999 0.6998711828124999 0.5826972828125 0.713694225 0.594337134375 0.7024853515625
1 0.5626759171875 0.6735824140625 0.5497117499999999 0.660448759375 0.5393847265625 0.671955934375 0.551529909375 0.6847130703125 0.5626759171875 0.6735824140625
1 0.5711271890625 0.76210014375 0.5618446109375 0.7562299875 0.55813080625 0.763146103125 0.5671664625 0.7690553687499999 0.5711271890625 0.76210014375
1 0.50648733125 0.6943782765625001 0.5068983640625 0.6841885249999999 0.49440809531249996 0.6836356265625 0.49416576875 0.693292425 0.50648733125 0.6943782765625001
1 0.6153354328125 0.7743350828125 0.6121944734375 0.7561019578125 0.5972495515625 0.75922835 0.6010530609375 0.7768503046874999 0.6153354328125 0.7743350828125
1 0.6286975781249999 0.8043644953125 0.638026940625 0.7993432421875 0.6308861453125 0.7878184187499999 0.621674109375 0.7935804375 0.6286975781249999 0.8043644953125
1 0.6158354375 0.7327448203125 0.6004089421875001 0.7344287875 0.6019633140625 0.7506351578125 0.618079196875 0.7501075828125 0.6158354375 0.7327448203125