4 0.8548288796874999 0.7550451484375 0.8495988578125001 0.7555027171875001 0.8500782156250001 0.7609817875 0.8553082375000001 0.7605242203125 0.8548288796874999 0.7550451484375
4 0.8449819749999999 0.7687053453125 0.8382576609375001 0.7692936453125 0.8388459609375 0.7760179609375 0.845570275 0.7754296593750001 0.8449819749999999 0.7687053453125
4 0.8493559062499999 0.7670679 0.842880640625 0.7676344125 0.8433599968750001 0.7731134843749999 0.8498352625000001 0.772546971875 0.8493559062499999 0.7670679
4 0.8598189984375001 0.7719244625 0.854339928125 0.77240381875 0.8547974953124999 0.777633840625 0.860276565625 0.777154484375 0.8598189984375001 0.7719244625
4 0.8551587625 0.7645525765625 0.8484344484375 0.765140878125 0.8490227499999999 0.7718651921874999 0.8557470640625 0.771276890625 0.8551587625 0.7645525765625
4 0.863962621875 0.764786159375 0.85748735625 0.7653526703125 0.8580756578125 0.7720769859375001 0.8645509234375 0.7715104734375 0.863962621875 0.764786159375
4 0.8505545234375 0.7606891609375 0.8443283062500001 0.761233884375 0.844742296875 0.765965809375 0.8509685125 0.7654210859374999 0.8505545234375 0.7606891609375
4 0.8466102734375 0.755764184375 0.841131203125 0.756243540625 0.84154519375 0.760975465625 0.8470242640625001 0.760496109375 0.8466102734375 0.755764184375
4 0.84708635625 0.7755479734375 0.8416072859374999 0.77602733125 0.8420430640625 0.7810083046875 0.8475221359375 0.780528946875 0.84708635625 0.7755479734375
4 0.8507538984374999 0.7486258796875 0.843780534375 0.7492359703125 0.8443252578125 0.7554621874999999 0.8512986218749999 0.754852096875 0.8507538984374999 0.7486258796875
4 0.8396565562499999 0.670545959375 0.8282003171874999 0.6715482500000001 0.8291372406249999 0.68225734375 0.8405934796875 0.681255053125 0.8396565562499999 0.670545959375
4 0.828228428125 0.663264278125 0.8195117234374999 0.664026890625 0.8203179140625 0.673241690625 0.8290346187500001 0.6724790781250001 0.828228428125 0.663264278125
4 0.8332841390624999 0.6608143203125 0.8295484078124999 0.6611411546875 0.8299623984375 0.6658730796875 0.8336981281250001 0.6655462453125 0.8332841390624999 0.6608143203125
4 0.8339192921875 0.6537320125 0.8257006859375 0.6544510484375 0.8263325640625 0.661673459375 0.8345511703125 0.660954425 0.8339192921875 0.6537320125
4 0.8353887468750001 0.6475805328125 0.829411578125 0.6481034671875 0.8299563015625001 0.654329684375 0.8359334703125001 0.65380675 0.8353887468750001 0.6475805328125
4 0.8533219437499999 0.7722419265625 0.8470957265625 0.77278665 0.8476622390624999 0.779261915625 0.85388845625 0.7787171921875 0.8533219437499999 0.7722419265625
4 0.8731523593749999 0.7780356390625001 0.866178996875 0.778645728125 0.8668108765625 0.785868140625 0.8737842390624999 0.78525805 0.8731523593749999 0.7780356390625001
4 0.89779835625 0.818792690625 0.889081653125 0.8195553046875 0.8898224765625 0.828022959375 0.8985391796875 0.827260346875 0.89779835625 0.818792690625
4 0.8853709859375 0.8058264671875 0.8798919156249999 0.8063058234374999 0.8804366390625 0.812532040625 0.885915709375 0.812052684375 0.8853709859375 0.8058264671875
4 0.9077043078125 0.8144126640625 0.89848950625 0.8152188546874999 0.8993610640625 0.8251808015625001 0.9085758640625 0.8243746109375 0.9077043078125 0.8144126640625
4 0.89942665625 0.8058515312500001 0.8904609046875 0.8066359328124999 0.89135425 0.8168469281249999 0.9003200031249999 0.8160625265625001 0.89942665625 0.8058515312500001
4 0.890105959375 0.811184175 0.8838797421875 0.8117288984375 0.8846859328125 0.8209436999999999 0.8909121499999999 0.8203989765624999 0.890105959375 0.811184175
4 0.8883129437499999 0.79929520625 0.88358101875 0.7997091953125001 0.8840385875000001 0.8049392171875001 0.8887705109375 0.804525228125 0.8883129437499999 0.79929520625
4 0.8854642374999999 0.81836605625 0.87973611875 0.818867203125 0.8802590531250001 0.8248443703125 0.885987171875 0.824343225 0.8854642374999999 0.81836605625
4 0.881096628125 0.8114704796875 0.874123265625 0.8120805703125 0.874776934375 0.8195520296875 0.8817502968750001 0.8189419390625 0.881096628125 0.8114704796875
4 0.8798017109374999 0.7995379328125 0.87357549375 0.8000826546875001 0.8742073734375 0.8073050671875001 0.8804335906249999 0.80676034375 0.8798017109374999 0.7995379328125
4 0.858168909375 0.784616575 0.8514445953124999 0.7852048765624999 0.8520111078125 0.7916801421875 0.8587354218750001 0.791091840625 0.858168909375 0.784616575
4 0.8751196859375 0.7919169968750001 0.8669010796875 0.7926360328125 0.86768548125 0.801601784375 0.8759040875 0.8008827500000001 0.8751196859375 0.7919169968750001
4 0.8847360578125001 0.7928323578125 0.8777626953125001 0.7934424484375 0.878263840625 0.7991705687499999 0.8852372046875001 0.798560478125 0.8847360578125001 0.7928323578125
4 0.8795777250000001 0.78550405 0.8723553140625 0.7861359296875 0.87298719375 0.793358340625 0.8802096046875001 0.7927264625 0.8795777250000001 0.78550405
4 0.8659173046875001 0.7957335609375 0.8604382328125 0.7962129171875 0.8609393781250001 0.8019410375 0.86641845 0.80146168125 0.8659173046875001 0.7957335609375
4 0.8627419906249999 0.790992265625 0.8565157734375 0.7915369890624999 0.8570387078125 0.7975141578125 0.863264925 0.796969434375 0.8627419906249999 0.790992265625
4 0.8687378984375 0.7849466828125 0.8612664390625 0.78560035 0.8619418953125001 0.793320859375 0.8694133562499999 0.7926671921875 0.8687378984375 0.7849466828125
4 0.8360021109375 0.6402491765625 0.8317682828124999 0.6406195890624999 0.8321169062499999 0.6446043671874999 0.836350734375 0.64423395625 0.8360021109375 0.6402491765625