1 0.358009171875 0.8678283375 0.3794165171875 0.86006993125 0.37095372968749996 0.835727415625 0.3502242953125 0.8442639562500001 0.358009171875 0.8678283375
1 0.339738259375 0.552931490625 0.3606180375 0.55661463125 0.36664785 0.530098984375 0.3454944390625 0.5263476218750001 0.339738259375 0.552931490625
1 0.3571396078125 0.6020396984375 0.379993965625 0.6071288203125 0.3867386765625 0.5777458703125 0.3651094953125 0.573571328125 0.3571396078125 0.6020396984375
1 0.31993555156250003 0.632355815625 0.32590371875 0.6119158984374999 0.3046196578125 0.60752285 0.299139590625 0.6271708015625 0.31993555156250003 0.632355815625
1 0.377102265625 0.64204075625 0.3808912328125 0.62684404375 0.3633073546875 0.6227644453125001 0.358352375 0.6379749921875 0.377102265625 0.64204075625
1 0.39632785 0.6803352671875 0.3935397421875 0.6915177531250001 0.4031168296875 0.6939055890625 0.4059764265625 0.682436371875 0.39632785 0.6803352671875
1 0.4786368421875 0.5845172484375001 0.5158753234375 0.59136540625 0.5244442671875 0.551168759375 0.4878837 0.545098734375 0.4786368421875 0.5845172484375001
1 0.5608592921875 0.5986219562499999 0.58325020625 0.6020727546875 0.5890778765625 0.575202153125 0.567520184375 0.57074088125 0.5608592921875 0.5986219562499999
1 0.5875814703125 0.6010207750000001 0.6074973765625 0.6050727046875 0.6131574093750001 0.5812058546875 0.593717275 0.5775771062499999 0.5875814703125 0.6010207750000001
1 0.612565715625 0.605727271875 0.63454001875 0.6096833078125 0.63840295625 0.587195721875 0.6179989499999999 0.5839357609375 0.612565715625 0.605727271875
1 0.644449896875 0.6130677828125 0.6647824140624999 0.6166144734375 0.6705262656250001 0.59124575 0.6502652390625 0.587412328125 0.644449896875 0.6130677828125
1 0.6691481828125 0.6189212015625001 0.6900994515625001 0.6223176109375 0.6956534890625 0.5953787859374999 0.6755946046875 0.5919003203125001 0.6691481828125 0.6189212015625001
1 0.7198290890625 0.6324710359375 0.7420671765625 0.630706296875 0.7430533046875001 0.6011057906249999 0.7208275468750001 0.6016553828125 0.7198290890625 0.6324710359375
1 0.59276740625 0.9077822937500001 0.60867995625 0.89408555625 0.5930041328125 0.8776903859375 0.5779124734375001 0.89159179375 0.59276740625 0.9077822937500001
1 0.5369195296875 0.9032990546875 0.5613466671875 0.9020801078125 0.56089066875 0.8794293546875 0.537082284375 0.8804980203125 0.5369195296875 0.9032990546875
1 0.4743048515625 0.8898193453125 0.494129575 0.8825800109375 0.48530933593750003 0.8596711484374999 0.4659603859375 0.8673336624999999 0.4743048515625 0.8898193453125
1 0.3104474078125 0.5468466796875 0.330982065625 0.5507483265625 0.3367505734375 0.5229493109375001 0.3166916875 0.51947084375 0.3104474078125 0.5468466796875
1 0.29368690625 0.5359676125 0.30745227656249996 0.5378769296875 0.31148036874999996 0.519389734375 0.297584346875 0.51683873125 0.29368690625 0.5359676125
1 0.2754127859375 0.5323250265625 0.2893802984375 0.5345893 0.2936943515625 0.5149551828125001 0.2794532078125 0.5126226875000001 0.2754127859375 0.5323250265625
1 0.098205775 0.5249934921875 0.11073364062499999 0.5272033781250001 0.1157502640625 0.505917103125 0.102948765625 0.5036389953125 0.098205775 0.5249934921875
1 0.096788465625 0.46190181875 0.0822367046875 0.46314653437500003 0.08331145625 0.4856470046875 0.0980061953125 0.48382882812499994 0.096788465625 0.46190181875
1 0.0752061171875 0.45987083906250004 0.06537509062499999 0.468992771875 0.0758642546875 0.4828765453125 0.0856952796875 0.47375460937499997 0.0752061171875 0.45987083906250004
1 0.067145046875 0.47704794375 0.0620840734375 0.48918651406249997 0.0781444875 0.49471360000000003 0.082801178125 0.48186512031250006 0.067145046875 0.47704794375
1 0.056643475 0.4981848859375 0.06318348124999999 0.50925669375 0.0782973140625 0.49992913593750005 0.0721024296875 0.48863882187499996 0.056643475 0.4981848859375
1 0.0674062703125 0.51213688125 0.07632761875 0.5183204375 0.0867675484375 0.5032592218749999 0.0773580984375 0.49786763437500003 0.0674062703125 0.51213688125
1 0.0815734421875 0.5217602515624999 0.0946485703125 0.5241065828125 0.0994507234375 0.5036804984375001 0.08630410468750001 0.5016209 0.0815734421875 0.5217602515624999
1 0.1287341296875 0.5307777390624999 0.1418092578125 0.5331240703125 0.1462539625 0.5141316375 0.13310734375 0.5120720375000001 0.1287341296875 0.5307777390624999
1 0.25435784375 0.5864636359375 0.23566462968750002 0.5903304312500001 0.23827517343750002 0.6101682671875001 0.2566232640625 0.6065199796875 0.25435784375 0.5864636359375
1 0.1458792203125 0.530788721875 0.15744321562500002 0.5333673937500001 0.16193475156249998 0.5165185234375 0.1500256359375 0.5141583562500001 0.1458792203125 0.530788721875
1 0.1642124203125 0.569165290625 0.17822924843750002 0.56656898125 0.175631034375 0.5455159984375 0.16203081875 0.547607071875 0.1642124203125 0.569165290625
1 0.181899971875 0.5157098703125 0.1951180828125 0.517482740625 0.20053898750000002 0.4969063734375 0.1871187359375 0.49477855000000004 0.181899971875 0.5157098703125
1 0.1979727140625 0.520021809375 0.21440290625 0.522900096875 0.21933571093749998 0.5031156984375 0.202977009375 0.49995068125 0.1979727140625 0.520021809375
1 0.21722303593749998 0.5220804609374999 0.23221358281249999 0.524904359375 0.237432346875 0.5039730375 0.2225724515625 0.5017908249999999 0.21722303593749998 0.5220804609374999
1 0.23631804843749998 0.5259277171875001 0.2513085953125 0.528751615625 0.25569413750000003 0.50883076875 0.2404891203125 0.5068670609375 0.23631804843749998 0.5259277171875001
1 0.4457412265625 0.8796520875 0.46626355625000004 0.8847688781249999 0.4724708515625 0.861038478125 0.45186470468750006 0.8574235609375 0.4457412265625 0.8796520875
1 0.3265317515625 0.85419359375 0.34650681875 0.8591739374999999 0.35175024062500004 0.8358123265625 0.3325837375 0.8322518000000001 0.3265317515625 0.85419359375
1 0.3041531671875 0.8495276515624999 0.3239975828125 0.853866309375 0.330204878125 0.8301359078124999 0.3098723609375 0.8265892171875 0.3041531671875 0.8495276515624999
1 0.1750142796875 0.7414955515625 0.1678431921875 0.731789171875 0.1584411078125 0.739190725 0.165064934375 0.7487606546875 0.1750142796875 0.7414955515625
1 0.183570815625 0.73631961875 0.1740504078125 0.7418643406250001 0.17897328437499999 0.7500965125 0.1887673234375 0.744620015625 0.183570815625 0.73631961875
1 0.17088019375000002 0.7569107703125 0.1641257171875 0.7466991546874999 0.155830484375 0.75315845625 0.1621091890625 0.76294689375 0.17088019375000002 0.7569107703125
1 0.358639059375 0.332577953125 0.3629161265625 0.31658927187499997 0.3430002203125 0.31253734375 0.3385210125 0.32817106875 0.358639059375 0.332577953125
1 0.24915693593750002 0.3555325453125 0.24040322343749998 0.3463452375 0.2266205609375 0.35965935 0.2348270109375 0.368710209375 0.24915693593750002 0.3555325453125
3 0.8381637968750001 0.50756588125 0.8365220093750001 0.5071565375 0.8357356203125 0.5103105718750001 0.8376510390625 0.5107881390625 0.8381637968750001 0.50756588125
3 0.7648052890625 0.7959622890625 0.7647214703125 0.797464165625 0.768766775 0.7975591093750001 0.768922084375 0.795770503125 0.7648052890625 0.7959622890625
3 0.7602545125 0.8456883124999999 0.75833909375 0.8452107453125001 0.7577548468749999 0.8487197359374999 0.759468121875 0.8488423484375 0.7602545125 0.8456883124999999
3 0.747734009375 0.8562715703125001 0.748091459375 0.8548379171875 0.745081515625 0.8540874546874999 0.7447955562499999 0.8552343765625 0.747734009375 0.8562715703125001
3 0.59512679375 1 0.5956144328125 0.9989449296874999 0.5926759796875001 0.9979077359374999 0.592247040625 0.9996281171874999 0.59373858125 1 0.59512679375 1
1 0.1871576390625 0.7207679515625001 0.17791086250000002 0.7263808984375 0.18336867343750002 0.7359646640624999 0.192055859375 0.731430415625 0.1871576390625 0.7207679515625001
1 0.1902563625 0.706008253125 0.17955761406249998 0.7127819546875 0.18461114218750002 0.7216558125 0.1957856640625 0.7153052890625 0.1902563625 0.706008253125
1 0.19293847656250002 0.691753790625 0.182037584375 0.6981725390625 0.1881856375 0.7073192921875 0.19861075781249998 0.7004773656250001 0.19293847656250002 0.691753790625
1 0.120798184375 0.7992437953125 0.117378996875 0.8117917109375 0.1285978703125 0.8145888890625 0.1317434265625 0.8019727515625 0.120798184375 0.7992437953125
1 0.26020207968750003 0.8486197234375 0.2806085671875 0.8448755421874999 0.27619356562499997 0.8136238265625 0.2566794609375 0.8172859515625 0.26020207968750003 0.8486197234375
1 0.21243993125 0.8245290875 0.2311898234375 0.8285948515625 0.235789834375 0.8078138140625001 0.21799148750000003 0.8045944078125 0.21243993125 0.8245290875
1 0.2334947109375 0.8380016156250001 0.25300633437500003 0.8413436359375 0.2584420515625 0.81254798125 0.239881971875 0.81005231875 0.2334947109375 0.8380016156250001
1 0.25594999218750003 0.7269558359375 0.2346387921875 0.7319972234375001 0.2388048203125 0.760750421875 0.2599730421875 0.7562824984375001 0.25594999218750003 0.7269558359375
1 0 0.72151105625 0.0153246203125 0.7245220609375 0.022044673437500002 0.6975694015625 0 0.6939232484375 0 0.72151105625
1 0 0.7444516640625001 0.0035263828125000002 0.7450311546874999 0.0082570453125 0.7248918 0 0.7234198984375 0 0.7444516640625001
1 0.122992196875 0.7857813 0.120061109375 0.7975372484375 0.131898734375 0.8001841453124999 0.134829821875 0.7884281984375 0.122992196875 0.7857813
1 0.1399057671875 0.7004592015625 0.137534271875 0.7111364515624999 0.15020511718750001 0.7127728734375001 0.152505125 0.702382353125 0.1399057671875 0.7004592015625
1 0.0837817796875 0.7029118828125 0.079576203125 0.71861383125 0.0996350875 0.722092296875 0.10349554375 0.7066088546875 0.0837817796875 0.7029118828125
1 0.1266505109375 0.7699429046875 0.12377858593749999 0.7826272671875001 0.1350689484375 0.785137715625 0.13794087500000002 0.772453353125 0.1266505109375 0.7699429046875
1 0.1295939265625 0.7569718125 0.126662840625 0.768727759375 0.13795320312499998 0.7712382078125 0.1408842890625 0.7594822609375 0.1295939265625 0.7569718125
1 0.131859428125 0.7432225875 0.12935728124999998 0.7532581515625 0.14099276562500002 0.7555500937499999 0.1430783015625 0.746019765625 0.131859428125 0.7432225875
1 0.1348866625 0.7287496171875001 0.1321108828125 0.738716959375 0.14429363125 0.74114535 0.14652214531250002 0.7310415609375001 0.1348866625 0.7287496171875001
1 0.137568775 0.71449515625 0.134519365625 0.7243942734375 0.1473208640625 0.7266723796875 0.14968003125 0.7172102781249999 0.137568775 0.71449515625
1 0.1138842421875 0.466773384375 0.09931030625000001 0.4634442484375 0.09429368437499999 0.4847305234375 0.1094863703125 0.4879093765625 0.1138842421875 0.466773384375
1 0.16627354218749998 0.46064854843749997 0.150272290625 0.456049878125 0.144851384375 0.47662624375 0.16093645625 0.4797230375 0.16627354218749998 0.46064854843749997
1 0.09687228437499999 0.46039994218749997 0.10126767343750001 0.44626809375 0.08525409218749999 0.44288456875 0.081203825 0.4567979109375 0.09687228437499999 0.46039994218749997
1 0.069331775 0.41698674062499996 0.060748101562500004 0.4315971078125 0.075962965625 0.4393498125 0.08509390156249999 0.4248758921875 0.069331775 0.41698674062499996
1 0.1242409984375 0.1827694953125 0.128900171875 0.1629168734375 0.10836551406249999 0.1590152265625 0.10377783125 0.17858111875 0.1242409984375 0.1827694953125
1 0.987800759375 0.45411721875 0.9664575375 0.4487957546875 0.9610119734374999 0.47180241250000005 0.982010075 0.47734238125 0.987800759375 0.45411721875
1 0.7632264375 0.2485881171875 0.7414666046875 0.2437718921875 0.736568303125 0.26691499687500003 0.7576502234375 0.2709530890625 0.7632264375 0.2485881171875
1 0.7389915953124999 0.24437302187499998 0.7187305687500001 0.24053960000000002 0.7146186578125 0.260528671875 0.735296296875 0.26385685625 0.7389915953124999 0.24437302187499998
1 0.716267890625 0.23992558437499997 0.6956617421875 0.23631067031250003 0.691751971875 0.25665469375 0.7120844890625 0.2602013859375 0.716267890625 0.23992558437499997
1 0.6917594171875 0.23564226562499999 0.6728073859375 0.23122154843749998 0.6689814328125 0.2500636984375 0.688147934375 0.2536242234375 0.6917594171875 0.23564226562499999
1 0.6409108734375 0.22509618437499998 0.6202455640625 0.22055285468750002 0.6148961484375 0.2408424890625 0.63543080625 0.2447441359375 0.6409108734375 0.22509618437499998
1 0.6172011187499999 0.2164436859375 0.597903965625 0.2122414734375 0.5930894828125 0.23388270156250002 0.6113636015624999 0.23752528750000002 0.6172011187499999 0.2164436859375
1 0.5642498265625 0.1968457921875 0.543554896875 0.20874103906250002 0.5570736953125001 0.23495326875 0.5779830953125 0.22219783125 0.5642498265625 0.1968457921875
1 0.5204170609375 0.197794696875 0.49672948124999994 0.19371605 0.492117140625 0.21571223125 0.515745559375 0.2188624640625 0.5204170609375 0.197794696875
1 0.4946957421875 0.1913816515625 0.4753147703125 0.18868131562499998 0.4713211796875 0.21052721718749998 0.49180900625 0.2122853015625 0.4946957421875 0.1913816515625
1 0.4718783703125 0.18264709375 0.44981776562500003 0.187197078125 0.4524036515625 0.20946520624999998 0.47432127656249995 0.20548868125 0.4718783703125 0.18264709375
1 0.44553829843750004 0.1763843296875 0.42417778437500003 0.1862862984375 0.432998021875 0.2091951609375 0.45517943125000004 0.1994978640625 0.44553829843750004 0.1763843296875
1 0.699936084375 0.3287428390625 0.7202686015624999 0.33228953125 0.72572649375 0.308067728125 0.7056676078125 0.3045892625 0.699936084375 0.3287428390625
1 0.6772370343749999 0.32186511093750003 0.694892403125 0.3256579796875 0.700527778125 0.30422142343749997 0.6831460421875 0.300496778125 0.6772370343749999 0.32186511093750003
1 0.1309265484375 0.1524581296875 0.133941453125 0.13920030625 0.1158103125 0.1349842609375 0.111903025 0.14832414375 0.1309265484375 0.1524581296875
1 0.1354328953125 0.127389971875 0.1391035390625 0.110336428125 0.11938977343749999 0.1066394546875 0.1155169890625 0.12333804374999999 0.1354328953125 0.127389971875
1 0.13893101875 0.093542896875 0.1422195546875 0.0803532984375 0.12469483750000002 0.077202115625 0.12140630156250001 0.09039171406249999 0.13893101875 0.093542896875
1 0.598120996875 0.170571571875 0.5771820578125 0.165960015625 0.5718203140625 0.187464796875 0.592485621875 0.192008128125 0.598120996875 0.170571571875
1 0.755436840625 0.137615315625 0.7715810734375 0.141640525 0.7773471 0.1208456515625 0.76133351875 0.11746212812500001 0.755436840625 0.137615315625
1 0.7323680140625 0.133386384375 0.7502970109375 0.137247475 0.7557302453125 0.1154559640625 0.737860409375 0.1125232875 0.7323680140625 0.133386384375
1 0.6394246375 0.12148152812499999 0.6184980265625 0.11565482812500001 0.6107204359375 0.13868915625 0.630611684375 0.145171375 0.6394246375 0.12148152812499999
1 0.643948196875 0.11499550781250001 0.6625674359375 0.118419584375 0.6671082875 0.09671013125 0.6488933296875 0.0939959625 0.643948196875 0.11499550781250001
1 0.6884957 0.1787904375 0.6938327859375 0.159715946875 0.6728346843749999 0.154175978125 0.6669503359375 0.17311401875000001 0.6884957 0.1787904375
1 0.6741829859374999 0.21055023906249998 0.6750483109375 0.1860970453125 0.6470762999999999 0.18521393749999998 0.6447121671875 0.20868432656250002 0.6741829859374999 0.21055023906249998
1 0.460053315625 0.0773683453125 0.47838659687499996 0.0819393453125 0.4842487703125 0.058427450000000006 0.4659031609375 0.055071596874999997 0.460053315625 0.0773683453125
1 0.3415168703125 0.0328907015625 0.322421859375 0.0290434453125 0.31708228906249997 0.055122078124999994 0.337141175 0.058600545312499995 0.3415168703125 0.0328907015625
1 0.43889990624999997 0.07361698125 0.45230782812500003 0.07695995156249999 0.4580861828125 0.054949932812500005 0.44446379062499997 0.052467154687499996 0.43889990624999997 0.07361698125
1 0.40990734218749997 0.0651701046875 0.4238625265625 0.068649521875 0.42893831093749996 0.0482916625 0.41476865625 0.0456724359375 0.40990734218749997 0.0651701046875
1 0.3879922 0.062142484374999994 0.40044857812499995 0.0646390984375 0.404631978125 0.044363296875 0.3926513734375 0.0422898625 0.3879922 0.062142484374999994
1 0.3621155734375 0.0575180453125 0.3801160625 0.061092406249999995 0.3853348265625 0.0401610875 0.36815522968750003 0.0367913953125 0.3621155734375 0.0575180453125
1 0.367386134375 0.024722 0.3478153484375 0.020451565625 0.34040505468750004 0.0478412375 0.35935708593750004 0.0522619546875 0.367386134375 0.024722
1 0.42165850625 0.14393415625 0.40560057499999996 0.131402928125 0.392256696875 0.14878565625 0.4082431390625 0.161603615625 0.42165850625 0.14393415625
1 0.653894578125 0.3175679578125 0.672715959375 0.321346990625 0.6786841265625 0.3009070734375 0.6593154828125 0.29699159062499997 0.653894578125 0.3175679578125
1 0.6299801984375 0.315564646875 0.6500760703124999 0.31539767812499997 0.6518929390625 0.291790840625 0.6319400484375 0.29138435 0.6299801984375 0.315564646875
1 0.6073624875 0.3141891859375 0.6274485125 0.30823321875 0.6224246046874999 0.2829207859375 0.6013870359375 0.28803039531249996 0.6073624875 0.3141891859375
1 0.2142528859375 0.3754581421875 0.200154721875 0.3725521859375 0.1957100171875 0.391544615625 0.21002265156250002 0.3935903828125 0.2142528859375 0.3754581421875
1 0.3566519125 0.43380382187500005 0.33570064374999997 0.4304074125 0.33040790625 0.45862960625 0.351716625 0.4605923640625 0.3566519125 0.43380382187500005
1 0.33266604375000003 0.43208724218750005 0.3126071578125 0.42860877343750003 0.3075658765625 0.45232533906250005 0.327696253125 0.4555170765625 0.33266604375000003 0.43208724218750005
1 0.2965097578125 0.42672712500000004 0.28000807656250004 0.42413556874999997 0.275538715625 0.4455582890625 0.2916361140625 0.4474399375 0.2965097578125 0.42672712500000004
1 0.2766653421875 0.4223884671875 0.2559877046875 0.4190602796875 0.2524107265625 0.4404009453125 0.2722674703125 0.44352445781250005 0.2766653421875 0.4223884671875
1 0.25415610625 0.4170808375 0.24129544531249997 0.41387431562500004 0.23748182187500003 0.43150131875 0.2506161140625 0.43477606562500004 0.25415610625 0.4170808375
1 0.23778507499999998 0.41513096562499996 0.22512655625 0.412279396875 0.22105163125 0.42862303125 0.2335794984375 0.4308329140625 0.23778507499999998 0.41513096562499996
1 0.19844144531250002 0.37242957187500003 0.18503352343749999 0.3690866015625 0.18074412812500001 0.38629042812500003 0.1936047859375 0.38949695 0.19844144531250002 0.37242957187500003
1 0.412223671875 0.44522297968749996 0.38955912812500004 0.44170395781250005 0.382957396875 0.47051344687499996 0.40520533125 0.4745377046875 0.412223671875 0.44522297968749996
1 0.179679225 0.3695789546875 0.1676394578125 0.36657710468750004 0.1632194125 0.38313924374999997 0.17533066718749998 0.38585436562500003 0.179679225 0.3695789546875
1 0.1578379734375 0.39306603125 0.1398374859375 0.3894916703125 0.1347493734375 0.411064675 0.152619209375 0.4139973515625 0.1578379734375 0.39306603125
1 0.13805271875 0.3896557859375 0.12136122499999999 0.38549412968749996 0.1170225140625 0.40755853750000004 0.13351186718750002 0.411365240625 0.13805271875 0.3896557859375
1 0.120338190625 0.384934503125 0.10336073593749999 0.3819197671875 0.09929565781250001 0.4040524 0.11586882968750001 0.4063572265625 0.120338190625 0.384934503125
1 0.086730803125 0.4054879515625 0.083013328125 0.42039793437500006 0.0999192921875 0.4236994 0.10356527812500001 0.40907615 0.086730803125 0.4054879515625
1 0.093921584375 0.4267723265625 0.0905492296875 0.4414638015625 0.1059563875 0.4437824640625 0.1088406421875 0.42988295625 0.093921584375 0.4267723265625
1 0.38188513125 0.441008834375 0.3603989265625 0.4362608328125 0.354369115625 0.462776478125 0.37536721875 0.468316446875 0.38188513125 0.441008834375
1 0.43443462187500004 0.452892675 0.4131505609375 0.4484996265625 0.40714540781249997 0.4725849828125 0.4287030984375 0.477046253125 0.43443462187500004 0.452892675
1 0.5803814890625 0.3035028546875 0.59980929375 0.30834675 0.605624634375 0.2826912953125 0.587624146875 0.2791169328125 0.5803814890625 0.3035028546875
1 0.7581204671874999 0.5220235359375 0.738027078125 0.5151863624999999 0.7310950375 0.5359950687499999 0.751402896875 0.5419720515625001 0.7581204671874999 0.5220235359375
1 0.5595485421874999 0.301963275 0.5785498890625 0.3015234109375 0.579962478125 0.2772066640625 0.5611755984375 0.2767863390625 0.5595485421874999 0.301963275
1 0.5307654859375 0.3066644921875 0.5496337 0.3125870859375 0.5580547 0.28697218593749996 0.538972015625 0.2819097828125 0.5307654859375 0.3066644921875
1 0.483247346875 0.2990806578125 0.502155028125 0.294353671875 0.4964187046875 0.2649044 0.47696375937499996 0.26949493750000003 0.483247346875 0.2990806578125
1 0.43510557343749995 0.2718498234375 0.44927522656249996 0.2744690484375 0.45429185 0.2531827765625 0.44019368593749997 0.2502768171875 0.43510557343749995 0.2718498234375
1 0.4073011984375 0.2679629625 0.4282524671875 0.271359371875 0.43320992968749994 0.24914468125 0.412401640625 0.2451748125 0.4073011984375 0.2679629625
1 0.37597660781250003 0.2595437546875 0.3952737609375 0.26374596562499997 0.40148105625 0.24001556562499998 0.38231455312499996 0.23645503906249998 0.37597660781250003 0.2595437546875
1 0.7363483046875 0.5184224562499999 0.7156829953125 0.5138791234375 0.7101314390625 0.53381380625 0.7307967484375 0.5383571359375 0.7363483046875 0.5184224562499999
1 0.562925378125 0.47609692812500004 0.5407489328125 0.4717859390625 0.5347782828125001 0.49923 0.554681859375 0.5044970734375 0.562925378125 0.47609692812500004
1 0.7071536015625 0.5096206234375 0.686416803125 0.5053640234375 0.67978056875 0.53081480625 0.7007318375 0.534211215625 0.7071536015625 0.5096206234375
1 0.6830863968750001 0.5024017765625 0.66296835 0.49799489374999995 0.656618075 0.5222987546875 0.67708124375 0.52648713125 0.6830863968750001 0.5024017765625
1 0.6603503625 0.499169484375 0.6387926687500001 0.49470821249999997 0.63332245 0.5201451609375 0.65454735 0.5236097953125001 0.6603503625 0.499169484375
1 0.6353661171875 0.49446298750000006 0.615378721875 0.4906977890625 0.609218259375 0.5165717515625 0.6306453000000001 0.5203913375 0.6353661171875 0.49446298750000006
1 0.6130121890625 0.4873667515625 0.592132409375 0.48368361406249993 0.58650688125 0.51090916875 0.6075296390625 0.514018846875 0.6130121890625 0.4873667515625
1 0.5848035328125001 0.48276998437499996 0.5637339421875 0.47751674531250005 0.5578471109375001 0.5034589296875 0.5788575406249999 0.507783753125 0.5848035328125001 0.48276998437499996
3 0.6181434421875001 0.9820249828125001 0.6180596234375 0.983526859375 0.6214861765624999 0.9837720843750001 0.62149850625 0.9825569390625001 0.6181434421875001 0.9820249828125001
3 0.4485351859375 0.482600059375 0.45004632187500004 0.48236771718749993 0.44973818593750003 0.4789407875 0.44822705 0.4791731265625 0.4485351859375 0.482600059375
3 0.5307805375 0.1970284984375 0.5309950078125001 0.1961683078125 0.5282586968749999 0.19548606875000002 0.5279727375000001 0.19663298906249999 0.5307805375 0.1970284984375
3 0.45224586093749997 0.2182579546875 0.45395913906249996 0.2183805671875 0.45412677500000004 0.215376815625 0.45275862031249997 0.21503569687500002 0.45224586093749997 0.2182579546875
3 0.4682741734375 0.247227759375 0.4663587546875 0.2467501921875 0.46486979531249994 0.251556384375 0.467130334375 0.2518154453125 0.4682741734375 0.247227759375
3 0.3614396578125 0.25256918281249996 0.36172561718749996 0.2514222609375 0.35844204375 0.2506035734375 0.35835822500000003 0.25210545 0.3614396578125 0.25256918281249996
0 0.35601386874999996 0.2533482671875 0.3558585609375 0.255136871875 0.36168863125 0.2550676984375 0.3615703078125 0.2532108671875 0.35601386874999996 0.2533482671875
0 0.35622585625 0.2594922171875 0.3576531734375 0.2607617515625 0.362711665625 0.2556273234375 0.36121285937500003 0.25464452031249996 0.35622585625 0.2594922171875
0 0.35779326875 0.43622027812499997 0.3590899328125 0.436848128125 0.360495075 0.433543809375 0.35885328906249997 0.4331344671875 0.35779326875 0.43622027812499997
0 0.316026021875 0.551283134375 0.316383471875 0.5498494828125 0.31282626874999997 0.548962571875 0.3126709609375 0.5507511796875 0.316026021875 0.551283134375
0 0.2905438296875 0.54157960625 0.2909012796875 0.5401459546875 0.28748705625 0.538685584375 0.2870581171875 0.5404059671875 0.2905438296875 0.54157960625
0 0.277387365625 0.5337310093750001 0.2784942171875 0.5327887578125 0.275841725 0.53060464375 0.27500850312499997 0.5316151171875 0.277387365625 0.5337310093750001
0 0.2427372515625 0.5421468375 0.24282106875 0.5406449609374999 0.239192375 0.54004478125 0.23890641562499998 0.5411917015625 0.2427372515625 0.5421468375
0 0.26255220625 0.49531293437499996 0.26083893125 0.495190321875 0.26012403125 0.4980576265625 0.26203944843750004 0.49853519375 0.26255220625 0.49531293437499996
0 0.227756065625 0.747945346875 0.2268760109375 0.7468122625 0.22300819062500002 0.7495025640625 0.223543125 0.75085415625 0.227756065625 0.747945346875
0 0.2277659125 0.7537343453124999 0.22675520625 0.751959575 0.222411615625 0.7542266984375 0.22280356875 0.7561517531249999 0.2277659125 0.7537343453124999
0 0.2294545328125 0.75628725 0.228300846875 0.7550859390625 0.223742784375 0.758213253125 0.22482497812500002 0.7597012953125 0.2294545328125 0.75628725
3 0.5311010015625001 0.1992402828125 0.5313869609374999 0.198093359375 0.5276276156249999 0.19685149531249999 0.5271986765625 0.198571878125 0.5311010015625001 0.1992402828125
3 0.5274008171875 0.1989268328125 0.5271148578125 0.200073753125 0.5301248000000001 0.20082421718750001 0.53048225 0.199390565625 0.5274008171875 0.1989268328125
3 0.5296958609375 0.20254460000000002 0.5297081890625 0.20132945468750002 0.5267697375 0.20029226093750002 0.5264122875 0.2017259125 0.5296958609375 0.20254460000000002
3 0.5465646765625001 0.2771026390625 0.5479328328124999 0.2774437578125 0.548992853125 0.2743579484375 0.5476961859375 0.2737300984375 0.5465646765625001 0.2771026390625
3 0.4628059515625 0.46849397656249997 0.46089053281250003 0.468016409375 0.460032653125 0.471457175 0.4618050921875 0.47250820468750004 0.4628059515625 0.46849397656249997
3 0.45843033593750004 0.460398253125 0.4567885484375 0.459988909375 0.4564902609375 0.4623509765625 0.457584784375 0.462623871875 0.45843033593750004 0.460398253125
3 0.47833639375 0.4586611828125 0.47862235468750003 0.4575142625 0.4739706265625 0.45635445625 0.4736131765625 0.4577881078125 0.47833639375 0.4586611828125
3 0.409906375 0.47083692812500005 0.4079909578125 0.47035936093749997 0.40713307812500005 0.4738001265625 0.40904849531250004 0.47427769375000006 0.409906375 0.47083692812500005
3 0.544543265625 0.273553096875 0.5459114203125 0.2738942171875 0.546697809375 0.27074018125 0.5449845343749999 0.27061756875 0.544543265625 0.273553096875
3 0.5476961859375 0.2737300984375 0.548992853125 0.2743579484375 0.5499813828125 0.2715588671875 0.5483395953125 0.2711495234375 0.5476961859375 0.2737300984375
3 0.510442896875 0.2751012296875 0.5120131921875 0.2757973046875 0.5130140515625 0.2717830765625 0.511300775 0.271660465625 0.510442896875 0.2751012296875
3 0.5333960421875 0.20285804999999998 0.5336105124999999 0.2019978578125 0.5306720625 0.2009606640625 0.5303146125 0.2023943171875 0.5333960421875 0.20285804999999998
3 0.5130929046875 0.2842894875 0.513378865625 0.283142565625 0.5098216625 0.2822556546875 0.5095357015624999 0.28340257812499997 0.5130929046875 0.2842894875
3 0.5040557156250001 0.26924495937500004 0.505007259375 0.270091315625 0.5074945984375 0.2682750390625 0.5066860328125 0.266855221875 0.5040557156250001 0.26924495937500004
3 0.505044246875 0.266445878125 0.50565066875 0.267510740625 0.50813800625 0.265694465625 0.5071864625 0.26484810937500003 0.505044246875 0.266445878125
3 0.5036169296875 0.26517634375 0.504770615625 0.26637765468749997 0.5073294421875 0.2642746484375 0.5065208765625 0.2628548296875 0.5036169296875 0.26517634375
3 0.536378846875 0.213042946875 0.5374733703125 0.21331584218750002 0.5381167796875 0.21073526718750002 0.53702225625 0.210462371875 0.536378846875 0.213042946875
3 0.5333713875 0.20528834062499998 0.53345520625 0.2037864640625 0.5301001421875 0.203254509375 0.52974269375 0.20468815937499998 0.5333713875 0.20528834062499998
0 0.22792858593749998 0.7647388796875 0.22901078125000002 0.7662269203125 0.23356884375 0.7630996062500001 0.23214152812500002 0.7618300703124999 0.22792858593749998 0.7647388796875
0 0.1875322203125 0.77172200625 0.187961159375 0.7700016234375 0.1827621703125 0.76870536875 0.18205960000000002 0.770357528125 0.1875322203125 0.77172200625
3 0.2081013828125 0.7789823578124999 0.20645959687499998 0.7785730140625 0.205744696875 0.78144031875 0.2073864828125 0.7818496625 0.2081013828125 0.7789823578124999
3 0.223712053125 0.20696130625000003 0.2241409921875 0.20524092187499998 0.22065527812500002 0.20406728125 0.2201548484375 0.2060743953125 0.223712053125 0.20696130625000003
0 0.2111743390625 0.19896242343749998 0.211603278125 0.197242040625 0.2063327984375 0.1962325171875 0.205903859375 0.19795290000000001 0.2111743390625 0.19896242343749998
3 0.241118446875 0.20825565781250002 0.241475896875 0.2068220046875 0.2379186921875 0.2059350953125 0.2374897515625 0.20765547812500001 0.241118446875 0.20825565781250002
3 0.230505996875 0.206523340625 0.2309349359375 0.20480295937499998 0.22628320781250003 0.20364315312499998 0.22558063750000001 0.20529531093750003 0.230505996875 0.206523340625
3 0.3054271109375 0.041252140625 0.3054147828125 0.0424672859375 0.3091149671875 0.042780735937499995 0.3089251546875 0.041210635937500004 0.3054271109375 0.041252140625
3 0.2417352 0.0122761046875 0.242164140625 0.010555721875 0.23751241250000002 0.009395915625 0.23708347187499998 0.0111162984375 0.2417352 0.0122761046875
3 0.10856012968749999 0.214188178125 0.10884609062499999 0.21304125625 0.1052888859375 0.21215434531250002 0.10493143593750001 0.21358799843749998 0.10856012968749999 0.214188178125
3 0.117734771875 0.4793065125 0.1193765578125 0.47971585625 0.12030592656250001 0.4759883625 0.118664140625 0.47557901874999997 0.117734771875 0.4793065125
3 0.09703760156249999 0.3967891953125 0.098607896875 0.39748527031249997 0.1002151796875 0.39453590625 0.09891851406249999 0.39390805625 0.09703760156249999 0.3967891953125
3 0.0804151140625 0.3993449515625 0.079046959375 0.39900383281249996 0.077713309375 0.40202141874999997 0.07935509375000001 0.4024307625 0.0804151140625 0.3993449515625
3 0.097612003125 0.387491209375 0.099110809375 0.3884740140625 0.1012185203125 0.3835175375 0.09937459374999999 0.382753240625 0.097612003125 0.387491209375
3 0.099002253125 0.42621174999999994 0.0992882125 0.425064828125 0.0957310078125 0.4241779171875 0.0956471890625 0.42567979375 0.099002253125 0.42621174999999994
3 0.08609451875 0.5222783734374999 0.087332021875 0.5219778078124999 0.08675025625 0.5184826546875 0.0854412609375 0.51906995 0.08609451875 0.5222783734374999
3 0.0083780109375 0.6521333515625 0.0092580671875 0.6532664375 0.011745403125 0.6514501609375001 0.011210468749999999 0.65009856875 0.0083780109375 0.6521333515625
3 0.1101297796875 0.4853288015625 0.11076086249999999 0.483963375 0.10754877968750001 0.48285795625 0.1071913296875 0.48429160937500004 0.1101297796875 0.4853288015625
3 0.1275756421875 0.4759735765625 0.1292174296875 0.47638292031249996 0.13000381875 0.4732288859375 0.12836203125 0.4728195421875 0.1275756421875 0.4759735765625
3 0.2156324 0.7802509421875 0.21384763437499998 0.780415059375 0.21340636562499998 0.7833505875 0.21511964374999998 0.7834732015625 0.2156324 0.7802509421875
3 0.2824032609375 0.816694853125 0.2837714171875 0.8170359734374999 0.284759946875 0.8142368921875001 0.28311815937499996 0.8138275484375 0.2824032609375 0.816694853125
3 0.22048626875 0.7817657015624999 0.21884448281250002 0.7813563593749999 0.21860535625000002 0.784646840625 0.220045 0.7847012296875 0.22048626875 0.7817657015624999
3 0.23609556718750002 0.78443931875 0.2341801515625 0.7839617515625 0.23325078124999998 0.7876892468750001 0.2352376890625 0.7878800828125 0.23609556718750002 0.78443931875
3 0.2424605734375 0.7857217375000001 0.2405451546875 0.7852441703124999 0.2401630484375 0.7891081125 0.24180483593750002 0.78951745625 0.2424605734375 0.7857217375000001
3 0.247003825 0.790813709375 0.248300490625 0.7914415609375001 0.2488847375 0.787932571875 0.24751658281250002 0.7875914515625 0.247003825 0.790813709375
3 0.20681208125 0.7911476484375 0.2051702953125 0.7907383046875001 0.20438390625 0.793892340625 0.2057520609375 0.794233459375 0.20681208125 0.7911476484375
3 0.2839735578125 0.8173909265624999 0.2853417125 0.8177320453125001 0.28640173281250003 0.8146462359375001 0.285033578125 0.814305115625 0.2839735578125 0.8173909265624999
3 0.187110565625 0.820041096875 0.18902598125 0.8205186640625 0.1901821484375 0.81471583125 0.1881952421875 0.8145249968750001 0.187110565625 0.820041096875
3 0.175152940625 0.48448582656249994 0.1750691234375 0.4859877015625 0.178079065625 0.48673816406250003 0.1784365140625 0.48530451250000006 0.175152940625 0.48448582656249994
3 0.0779982984375 0.8065413234375001 0.07870086875 0.8048891640625 0.07521515625 0.8037155234375 0.0745840765625 0.8050809515624999 0.0779982984375 0.8065413234375001
3 0.154953396875 0.5421878125 0.1558581078125 0.540890609375 0.15224174375 0.539075284375 0.15161066406249998 0.5404407124999999 0.154953396875 0.5421878125
3 0.13603835 0.534121659375 0.13595453125 0.5356235359375 0.140058996875 0.53664689375 0.1404879359375 0.5349265109375 0.13603835 0.534121659375
3 0.11200565 0.5302615171875 0.112291609375 0.5291145968750001 0.11017405 0.528282075 0.1098166 0.5297157265625 0.11200565 0.5302615171875
3 0.225321009375 0.5350634859375 0.22496356093749997 0.5364971390625 0.2280449921875 0.5369608718750001 0.2281288109375 0.5354589953125 0.225321009375 0.5350634859375
3 0.1862313171875 0.48085232187500004 0.18520828281249999 0.480292696875 0.1841482625 0.48337850781249997 0.185444928125 0.4840063578125 0.1862313171875 0.48085232187500004
3 0.4611764921875 0.4668694875 0.4625446484375 0.4672106078125 0.46360466875000006 0.464124796875 0.46196288125 0.46371545468750003 0.4611764921875 0.4668694875
3 0.37437364375 0.5189293828125 0.372933996875 0.51887499375 0.3722190984375 0.5217422968750001 0.3735872546875 0.5220834171875001 0.37437364375 0.5189293828125
3 0.745416790625 0.8480799515624999 0.745332971875 0.8495818281249999 0.7494374374999999 0.8506051859375001 0.749866378125 0.848884803125 0.745416790625 0.8480799515624999
3 0.3638450125 0.515695190625 0.362203225 0.515285846875 0.36107171562499996 0.5186583875 0.3629871328125 0.51913595625 0.3638450125 0.515695190625
3 0.512581903125 0.584757721875 0.5142951796874999 0.5848803359375 0.5150100796875 0.58201303125 0.5133682921875 0.5816036875 0.512581903125 0.584757721875
3 0.507476578125 0.5877485890624999 0.509118365625 0.5881579328125001 0.5098332640625001 0.585290628125 0.50784635625 0.5850997921875 0.507476578125 0.5877485890624999
3 0.5313780640625 0.8276060265625 0.5298077671875 0.8269099546875 0.528604765625 0.830569225 0.530246553125 0.83097856875 0.5313780640625 0.8276060265625
3 0.5291890140625 0.8270602359374999 0.528094490625 0.826787340625 0.5273081000000001 0.8299413765624999 0.5287477453125 0.8299957640625 0.5291890140625 0.8270602359374999
3 0.5279638390625 0.8261456562499999 0.5262505625 0.82602304375 0.525666315625 0.8295320328125 0.5270344703125 0.8298731515625001 0.5279638390625 0.8261456562499999
3 0.525392603125 0.8632693765624999 0.5237508171874999 0.8628600328125 0.52316656875 0.8663690234375 0.5242610921875 0.8666419187500001 0.525392603125 0.8632693765624999
3 0.5269629 0.8639654515625 0.5252496234375 0.8638428375 0.524665375 0.8673518265625001 0.5263071625 0.8677611687500001 0.5269629 0.8639654515625
3 0.4902001921875 0.857540471875 0.49062913124999996 0.8558200906250001 0.4870004359375 0.8552199093749999 0.486571496875 0.8569402921875 0.4902001921875 0.857540471875
3 0.46007611718749997 0.8524661359374999 0.46117064062499996 0.85273903125 0.461885540625 0.8498717265625 0.4605173859375 0.8495306078124999 0.46007611718749997 0.8524661359374999
3 0.4578747390625 0.8531354906249999 0.4594450375 0.8538315640624999 0.460302915625 0.8503907999999999 0.458661128125 0.8499814562499999 0.4578747390625 0.8531354906249999
3 0.44546519531250006 0.8527824359375 0.4447281203125 0.8510758890625001 0.44163436093749997 0.8518273015625001 0.442026315625 0.85375235625 0.44546519531250006 0.8527824359375
3 0.43530361875 0.9553202953125 0.4366717734375 0.9556614140624999 0.43766030312500004 0.952862334375 0.43629214843749997 0.9525212156249999 0.43530361875 0.9553202953125
3 0.43865868125 0.9558522515625001 0.44030046718750004 0.9562615953125 0.4406702453125 0.953612796875 0.43923060156249993 0.953558409375 0.43865868125 0.9558522515625001
3 0.455589303125 0.9567234265625 0.453947515625 0.9563140828125001 0.45330410624999995 0.9588946578125 0.45494589375 0.9593040015625001 0.455589303125 0.9567234265625
3 0.46229942812499997 0.9577873390624999 0.4610027625 0.9571594890625 0.4602163734375 0.9603135234375 0.461858159375 0.9607228671874999 0.46229942812499997 0.9577873390624999
3 0.5201227687500001 0.591815303125 0.5205147218749999 0.5937403578125 0.523822953125 0.592128753125 0.5228122453124999 0.59035398125 0.5201227687500001 0.591815303125
3 0.555517321875 0.5978991640625 0.5571591078125 0.59830850625 0.5580884765625 0.5945810109375 0.5561730609375 0.59410344375 0.555517321875 0.5978991640625
3 0.6187508328125 0.5774230203124999 0.6171090484375 0.5770136765625 0.6165248 0.580522665625 0.6185117078125 0.5807135031249999 0.6187508328125 0.5774230203124999
3 0.7936703296875 0.5263187874999999 0.7940992687499999 0.52459840625 0.7897211703125 0.523506825 0.7892922312499999 0.5252272062500001 0.7936703296875 0.5263187874999999
3 0.7463338312500001 0.8455676015625 0.7463215015625 0.846782746875 0.74987870625 0.8476696578125 0.75023615625 0.8462360046875 0.7463338312500001 0.8455676015625
3 0.74955824375 0.8454578734375 0.749844203125 0.844310953125 0.7460133671875 0.8433558171875 0.7457274078125 0.8445027390625001 0.74955824375 0.8454578734375
3 0.7913848921875 0.6299067265625 0.7910274421875 0.631340378125 0.7948582765625 0.6322955125 0.7955608468750001 0.630643353125 0.7913848921875 0.6299067265625
3 0.76911494375 0.5536974781249999 0.77082821875 0.553820090625 0.7714839578125 0.550024371875 0.7698421718749999 0.5496150281250001 0.76911494375 0.5536974781249999
3 0.7022676296875 0.5315485828125001 0.703909415625 0.5319579265625001 0.7052430671875001 0.5289403390625 0.7031255078124999 0.5281078171875 0.7022676296875 0.5315485828125001
3 0.7410493484375 0.5147216796875 0.7407880453125 0.513438309375 0.7370755328125 0.51434000625 0.737408325 0.51533664375 0.7410493484375 0.5147216796875
3 0.8489514093749999 0.451476446875 0.8473096234374999 0.45106710312500004 0.8469990062500001 0.4546443171875 0.8484386515625 0.45469870625000003 0.8489514093749999 0.451476446875
3 0.63165344375 0.5629758203125 0.6302852890625 0.5626347015625 0.6292967578125 0.56543378125 0.6309385437499999 0.565843125 0.63165344375 0.5629758203125
3 0.7583551953125001 0.2961023578125 0.75651126875 0.295338059375 0.755510409375 0.299352284375 0.7574258265625 0.2998298515625 0.7583551953125001 0.2961023578125
3 0.5668404328125 0.30652234218749996 0.5679226296875 0.3080103828125 0.572266221875 0.305743259375 0.5709103953125 0.30418699375 0.5668404328125 0.30652234218749996
3 0.71975584375 0.3355117890625 0.71901876875 0.3338052421875 0.7156390484374999 0.3357035765625 0.71617398125 0.3370551703125 0.71975584375 0.3355117890625
3 0.5396322328125 0.46693919062499994 0.5393462734375001 0.4680861140625 0.543177109375 0.4690412484375 0.5432609265624999 0.4675393703125 0.5396322328125 0.46693919062499994
3 0.54451548125 0.55343208125 0.5425285734374999 0.55324124375 0.541944325 0.5567502328125 0.5435861125 0.5571595765625 0.54451548125 0.55343208125
3 0.59514955625 0.5648383546875 0.59350776875 0.5644290109375001 0.5925784000000001 0.56815650625 0.5942916765625 0.56827911875 0.59514955625 0.5648383546875
3 0.462131790625 0.960791090625 0.46384506718749996 0.9609137046875 0.4639412140625 0.9581966812499999 0.46250156875000004 0.9581422937499999 0.462131790625 0.960791090625
3 0.4661302625 0.9587424734375001 0.46448847656250003 0.9583331296875001 0.46357143437500004 0.9608454796875 0.4649395921875 0.9611865999999999 0.4661302625 0.9587424734375001
3 0.468841915625 0.961855003125 0.4704837015625 0.9622643468750001 0.47099646093749997 0.9590420875 0.46921169375 0.95920620625 0.468841915625 0.961855003125
3 0.46249509062499994 0.5734878953125 0.462339784375 0.575276503125 0.46569484531249994 0.5758084593749999 0.46585015468749996 0.574019853125 0.46249509062499994 0.5734878953125
3 0.44926953750000004 0.5927274546875 0.4496984765625 0.591007071875 0.44661704375 0.590543340625 0.4462595953125 0.5919769921875 0.44926953750000004 0.5927274546875
3 0.43469559999999996 0.5893983203125 0.43498156093749996 0.5882513968749999 0.43169798750000005 0.5874327109374999 0.4313405375 0.5888663625 0.43469559999999996 0.5893983203125
3 0.43067495312500004 0.586873084375 0.4308894234375 0.58601289375 0.4278794828125 0.58526243125 0.427593521875 0.5864093515625 0.43067495312500004 0.586873084375
3 0.43010303437499997 0.5891669281249999 0.43018685312500005 0.5876650531250001 0.426831790625 0.5871330953125 0.42681946249999997 0.588348240625 0.43010303437499997 0.5891669281249999
3 0.42490404374999996 0.5878706734375 0.425190003125 0.586723753125 0.42170428906249996 0.5855501125 0.421620471875 0.5870519875 0.42490404374999996 0.5878706734375
3 0.46735144218749997 0.5679985140625 0.4671616296875 0.5664284140625 0.4634614453125 0.5661149640625001 0.46303250625 0.567835346875 0.46735144218749997 0.5679985140625
3 0.46057719218750004 0.580014471875 0.4602912328125 0.58116139375 0.4635748046875 0.5819800796875 0.4636586234375 0.5804782046875 0.46057719218750004 0.580014471875
3 0.31515773125 0.785573884375 0.3135159453125 0.7851645406250001 0.312801046875 0.7880318453124999 0.31437134218749996 0.78872791875 0.31515773125 0.785573884375
3 0.46035039375000003 0.5820898078125001 0.460064434375 0.5832367296875 0.4628007453125 0.58391896875 0.46315819375 0.5824853171875 0.46035039375000003 0.5820898078125001
3 0.45221303281249997 0.54595079375 0.4518555828125 0.5473844453125001 0.45541278749999997 0.54827135625 0.45604386718749995 0.5469059281249999 0.45221303281249997 0.54595079375
3 0.4518555828125 0.5473844453125001 0.4517717640625 0.548886321875 0.45532896875000006 0.54977323125 0.455614928125 0.5486263109375 0.4518555828125 0.5473844453125001
3 0.4511530125 0.549036603125 0.450997703125 0.550825209375 0.45428127656250006 0.551643896875 0.45443658593749997 0.5498552906249999 0.4511530125 0.549036603125
3 0.447704284375 0.5442175265625 0.44921542031249995 0.5439851859375 0.44903793593749997 0.5411999390625 0.447324659375 0.5410773265625 0.447704284375 0.5442175265625
3 0.38653173125 0.5237880640625 0.384616315625 0.523310496875 0.3840320671875 0.5268194859374999 0.385400221875 0.5271606046875 0.38653173125 0.5237880640625
3 0.4306274765625 0.8551740734375001 0.42974742031249996 0.8540409890625 0.4278073453125 0.8559937124999999 0.4286874 0.8571267984375 0.4306274765625 0.8551740734375001
3 0.36222219375 0.8311139609374999 0.36399462968749996 0.8321649875 0.3657448921875 0.8286421640625001 0.364174596875 0.827946090625 0.36222219375 0.8311139609374999
3 0.47349364375 0.963014809375 0.4751354296875 0.963424153125 0.47557669843749995 0.960488625 0.4742085421875 0.96014750625 0.47349364375 0.963014809375
3 0.5229986906249999 0.97078948125 0.5216305343750001 0.9704483609375 0.5208441453125 0.9736023953125 0.52248593125 0.9740117390625 0.5229986906249999 0.97078948125
3 0.48885396875 0.9631899109375001 0.487557303125 0.9625620609375 0.486354303125 0.9662213328125 0.4877939484375 0.9662757203125001 0.48885396875 0.9631899109375001
3 0.493029925 0.9639265390625 0.49186391093750004 0.9639403734374999 0.4914226421875 0.9668759015624999 0.49258865625 0.9668620671875001 0.493029925 0.9639265390625
3 0.49279079687499994 0.9672170203125001 0.4941589515625 0.9675581390625 0.494945340625 0.96440410625 0.49350569687499996 0.9643497156249999 0.49279079687499994 0.9672170203125001
3 0.49436109375 0.96791309375 0.4960743703125 0.9680357078125 0.49638498750000004 0.9644584953124999 0.494945340625 0.96440410625 0.49436109375 0.96791309375
3 0.51187348125 0.9722794218749999 0.5132416375 0.9726205421874999 0.514099515625 0.9691797781249999 0.5127313609375 0.9688386578125 0.51187348125 0.9722794218749999
3 0.51820398125 0.9702031359375001 0.5168358265624999 0.9698620171875 0.5164660484375 0.9725108125 0.517834203125 0.9728519328124999 0.51820398125 0.9702031359375001
3 0.5242953546875 0.97141733125 0.5232008312499999 0.9711444359374999 0.52248593125 0.9740117390625 0.5238540859375 0.9743528578125 0.5242953546875 0.97141733125
3 0.33200197187499997 0.8287566468750001 0.33198964375 0.8299717921875001 0.335820478125 0.8309269265625 0.336177928125 0.8294932734374999 0.33200197187499997 0.8287566468750001
3 0.5274482765624999 0.9715943328125001 0.5260086312500001 0.9715399437500001 0.525365221875 0.9741205171875 0.526733378125 0.9744616374999999 0.5274482765624999 0.9715943328125001
3 0.533063878125 0.9723853484375 0.5316242328125 0.9723309609375 0.5312544546875 0.9749797578124999 0.5329677296875001 0.9751023703125 0.533063878125 0.9723853484375
3 0.5364189390625 0.97291730625 0.5347056640625001 0.9727946921875 0.5337762953125 0.9765221875 0.5354895703125 0.9766448015625 0.5364189390625 0.97291730625
3 0.542093703125 0.9746367375 0.54065405625 0.9745823484375 0.5399391578125 0.977449653125 0.5415809453125 0.977858996875 0.542093703125 0.9746367375
3 0.54832805625 0.975277471875 0.54668626875 0.974868128125 0.5457569 0.9785956234375 0.5477438078125 0.9787864609374999 0.54832805625 0.975277471875
3 0.35664573593750004 0.9548956390625 0.3570746765625 0.95317525625 0.3520063390625 0.9525206875000001 0.3519225203125 0.9540225640625 0.35664573593750004 0.9548956390625
1 0.7785648296875001 0.14277266093750002 0.796708296875 0.1457735609375 0.801034678125 0.1249242984375 0.7835814531249999 0.12148638593750001 0.7785648296875001 0.14277266093750002