3 0.287388759375 0.17123208125 0.28705119687499997 0.17930470468749998 0.31345749375 0.17339760937499998 0.3137950578125 0.1653249875 0.287388759375 0.17123208125
0 0.22110754687499998 0.46149453281249997 0.2088025890625 0.46964055312499997 0.23179593125000003 0.4968573328125 0.2454078875 0.488976875 0.22110754687499998 0.46149453281249997
0 0.6955294999999999 0.5340923453124999 0.68191754375 0.541972803125 0.7107614234375 0.574762053125 0.7240977328125 0.5661993390625 0.6955294999999999 0.5340923453124999
0 0.6755869515625 0.5381815390625 0.663006346875 0.5456453046874999 0.689511878125 0.578585684375 0.704430834375 0.5709707875000001 0.6755869515625 0.5381815390625
0 0.6699535421875 0.6341051921874999 0.684259284375 0.6338806640625 0.7032756531250001 0.5888972328125 0.6907569625 0.5876061234375001 0.6699535421875 0.6341051921874999
0 0.6383158546875001 0.5468910484375 0.624979546875 0.5554537625 0.65196513125 0.5866129390625 0.6645457390625 0.5791491734374999 0.6383158546875001 0.5468910484375
0 0.6329580921875 0.6434969578125 0.6469881875 0.642590175 0.6673115546874999 0.5978723046875001 0.6537615125 0.5969978874999999 0.6329580921875 0.6434969578125
0 0.6150782453125 0.646752765625 0.629383990625 0.6465282359375 0.6460620078125 0.6016959374999999 0.632511965625 0.60082151875 0.6150782453125 0.646752765625
0 0.5956869953124999 0.65220646875 0.6089613875000001 0.65239863125 0.6277021078125 0.606732946875 0.6131207171875 0.606275221875 0.5956869953124999 0.65220646875
0 0.6018004609375 0.5545016125 0.590251203125 0.5615486859375001 0.6131113859374999 0.594374634375 0.6269989921875 0.5871764296875 0.6018004609375 0.5545016125
0 0.5525034453125001 0.6640983874999999 0.5670848375 0.6645561125 0.5874082046875 0.6198382453125 0.5738581625 0.618963828125 0.5525034453125001 0.6640983874999999
0 0.5430041671875 0.5663525 0.5291165609374999 0.5735507046875 0.5563777937500001 0.6053921359375 0.5715723984375 0.59845949375 0.5430041671875 0.5663525
0 0.5351036515625001 0.6655729953125 0.54940939375 0.6653484656249999 0.5684257625 0.6203650359374999 0.5548757203125 0.6194906171875 0.5351036515625001 0.6655729953125
0 0.52306161875 0.5704416921875 0.5097253109375 0.5790044062499999 0.5372621921875 0.6115280921874999 0.5508741500000001 0.603647634375 0.52306161875 0.5704416921875
0 0.505181771875 0.5736975015625 0.49287681406250006 0.581843521875 0.5199336421874999 0.6161484109375001 0.5332699515625 0.607585696875 0.505181771875 0.5736975015625
0 0.499824009375 0.6703034109375 0.5126183515625 0.6722767734375 0.5334217703124999 0.62577770625 0.519871728125 0.6249032875 0.499824009375 0.6703034109375
0 0.4617972109375 0.6801118671874999 0.476378603125 0.6805695921875 0.494087971875 0.6353206015625 0.4795065796875 0.6348628749999999 0.4617972109375 0.6801118671874999
0 0.466879325 0.5828237046875 0.45402306875000004 0.5896052171874999 0.47798584687499995 0.6251601828125 0.4926291546875 0.6168630296875001 0.466879325 0.5828237046875
0 0.4413033640625 0.6828365515625 0.45588475781250004 0.6832942765625 0.47545242187500003 0.6396753546875 0.4623824328125 0.6370197359375 0.4413033640625 0.6828365515625
0 0.4489994765625 0.5860795125 0.43483622187500004 0.5925954625000001 0.46010599843750005 0.6284159890625001 0.4734423078125 0.6198532765625 0.4489994765625 0.5860795125
0 0.40430791718750003 0.692228315625 0.4175823109375 0.6924204796875 0.4373543796875 0.646338103125 0.4227729875 0.645880378125 0.40430791718750003 0.692228315625
0 0.42141933906249995 0.586111878125 0.4101457328125 0.59384120625 0.4376826125 0.6263648921875 0.45026322187499995 0.6189011265625 0.42141933906249995 0.586111878125
0 0.4106970296875 0.595205715625 0.3978407734375 0.6019872265624999 0.4246219546875 0.6356098609374999 0.43747820937500004 0.62882835 0.4106970296875 0.595205715625
0 0.6894160359375 0.6317972000000001 0.70447748125 0.630473725 0.7217067984375001 0.587005934375 0.707401053125 0.5872304640625 0.6894160359375 0.6317972000000001
0 0.4747891703125 0.495503796875 0.48861486093749995 0.49706046875 0.511072171875 0.4546549265625 0.49827783124999997 0.4526815609375 0.4747891703125 0.495503796875
0 0.4866819265625 0.40022569687500004 0.47540831875 0.40795502499999997 0.4982685015625 0.4407809734375 0.511880459375 0.4329005140625 0.4866819265625 0.40022569687500004
0 0.34434032812500004 0.5259870828125 0.357890371875 0.5268615 0.37896943906249997 0.48104468593750005 0.3630810484375 0.4803213984375 0.34434032812500004 0.5259870828125
0 0.2530794046875 0.44857706249999996 0.240498796875 0.4560408296875 0.269067028125 0.48814782343749996 0.281923284375 0.4813663109375 0.2530794046875 0.44857706249999996
0 0.265050190625 0.5405626546875 0.2786002328125 0.541437071875 0.301537596875 0.4972503296875 0.28874325624999997 0.4952769640625 0.265050190625 0.5405626546875
0 0.2855440359375 0.5378379703125 0.2990940796875 0.5387123890625001 0.31941744375000003 0.4939945203125 0.3061430515625 0.4938023578125 0.2855440359375 0.5378379703125
0 0.27432895 0.44475343125 0.26277969218749997 0.45180050625 0.2885295234375 0.48583983125 0.30186583125 0.47727711875 0.27432895 0.44475343125
0 0.31393839687499997 0.43589279062499997 0.299019440625 0.4435076875 0.32559621562499996 0.47959377812500004 0.3402395234375 0.4712966265625 0.31393839687499997 0.43589279062499997
0 0.30603787968749996 0.5351132859375001 0.31931227500000003 0.53530545 0.3383286421875 0.49032202031249994 0.32580995 0.489030909375 0.30603787968749996 0.5351132859375001
0 0.3246734296875 0.5307585312499999 0.3389791734375 0.5305340015625 0.359026890625 0.4851338796875 0.3447211484375 0.48535840781250006 0.3246734296875 0.5307585312499999
0 0.33078689375 0.433053675 0.3182062859375 0.440517440625 0.3457431671875 0.4730411296875 0.359355125 0.46516066875 0.33078689375 0.433053675
0 0.34887114375 0.4273344109375 0.3365661859375 0.43548043124999997 0.363623015625 0.4697853203125 0.3779906734375 0.46080591406250004 0.34887114375 0.4273344109375
0 0.363047121875 0.5247780375 0.376321515625 0.5249702015625 0.39712493437499996 0.47847113124999996 0.3838505421875 0.47827896875000003 0.363047121875 0.5247780375
0 0.4668106234375 0.4074606015625 0.45498571875 0.41382542187500004 0.480735546875 0.447864746875 0.493591803125 0.441083234375 0.4668106234375 0.4074606015625
0 0.380375671875 0.520157721875 0.3939257140625 0.5210321390625 0.41528043124999997 0.475897578125 0.40248609062499996 0.47392421406249996 0.380375671875 0.520157721875
0 0.3678535859375 0.426807621875 0.35499733125 0.4335891328125 0.3825342125 0.4661128203125 0.39642181875000004 0.458914615625 0.3678535859375 0.426807621875
0 0.3886230796875 0.4247651921875 0.37652252656249996 0.43044775625 0.40433505625 0.46365369687499997 0.4169156640625 0.45618992968749994 0.3886230796875 0.4247651921875
0 0.40877003125 0.4182125421875 0.396189425 0.4256763078125 0.4209079046875 0.4601323265625 0.43555121249999995 0.451835175 0.40877003125 0.4182125421875
0 0.40031821875 0.5160685265625 0.41283691093749997 0.5173596390624999 0.4349473296875 0.47112613124999997 0.42009028906249996 0.46998615 0.40031821875 0.5160685265625
0 0.4179936625 0.5152761765625 0.431819353125 0.5168328484375 0.4531740703125 0.47169828750000004 0.44010408125 0.46904266874999995 0.4179936625 0.5152761765625
0 0.42320893593750003 0.412378846875 0.41193532812500006 0.42010817500000003 0.440503559375 0.45221516875 0.45383986875 0.4436524546875 0.42320893593750003 0.412378846875
0 0.4394476125 0.5089890875 0.45402900468749996 0.5094468140624999 0.47276972500000003 0.4637811296875 0.46025103281249996 0.46249001874999995 0.4394476125 0.5089890875
0 0.4578075140625 0.5039520796875 0.47005055625000003 0.5045609343749999 0.49374362187500004 0.45927524374999995 0.48019358125 0.458400825 0.4578075140625 0.5039520796875
0 0.3904788328125 0.598612653125 0.378173875 0.606758675 0.40447500312500007 0.6421625109375 0.4175356625 0.6329175421875 0.3904788328125 0.598612653125
0 0.38464101875 0.6969997640625001 0.3976397625 0.6965096734375 0.41768747968750003 0.6511095515624999 0.4033817375 0.6513340796875 0.38464101875 0.6969997640625001
0 0.3657298203125 0.7006722640625 0.378728565625 0.7001821734375 0.397469284375 0.6545164906250001 0.384194890625 0.6543243249999999 0.3657298203125 0.7006722640625
0 0.6133598953125 0.8236315078124999 0.6266962031250001 0.8150687953125001 0.6000575109375 0.78773758125 0.58616990625 0.7949357859374999 0.6133598953125 0.8236315078124999
0 0.4737620609375 0.8522558609375 0.48792531562499997 0.845739909375 0.46272678437500003 0.81306509375 0.44883917812499996 0.8202632984375 0.4737620609375 0.8522558609375
0 0.44680107343750003 0.76473945625 0.43525181562500004 0.7717865296875 0.46271745312499996 0.8011645062499999 0.47426671093749995 0.7941174328125 0.44680107343750003 0.76473945625
0 0.463302678125 0.758072375 0.45278477031250003 0.76470275625 0.47977035468749996 0.795861934375 0.49310666249999996 0.7872992203125 0.463302678125 0.758072375
0 0.503463421875 0.7505762421875 0.4908828140625 0.7580400109375 0.5193798015625 0.78700129375 0.534023109375 0.778704140625 0.503463421875 0.7505762421875
0 0.5220989703125001 0.7462214875 0.5108253609375 0.753950815625 0.5395979984375 0.7835943546874999 0.55293430625 0.7750316421875 0.5220989703125001 0.7462214875
0 0.5732703953125 0.8342733499999999 0.5855753546875 0.8261273296875 0.555291315625 0.7986816859375 0.542435059375 0.8054631984375 0.5732703953125 0.8342733499999999
0 0.594653103125 0.824840553125 0.6072337078125 0.8173767859375 0.5740600234375 0.7887177640624999 0.563817765625 0.7960304 0.594653103125 0.824840553125
0 0.5420415171874999 0.7421322953125 0.5284295593749999 0.750012753125 0.5589892484375001 0.7781406515625 0.5728768546875 0.770942446875 0.5420415171874999 0.7421322953125
0 0.55909441875 0.7368297234375001 0.5465138109375001 0.7442934890624999 0.576593446875 0.7742025890625001 0.58937845625 0.7642753671875 0.55909441875 0.7368297234375001
0 0.6338537390625001 0.8209068234375 0.6471900484375 0.8123441093749999 0.6163547125 0.7835339578125 0.6058368062499999 0.7901643375 0.6338537390625001 0.8209068234375
0 0.4375223140625 0.8605486796875 0.45037857031249995 0.8537671671875 0.42497563437499997 0.8235558062500001 0.411088028125 0.8307540109374999 0.4375223140625 0.8605486796875
0 0.5769030203125001 0.7304282046874999 0.5666607625 0.737740840625 0.5938507515625 0.7664365625 0.607187059375 0.7578738484375 0.5769030203125001 0.7304282046874999
0 0.598775109375 0.7311147921875001 0.5885328515625 0.738427428125 0.617785540625 0.7662897656250001 0.6300904984375 0.75814374375 0.598775109375 0.7311147921875001
0 0.6490483453125 0.8139741812500001 0.6616289515625 0.8065104140624999 0.6344389640625 0.77781469375 0.62185835625 0.785278459375 0.6490483453125 0.8139741812500001
0 0.61768630625 0.7274422921875 0.6071684 0.7340726734375 0.6388306828125 0.764929590625 0.6516156953125 0.7550023671874999 0.61768630625 0.7274422921875
0 0.6696753484375 0.80564033125 0.6815002546875 0.7992755109375 0.653278915625 0.77099648125 0.6414540109375 0.7773613 0.6696753484375 0.80564033125
0 0.6399672046875 0.7232019671875001 0.6271109484374999 0.7299834796875 0.6563636374999999 0.7578458171875 0.6689442437500001 0.75038205 0.6399672046875 0.7232019671875001
0 0.6583271046875 0.7181649593749999 0.645746496875 0.725628725 0.6747235375 0.75280880625 0.6875797921875 0.7460272953125 0.6583271046875 0.7181649593749999
0 0.687626440625 0.80553023125 0.7002070484375 0.798066465625 0.670954359375 0.7702041296875 0.6594051015625 0.7772512046875 0.687626440625 0.80553023125
0 0.7135772828125 0.7450471125 0.7264335375 0.7382656 0.7002036546875 0.7060074765625 0.6886543984375 0.7130545500000001 0.7135772828125 0.7450471125
0 0.4265828765625 0.76814639375 0.41297092031249993 0.7760268531250001 0.4424992578125 0.8045714453125001 0.45686691718750005 0.7955920390625 0.4265828765625 0.76814639375
0 0.39763721875 0.868727065625 0.410493475 0.8619455531250001 0.3837835390625 0.8314686296874999 0.369895934375 0.8386668343749999 0.39763721875 0.868727065625
0 0.3260491296875 0.7063871953125 0.3393235234375 0.7065793578124999 0.3601981875 0.663226 0.3474038453125 0.661252634375 0.3260491296875 0.7063871953125
0 0.2436369515625 0.68651108125 0.23139390781250002 0.6859022265625 0.21492029375000002 0.72827106875 0.2271633359375 0.728879925 0.2436369515625 0.68651108125
0 0.33195818906249996 0.6111457953125 0.32040893125 0.61819286875 0.344576115625 0.6512843796875 0.358188071875 0.6434039203124999 0.33195818906249996 0.6111457953125
0 0.3140783421875 0.6144016031249999 0.301773384375 0.6225476234375 0.3256649171875 0.6549568796874999 0.340859521875 0.6480242375 0.3140783421875 0.6144016031249999
0 0.309956334375 0.7081273640625 0.32219937656250003 0.7087362203125 0.339979990625 0.6666329390625 0.3290439453125 0.6662896453125 0.309956334375 0.7081273640625
0 0.274193246875 0.622579990625 0.2598255875 0.631559396875 0.2873624703125 0.6640830828125 0.301250075 0.656884878125 0.274193246875 0.622579990625
0 0.2577628875 0.63239278125 0.24724498125 0.6390231625 0.269758271875 0.6680211453125 0.280276178125 0.6613907640625001 0.2577628875 0.63239278125
0 0.2414656875 0.63659640625 0.2296407828125 0.6429612265625 0.250091371875 0.6727925921875 0.2616406296875 0.6657455203125 0.2414656875 0.63659640625
0 0.2209718421875 0.639321090625 0.20887128906250002 0.64500365625 0.22773923125 0.67388720625 0.241146784375 0.6684702031249999 0.2209718421875 0.639321090625
0 0.2817349953125 0.679848334375 0.269216303125 0.678557225 0.25040433906250004 0.7210771968749999 0.26423003125 0.7226338703125 0.2817349953125 0.679848334375
0 0.2633750953125 0.68488534375 0.250856403125 0.683594234375 0.231013090625 0.7265309 0.24662583124999998 0.7265719328125 0.2633750953125 0.68488534375
0 0.2817570484375 0.7957085 0.27096349375 0.8016566265625 0.2948550265625 0.8340658828124999 0.3069555796875 0.8283833171874999 0.2817570484375 0.7957085
0 0.3763876734375 0.8725506968750001 0.39055092812500003 0.8660347453125 0.366179340625 0.8354066921875001 0.35332308437500004 0.8421882046875 0.3763876734375 0.8725506968750001
0 0.24421030156249998 0.80373575625 0.23190534375 0.8118817765624999 0.25806398124999996 0.8409941921874999 0.2696132375 0.8339471171874999 0.24421030156249998 0.80373575625
0 0.22688175156249998 0.808356071875 0.214025496875 0.815137584375 0.2399797296875 0.8467134546875 0.2535916875 0.8388329953125 0.22688175156249998 0.808356071875
0 0.22179963906250003 0.9056442359375 0.23596289375 0.8991282859374999 0.21207135937500002 0.8667190296875 0.199215103125 0.8735005421875 0.22179963906250003 0.9056442359375
0 0.2443561828125 0.902086165625 0.25851943906249997 0.8955702171875 0.23228955624999997 0.8633120906249999 0.21970894843750002 0.870775859375 0.2443561828125 0.902086165625
0 0.2635430296875 0.8990959203125 0.276674934375 0.8929966625000001 0.2540904 0.8608529687500001 0.24123414375 0.86763448125 0.2635430296875 0.8990959203125
0 0.28080033437499996 0.8913298921875 0.293656590625 0.8845483812499999 0.2692850046875 0.8539203265624999 0.2584914484375 0.8598684546875001 0.28080033437499996 0.8913298921875
0 0.29895583124999997 0.8887563390625 0.3128434375 0.8815581343750001 0.29108584843749996 0.8514612046875 0.27898529375000003 0.85714376875 0.29895583124999997 0.8887563390625
0 0.4597260296875 0.9333210453125 0.45999234843750003 0.9221027125000001 0.4035344046875 0.9338024703125001 0.4022367359375 0.9454374953125001 0.4597260296875 0.9333210453125
0 0.33725827812500003 0.8796301359375001 0.34935883125 0.8739475703125 0.3276012453125 0.8438506406249999 0.314469340625 0.8499498984375 0.33725827812500003 0.8796301359375001
0 0.2344438546875 0.45293181875000005 0.22158759843750003 0.45971333124999997 0.249675778125 0.49360152656249995 0.26459473437500003 0.48598662968750006 0.2344438546875 0.45293181875000005
0 0.1966214609375 0.46027682031249995 0.18404085312500001 0.4677405859375 0.2051758984375 0.493327296875 0.21906350468750002 0.4861290921875 0.1966214609375 0.46027682031249995
3 0.2890952375 0.15467014375000002 0.28978902500000003 0.1623260734375 0.312274325 0.1556222953125 0.3118561875 0.14864861875 0.2890952375 0.15467014375000002
0 0.18260069375000001 0.473084190625 0.16926438593749998 0.48164690468750004 0.1924621328125 0.5064002296875 0.20607409062499998 0.498519771875 0.18260069375000001 0.473084190625
3 0.4019817828125 1 0.3930538171875 0.9880352015625 0.3771035109375 0.996066790625 0.379650228125 1 0.4019817828125 1
3 0.44300629375 1 0.4261995140625 0.9809924609375 0.4115562078125 0.9892896125 0.41969225468750004 1 0.44300629375 1
3 0.4804854984375 1 0.4598965078125 0.9753142296874999 0.4444974984375 0.984710328125 0.45650517968750004 1 0.4804854984375 1
3 0.499105490625 1 0.48328 0.973802925 0.46732969375 0.9818345140625 0.4774736875 1 0.499105490625 1
3 0.9211220953125 0.26993703125 0.9217353078125001 0.2625466640625 0.8940220109375 0.268188196875 0.894715796875 0.2758441265625 0.9211220953125 0.26993703125
3 0.2668762546875 0.150155590625 0.2659873953125 0.1568637046875 0.287512590625 0.153722328125 0.2870944515625 0.1467486515625 0.2668762546875 0.150155590625
3 0.262627025 0.169332115625 0.26276951406250004 0.17562353749999998 0.28608176093750004 0.17096652031249998 0.286419325 0.1628938984375 0.262627025 0.169332115625
3 0.2146336171875 0.1871354625 0.2140204046875 0.19452583125 0.234994303125 0.1900199453125 0.23663886562499997 0.182212884375 0.2146336171875 0.1871354625
3 0.6694760328125 0.463669003125 0.6714768171875 0.47159049375000006 0.6939621203125 0.4648867140625 0.691961334375 0.456965221875 0.6694760328125 0.463669003125
3 0.7471801296875 0.356086625 0.736866628125 0.36025355000000003 0.74059255 0.375414278125 0.750426 0.37302855468749996 0.7471801296875 0.356086625
3 0.7381982218750001 0.30416188437499997 0.7289160703124999 0.3079121171875 0.732161940625 0.3248540484375 0.74323114375 0.319588175 0.7381982218750001 0.30416188437499997
3 0.8189344546875 0.2040843078125 0.8099279515625 0.20851679375 0.8170235734375 0.2231096984375 0.8288484796875 0.2167448796875 0.8189344546875 0.2040843078125
3 0.9165598968750001 0.240828953125 0.9176531625000001 0.2316573828125 0.8855388156249999 0.23828343125 0.8854768999999999 0.24703830624999998 0.9165598968750001 0.240828953125
3 0.9214503281249999 0.24996382343749998 0.921307840625 0.24367240156249997 0.89771994375 0.24764716406249998 0.8971067328125001 0.25503753125 0.9214503281249999 0.24996382343749998
3 0.9182417781250001 0.2806242421875 0.9185793406249999 0.27255161875 0.8924486937499999 0.2791409671875 0.8931424796874999 0.2867968984375 0.9182417781250001 0.2806242421875
3 0.7552833546875 0.690896446875 0.7669751015624999 0.69014079375 0.7668232828125 0.6719487859375 0.7556828343750001 0.6740689468750001 0.7552833546875 0.690896446875
3 0.8977665921875 0.3071501 0.8897914390624999 0.3111658953125 0.8997767078125 0.32697218125 0.9074762125 0.32227413125000004 0.8977665921875 0.3071501
3 0.882937540625 0.341711884375 0.88403080625 0.3325403140625 0.8560418609375 0.33749959218750003 0.8546729453124999 0.34598890625 0.882937540625 0.341711884375
3 0.883151275 0.351149015625 0.8845201875 0.3426597 0.8534371921874999 0.34886905625 0.8530996296875 0.356941678125 0.883151275 0.351149015625
3 0.8833650093750001 0.360586146875 0.8842538687499999 0.3538780328125 0.858603271875 0.3586861796875 0.857234359375 0.36717549531250004 0.8833650093750001 0.360586146875
0 0.9424963203125 0.512880028125 0.9337561375 0.506094184375 0.8893461625000001 0.5327668390625 0.8952679437500001 0.5414850171875 0.9424963203125 0.512880028125
0 0.9395727468749999 0.556123290625 0.9323439671875 0.5471395515624999 0.89068115 0.5687341640625 0.8979099312500001 0.577717903125 0.9395727468749999 0.556123290625
0 0.9402139500000001 0.5844346859375 0.9338121140625001 0.577497709375 0.892149296875 0.5990923234375 0.9001337812499999 0.606977115625 0.9402139500000001 0.5844346859375
3 0.8715070265625 0.6756839890624999 0.882647475 0.673563825 0.8838738984375001 0.658783090625 0.8719777499999999 0.6620021984375 0.8715070265625 0.6756839890624999
3 0.7529076859375 0.6434452281249999 0.7638437312499999 0.643788521875 0.7660302609375 0.6254453828125001 0.7538584625 0.6279822359375 0.7529076859375 0.6434452281249999
3 0.5295347453125 1 0.5366006375000001 0.995909296875 0.5138829421875 0.969374771875 0.5013023359375001 0.9768385374999999 0.5199392453125 1 0.5295347453125 1
3 0.5111603812500001 0.9180955859375001 0.5011844421875 0.9141898890625001 0.483109521875 0.9318097390625001 0.49260540781250006 0.9374966390624999 0.5111603812500001 0.9180955859375001
3 0.536810978125 0.9132874390625 0.5268350390625 0.909381740625 0.5084844703125 0.9263193390625 0.5184604078125 0.9302250375 0.536810978125 0.9132874390625
0 0.2883743109375 0.3755888328125 0.302955703125 0.376046559375 0.32596431406250004 0.3350055265625 0.3113829203125 0.33454780156249997 0.2883743109375 0.3755888328125
0 0.3148823875 0.2363118203125 0.32767672812500004 0.2382851859375 0.3511653890625 0.19546295 0.337615346875 0.1945885328125 0.3148823875 0.2363118203125
0 0.29720694375 0.237104171875 0.3107569859375 0.23797859062499999 0.33404124375 0.1976198109375 0.3209712546875 0.1949641921875 0.29720694375 0.237104171875
0 0.330879340625 0.28778316875 0.3194013296875 0.297975953125 0.3487159328125 0.3170834125 0.35943824375 0.307989575 0.330879340625 0.28778316875
0 0.326676759375 0.3664626296875 0.3391954515625 0.367753740625 0.363164165625 0.3231503046875 0.350645475 0.32185919375 0.326676759375 0.3664626296875
0 0.3074899125 0.3694528765625 0.3215912515625 0.371691803125 0.344804265625 0.3281873140625 0.3322855734375 0.326896203125 0.3074899125 0.3694528765625
0 0.277335640625 0.24433907656249998 0.2914369796875 0.246578003125 0.31464999374999997 0.20307351406250002 0.3031626515625 0.2013657109375 0.277335640625 0.24433907656249998
0 0.23958449062499998 0.2548297890625 0.25341018125 0.2563864609375 0.27689884375 0.21356422656250001 0.26231745 0.2131065015625 0.23958449062499998 0.2548297890625
0 0.22190904687500002 0.255622140625 0.23573473749999999 0.25717881249999996 0.25826329531250003 0.21791898125000003 0.245468953125 0.215945615625 0.22190904687500002 0.255622140625
0 0.3143777375 0.2944502484375 0.302348428125 0.30327852499999997 0.3287733859375 0.3211726046875 0.3394956953125 0.3120787671875 0.3143777375 0.2944502484375
0 0.2697387625 0.3799435890625 0.282533103125 0.381916953125 0.3052660640625 0.34019366562500003 0.292747371875 0.3389025546875 0.2697387625 0.3799435890625
0 0.35075064375 0.280548265625 0.3387213359375 0.289376540625 0.368107184375 0.3116297109375 0.37882949374999997 0.30253587187500003 0.35075064375 0.280548265625
0 0.2740125890625 0.3044098375 0.26253457812500003 0.314602621875 0.29047093749999997 0.3302988078125 0.302500246875 0.321470534375 0.2740125890625 0.3044098375
0 0.248836109375 0.38759518437499996 0.263141853125 0.38737065625 0.2851191125 0.346746315625 0.27260041875 0.3454552046875 0.248836109375 0.38759518437499996
0 0.25310993593750003 0.312061434375 0.24190757187499998 0.3229364734375 0.271977878125 0.340944984375 0.284211590625 0.329653253125 0.25310993593750003 0.312061434375
0 0.232962984375 0.31861408281250003 0.222516321875 0.328390175 0.25231097812500003 0.34571643281250003 0.2630332890625 0.3366225953125 0.232962984375 0.31861408281250003
0 0.2117134390625 0.3224377140625 0.2009911265625 0.3315315515625 0.23236843125 0.34980562656249997 0.24309074218750001 0.3407117890625 0.2117134390625 0.3224377140625
0 0.19314913281249999 0.32993818125 0.182702471875 0.33971427187500003 0.2142841796875 0.35552489062500003 0.22445519374999998 0.34506654375 0.19314913281249999 0.32993818125
0 0.172450884375 0.3351263203125 0.1594614703125 0.3475169984375 0.1954442265625 0.3623431015625 0.20692223906249999 0.3521503171875 0.172450884375 0.3351263203125
0 0.19018230625000002 0.40573749374999996 0.204283646875 0.40797642031250003 0.22804795625000002 0.365836440625 0.2144979140625 0.364962021875 0.19018230625000002 0.40573749374999996
0 0.20388755937499997 0.516862909375 0.190613165625 0.5166707453125 0.1692584484375 0.5618053078125 0.184115490625 0.5629452859375 0.20388755937499997 0.516862909375
0 0.3342736375 0.23085811875 0.3483749765625 0.2330970453125 0.367676321875 0.20069645781249998 0.3546063328125 0.1980408375 0.3342736375 0.23085811875
0 0.34606800937500004 0.361008928125 0.3596180515625 0.361883346875 0.38179971562500004 0.31879555000000004 0.369005375 0.316822184375 0.34606800937500004 0.361008928125
3 0.5598475765625001 0.90794816875 0.5511786359374999 0.9043080328125 0.5320723640625 0.9223445765625 0.542048303125 0.9262502734375 0.5598475765625001 0.90794816875
3 0.655159265625 0.8884867171874999 0.641813628125 0.88514884375 0.6271084046875 0.902200871875 0.637635640625 0.9074710781249999 0.655159265625 0.8884867171874999
3 0.53189595 0.960509796875 0.5175282921875 0.9694892015625 0.53901023125 0.9989038765625 0.5533778890625001 0.989924471875 0.53189595 0.960509796875
3 0.5679312921874999 0.954680434375 0.554594984375 0.9632431468749999 0.5795797828125 0.9864808328124999 0.5916090921875 0.9776525578124999 0.5679312921874999 0.954680434375
3 0.5838815984375 0.94664884375 0.571576640625 0.954794865625 0.5963570359375 0.9804960062499999 0.6073549953125 0.972084425 0.5838815984375 0.94664884375
3 0.6067850375 0.9469187390625 0.593724378125 0.9561637078125 0.6169933703125 0.98406274375 0.6308097312500001 0.9737188296875001 0.6067850375 0.9469187390625
3 0.62652318125 0.9452930015625001 0.6129112234375 0.9531734625 0.635904565625 0.9803902421874999 0.6499965765625 0.9707285828125001 0.62652318125 0.9452930015625001
3 0.6381436828125 0.9413916390624999 0.627901425 0.9487042750000001 0.6529574671875 0.9750876703125 0.6660181281249999 0.965842703125 0.6381436828125 0.9413916390624999
3 0.5857025765625 0.900676565625 0.5733882890625 0.8969219984375 0.554557665625 0.9156407984375001 0.56666755 0.9218588203125 0.5857025765625 0.900676565625
3 0.6069521234375 0.8968529328124999 0.5949134843749999 0.893780621875 0.5794525609375001 0.9119315984374999 0.5889484453125 0.9176184968750001 0.6069521234375 0.8968529328124999
3 0.63054001875 0.8928781718750001 0.6195327296875 0.88938916875 0.60304045625 0.9079568359374999 0.6122606937499999 0.9129614796875 0.63054001875 0.8928781718750001
3 0.66221163125 0.935635675 0.648119621875 0.9452973359374999 0.6687033703124999 0.9695195375000001 0.6830710296875 0.9605401312499999 0.66221163125 0.935635675
0 0.3669706625 0.35335733125 0.3794893546875 0.35464844218749997 0.40270236718749997 0.311143953125 0.389908028125 0.3091705890625 0.3669706625 0.35335733125
3 0.6790601281249999 0.9327965609375 0.6688178703125 0.940109196875 0.6875433234375 0.9627013265625 0.7003995796875 0.9559198140625 0.6790601281249999 0.9327965609375
0 0.08542392343750001 0.306797590625 0.0996584234375 0.30342735 0.09557627656249999 0.27253806875 0.0836801265625 0.275757178125 0.08542392343750001 0.306797590625
0 0.4060347484375 0.2629737796875 0.3950367890625 0.2713853625 0.42545398749999996 0.293221840625 0.436451946875 0.28481025781249997 0.4060347484375 0.2629737796875
0 0.427764346875 0.257368946875 0.41545938906249996 0.2655149671875 0.4425068890625 0.28791926874999996 0.45350484843750005 0.2795076859375 0.427764346875 0.257368946875
0 0.42184595781249995 0.3407097578125 0.43436465 0.34200086875 0.45936471562500003 0.296980740625 0.445539025 0.29542406718750003 0.42184595781249995 0.3407097578125
0 0.4026591125 0.3437000046875 0.416484803125 0.345256678125 0.4396978171875 0.3017521890625 0.42587212656249995 0.300195515625 0.4026591125 0.3437000046875
0 0.38560621093749997 0.3490025765625 0.3978492546875 0.3496114328125 0.42312496875 0.305273559375 0.4092992765625 0.3037168859375 0.38560621093749997 0.3490025765625
0 0.39084014375 0.26990642343750004 0.379842184375 0.2783180046875 0.408676734375 0.299206665625 0.4180920453125 0.289847265625 0.39084014375 0.26990642343750004
0 0.3704175421875 0.2757768171875 0.35997088125 0.285552909375 0.38825413593749997 0.30507706093750003 0.40076349687499996 0.294467584375 0.3704175421875 0.2757768171875
0 0.728471640625 0.7937894421875 0.7389895484375 0.7871590609375 0.709736859375 0.759296725 0.6984632515625 0.767026053125 0.728471640625 0.7937894421875