0 0.687464734375 0.10418158125000002 0.7004742921875 0.105042725 0.70655104375 0.0527783875 0.69299745 0.051431439062499994 0.687464734375 0.10418158125000002
0 0.4160285953125 0.71347001875 0.40712297968750005 0.7216514765625 0.4373880265625 0.7648108046875 0.44738171718749997 0.7576009546875 0.4160285953125 0.71347001875
0 0.42643191874999997 0.704181440625 0.4169553875 0.7113641859375 0.44820098750000004 0.7534434937500001 0.45724100312499993 0.747826571875 0.42643191874999997 0.704181440625
0 0.4400994671875 0.6978076843750001 0.43018641874999997 0.706556253125 0.4602901828125 0.746638140625 0.46933020000000003 0.7410212171875 0.4400994671875 0.6978076843750001
0 0.571481828125 0.61223195 0.5610516234375 0.621007621875 0.5887577671875001 0.664815371875 0.60032980625 0.6580371203125 0.571481828125 0.61223195
0 0.5862374484374999 0.6068298000000001 0.57526320625 0.61511966875 0.601310359375 0.6569571 0.6118480859375001 0.6502330546875 0.5862374484374999 0.6068298000000001
0 0.5960967375 0.5970554171875 0.5851493750000001 0.6058581937499999 0.6137823109375 0.647560109375 0.6248103140625 0.6402960531249999 0.5960967375 0.5970554171875
0 0.7312080078125 0.09777456875 0.7447347234375 0.0986086109375 0.748279453125 0.0475056015625 0.7367944843750001 0.046050240625 0.7312080078125 0.09777456875
0 0.3672890546875 0.743283075 0.3568050875 0.7510329328124999 0.387614171875 0.7946780640625 0.3960563921875 0.7875495234375001 0.3672890546875 0.743283075
0 0.7463399546875 0.0995531140625 0.7603569453125 0.099847146875 0.7653725031249999 0.04712410625 0.7518457890625 0.046290065625 0.7463399546875 0.0995531140625
0 0.762942728125 0.09971163125 0.7764694421875 0.100545671875 0.7799066515625 0.0473910359375 0.76586278125 0.0465840984375 0.762942728125 0.09971163125
0 0.8802706703125001 0.11207809375 0.89322646875 0.11191342500000001 0.89614651875 0.0587858921875 0.882129528125 0.058491859375 0.8802706703125001 0.11207809375
0 0.8746841953125 0.163802421875 0.8871497140625 0.1641777625 0.8902246171874999 0.1239000015625 0.8782493734375001 0.1229846515625 0.8746841953125 0.163802421875
0 0.63520965625 0.2648150234375 0.647184903125 0.2657303734375 0.6496146781250001 0.21314285000000002 0.6376394328125 0.21222749843750002 0.63520965625 0.2648150234375
0 0.6492266484375 0.265109053125 0.6617190484375 0.2659973015625 0.6652100187500001 0.21386847812499998 0.6527176171875 0.21298023124999999 0.6492266484375 0.265109053125
0 0.37986852656250003 0.7359377109375 0.37093603124999996 0.7436062609375 0.3990518109375 0.7853352796874999 0.40746715 0.7776938328125 0.37986852656250003 0.7359377109375
0 0.35593205625 0.7541645796875 0.34694579999999997 0.7608073156249999 0.3750615796875 0.8025363359375 0.38451123125 0.7948406828125 0.35593205625 0.7541645796875
0 0.678375584375 0.26718163125 0.6902970671875 0.26707116875 0.6943320749999999 0.21542815 0.68284710625 0.2139727890625 0.678375584375 0.26718163125
0 0.46304316874999996 0.4924219890625 0.46273462343749994 0.506324678125 0.5148266140625 0.5107950703124999 0.5162232343750001 0.4978639875 0.46304316874999996 0.4924219890625
0 0.46412249843750003 0.42396145625 0.4647407453125 0.43575831249999997 0.519337878125 0.43855447031250006 0.5176584375 0.42629891249999996 0.46412249843750003 0.42396145625
0 0.278309559375 0.4604439078125 0.2875850671875 0.4692154796875 0.321225975 0.42836445312500004 0.3109430328125 0.42015999531250003 0.278309559375 0.4604439078125
0 0.46484826718749994 0.43780994062499995 0.46391504218749996 0.44968810625 0.5175316249999999 0.45356428125 0.517974571875 0.442226125 0.46484826718749994 0.43780994062499995
0 0.46404944375 0.4522526390625 0.46371401875 0.465642421875 0.5173037203125 0.4690056921875 0.5176660265625 0.45612881562499996 0.46404944375 0.4522526390625
0 0.46327750468750006 0.46720824531250005 0.4633517140625 0.47851929843749996 0.5164242578125 0.4819096703125 0.5173306015625 0.4695185984375 0.46327750468750006 0.46720824531250005
0 0.46337859375 0.47903220625 0.4629894078125 0.49139617500000005 0.5166328703125 0.49578525781250005 0.51647801875 0.482935484375 0.46337859375 0.47903220625
0 0.46227881562500006 0.537207496875 0.46134559218750004 0.5490856640625 0.5154793296875 0.5529347359375001 0.516385671875 0.5405436625 0.46227881562500006 0.537207496875
0 0.344386896875 0.7614557375000001 0.33442008749999996 0.7691784937499999 0.362918621875 0.8083158765625 0.3729391921875 0.801618934375 0.344386896875 0.7614557375000001
0 0.261200040625 0.8167326140625001 0.25169662656249997 0.823402453125 0.28095424062499996 0.86712889375 0.2905114140625 0.8614848687500001 0.261200040625 0.8167326140625001
0 0.2737526328125 0.8088743421875 0.262751509375 0.8166513046875 0.2935068328125 0.8592706234374999 0.302466209375 0.8521149796874999 0.2737526328125 0.8088743421875
0 0.28578806874999996 0.8010431765625 0.2757674984375 0.8077401171874999 0.30499823125000003 0.8509536515624999 0.315535959375 0.8442296062500001 0.28578806874999996 0.8010431765625
0 0.3083074703125 0.7854621484375001 0.29831378124999997 0.792671996875 0.3296669015625 0.8368029328125001 0.338109121875 0.8296743937500001 0.3083074703125 0.7854621484375001
0 0.32034290625 0.77763098125 0.310376096875 0.7853537359375 0.34118518125 0.8289988671874999 0.350117675 0.8213303171874999 0.32034290625 0.77763098125
0 0.33186118593749997 0.769826915625 0.3223846515625 0.7770096625 0.3526497 0.8201689906249999 0.361609075 0.8130133468749999 0.33186118593749997 0.769826915625
0 0.6632436390625001 0.2654030859375 0.6762800765625 0.2667771359375 0.6808591203125001 0.21561992187499998 0.6678226828125 0.2142458703125 0.6632436390625001 0.2654030859375
0 0.707443878125 0.267715490625 0.7204534375 0.268576634375 0.72394440625 0.2164478109375 0.710961728125 0.21609957343750003 0.707443878125 0.267715490625
3 0.10032804375 0.963000121875 0.091778303125 0.968077034375 0.10360628281249999 0.9859725156250001 0.11166574843749999 0.9814356140625 0.10032804375 0.963000121875
0 0.7191636921875 0.49134285312500003 0.70870660625 0.49960561875 0.7423498281249999 0.5379590624999999 0.7522897562499999 0.5297234015625001 0.7191636921875 0.49134285312500003
0 0.7824029125 0.43145391718750004 0.772543625 0.44122830156250004 0.8089070312500001 0.48201076406250004 0.818329803125 0.4738022046875 0.7824029125 0.43145391718750004
0 0.7720802296875 0.442281215625 0.7621940609375 0.4515426921875 0.797523153125 0.49237936250000003 0.8074630812500001 0.4841437 0.7720802296875 0.442281215625
0 0.7616769046874999 0.45156979531249997 0.7512466984375 0.46034546875000004 0.7880735 0.500075015625 0.7970059968750001 0.49240646562499996 0.7616769046874999 0.45156979531249997
0 0.7492318328125 0.46147969531250005 0.740406859375 0.471199871875 0.7766358624999999 0.5094178015625 0.7855414781250001 0.50123634375 0.7492318328125 0.46147969531250005
0 0.740897134375 0.4706598609375 0.7305206906249999 0.48046134687500003 0.7646810671875001 0.5187876890625 0.774620996875 0.510552028125 0.740897134375 0.4706598609375
0 0.7295132578125 0.48102846093749996 0.7196270890625 0.4902899359375 0.7528069125 0.5296962984375 0.7631833593749999 0.5198948125 0.7295132578125 0.48102846093749996
0 0.706201465625 0.5012798546874999 0.6978667656249999 0.510460021875 0.7315099875 0.548813465625 0.740879 0.53957909375 0.706201465625 0.5012798546874999
0 0.8270116312500001 0.3920853546875 0.8161180296874999 0.40191394375 0.8476388625 0.4393499875 0.858586225 0.43054721249999994 0.8270116312500001 0.3920853546875
0 0.6863753671875 0.5187769921875 0.6759720421875001 0.5280655734375 0.7118182921875 0.5688751390625 0.721677578125 0.55910075625 0.6863753671875 0.5187769921875
0 0.6656493593749999 0.538892871875 0.6557900703125 0.54866725625 0.6910922828125 0.58899101875 0.7014956078125001 0.5797024390625001 0.6656493593749999 0.538892871875
0 0.6551589625 0.5564150625 0.644648115625 0.563652015625 0.675537840625 0.6088358671874999 0.6860218062500001 0.6010860078125 0.6551589625 0.5564150625
0 0.6421160921875 0.56481334375 0.6321761640625 0.57304900625 0.6625487328124999 0.6182599609375 0.6740670109375 0.610455896875 0.6421160921875 0.56481334375
0 0.630161296875 0.5741832328124999 0.6201944875 0.5819059890625 0.653125959375 0.6264685203125 0.6631465296875 0.6197715781250001 0.630161296875 0.5741832328124999
0 0.6191601765625 0.5819601953125 0.6086224484375 0.588684240625 0.6400024515625 0.63332808125 0.6505939374999999 0.62762985 0.6191601765625 0.5819601953125
0 0.7943845875 0.42259693593750003 0.7839812640625 0.4318855140625 0.819283475 0.47220927812499996 0.82916964375 0.4629478015625 0.7943845875 0.42259693593750003
0 0.8379321125000001 0.382769671875 0.8270385109375 0.3925982609375 0.8600839359375 0.4294400890625 0.869452946875 0.42020571718750005 0.8379321125000001 0.382769671875
0 0.7209974734375 0.26906243750000003 0.7360487765625 0.2693022640625 0.7390225906250001 0.21720054375000003 0.7244346828125 0.2159078015625 0.7209974734375 0.26906243750000003
0 0.6616804640625 0.32463129375 0.6736019484375 0.32452083125 0.6770391578125 0.2713661953125 0.66503703125 0.26993793906249997 0.6616804640625 0.32463129375
0 0.8234149453124999 0.2739812765625 0.835336428125 0.2738708140625 0.8403788671875001 0.22166068125 0.826879034375 0.2213395453125 0.8234149453124999 0.2739812765625
0 0.838520009375 0.27524691562500003 0.8514758062500001 0.275082246875 0.8555108125 0.22343922656249998 0.841466940625 0.22263228906250002 0.838520009375 0.27524691562500003
0 0.8525638796875 0.2760538546875 0.8655196765625 0.275889184375 0.8690106453125 0.22376036250000003 0.8565182453125001 0.2228721140625 0.8525638796875 0.2760538546875
0 0.617480225 0.3223188921875 0.631470334375 0.32210001718750003 0.633382953125 0.2695395953125 0.6213808281250001 0.2681113390625 0.617480225 0.3223188921875
0 0.6320143703125 0.32258581875000003 0.6439358562499999 0.32247535625 0.646775265625 0.2678091046875 0.634336625 0.2679466703125 0.6320143703125 0.32258581875000003
0 0.6469850359375 0.3212869265625 0.658987159375 0.3227151828125 0.662941525 0.26953344375 0.6499319671875 0.26867229843749996 0.6469850359375 0.3212869265625
0 0.6761608515625 0.323872409375 0.6891704078124999 0.3247335546875 0.691573303125 0.27163312500000003 0.6795711796874999 0.270204865625 0.6761608515625 0.323872409375
0 0.8493417140625 0.33331174375 0.8612900781249999 0.3337141890625 0.8652982046875 0.2815582640625 0.8523424078125 0.2817229328125 0.8493417140625 0.33331174375
0 0.6896606859375 0.3241935453125 0.7021799671875 0.3255946984375 0.7061612125 0.2729258671875 0.693178534375 0.27257762812499997 0.6896606859375 0.3241935453125
0 0.704846390625 0.3269979046875 0.7167947546875 0.3274003484375 0.7197148078125 0.27427281406250004 0.7077126812500001 0.2728445578125 0.704846390625 0.3269979046875
0 0.7183999859375 0.328344853125 0.7329610140625 0.32912468906250003 0.7373787734375 0.2748900328125 0.721756553125 0.2736514953125 0.7183999859375 0.328344853125
0 0.79262219375 0.3295981875 0.8045705562500001 0.3300006296875 0.8080615265625 0.2778718078125 0.7945616921875 0.2775506734375 0.79262219375 0.3295981875
0 0.8217711281250001 0.33167076406249996 0.8326851796874999 0.3321274140625 0.8362299078125 0.2810244046875 0.8232741109375 0.2811890734375 0.8217711281250001 0.33167076406249996
0 0.8343441703125001 0.33409773125000003 0.8478708859375 0.334931775 0.8503544218749999 0.2833700640625 0.8388963328125 0.2824276109375 0.8343441703125001 0.33409773125000003
0 0.46647279062499997 0.40943744843749996 0.465049290625 0.4218556234375 0.518665871875 0.4257318 0.5195184546875 0.41231491406250004 0.46647279062499997 0.40943744843749996
0 0.46678133437499997 0.3955347578125 0.46587499218749995 0.40792583125000004 0.5184035 0.4108303984375 0.5192829609375 0.39792641875 0.46678133437499997 0.3955347578125
0 0.46758015625000005 0.381092059375 0.4666738140625 0.39348313125 0.5192292000000001 0.39690060625 0.5196183875 0.3845366375 0.46758015625000005 0.381092059375
3 0.3211308046875 0.159382415625 0.3112241875 0.158358653125 0.3091695796875 0.1785246359375 0.3190493171875 0.17903549218749998 0.3211308046875 0.159382415625
3 0.3337284140625 0.08311781875 0.3223240859375 0.0832011796875 0.3219015890625 0.104824575 0.33227160312500004 0.1047954203125 0.3337284140625 0.08311781875
3 0.236511703125 0.157645328125 0.22551701249999997 0.1556499578125 0.22297212656249998 0.1763559515625 0.2339668203125 0.178351321875 0.236511703125 0.157645328125
3 0.24840630625000001 0.15702195937500002 0.239043725 0.156484 0.24014581875 0.177513178125 0.2484472046875 0.1775924375 0.24840630625000001 0.15702195937500002
3 0.25932035781249996 0.157478609375 0.25003841875 0.15847937031249998 0.2505158328125 0.177484025 0.259824653125 0.17699617031249998 0.25932035781249996 0.157478609375
3 0.271268721875 0.157881053125 0.260354671875 0.157424403125 0.26044933124999997 0.17902069375000002 0.269267875 0.17907285 0.271268721875 0.157881053125
3 0.279557246875 0.177504975 0.2884295515625 0.17858294531250002 0.2906454421875 0.1614944015625 0.28174625781249996 0.1599035265625 0.279557246875 0.177504975
3 0.34811002343749997 0.14973944687500002 0.3428782640625 0.1587569953125 0.3605895640625 0.1701723578125 0.366936275 0.162639325 0.34811002343749997 0.14973944687500002
3 0.30975104375 0.08077421093750001 0.3004422234375 0.081262065625 0.298958534375 0.1024267609375 0.3093823078125 0.10342341875000001 0.30975104375 0.08077421093750001
3 0.320547025 0.17792836875 0.32990960625 0.17846632812500002 0.33103742187499996 0.16040617968749998 0.3216479609375 0.15935531249999998 0.320547025 0.17792836875
3 0.30741824218749997 0.2341624984375 0.31108566875 0.244770921875 0.33041505937500004 0.23758612499999998 0.32680139218750004 0.2280035140625 0.30741824218749997 0.2341624984375
3 0.3082246515625 0.24954970156249998 0.3144241015625 0.2589967984375 0.33092578437500003 0.2473313546875 0.3253241328125 0.2393958765625 0.3082246515625 0.24954970156249998
3 0.3052228015625 0.2615362796875 0.310468578125 0.2725763015625 0.3310537546875 0.2596682203125 0.3243371484375 0.25024822812499997 0.3052228015625 0.2615362796875
3 0.1213884578125 0.43472296874999994 0.132275628125 0.4346667125 0.13117353437499998 0.413637534375 0.1208035203125 0.4136666875 0.1213884578125 0.43472296874999994
3 0.1357590078125 0.3527079859375 0.1252814734375 0.3506855125 0.1227365890625 0.3713915046875 0.13215293125 0.37295527812499996 0.1357590078125 0.3527079859375
3 0.3207188546875 0.082256675 0.309777925 0.08128711875 0.30889203125 0.10396342968750001 0.31877176875 0.10447428593750001 0.3207188546875 0.082256675
3 0.30087874062500003 0.0796962421875 0.28893037499999996 0.0792937984375 0.287473565625 0.1009713984375 0.2999390859375 0.101346740625 0.30087874062500003 0.0796962421875
0 0.4684058578125 0.367162265625 0.46804355312499996 0.3800391421875 0.5205989390625 0.3834566171875 0.520934365625 0.370066834375 0.4684058578125 0.367162265625
3 0.0936542765625 0.3508000765625 0.1010353015625 0.3432128375 0.0868903390625 0.3305819390625 0.0810876640625 0.338600778125 0.0936542765625 0.3508000765625
3 0.0841799203125 0.89235655 0.0920512234375 0.8842293 0.0724390109375 0.8662274578125 0.065628903125 0.8748134078125 0.0841799203125 0.89235655
3 0.096777528125 0.816091953125 0.1030973609375 0.8080460125 0.08631285625 0.794524815625 0.079368346875 0.8005462328125 0.096777528125 0.816091953125
3 0.0695680921875 0.7619718625 0.0789844328125 0.7635356343749999 0.08117344374999999 0.7459341859374999 0.071730221875 0.7438575046875 0.0695680921875 0.7619718625
3 0.0730579046875 0.670240803125 0.0661671546875 0.677288034375 0.0810443171875 0.6939950828125 0.08954029531249999 0.6878923578125 0.0730579046875 0.670240803125
3 0.0722514953125 0.6548536 0.0653876265625 0.6624137359375 0.082796809375 0.6779594578125 0.0902315953125 0.6713980296875001 0.0722514953125 0.6548536
3 0.129268503125 0.49602785781250003 0.1203962 0.49494988749999996 0.118556634375 0.5192191265625 0.1274020578125 0.5197841875 0.129268503125 0.49602785781250003
3 0.2129954171875 0.0750443328125 0.20151044843750002 0.07358897187499999 0.200705196875 0.0978040046875 0.21058493281250001 0.098314859375 0.2129954171875 0.0750443328125
3 0.2989047734375 0.10140094687500001 0.289105675 0.1024288109375 0.286426390625 0.1205702703125 0.296823284375 0.1210540234375 0.2989047734375 0.10140094687500001
3 0.233325809375 0.07706475625 0.2229289140625 0.0765810015625 0.2235676109375 0.098663096875 0.23393762499999998 0.09863394375 0.233325809375 0.07706475625
3 0.2431249046875 0.07603689062499999 0.23381608593749997 0.0765247453125 0.23603313125 0.09903843906250001 0.2448247953125 0.0985776875 0.2431249046875 0.07603689062499999
3 0.25613446406249996 0.07689803437500001 0.244239859375 0.07752140468749999 0.24490543593749997 0.10011640625 0.256282884375 0.099520140625 0.25613446406249996 0.07689803437500001
3 0.2786141234375 0.080348765625 0.267700071875 0.07989211562500001 0.2682850078125 0.1009483984375 0.2786281421875 0.10040633750000001 0.2786141234375 0.080348765625
3 0.277620709375 0.1009734515625 0.26670665625 0.10051680156250001 0.26584764375000003 0.12370601875000001 0.2772788515625 0.12413556562500001 0.277620709375 0.1009734515625
3 0.30984570312500004 0.102370503125 0.29844137656249997 0.10245386406250001 0.2984553953125 0.122511434375 0.3083351328125 0.123022290625 0.30984570312500004 0.102370503125
3 0.1367588546875 0.3223109703125 0.126879115625 0.32180011406250003 0.12700065625 0.3439093125 0.1352751625 0.34347566406249996 0.1367588546875 0.3223109703125
3 0.3046466109375 0.3099121359375 0.3119341328125 0.32033083906250004 0.3289798546875 0.30915120156250003 0.3217192125 0.2992454046875 0.3046466109375 0.3099121359375
3 0.470289146875 0.6900537234375 0.461329771875 0.6972093671875 0.474843621875 0.7175880718750001 0.48491795312499997 0.71191694375 0.470289146875 0.6900537234375
0 0.478488421875 0.18353753125 0.4776089609375 0.1964415109375 0.531225540625 0.2003176859375 0.532622159375 0.18738660468749999 0.478488421875 0.18353753125
0 0.17948401249999998 0.8703894625 0.168456009375 0.877653515625 0.2003262859375 0.9217573484375 0.20982969843750002 0.915087509375 0.17948401249999998 0.8703894625
0 0.191546328125 0.8630712 0.1810892421875 0.871333965625 0.211844565625 0.9139532828125001 0.221811375 0.9062305281249999 0.191546328125 0.8630712
0 0.20301084687499998 0.8542413218749999 0.19258064218749998 0.86301699375 0.22170385312500002 0.9041789 0.23175130312499997 0.8979948656250001 0.20301084687499998 0.8542413218749999
0 0.33859490625 0.2155561859375 0.34672857968750004 0.2223303359375 0.378166459375 0.1790231875 0.3674470015625 0.172384553125 0.33859490625 0.2155561859375
0 0.48063010312500004 0.1551379359375 0.47877008749999994 0.1691219359375 0.5333941015625 0.1724309984375 0.5347100796875 0.1579611953125 0.48063010312500004 0.1551379359375
0 0.4803484375 0.16955353125 0.478488421875 0.18353753125 0.5320781234374999 0.1869008 0.5334478625 0.1734568109375 0.4803484375 0.16955353125
0 0.4781798765625 0.19744022187500002 0.476729496875 0.2093454890625 0.5298558015625 0.21376167656249997 0.530735265625 0.200857696875 0.4781798765625 0.19744022187500002
3 0.4196493390625 0.5054967890625 0.4326857765625 0.5068708390625 0.4378228734375 0.47625700000000004 0.4247057953125 0.47334422812500004 0.4196493390625 0.5054967890625
0 0.47681013749999995 0.210884209375 0.4754404 0.2243281984375 0.52954725625 0.2276643640625 0.5304267203124999 0.21476038593750002 0.47681013749999995 0.210884209375
0 0.475494159375 0.22535401249999998 0.47513185468749997 0.2382308890625 0.5287215562500001 0.2415941578125 0.5290301015625001 0.22769146718750002 0.475494159375 0.22535401249999998
0 0.335701734375 0.269196625 0.348409178125 0.2741881265625 0.36869108437500003 0.22580816874999998 0.3575888703125 0.22176117187500002 0.335701734375 0.269196625
0 0.349499565625 0.35436420625 0.362891878125 0.3526337140625 0.3585986171875 0.30039852968749997 0.345233184375 0.3026419296875 0.349499565625 0.35436420625
0 0.474340621875 0.282503490625 0.47239996562500003 0.2949487703125 0.5269971 0.297744925 0.5268960093749999 0.2859209671875 0.474340621875 0.282503490625
0 0.4748384859375 0.311793384375 0.4733343453125 0.3226728390625 0.5243113828125 0.3256587171875 0.5252446046875 0.3137805515625 0.4748384859375 0.311793384375
0 0.15652809375 0.8875363125 0.14552697187500002 0.8953132734375 0.174838346875 0.940065528125 0.1838783640625 0.9344486046875 0.15652809375 0.8875363125
0 0.1424777921875 0.8965017046874999 0.1330550203125 0.9047102640625001 0.1627760296875 0.9473837875 0.1717622859375 0.9407410515624999 0.1424777921875 0.8965017046874999
0 0.118897196875 0.91162403125 0.10841323124999999 0.9193738890625 0.13922231406250002 0.963019021875 0.14867196875 0.95532336875 0.118897196875 0.91162403125
0 0.23658281875 0.752704675 0.24657650625 0.7454948265625 0.21731889375 0.7017683859375 0.206834928125 0.7095182453125 0.23658281875 0.752704675
0 0.21155827343750003 0.7699599375 0.2210616859375 0.7632900984375001 0.19384581875 0.7189423390624999 0.1832812125 0.7251534765625001 0.21155827343750003 0.7699599375
0 0.1995228375 0.77779110625 0.20954340624999998 0.7710941625000001 0.18080295 0.7273406203125 0.1707555 0.7335246546875 0.1995228375 0.77779110625
3 0.9155171828125 0.7747265734375001 0.9079006656249999 0.7679253203124999 0.8947707250000001 0.7845572125 0.901870084375 0.79138556875 0.9155171828125 0.7747265734375001
3 0.8052663484375 0.9270845015625 0.7954736828125 0.918340034375 0.778502171875 0.940830725 0.787723921875 0.9485764828125 0.8052663484375 0.9270845015625
3 0.8267835921875 0.8626960203125 0.819220834375 0.85692058125 0.8075617218750001 0.8719324453124999 0.8140901671874999 0.8777620890625 0.8267835921875 0.8626960203125
3 0.9238711734375 0.736229409375 0.915274103125 0.7305081765625 0.90320535625 0.74759876875 0.91025095625 0.7534013109375 0.9238711734375 0.736229409375
3 0.8848670671875001 0.6549544109375 0.8934641375 0.66067564375 0.9050426093749999 0.6441250609375 0.8959283812500001 0.63843093125 0.8848670671875001 0.6549544109375
3 0.5456089546875 0.0987580390625 0.5446219703125 0.109610390625 0.577935040625 0.11197905156250001 0.5794391812499999 0.10109959531249998 0.5456089546875 0.0987580390625
3 0.605983040625 0.13262468593750001 0.6204903078124999 0.1323787078125 0.6229878624999999 0.10087456875 0.6089171125 0.099554721875 0.605983040625 0.13262468593750001
3 0.6194559953125001 0.1324329140625 0.6329558296875 0.1327540484375 0.6349631062500001 0.10178991875000001 0.6229878624999999 0.10087456875 0.6194559953125001 0.1324329140625
3 0.3748064203125 0.11490983749999999 0.370528334375 0.12233445937500001 0.3855732078125 0.13234661875 0.39088560625 0.1248677890625 0.3748064203125 0.11490983749999999
3 0.36584704375 0.12206547968749999 0.3610786828125 0.13003011250000002 0.378326584375 0.14249839375 0.3836658625 0.135532471875 0.36584704375 0.12206547968749999
3 0.355356646875 0.139587671875 0.3511323234375 0.14803810781249999 0.36840710312499997 0.16101929375 0.374236659375 0.1535133625 0.355356646875 0.139587671875
0 0.6070978593749999 0.5892784546875001 0.5976482062499999 0.5969741078124999 0.62837665 0.6390805187499999 0.6379607046875 0.6339494 0.6070978593749999 0.5892784546875001