3 0.879609109375 0.9130264125 0.8788385046875 0.905543890625 0.8642013578125001 0.9083781999999999 0.864232071875 0.9156624671875001 0.879609109375 0.9130264125
3 0.6062506296875 0.8470562656249999 0.5990520640625 0.848765434375 0.599683765625 0.8671247921875 0.6081220968750001 0.8652281 0.6062506296875 0.8470562656249999
3 0.598831890625 0.8466275718749999 0.591763253125 0.8478518375 0.5923949578125 0.8662111953125 0.59946359375 0.8649869296875 0.598831890625 0.8466275718749999
3 0.590803190625 0.8455157218749999 0.5824947921875 0.8469275125 0.58284679375 0.8678105078125 0.5911551937499999 0.86639871875 0.590803190625 0.8455157218749999
3 0.57577815625 0.8690347734375001 0.5829767234375 0.8673256046875 0.5818451453125 0.849352025 0.5755163984375 0.8507745421875 0.57577815625 0.8690347734375001
3 0.5554151515625 0.9035967296875 0.5551661640625001 0.9134046359375001 0.5696733828125 0.9110552296875 0.5705323296875 0.9019304796875 0.5554151515625 0.9035967296875
3 0.5552672796875 0.9248655031249999 0.5547981203125001 0.9325355468750001 0.5686556921875 0.932610653125 0.5697546546875001 0.92406993125 0.5552672796875 0.9248655031249999
3 0.5541087874999999 0.9380677281249999 0.5516401328125 0.947280875 0.56556810625 0.9515325796875 0.56877665 0.9425176859375 0.5541087874999999 0.9380677281249999
3 0.512925859375 0.9363877 0.5125667859374999 0.9451266734375 0.527203934375 0.9422923671874999 0.5270631328125 0.9339391671874999 0.512925859375 0.9363877
3 0.5099733734375 0.9059727171875 0.5098543156249999 0.915295721875 0.524621390625 0.9119765093750001 0.524980465625 0.9032375343749999 0.5099733734375 0.9059727171875
3 0.524000559375 0.9024552515625001 0.523859759375 0.8941020546875 0.5088725109375 0.8952834015625 0.5088635375 0.9056753375 0.524000559375 0.9024552515625001
3 0.5116208671875 0.883546615625 0.5111318640625 0.8927704921874999 0.525509153125 0.8909059890625001 0.5259981546875 0.8816821109375 0.5116208671875 0.883546615625
3 0.5262580140625001 0.8807123062500001 0.5261172125 0.8723591078125 0.5106300890625 0.8739262312499999 0.51051103125 0.8832492359374999 0.5262580140625001 0.8807123062500001
3 0.5105289749999999 0.8624653656250001 0.5112598921875 0.8730555531249999 0.528136553125 0.8692621703125001 0.5281455234375 0.8588702343750001 0.5105289749999999 0.8624653656250001
3 0.4743831015625 0.941131990625 0.46670450468749997 0.9416731015625001 0.46483683906250006 0.9619613390625 0.4728853796875 0.96151935625 0.4743831015625 0.941131990625
3 0.47469541875 0.9651226562499999 0.4680165703125 0.9648922140625 0.46320918750000006 0.9828336078125 0.46949825 0.98451875625 0.47469541875 0.9651226562499999
3 0.46705650781249997 0.9625560984374999 0.45963776875000006 0.9621274046874999 0.45568036406249995 0.98133598125 0.46283924218749994 0.98273448125 0.46705650781249997 0.9625560984374999
3 0.457658115625 0.9621166750000001 0.450609321875 0.9617871062500001 0.44641190000000003 0.98041165625 0.45407065312499995 0.9814243796875 0.457658115625 0.9621166750000001
3 0.44914938437499996 0.9598367671875 0.44210059218750003 0.9595072 0.43786348437499995 0.9812394171875001 0.44565216718749995 0.9817672359375 0.44914938437499996 0.9598367671875
3 0.4391013484375 0.9618218562499999 0.4321824828125 0.9610073874999999 0.429464840625 0.980028440625 0.43651363437499996 0.980358009375 0.4391013484375 0.9618218562499999
3 0.43144259375000005 0.960809134375 0.42391376718749996 0.9593115078125001 0.41997620468749997 0.9769662515625 0.42750502968750004 0.9784638781250001 0.43144259375000005 0.960809134375
3 0.4308397046875 0.93050400625 0.423051021875 0.9299761859375 0.41894384375 0.9512235 0.4262326515625 0.952137096875 0.4308397046875 0.93050400625
3 0.41450450468750005 0.9500339828125 0.40671582187500005 0.9495061625 0.40371847812499995 0.9710508546875 0.4123769796875 0.9712920265625 0.41450450468750005 0.9500339828125
3 0.6224072421875 0.84151079375 0.615948565625 0.843418215625 0.6165604265625 0.8633314078125001 0.624628809375 0.861335590625 0.6224072421875 0.84151079375
3 0.6628195671875 0.8357083015625 0.6561208749999999 0.8370316953125 0.655862915625 0.8572315359375 0.66367144375 0.856205521875 0.6628195671875 0.8357083015625
3 0.65436139375 0.839158828125 0.6471628265625 0.840867996875 0.6481644765625 0.8593264796875 0.6556030578125001 0.8582013421875001 0.65436139375 0.839158828125
3 0.802908959375 1 0.8029299546875001 0.9875884984375001 0.794621553125 0.9890002875 0.794361290625 1 0.802908959375 1
3 0.8040648015625 0.9374800343749999 0.7953864562499999 0.938792696875 0.7939194484375001 0.9664643296875 0.8030778249999999 0.966319725 0.8040648015625 0.9374800343749999
3 0.79002655625 1 0.7901623734375 0.9893646031250001 0.7816139578125 0.9901923640625 0.7813819 1 0.79002655625 1
3 0.7805688921875 1 0.7803146640625 0.9950413906250001 0.7726162249999999 0.9971363359375 0.772559496875 1 0.7805688921875 1
3 0.770807278125 1 0.7704362421875001 0.993433909375 0.761867984375 0.995815503125 0.762066171875 1 0.770807278125 1
3 0.7360700140625 1 0.7362425796875 0.9967449515625001 0.7196456203125 0.9980146968750001 0.7196480625 1 0.7360700140625 1
3 0.7149643671875 0.9770111125 0.7152133546874999 0.9672032078124999 0.6992263578125 0.9691561078125 0.6986074265625 0.9788648875 0.7149643671875 0.9770111125
3 0.7366323671874999 0.9952902437500001 0.7377313296875 0.9867495203125 0.720654340625 0.986851209375 0.719555378125 0.99539193125 0.7366323671874999 0.9952902437500001
3 0.736901196875 0.983928503125 0.73787023125 0.9758726828125001 0.72142304375 0.9751036921875 0.7206940265624999 0.983743540625 0.736901196875 0.983928503125
3 0.7359302624999999 0.9727542859374999 0.7365491937499999 0.96304550625 0.7205820390625 0.963444571875 0.7204629812500001 0.9727675765624999 0.7359302624999999 0.9727542859374999
3 0.7372186828125 0.9590671593750001 0.736837865625 0.9501299328125 0.7203509953125 0.9524686078125001 0.7208418984375 0.9624747671874999 0.7372186828125 0.9590671593750001
3 0.7132067875 0.9983682828125 0.7135658609375 0.9896293093749999 0.6990784859375 0.99042488125 0.6985894828125 0.9996487593750001 0.7132067875 0.9983682828125
3 0.41774186406249997 0.9290733187500001 0.41130303125 0.92942690625 0.4084753015625 0.9473790296875 0.415524096875 0.947708596875 0.41774186406249997 0.9290733187500001
3 0.4552645 0.8201122953125 0.44769599062500004 0.8217223375 0.44676854375 0.845900525 0.4555768171875 0.844102959375 0.4552645 0.8201122953125
3 0.445086534375 0.8225822859375 0.43862785625 0.8244897078125 0.4390195453125 0.8422650375 0.44621811093749997 0.8405558687499999 0.445086534375 0.8225822859375
3 0.70052131875 0.819304890625 0.7004022625 0.82862789375 0.7162593296875001 0.827159896875 0.7170081890625 0.8169662140625 0.70052131875 0.819304890625
3 0.8315497421875 0.7328000828125 0.8244811046875 0.73402435 0.8235030999999999 0.7524721046875 0.8306818234375 0.75231676875 0.8315497421875 0.7328000828125
3 0.8184070453125001 0.783329071875 0.8187661187499999 0.774590096875 0.8034089249999999 0.77567231875 0.8025499765624999 0.78479706875 0.8184070453125001 0.783329071875
3 0.8161061046875 0.7697196125 0.8164651781250001 0.7609806390625 0.8007380390625001 0.7619637328125 0.799879090625 0.771088484375 0.8161061046875 0.7697196125
3 0.7598782984375 0.793112471875 0.759519225 0.801851446875 0.7785957109375 0.80020665625 0.779324728125 0.7915668078125 0.7598782984375 0.793112471875
3 0.759277309375 0.78203738125 0.75889839375 0.792330190625 0.7782545796875 0.788161759375 0.7786136531250001 0.779422784375 0.759277309375 0.78203738125
3 0.7812897078125001 0.7442793625 0.77533090625 0.7458010078124999 0.776072696875 0.7652292968750001 0.7832712625 0.7635201281249999 0.7812897078125001 0.7442793625
3 0.731977496875 0.8365687359375 0.7311185499999999 0.8456934875 0.7493450593750001 0.8427815125 0.7498340609375 0.8335576343750001 0.731977496875 0.8365687359375
3 0.7607136031249999 0.7470814828125001 0.753145090625 0.748691525 0.751887384375 0.76966291875 0.76006585625 0.76873603125 0.7607136031249999 0.7470814828125001
3 0.7491857859375 0.748670065625 0.7405976828124999 0.75260549375 0.7427795671874999 0.7755379578125 0.751217896875 0.773641265625 0.7491857859375 0.748670065625
3 0.701039134375 0.79813524375 0.700420203125 0.807844025 0.7156673125 0.8056928718749999 0.7165262578125 0.7965681203125 0.701039134375 0.79813524375
3 0.6712002671875 0.8577031484375001 0.67863885 0.8565780078125 0.678306690625 0.8341411765625001 0.672477815625 0.8351779203125 0.6712002671875 0.8577031484375001
3 0.8475367390624999 0.7308471828124999 0.840838046875 0.7321705749999999 0.8408597906249999 0.749846778125 0.8482983718750001 0.7487216375 0.8475367390624999 0.7308471828124999
3 0.6701282187500001 0.8350680640625001 0.6631895109375 0.835807428125 0.6639709875 0.8521280484375 0.6715394984375 0.85051800625 0.6701282187500001 0.8350680640625001
3 0.662747265625 0.812301665625 0.6549387390625 0.8133276796875 0.6554206703125 0.8337257734374999 0.6635991421874999 0.8327988859375001 0.662747265625 0.812301665625
3 0.6888975578125 0.7605806 0.6833087 0.762201371875 0.685160325 0.7819270406250001 0.6912490546875001 0.7799204921875 0.6888975578125 0.7605806
3 0.7171451906249999 0.786859340625 0.718114225 0.778803521875 0.704126721875 0.7792133171875 0.7037676484375 0.787952290625 0.7171451906249999 0.786859340625
3 0.6731902609375 0.7600098609375 0.666841671875 0.7629862140625 0.666843571875 0.7822162500000001 0.6750418859375 0.7797355296874999 0.6731902609375 0.7600098609375
3 0.658533271875 0.764398003125 0.6518345796875 0.765721396875 0.6508367328125 0.785722984375 0.6591451328125 0.7843111953124999 0.658533271875 0.764398003125
3 0.6396321015625 0.8201403328125 0.632173678125 0.822819309375 0.63291546875 0.8422475984375 0.6408539234374999 0.8407366812499999 0.6396321015625 0.8201403328125
3 0.6497249984375 0.76619556875 0.641416596875 0.7676073578125 0.6415285828124999 0.7879063265624999 0.6504667875 0.7856238578125 0.6497249984375 0.76619556875
3 0.6416764546875 0.766637553125 0.63536755 0.7665062375 0.6341296875 0.7859237984375 0.6410683953125 0.785184434375 0.6416764546875 0.766637553125
3 0.6324982359375 0.7683359921874999 0.6251697421875 0.7705300640625 0.624781853125 0.7912148078125 0.6325903796875 0.7901887953125 0.6324982359375 0.7683359921874999
3 0.8378624453124999 0.771391471875 0.83922126875 0.76188094375 0.8225142234374999 0.7620817578125 0.8207854578125 0.7714931578125 0.8378624453124999 0.771391471875
3 0.86613319375 0.7280343328125001 0.85780495 0.7309999578124999 0.8593967156250001 0.7516954296875 0.8684648484374999 0.7489280593750001 0.86613319375 0.7280343328125001
3 0.4366283609375 0.8260328124999999 0.42907969375 0.8260890203125 0.42719218437500006 0.84793109375 0.435240725 0.8474891093749999 0.4366283609375 0.8260328124999999
3 0.3353651359375 0.9168751640625 0.328446271875 0.9160606921875001 0.32459895156249996 0.9363382015624999 0.3308880140625 0.9380233515624999 0.3353651359375 0.9168751640625
3 0.40699362343749995 0.9277524859374999 0.3999249875 0.9289767531249999 0.39733727343749997 0.9475129046875 0.40512595625000003 0.948040725 0.40699362343749995 0.9277524859374999
3 0.40236672812499996 0.9509394109375 0.3954280203125 0.9516787750000001 0.393100165625 0.969245121875 0.40027888906250003 0.9690897859375 0.40236672812499996 0.9509394109375
3 0.3932083515625 0.9510840171874999 0.386529503125 0.950853575 0.38233208125 0.969478125 0.39023085156250004 0.971074875 0.3932083515625 0.9510840171874999
3 0.3862171859375 0.9268629109375001 0.3787786046875 0.9279880500000001 0.3775407421875 0.9474056093750001 0.385479196875 0.94589469375 0.3862171859375 0.9268629109375001
3 0.3849396375 0.9493881375000001 0.377650828125 0.9484745406249999 0.3738035078125 0.96875205 0.38185205 0.968310065625 0.3849396375 0.9493881375000001
3 0.37458118281249997 0.9466125984374999 0.3677724046875 0.9468670593749999 0.3645548875 0.966273890625 0.37260343125 0.96583190625 0.37458118281249997 0.9466125984374999
3 0.42682033906249994 0.82860193125 0.42012164687500003 0.8299253234374999 0.41903355624999994 0.8473041468750001 0.4259722640625 0.8465647828125 0.42682033906249994 0.82860193125
3 0.4179416640625 0.826222896875 0.40950333437499997 0.8281195890624999 0.4084658 0.851228846875 0.41677420156249995 0.8498170578125 0.4179416640625 0.826222896875
3 0.3982155328125 0.8302922015625 0.390647021875 0.8319022437499999 0.3895390875 0.8508349015625001 0.39758763125 0.8503929171875001 0.3982155328125 0.8302922015625
3 0.33872725312499996 0.9442816046875 0.332548278125 0.9436653875 0.32985047968750003 0.9611326078125 0.33676934375 0.9619470781249999 0.33872725312499996 0.9442816046875
3 0.32923861875 0.9412194156250001 0.322429840625 0.9414738765624999 0.3198024421875 0.9631176953124999 0.327351109375 0.9630614890625001 0.32923861875 0.9412194156250001
3 0.8745516796875 0.7276914750000001 0.8677032140625001 0.7310536046875 0.8689250359375 0.75164995 0.8772532796875 0.748684328125 0.8745516796875 0.7276914750000001
3 0.3218179796875 0.921560684375 0.3137694375 0.9220026703125 0.311811528125 0.93966814375 0.32035994375 0.9388403828125 0.3218179796875 0.921560684375
3 0.317580871875 0.9432929015625 0.3112719671875 0.9431615875 0.30979409062499996 0.96199511875 0.3169728125 0.9618397828124999 0.317580871875 0.9432929015625
3 0.309752503125 0.9458727484375 0.303573528125 0.9452565312500001 0.300505784375 0.9626246265624999 0.3081645375 0.9636373484374999 0.309752503125 0.9458727484375
3 0.2906472046875 0.959463309375 0.297436140625 0.9607626828125 0.3013935453125 0.9415541046874999 0.2947146953125 0.9413236625 0.2906472046875 0.959463309375
3 0.2969523078125 0.9211345515625 0.28953356874999997 0.9207058578125 0.2862059671875 0.93904375625 0.2937347921875 0.9405413812500001 0.2969523078125 0.9211345515625
3 0.2815285140625 0.956500246875 0.2883174484375 0.9577996203125 0.2919753109375 0.9426685156250001 0.285056446875 0.9418540453125 0.2815285140625 0.956500246875
3 0.2818965578125 0.9373693375000001 0.274328046875 0.9389793796875001 0.2739798453125 0.9565564562500001 0.28091855312499997 0.9558170921875 0.2818965578125 0.9373693375000001
3 0.9034584609375 0.8476958859374999 0.903839278125 0.8566331140625 0.9199760453125 0.8526414765625001 0.9195952296875 0.84370425 0.9034584609375 0.8476958859374999
3 0.9053369968749999 0.83624575 0.9044780515624999 0.8453704999999999 0.9188553390624999 0.843505996875 0.9202141625 0.8339954703125001 0.9053369968749999 0.83624575
3 0.8844896312499999 0.7246374546875 0.8771611359374999 0.7268315249999999 0.877772996875 0.7467447171875 0.88584138125 0.7447488984375 0.8844896312499999 0.7246374546875
3 0.8800078671874999 0.9011797687499999 0.8802370109375 0.892925696875 0.8640298421875 0.892740734375 0.8637808546875 0.9025486421875 0.8800078671874999 0.9011797687499999
3 0.88175320625 0.9582965796874999 0.8797626812500001 0.9494477484375 0.862586478125 0.9573186046875 0.86346716875 0.9658700578125 0.88175320625 0.9582965796874999
3 0.7161606453125 0.9414711859375 0.7163014453125001 0.949824384375 0.734657884375 0.94642750625 0.7346470125 0.937589403125 0.7161606453125 0.9414711859375
3 0.882612153125 0.9491718296875 0.88212125 0.93916566875 0.864394615625 0.9416918687500001 0.86353566875 0.9508166203125 0.882612153125 0.9491718296875
0 0.3005751234375 0.7537169875 0.30141612812499996 0.76537610625 0.3584740671875 0.744804265625 0.35750313437500003 0.73363005 0.3005751234375 0.7537169875
0 0.309127340625 0.7913493015624999 0.3095984 0.80290929375 0.3669072265625 0.7917595828125 0.366696025 0.779229784375 0.309127340625 0.7913493015624999
0 0.361826684375 0.676060525 0.353018409375 0.677858090625 0.3551625078125 0.7231282578125 0.36410071093749996 0.720845790625 0.361826684375 0.676060525
0 0.35260877968750004 0.6808666328124999 0.34319054375 0.6819810421875 0.343705090625 0.728893440625 0.3532532546875 0.7272941281249999 0.35260877968750004 0.6808666328124999
0 0.3411910484375 0.683524146875 0.3329927359375 0.6860048671875 0.3330074078125 0.7333030421875 0.34218562656249996 0.731604603125 0.3411910484375 0.683524146875
0 0.319553765625 0.672529284375 0.32141436093750003 0.6818630171875 0.358686640625 0.6700219828125 0.35634601250000003 0.6595201921875 0.319553765625 0.672529284375
0 0.33260294687499997 0.687459575 0.3226848375 0.6889597609375 0.3228294390625 0.735773034375 0.3323776046875 0.7341737203124999 0.33260294687499997 0.687459575
0 0.3209253578125 0.6910868953125 0.31137719375 0.6926862078125 0.3108919921875 0.7403701593750001 0.32118004375 0.7389690984375 0.3209253578125 0.6910868953125
0 0.31007790156250004 0.6975352328125 0.3008996828125 0.699233671875 0.3020241890625 0.7468292265625001 0.3119621390625 0.74377520625 0.31007790156250004 0.6975352328125
0 0.278269721875 0.659388390625 0.281090378125 0.6710582390625001 0.336468209375 0.6463981953125 0.33364755156250003 0.6347283453125 0.278269721875 0.659388390625
0 0.33146186875 0.573335809375 0.3225038203125 0.5771721125 0.3313466109375 0.6211188875 0.34204429531249997 0.6167092859375 0.33146186875 0.573335809375
0 0.2989001859375 0.7007767765625 0.289462109375 0.7034450203125 0.2925861109375 0.749497471875 0.3020241890625 0.7468292265625001 0.2989001859375 0.7007767765625
0 0.28907232031249996 0.7048997296875 0.27952415625000004 0.7064990421874999 0.282648159375 0.7525514906249999 0.292326253125 0.7504672765625 0.28907232031249996 0.7048997296875
0 0.279764171875 0.7070830703125 0.26947611875 0.7084841296875 0.2714704453125 0.755793034375 0.28151848125 0.7538079453125001 0.279764171875 0.7070830703125
0 0.2691765734375 0.7125616031249999 0.25975834062500003 0.7136760140625 0.261272634375 0.7598168609375 0.2713206734375 0.7578317703125 0.2691765734375 0.7125616031249999
0 0.2584987328125 0.715417371875 0.248320765625 0.7178873625 0.2507048796875 0.763741559375 0.2602530421875 0.7621422453125 0.2584987328125 0.715417371875
0 0.2632658984375 0.594041528125 0.25382782187499997 0.596709771875 0.25880154843750003 0.643257853125 0.26875934375 0.6386499984375 0.2632658984375 0.594041528125
0 0.2379027828125 0.719773325 0.22846470624999998 0.7224415703125 0.2293690390625 0.7678992609375 0.239787021875 0.7660132984375 0.2379027828125 0.719773325
0 0.182918540625 0.781438734375 0.17370063593750001 0.7862448421875 0.181063646875 0.8297951109374999 0.19041148125000001 0.8245041015625001 0.182918540625 0.781438734375
0 0.11737361406249999 0.817406871875 0.119734084375 0.8263548281249999 0.1737819078125 0.7992595437500001 0.1710713375 0.788658625 0.11737361406249999 0.817406871875
0 0.125913059375 0.826971046875 0.1276437265625 0.83678968125 0.1626457796875 0.8186234562499999 0.1612850578125 0.8089039453125 0.125913059375 0.826971046875
0 0.1317329609375 0.8363262390624999 0.133943659375 0.84731293125 0.1692958140625 0.8307996640624999 0.1677149203125 0.8189422921875 0.1317329609375 0.8363262390624999
0 0.11509251718749999 0.8022435781249999 0.11704335625 0.814200078125 0.15239551093749998 0.7976868109375 0.1514245765625 0.78651259375 0.11509251718749999 0.8022435781249999
0 0.373134328125 0.672334078125 0.3634562359375 0.67441829375 0.3657104203125 0.7207573921875 0.3746486234375 0.7184749234375001 0.373134328125 0.672334078125
0 0.39277021562500003 0.6656420093750001 0.38346206718750003 0.66782535 0.3844764890625 0.714351971875 0.3942646671875 0.7133366875 0.39277021562500003 0.6656420093750001
0 0.40316835624999997 0.6653098796875 0.394619940625 0.6661376406249999 0.39563436093750004 0.7126642624999999 0.40531245312499997 0.710580046875 0.40316835624999997 0.6653098796875
0 0.41747197500000005 0.727350821875 0.4194228125 0.7393073218749999 0.476850696875 0.71883460625 0.4748998578125 0.7068781078125 0.41747197500000005 0.727350821875
0 0.663199853125 0.7381034109375 0.6633009671875 0.749564278125 0.7198500609375 0.7397701484375 0.719878875 0.727824378125 0.663199853125 0.7381034109375
0 0.6038012859374999 0.7481734609374999 0.6045322046875 0.7587636484375 0.6608412828125 0.748385490625 0.6601103640625 0.737795303125 0.6038012859374999 0.7481734609374999
0 0.5446427359375 0.758827540625 0.5451336390625 0.7688336984374999 0.6011828578125 0.7594253453124999 0.6014516890625 0.74806360625 0.5446427359375 0.758827540625
0 0.5450414953125 0.7469808984374999 0.5465321453125 0.7562155046875 0.6025813656250001 0.74680715 0.60296028125 0.7365143421875 0.5450414953125 0.7469808984374999
0 0.486512746875 0.756764296875 0.487353753125 0.7684234187500001 0.5444027203124999 0.7582435125 0.54469139375 0.7453279375 0.486512746875 0.756764296875
0 0.486094146875 0.770164775 0.48645511875 0.7806558359375 0.5431341421875 0.770376803125 0.5432730421875 0.759499965625 0.486094146875 0.770164775
0 0.42730554062500004 0.7809179796875 0.428036459375 0.79150816875 0.48408567812500003 0.7820998140625 0.48472445468750003 0.7708372 0.42730554062500004 0.7809179796875
0 0.4273541984375 0.767418378125 0.42782525781249997 0.7789783703125 0.4850041546875 0.7683135625 0.485513 0.75753585 0.4273541984375 0.767418378125
0 0.3688056078125 0.7787556109375 0.36914673750000004 0.79080050625 0.42608562031249997 0.77955166875 0.42548463124999997 0.768476578125 0.3688056078125 0.7787556109375
0 0.36864686562500004 0.7911862828125 0.36861805 0.8031320531249999 0.42566701875 0.792952146875 0.425565903125 0.7814912796875 0.36864686562500004 0.7911862828125
0 0.4174105453125 0.7127822875 0.4192314546875 0.7252236890625 0.4745497578125 0.7052251468749999 0.473578821875 0.694050928125 0.4174105453125 0.7127822875
0 0.413366165625 0.6612860546875 0.40442796249999996 0.663568521875 0.405332296875 0.7090262125 0.41477037499999997 0.70635796875 0.413366165625 0.6612860546875
0 0.35874289843749996 0.733442525 0.360083775 0.74471586875 0.416641840625 0.7245298046875 0.4156709078125 0.7133555874999999 0.35874289843749996 0.733442525
0 0.48630101718749996 0.63769238125 0.477622671875 0.63900504375 0.4770472265625 0.6840662281250001 0.48633553125000006 0.6834367218749999 0.48630101718749996 0.63769238125
0 0.49521747656250004 0.617733709375 0.4959483953125 0.6283238984375 0.533161146875 0.6211443640625001 0.5328001718750001 0.6106533046875 0.49521747656250004 0.617733709375
0 0.4767131671875 0.6423993625 0.46753494843750004 0.6440978015625001 0.46856921093750004 0.6890705890625 0.47761750000000003 0.6878570515625 0.4767131671875 0.6423993625
0 0.43792849375 0.6273295875 0.43913944374999997 0.6390878328125 0.476021934375 0.62870150625 0.47531085937500006 0.6165574828125 0.43792849375 0.6273295875
0 0.465815153125 0.6431172671875001 0.45650700468750005 0.6453006078125 0.45667144843749996 0.690560046875 0.46634954375 0.68847583125 0.465815153125 0.6431172671875001
0 0.45548741406250004 0.64762599375 0.44680906875000004 0.6489386578125 0.447213528125 0.6947821249999999 0.4556518578125 0.6928854328125 0.45548741406250004 0.64762599375
0 0.4441797703125 0.651352440625 0.4357414390625 0.6532491328125001 0.4365356859375 0.6976378921874999 0.4452140328125 0.6963252296875 0.4441797703125 0.651352440625
0 0.4342418171875 0.6544064625 0.425563471875 0.655719125 0.426337878125 0.7016617187499999 0.43662593125000004 0.7002606578125 0.4342418171875 0.6544064625
0 0.42371374843750004 0.65522349375 0.41453552968749996 0.6569219328125 0.4156600359375 0.704517484375 0.42483825468749997 0.7028190453125001 0.42371374843750004 0.65522349375
0 0.11188207187500002 0.7920284359374999 0.11396284062499999 0.8035000328124999 0.168360765625 0.77805770625 0.166779871875 0.766200334375 0.11188207187500002 0.7920284359374999
0 0.104170859375 0.76605524375 0.1064916453125 0.77811086875 0.1621293328125 0.7524810203125 0.160418509375 0.7411085500000001 0.104170859375 0.76605524375
0 0.0972699390625 0.7444569015625 0.09922077812499999 0.7564134015625 0.1568579625 0.7292404484375 0.153907375 0.7180555015625 0.0972699390625 0.7444569015625
0 0.390571540625 0.169242896875 0.393872228125 0.18208080468750001 0.4473100921875 0.1543023625 0.44487922187500006 0.14117780625 0.390571540625 0.169242896875
0 0.5518549140625 0.591332309375 0.5526760765625001 0.6045452625000001 0.5895387234375 0.59571276875 0.5900674125 0.5833812234375 0.5518549140625 0.591332309375
0 0.4994437125 0.5871633921875 0.49978484375 0.5992082875 0.5386271453125 0.590386525 0.5387858875 0.5779558515625001 0.4994437125 0.5871633921875
0 0.05797756875 0.2459143203125 0.0493894671875 0.24984974843750002 0.0584415578125 0.287096284375 0.06778939218749999 0.281805275 0.05797756875 0.2459143203125
0 0.07005391875 0.2304403578125 0.06159574375 0.233890884375 0.070048746875 0.27929236562500004 0.08037648593749999 0.2747836375 0.07005391875 0.2304403578125
0 0.0806415140625 0.224961825 0.07118359375 0.22918390312499998 0.07939658125 0.27400135625 0.08898443125 0.269294375 0.0806415140625 0.224961825
0 0.08985942031250001 0.22015571718750002 0.0806415140625 0.224961825 0.08835462656250001 0.27016505468749996 0.09968211406250001 0.2648847734375 0.08985942031250001 0.22015571718750002
0 0.1650938421875 0.297483584375 0.16190323906249998 0.2857146109375 0.10474608593750001 0.3140556203125 0.10706686875 0.3261112453125 0.1650938421875 0.297483584375
0 0.2209011453125 0.26826116718750004 0.21808048750000003 0.2565913171875 0.16427267968749998 0.28427063124999996 0.1660935890625 0.2967120328125 0.2209011453125 0.26826116718750004
0 0.5027961078125001 0.1114812140625 0.5064469 0.1259720796875 0.5616640859375 0.094512671875 0.5582533109375001 0.0806058328125 0.5027961078125001 0.1114812140625
0 0.44598905625 0.141475184375 0.44841992656249996 0.15459974062499998 0.504837190625 0.12606047812500001 0.5011665578125 0.11312344375000001 0.44598905625 0.141475184375
0 0.33204469375 0.198256334375 0.3349754375 0.210995115625 0.3915027875 0.18352478125 0.387962084375 0.170102846875 0.33204469375 0.198256334375
0 0.5715323875 0.6007626078125 0.563464003125 0.6027584265625 0.56260885625 0.6503432499999999 0.5723970359375 0.6493279671875001 0.5715323875 0.6007626078125
0 0.2767372640625 0.2270929765625 0.280037953125 0.23993088437500001 0.33421570625 0.2123506953125 0.330934859375 0.1979589546875 0.2767372640625 0.2270929765625
0 0.21982012499999998 0.2560180171875 0.2217709640625 0.267974515625 0.27705855156250003 0.24069170624999997 0.2743678234375 0.22853695625 0.21982012499999998 0.2560180171875
0 0.0809065453125 0.1751400125 0.0708386640625 0.178678934375 0.07942159374999999 0.22359551406249997 0.089749334375 0.2190867859375 0.0809065453125 0.1751400125
3 0.85825581875 1 0.8581707843749999 0.993035328125 0.8417939984375 0.9964429359375 0.8419163890625001 1 0.85825581875 1
3 0.8448022140625 0.9837363437500001 0.8441832828125 0.993445125 0.8593004609375001 0.9917788734374999 0.8606592828125 0.9822683453125001 0.8448022140625 0.9837363437500001
3 0.8760273484375001 0.990024225 0.8762564921875 0.981770153125 0.861029228125 0.9823674718750001 0.8609101703125001 0.9916904765625001 0.8760273484375001 0.990024225
3 0.87738616875 0.9805136984375 0.8779852578125 0.9723587515625001 0.8633877968749999 0.9720853921874999 0.8622888328125 0.980626115625 0.87738616875 0.9805136984375
3 0.841761384375 0.9699286328125 0.841512396875 0.9797365390625 0.8583890562500001 0.9759431546874999 0.8585081140625 0.96662015 0.841761384375 0.9699286328125
3 0.8608954984375 0.9443923015625 0.861144484375 0.9345843953124999 0.845547275 0.9350825890625 0.8451683593749999 0.945375396875 0.8608954984375 0.9443923015625
0 0.562204396875 0.604499784375 0.5527861609375 0.6056141937499999 0.552820678125 0.651358534375 0.561979053125 0.651213928125 0.562204396875 0.604499784375
0 0.581910684375 0.6019843140625001 0.572732465625 0.603682753125 0.5736368 0.64914044375 0.583444821875 0.6465713265625 0.581910684375 0.6019843140625001
0 0.08793624531250001 0.6905039671875 0.083318321875 0.7032989578125 0.11875365 0.7190304281250001 0.1232416453125 0.7067203421875 0.08793624531250001 0.6905039671875
0 0.746568196875 0.56606775 0.746539384375 0.57801351875 0.7831223296875 0.5717046640625 0.78365101875 0.5593731203125001 0.746568196875 0.56606775
0 0.11415883906249999 0.6621895390625 0.12313672812500001 0.656799403125 0.11331403437500001 0.6120703453125 0.1033562390625 0.6166781984374999 0.11415883906249999 0.6621895390625
0 0.5820354437499999 0.6503514203125 0.5729871531249999 0.65156495625 0.5726120375 0.7003178390625 0.5817902562499999 0.6986194 0.5820354437499999 0.6503514203125
0 0.8268263734374999 0.5891320125 0.827907390625 0.6013751625 0.865360159375 0.5947796578125 0.864649084375 0.5826356359375 0.8268263734374999 0.5891320125
0 0.8267252578125 0.5776711453125001 0.825976396875 0.5878648281250001 0.8636691781250001 0.5818533546875 0.8641780234375 0.5710756421875 0.8267252578125 0.5776711453125001
0 0.824823075 0.5522150453125 0.8250541203124999 0.563191009375 0.86237695625 0.55708040625 0.861905896875 0.5455204140625 0.824823075 0.5522150453125
0 0.7868742359375 0.5976563984375 0.7871052796875 0.6086323625000001 0.8236882265625001 0.6023235078125 0.8246969468750001 0.5911600203125 0.7868742359375 0.5976563984375
0 0.7860818890625 0.5724976749999999 0.7863129328125 0.5834736390625 0.8233957546875 0.5767790078125 0.8241644578124999 0.5650314921875 0.7860818890625 0.5724976749999999
0 0.7863705609375 0.5595821 0.786341746875 0.5715278703125 0.8231845515625 0.5642492109374999 0.822953509375 0.553273246875 0.7863705609375 0.5595821
0 0.7871591078125 0.5462807515625 0.7868704359375001 0.559196325 0.8238431703125 0.5514327625 0.823871984375 0.53948699375 0.7871591078125 0.5462807515625
0 0.7479667046875 0.553449553125 0.748327678125 0.563940615625 0.784910625 0.5576317609375 0.7849394390625 0.5456859921875 0.7479667046875 0.553449553125
0 0.746909328125 0.5781126453125001 0.7470104421875 0.5895735109375 0.7840734203124999 0.5844327140625001 0.784602109375 0.5721011703125 0.746909328125 0.5781126453125001
0 0.5918486359374999 0.5989302921874999 0.5826704171875 0.6006287312499999 0.583444821875 0.6465713265625 0.592383025 0.64428885625 0.5918486359374999 0.5989302921874999
0 0.7077943953125 0.5598360765625 0.7091352734374999 0.57110941875 0.745718221875 0.5648005656249999 0.7448772171875 0.553141446875 0.7077943953125 0.5598360765625
0 0.71183254375 0.44710008125 0.7033743703125 0.45055060625000004 0.7177483890625 0.5167681484375 0.726836365625 0.51244694375 0.71183254375 0.44710008125
0 0.7026651968750001 0.457636621875 0.6934671328124999 0.46088889375 0.7000902546875001 0.5042409125 0.7091583875 0.5014735406249999 0.7026651968750001 0.457636621875
0 0.6914676375 0.4624319984375 0.6822695750000001 0.4656842734375 0.690132459375 0.508848765625 0.6985906328125 0.5053982390625 0.6914676375 0.4624319984375
0 0.6530066828125001 0.586733109375 0.6433285890625 0.5888173250000001 0.6454726859375 0.6340874921874999 0.6554106390625 0.631033471875 0.6530066828125001 0.586733109375
0 0.6433285890625 0.5888173250000001 0.6332805515625 0.5908024140625 0.6343148140625 0.6357752015625 0.6446028687500001 0.6343741421875 0.6433285890625 0.5888173250000001
0 0.612834375 0.59311963125 0.6041560296874999 0.5944322953125 0.60572278125 0.6655336109375 0.6147710703125 0.6643200734375 0.612834375 0.59311963125
0 0.6032810390625001 0.6435709515625 0.594082978125 0.6468232265625 0.5949674671875 0.6938347515625 0.60501550625 0.6918496609375 0.6032810390625001 0.6435709515625
0 0.601156784375 0.5967469515625 0.5927184546875 0.59864364375 0.59325284375 0.6440022078125 0.6034308109375 0.6415322171875 0.601156784375 0.5967469515625
0 0.59247326875 0.646911621875 0.583905009375 0.6492932171875 0.5865291390625 0.69573144375 0.5950775546875 0.6949036828125 0.59247326875 0.646911621875
3 0.6168433984374999 0.792725725 0.62367201875 0.7909174296875 0.6238000484375 0.7712024890625 0.61660148125 0.7729116578124999 0.6168433984374999 0.792725725
3 0.6153815609375 0.771545346875 0.60829308125 0.774323446875 0.609664675 0.7928810578125 0.617363115625 0.7907861140625 0.6153815609375 0.771545346875
3 0.5933762328125 0.7796813953124999 0.584827815625 0.7805091562500001 0.584919959375 0.802361959375 0.5940981796875 0.8006635187500001 0.5933762328125 0.7796813953124999
3 0.584827815625 0.7805091562500001 0.5779991953125 0.7823174515625 0.5776311515625 0.8014483625000001 0.58556960625 0.7999374453125 0.584827815625 0.7805091562500001
3 0.527782209375 0.0152722609375 0.5211232031249999 0.013487985937499999 0.5172054828125 0.029588896875 0.5243643625 0.030987393749999998 0.527782209375 0.0152722609375
3 0.28011489218749996 0.10794339374999999 0.28075556874999996 0.11591081562500001 0.29519238593749997 0.10938480937499999 0.29368189375 0.10170403750000001 0.28011489218749996 0.10794339374999999
3 0.2787740140625 0.09667005 0.2804144375 0.1038659203125 0.29250165781250004 0.097230059375 0.290491290625 0.0899350609375 0.2787740140625 0.09667005
3 0.291380953125 0.088094578125 0.2886505375 0.07904749375 0.27571334062499997 0.084416171875 0.27757393750000003 0.0937499046875 0.291380953125 0.088094578125
3 0.2902096875 0.0732286640625 0.2887190375 0.06399405625 0.2731922296875 0.06866885 0.27457279218749997 0.076834525 0.2902096875 0.0732286640625
3 0.30582104062500004 0.0134865265625 0.297992671875 0.016066375 0.2974153265625 0.0418975234375 0.30659354375 0.040199084375 0.30582104062500004 0.0134865265625
3 0.2594428421875 0.0504326375 0.26601160468749996 0.049594146875 0.266599821875 0.0326011015625 0.260271075 0.03402361875 0.2594428421875 0.0504326375
3 0.25530685000000003 0.083625721875 0.2577972484375 0.0920887765625 0.2721239796875 0.08449383906249999 0.2702435421875 0.0767139390625 0.25530685000000003 0.083625721875
3 0.2545759328125 0.0730355328125 0.2556966375 0.0821710140625 0.26926363593749997 0.0759316578125 0.26764305625 0.067181953125 0.2545759328125 0.0730355328125
3 0.32740776562499996 0.01875095625 0.31983925625 0.0203609984375 0.31993140000000003 0.0422138 0.32923954843750003 0.040030459375 0.32740776562499996 0.01875095625
3 0.3089757578125 0.0668232453125 0.3105963375 0.0755729484375 0.3254229421875 0.0675922359375 0.3234324171875 0.0587434046875 0.3089757578125 0.0668232453125
3 0.324912196875 0.059139909375 0.32703265 0.0675038390625 0.341099525 0.0608787078125 0.338609125 0.052415653124999996 0.324912196875 0.059139909375
3 0.3524251109375 0.0363683890625 0.35851384375 0.034361842187500005 0.35764212500000003 0.0154184546875 0.351183446875 0.017325876562500002 0.3524251109375 0.0363683890625
3 0.32875244531250003 0.0684843734375 0.3293931203125 0.076451796875 0.344679915625 0.071192975 0.34379922343749997 0.0626415234375 0.32875244531250003 0.0684843734375
3 0.31576659218750003 0.0873526546875 0.31701722656250003 0.09600323125 0.3310841015625 0.0893781 0.32933359218749997 0.08111329843750001 0.31576659218750003 0.0873526546875
3 0.9738252203125001 0.43414609375 0.973054615625 0.4266635734375 0.9602870343750001 0.42843967968749996 0.9594280875000001 0.43756443125000005 0.9738252203125001 0.43414609375
3 0.9669242984374999 0.41254775312499997 0.9633042203125 0.405341153125 0.9500674828125 0.41478730312499995 0.9541874328125 0.4216081265625 0.9669242984374999 0.41254775312499997
3 0.95491835 0.432198315625 0.9520381625000001 0.4251899671875 0.9375616593749999 0.43482364218749997 0.9413116640625001 0.4415453375 0.95491835 0.432198315625
3 0.9688047359375 0.4203276515625 0.9657946203125001 0.41380420781250005 0.9534277 0.42296370781250003 0.9568077593750001 0.4295862796875 0.9688047359375 0.4203276515625
3 0.9906942781250001 0.3534325625 0.9873340609374999 0.3452561578125 0.9743571781249999 0.353732503125 0.9773474500000001 0.36180978124999996 0.9906942781250001 0.3534325625
3 0.9934445343749999 0.3609258125 0.9894545140625001 0.3536200859375 0.9770875921875 0.3627795859375 0.9804478109374999 0.370955990625 0.9934445343749999 0.3609258125
3 0.9964149640625 0.370556925 0.9936647078125 0.363063675 0.9814475578125 0.3701844390625 0.9838080281250001 0.379132396875 0.9964149640625 0.370556925
3 1 0.3769984421875 0.9958050046875 0.3698737703125 0.9839379562499999 0.37864749375 0.9867983015625 0.387209675 1 0.3774011921875 1 0.3769984421875
3 1 0.3807351390625 0.99842533125 0.377851921875 0.9860584109375001 0.387011421875 0.98965864375 0.39577185625 1 0.38716734062499997 1 0.3807351390625
3 1 0.387987571875 0.9878991640624999 0.3978989890625 0.9903895625000001 0.40636204375 1 0.3982884859375 1 0.387987571875
3 1 0.39871669375 0.9933888078124999 0.4040473875 0.9966389375 0.41115486093750003 1 0.4086747 1 0.39871669375
3 0.9755558859375 0.4439647296875 0.9751552265625 0.436581334375 0.9596482609375 0.43970229375000003 0.9597890609374999 0.44805549375 0.9755558859375 0.4439647296875
3 0.9631204656250001 0.46817766718750004 0.9628695781250001 0.4587555359375 0.9439031796874999 0.461469259375 0.9427843734374999 0.471563815625 0.9631204656250001 0.46817766718750004
3 0.9617219578125 0.48079586250000006 0.9623408890625 0.47108708281249995 0.944634096875 0.4720594484375 0.943515290625 0.48215400468749997 0.9617219578125 0.48079586250000006
3 0.9788783171875 0.4744788375 0.97947740625 0.46632389218750003 0.9636203374999999 0.46779189062500004 0.9633911953125001 0.4760459640625 0.9788783171875 0.4744788375
3 0.9605289499999999 0.44825374531250006 0.9604098921875 0.45757674843749996 0.9770068515625001 0.45630700468749996 0.977125909375 0.44698399999999994 0.9605289499999999 0.44825374531250006
3 0.9612636703125 0.4973040078125 0.9618826015625 0.4875952265625 0.9441559671875 0.49012142656249996 0.9441668375000001 0.49895952968749996 0.9612636703125 0.4973040078125
3 0.976649678125 0.484276015625 0.9767488921874999 0.4765068453125 0.9635012812499999 0.47711489374999994 0.9635121515625 0.48595299687500004 0.976649678125 0.484276015625
3 0.9587950140625001 0.5065171562499999 0.9587841421875 0.497679053125 0.9455166875 0.49984093749999997 0.9444177249999999 0.5083816578125 0.9587950140625001 0.5065171562499999
3 0.9760416171875 0.5028228968749999 0.9757708875000001 0.49495459999999997 0.9622634171875 0.4965324546875 0.9612943843749999 0.5045882749999999 0.9760416171875 0.5028228968749999
3 0.9767706359374999 0.4941830484375 0.9768698499999999 0.48641387968750005 0.9643621296875 0.48722018125 0.9647627890624999 0.494603575 0.9767706359374999 0.4941830484375
3 0.3181072203125 0.09785444374999999 0.3186179640625 0.10630677031249999 0.3332947984375 0.10036479375 0.33193407656249996 0.0906452828125 0.3181072203125 0.09785444374999999
3 0.33193407656249996 0.0906452828125 0.3334445703125 0.09832605625 0.34751144375 0.0917009265625 0.3465008234375 0.0836343765625 0.33193407656249996 0.0906452828125
3 0.3461507234375 0.081981415625 0.34440021249999997 0.07371661406249999 0.3313330875 0.07957019374999999 0.3328237390625 0.08880479999999999 0.3461507234375 0.081981415625
3 0.7565868906250001 0.46948631093750004 0.75110621875 0.452945978125 0.7467372828125 0.45593305937500006 0.75071833125 0.47363072187500005 0.7565868906250001 0.46948631093750004
3 0.425286290625 0.07668016250000001 0.426536925 0.085330740625 0.4402338546875 0.07860648125 0.43774345625000005 0.0701434265625 0.425286290625 0.07668016250000001
3 0.443684315625 0.089405653125 0.4418038765625 0.081625753125 0.4281069484375 0.0883500109375 0.42985745781249995 0.0966148140625 0.443684315625 0.089405653125
3 0.4457650828125 0.10087724843749998 0.44425458906250004 0.09319647656249999 0.42994770156250006 0.0992375796875 0.43119833593749995 0.10788815624999999 0.4457650828125 0.10087724843749998
3 0.4503466234375 0 0.45009570468750004 0.013685751562500001 0.45666446718750003 0.012847260937499999 0.45690001406249997 0 0.4503466234375 0
3 0.4661620734375 0.0055175171874999995 0.4596131546875 0.004802171875 0.456435321875 0.0211013359375 0.46346427500000004 0.022984737499999998 0.4661620734375 0.0055175171874999995
0 0.8984464187500001 0.7169433921875 0.8897680734375 0.7182560546875 0.8908708359374999 0.74817540625 0.8976796140625 0.74792094375 0.8984464187500001 0.7169433921875
0 0.9111039125 0.714098353125 0.9009656312500001 0.7134606765625 0.9011697625 0.7556124468750001 0.9092183031250001 0.7551704609375001 0.9111039125 0.714098353125
0 0.920085603125 0.7471682890625 0.9213324374999999 0.71735879375 0.9136538390625001 0.71789990625 0.9127769499999999 0.7478085265625001 0.920085603125 0.7471682890625
0 0.94616739375 0.7105006609375 0.9368989328125 0.709576334375 0.9331635984375 0.7501528109375 0.9405624937500001 0.7521353390625001 0.94616739375 0.7105006609375
3 0.5408218 0.641387125 0.5494803015625 0.6416282953125 0.5487781984375 0.6190923390624999 0.5425595375000001 0.6215837890625 0.5408218 0.641387125
0 0.8271721421875 0.44578278281249994 0.8363900484375 0.44097667500000004 0.8275690015625001 0.4147061015625 0.8210904828125001 0.41816735937500005 0.8271721421875 0.44578278281249994
3 0.41958544687500005 0.058001965625 0.421575971875 0.0668507984375 0.4357727734375 0.0597407625 0.433412303125 0.050792804687500005 0.41958544687500005 0.058001965625
3 0.7873281921874999 0.4361460609375 0.7793698953125 0.43921081093750003 0.7828709125 0.45574041562499995 0.7897392187500001 0.45082445312499997 0.7873281921874999 0.4361460609375
3 0.585572965625 0.02452064375 0.5934410203125 0.018833128125 0.58233180625 0.0070212359375 0.57931271875 0.0108897265625 0.585572965625 0.02452064375
3 0.774392896875 0.46074477500000005 0.7819614078125 0.45913473437499996 0.7774299265625 0.43609241406250004 0.769101684375 0.4390580375 0.774392896875 0.46074477500000005
3 0.766174740625 0.4647793296875 0.7747628421874999 0.4608439015625 0.7690421546875 0.4437195390625 0.761713659375 0.4459136109375 0.766174740625 0.4647793296875
3 0.6785382640625001 0.951659259375 0.678617634375 0.945443925 0.6618907484375 0.947198571875 0.6611815734375 0.9542845859375 0.6785382640625001 0.951659259375
3 0.6749385359375 1 0.674893175 0.9948585031249999 0.661015759375 0.9963372312500001 0.660968984375 1 0.6749385359375 1
3 0.42342569531249996 0.0673464296875 0.42565623593749996 0.0767792890625 0.43763336875 0.0690744953125 0.4357727734375 0.0597407625 0.42342569531249996 0.0673464296875
3 0.41724481874999997 0.047500175 0.41923534374999993 0.05634900625 0.4335620765625 0.048754068750000004 0.43244137031249996 0.0396185875 0.41724481874999997 0.047500175
3 0.3368841609375 0.10028712656250001 0.338894528125 0.1075821234375 0.35172163749999996 0.1011445140625 0.3494712546875 0.0932654890625 0.3368841609375 0.10028712656250001
3 0.3838000171875 0.040617534375 0.38505065156249996 0.0492681125 0.39870789375000004 0.045651521875000003 0.39808706250000003 0.036130265625000005 0.3838000171875 0.040617534375
3 0.33550549531249996 0.11135148749999998 0.3377558796875 0.1192305140625 0.35408210625000003 0.110092471875 0.35220166875 0.10231257187500001 0.33550549531249996 0.11135148749999998
3 0.3191991125 0.11893569531249999 0.3208196921875 0.1276853984375 0.3351265796875 0.121644296875 0.3331360546875 0.11279546562500001 0.3191991125 0.11893569531249999
3 0.32253948593750004 0.1286659328125 0.32427015312499996 0.1384845703125 0.33772706406249997 0.1311762828125 0.33499665156249997 0.1221291984375 0.32253948593750004 0.1286659328125
3 0.341345240625 0.1191528453125 0.34283589062500003 0.128387453125 0.35640289062499997 0.12214809687499999 0.3540424203125 0.1132001390625 0.341345240625 0.1191528453125
3 0.3403365203125 0.130316334375 0.34230720312499996 0.140718996875 0.3613529734375 0.1317899375 0.3585124734375 0.12167392343750001 0.3403365203125 0.130316334375
3 0.38147733281249996 0.0093318734375 0.37462886875 0.012694001562500001 0.37563051718749996 0.031152485937500002 0.383698903125 0.029156668749999996 0.38147733281249996 0.0093318734375
3 0.36657515625000003 0.0619879953125 0.3675857765625 0.07005454375 0.3816526484375 0.0634294140625 0.379902140625 0.05516460937499999 0.36657515625000003 0.0619879953125
3 0.3831433 0.0726640203125 0.381003003125 0.06585392500000001 0.365826296875 0.07218167812500001 0.36707693125 0.08083225625 0.3831433 0.0726640203125
3 0.38670384687500003 0.084532121875 0.3841033625 0.075000134375 0.368517025 0.0843364296875 0.3714874546875 0.093967540625 0.38670384687500003 0.084532121875
3 0.379902140625 0.05516460937499999 0.38202259375000003 0.0635285390625 0.40032847499999996 0.054401228125 0.39846787968749997 0.04506749375 0.379902140625 0.05516460937499999
3 0.409013890625 0.0234665921875 0.4157125828125 0.0221432 0.416470415625 0.00155758125 0.41077147031249994 0.002109421875 0.409013890625 0.0234665921875
3 0.417273634375 0.0355544046875 0.4186541984375 0.0437200796875 0.43246121249999997 0.0380647546875 0.43047068906249997 0.029215924999999997 0.417273634375 0.0355544046875
3 0.39892996875 0.067019421875 0.39604978125 0.0600110765625 0.384092490625 0.066162034375 0.3861028578125 0.07345703125 0.39892996875 0.067019421875
3 0.40253020156249997 0.07577985625 0.40003980156249996 0.0673168015625 0.3879525828125 0.0739526625 0.390313053125 0.08290062031249999 0.40253020156249997 0.07577985625
3 0.40500075625000004 0.0857967453125 0.40264028749999997 0.0768487890625 0.38955331875 0.0842562015625 0.3908039546875 0.0929067796875 0.40500075625000004 0.0857967453125
3 0.3709875796875 0.09435331875 0.3733678921875 0.101747440625 0.387064821875 0.095023184375 0.3849443671875 0.08665925625000001 0.3709875796875 0.09435331875
3 0.3742377109375 0.10146079062499999 0.375968378125 0.111279428125 0.38916543125 0.1049409453125 0.38767478125 0.0957063390625 0.3742377109375 0.10146079062499999
3 0.38941441875 0.095133040625 0.3909050703125 0.104367646875 0.407081525 0.0972683421875 0.4047210546875 0.088320384375 0.38941441875 0.095133040625
3 0.37694828281250004 0.112061709375 0.3783288484375 0.120227384375 0.3912660421875 0.1148587078125 0.3906253671875 0.1068912859375 0.37694828281250004 0.112061709375
3 0.378029303125 0.1243048578125 0.3798898984375 0.13363859218750002 0.3932168828125 0.12681520625 0.391986090625 0.11661079375000001 0.378029303125 0.1243048578125
3 0.392745821875 0.11525521406250001 0.39447648750000003 0.1250738484375 0.412152565625 0.116817215625 0.4103118125 0.1059296484375 0.392745821875 0.11525521406250001
3 0.39299480937500003 0.1054473078125 0.394985334375 0.1142961375 0.40731256875 0.10824430625 0.4046922421875 0.10026615312500001 0.39299480937500003 0.1054473078125
3 0.9510781015625 0.4228538515625 0.947698040625 0.41623128125 0.93572090625 0.42393607343750006 0.9392110546874999 0.4316275765625 0.9510781015625 0.4228538515625
3 0.9486977890625001 0.4154597296875 0.9458176015624999 0.40845138125 0.933210665625 0.417026853125 0.93622078125 0.4235502984375 0.9486977890625001 0.4154597296875
3 0.9644338984375 0.40408469687500004 0.96118376875 0.396977225 0.9480968000000001 0.4043846390625 0.9523268375 0.4122743921875 0.9644338984375 0.40408469687500004
3 0.09979874062500001 0.129789615625 0.10104937812499999 0.13844019375 0.1130066671875 0.132289234375 0.11112622968750001 0.1245093359375 0.09979874062500001 0.129789615625
3 0.643032315625 0.5248127515625 0.6407819328125 0.5169337265625 0.6263451140625 0.52345973125 0.6288355140624999 0.5319227859375 0.643032315625 0.5248127515625
3 0.641431578125 0.5145092140624999 0.6384413062500001 0.5064319359375 0.6259841421875 0.5129686703125 0.6284745390625 0.521431725 0.641431578125 0.5145092140624999
3 0.6376201453125 0.49321898124999997 0.6343700125 0.486111509375 0.6202832968750001 0.494290475 0.6224037515624999 0.502654403125 0.6376201453125 0.49321898124999997
3 0.6291964859375 0.5424138484375 0.6260762843750001 0.5348214718750001 0.6124894421875 0.5426146609375 0.6158496609374999 0.5507910671875 0.6291964859375 0.5424138484375
3 0.62633614375 0.5338516671875 0.6235858859375 0.5263584171875 0.611758525 0.5320244749999999 0.6143788531250001 0.5400026265625 0.62633614375 0.5338516671875
3 0.623874559375 0.51344284375 0.6216241765625 0.50556381875 0.609296940625 0.51161565 0.6114173953125001 0.519979578125 0.623874559375 0.51344284375
3 0.5695791171875 0.46303395468749997 0.57692745625 0.4592860484375 0.5725060609375 0.43731266093750004 0.56541758125 0.44009076093750005 0.5695791171875 0.46303395468749997
3 0.063715359375 0.43610901249999995 0.0612467046875 0.44532216093750004 0.0755644640625 0.448119159375 0.0775332453125 0.43929178750000003 0.063715359375 0.43610901249999995
3 0.06868718593749999 0.46342705625 0.066348459375 0.472155303125 0.0796664703125 0.475723853125 0.082505071875 0.46660983125 0.06868718593749999 0.46342705625
3 0.1001398734375 0.1418345109375 0.1031301453125 0.1499117890625 0.11534729375 0.14279102500000002 0.11372671406249998 0.134041321875 0.1001398734375 0.1418345109375
3 0.10854368750000001 0.0941934796875 0.10829470000000001 0.10400138437499999 0.12452171249999999 0.1026325140625 0.1260104640625 0.092637084375 0.10854368750000001 0.0941934796875
3 0.9044745593749999 0.5065141078125001 0.9045955187500001 0.516421140625 0.9238217765625001 0.5127376124999999 0.923720659375 0.501276746875 0.9044745593749999 0.5065141078125001
3 0.112613609375 0.2018259859375 0.113364371875 0.2108623421875 0.12954082656250002 0.2037630375 0.1268104125 0.1947159515625 0.112613609375 0.2018259859375
3 0.12189484375 0.23081845156249997 0.12327540937499999 0.23898412812499997 0.1367323203125 0.231675840625 0.1348518828125 0.22389594062499998 0.12189484375 0.23081845156249997
3 0.12386552656250001 0.241221115625 0.12548610625 0.249970821875 0.1385730734375 0.2425634078125 0.1361927609375 0.235169284375 0.12386552656250001 0.241221115625
3 0.12420665625 0.2532660125 0.125937321875 0.263084646875 0.13815447187500002 0.25596388281250004 0.1360538609375 0.246046121875 0.12420665625 0.2532660125
3 0.1368315359375 0.22390667031249997 0.1383221859375 0.2331412765625 0.1519090296875 0.22534808750000002 0.149548559375 0.2164001296875 0.1368315359375 0.22390667031249997
3 0.16342354375 0.089149246875 0.1655945546875 0.10324360937499999 0.18462048281250001 0.095868384375 0.1822996984375 0.0838127578125 0.16342354375 0.089149246875
3 0.17850863749999998 0.1675108109375 0.180109375 0.17781435 0.195435853125 0.1694478609375 0.19283536875 0.1599158734375 0.17850863749999998 0.1675108109375
3 0.1880298875 0.1970873046875 0.1892805234375 0.2057378828125 0.2029576078125 0.2005674578125 0.20072706718750002 0.191134596875 0.1880298875 0.1970873046875
3 0.1895928390625 0.22972854687500002 0.1875824703125 0.22243355 0.17488529218749999 0.22838625625 0.1772656046875 0.23578037968749999 0.1895928390625 0.22972854687500002
3 0.2033974234375 0.09830106562499999 0.2042781125 0.1068525171875 0.2207144265625 0.09878340625000001 0.2188339890625 0.0910035078125 0.2033974234375 0.09830106562499999
3 0.920261228125 0.5008695109375 0.9193805375 0.49231805937499995 0.9063530984374999 0.4950639703125 0.9063639703125 0.5039020734374999 0.920261228125 0.5008695109375
3 0.9070859171875 0.5248841953125 0.9073368046875 0.5343063265625 0.9245834078125 0.53061206875 0.923962575 0.5210908109375 0.9070859171875 0.5248841953125
3 0.210650346875 0.140782403125 0.21240085625 0.1490472046875 0.22746747812499998 0.1416505203125 0.2253470234375 0.1332865921875 0.210650346875 0.140782403125
3 0.9579814531249999 0.5702243484375 0.9505428734375 0.5713494890625 0.9496352671875 0.5939738421875 0.9575737234374999 0.5924629265625 0.9579814531249999 0.5702243484375
3 0.553906028125 0.808603875 0.5604946328125 0.8062115500000001 0.560272559375 0.7848436515625 0.5534439390625 0.786651946875 0.553906028125 0.808603875
3 0.536699109375 0.8091904640625 0.5441376921875001 0.808065325 0.5446356640625 0.7884495125 0.53780704375 0.7902578078125 0.536699109375 0.8091904640625
3 0.5281218796875 0.8219639953125 0.5331404625 0.8165523984374999 0.5204305109375 0.7944369671875 0.514782125 0.8007192406250001 0.5281218796875 0.8219639953125
3 0.0918534359375 0.5678609406249999 0.09010482656249999 0.578826175 0.10479253125000002 0.5817223 0.107890990625 0.5716384734375 0.0918534359375 0.5678609406249999
3 0.08683295156250001 0.5540425 0.0847342421875 0.5633547734375 0.099791890625 0.566350025 0.1026304921875 0.557236003125 0.08683295156250001 0.5540425
3 0.9802773546875001 0.5684027625 0.9738186796875 0.570310184375 0.9749304140625 0.5898376 0.9818889640625 0.587544403125 0.9802773546875001 0.5684027625
3 0.9715990109374999 0.5697154265625 0.96490031875 0.5710388187500001 0.9651422343749999 0.590852884375 0.9728406749999999 0.5887579390625 0.9715990109374999 0.5697154265625
3 0.9486336203124999 0.5755153578125001 0.9430447609374999 0.5771361296874999 0.9433263640625 0.5938425265625 0.9505249296875 0.5921333578125 0.9486336203124999 0.5755153578125001
3 0.9071076609375 0.5425603984375 0.9072286171874999 0.55246743125 0.9244752234375 0.5487731734375 0.924724209375 0.5389652671875 0.9071076609375 0.5425603984375
3 0.9348681921875001 0.597293053125 0.94295641875 0.5937433999999999 0.9409748656250001 0.574502634375 0.9330364093749999 0.57601355 0.9348681921875001 0.597293053125
3 0.9605275796875 0.5355658265625001 0.9592769453125 0.52691525 0.9425302171875 0.53022373125 0.9430211187499999 0.540229890625 0.9605275796875 0.5355658265625001
3 0.975664603125 0.5323457421875 0.9750239281249999 0.5243783203125 0.9618864015625 0.5260553015625 0.962027203125 0.5344085 0.975664603125 0.5323457421875
3 0.9772832812500001 0.5218654093749999 0.9770125515625001 0.5139971140624999 0.96002580625 0.5167215671875 0.9611465125 0.5258570484375 0.9772832812500001 0.5218654093749999
3 0.9759027171874999 0.513699734375 0.9752620421874999 0.5057323125 0.960884753125 0.5075968171875 0.9621353890625001 0.51624739375 0.9759027171874999 0.513699734375
3 0.9614063703125 0.5248872421875 0.9607855390625 0.5153659859374999 0.9462783203124999 0.517715390625 0.9468793109375 0.5287904812499999 0.9614063703125 0.5248872421875
3 0.9448977562499999 0.5095497156250001 0.9454085015624999 0.5180020421875 0.9589358156250001 0.5148703546875 0.9587950140625001 0.5065171562499999 0.9448977562499999 0.5095497156250001
3 0.9078404796875 0.5723806234375 0.90748140625 0.581119596875 0.9249481828125001 0.579563203125 0.92530725625 0.570824228125 0.9078404796875 0.5723806234375
3 0.9081995515625 0.5636416484375 0.9086904546874999 0.57364780625 0.9243273500000001 0.5700419453125 0.923466503125 0.5599366609375 0.9081995515625 0.5636416484375
3 0.925686171875 0.5605314203125 0.9251952687499999 0.5505252609375 0.9074686328125001 0.553051459375 0.9077195218749999 0.5624735890625 0.925686171875 0.5605314203125
3 0.2089395234375 0.1294099328125 0.210430175 0.13864453906250002 0.22512685000000002 0.1311487296875 0.2232662546875 0.121814996875 0.2089395234375 0.1294099328125
3 0.23202777187499998 0.1527470703125 0.23401829687500003 0.1615959015625 0.2495847921875 0.15381344218749998 0.24735425156250002 0.14438058125 0.23202777187499998 0.1527470703125
3 0.98883368125 0.34409882812500003 0.985843409375 0.33602155 0.970607171875 0.34701080625 0.9733574296875 0.3545040546875 0.98883368125 0.34409882812500003
3 0.9496323062500001 0.36165956875 0.946642034375 0.353582290625 0.9331454359375 0.3639982453125 0.936395565625 0.37110571875 0.9496323062500001 0.36165956875
3 0.9192155625 0.3405165015625 0.9164653062499999 0.33302325312500003 0.9052479046874999 0.3393724640625 0.9081082484375 0.34793464531249996 0.9192155625 0.3405165015625
3 0.9327211328124999 0.3197086125 0.929730859375 0.3116313328125 0.9171239234374999 0.3202068046875 0.920114196875 0.3282840828125 0.9327211328124999 0.3197086125
3 0.9083482640625 0.3485186734375 0.9113385359375 0.356595953125 0.92381554375 0.348505384375 0.920825271875 0.3404281046875 0.9083482640625 0.3485186734375
3 0.9344518 0.329527246875 0.930831721875 0.32232064843749997 0.9182247859375 0.33089611875 0.9223248937499999 0.3392707765625 0.9344518 0.329527246875
3 0.938071875 0.3367338484375 0.9346918140625 0.3301112765625 0.9223248937499999 0.3392707765625 0.9254450953125 0.346863153125 0.938071875 0.3367338484375
3 0.9420618953125001 0.344039575 0.9391817093749999 0.3370312265625 0.92644484375 0.3460916 0.9293250296875 0.35309994843750003 0.9420618953125001 0.344039575
3 0.9283054390625001 0.355425334375 0.9259251265625 0.3480312109375 0.9124483718749999 0.35689333125 0.9148286828125001 0.3642874546875 0.9283054390625001 0.355425334375
3 0.9456422859375 0.3543538421875 0.9420222109375 0.34714724218750004 0.9296751328124999 0.35475290937500004 0.933645309375 0.3636124703125 0.9456422859375 0.3543538421875
3 0.9306659093749999 0.3643732921875 0.9274157765625001 0.3572658171875 0.91543864375 0.3649706109375 0.918928790625 0.3726621125 0.9306659093749999 0.3643732921875
3 0.9346559296875 0.37167901875 0.9314057984374999 0.36457154375 0.918688775 0.372078084375 0.9219190640624999 0.3807393921875 0.9346559296875 0.37167901875
3 0.93601665 0.3813985265625 0.9327665203125 0.3742910546875 0.91930960625 0.3815993421875 0.922669825 0.389775746875 0.93601665 0.3813985265625
3 0.912616615625 0.44061284375 0.909346640625 0.4350592046875 0.9002388234375 0.44093424218750005 0.903359025 0.44852661875 0.912616615625 0.44061284375
3 0.9524926499999999 0.37022175 0.94924251875 0.363114275 0.9363757234375001 0.372659553125 0.9396258546875 0.3797670265625 0.9524926499999999 0.37022175
3 0.9534834265625 0.3798421328125 0.9507331703125 0.3723488828125 0.9382561624999999 0.3804394515625 0.9416163796875001 0.38861585781249997 0.9534834265625 0.3798421328125
3 0.9396168843750001 0.3901589609375 0.93601665 0.3813985265625 0.92303976875 0.3898748734375 0.9268800171875 0.3992193359375 0.9396168843750001 0.3901589609375
3 0.9416470953125 0.395900125 0.9391170109375 0.3905447390625 0.9275098203125 0.3983486578125 0.929890134375 0.40574277968750005 0.9416470953125 0.395900125
3 0.9569735749999999 0.387533634375 0.9537234421875 0.3804261625 0.9417463093749999 0.3881309546875 0.9447365812499999 0.3962082328125 0.9569735749999999 0.387533634375
3 0.9464672484375001 0.40602686875 0.9432171171875 0.398919396875 0.9313500687499999 0.40769312031249993 0.9348402171875 0.4153846234375 0.9464672484375001 0.40602686875
3 0.9612036109375 0.395423390625 0.9569735749999999 0.387533634375 0.9444767234375 0.39717803749999997 0.9478369421874999 0.40535444375 0.9612036109375 0.395423390625
3 0.9735034015625 0.3140052453125 0.9698833265625 0.3067986453125 0.9571464609375001 0.31585901875 0.9601367328125001 0.3239362984375 0.9735034015625 0.3140052453125
3 0.9800235078125 0.32666635781250003 0.9767733765625 0.3195588859375 0.9646663140625 0.32774858125 0.9680265312499999 0.33592498593750003 0.9800235078125 0.32666635781250003
3 0.986233196875 0.33456684375 0.9820031609375001 0.3266770875 0.9647674281249999 0.339209446875 0.9677378593749999 0.348840559375 0.986233196875 0.33456684375
3 0.902517490625 0.33032538125 0.9053976765625 0.337333728125 0.9178746828125 0.329243159375 0.91486456875 0.3227197140625 0.902517490625 0.33032538125
3 0.9121257125 0.430606684375 0.908745653125 0.4239841140625 0.8966385890625 0.43217380937499994 0.8997587921875001 0.4397661859375 0.9121257125 0.430606684375
3 0.23499820312500003 0.1623781828125 0.23674871249999999 0.170642984375 0.2504456390625 0.1639187265625 0.24843527187499997 0.1566237296875 0.23499820312500003 0.1623781828125
3 0.3049843671875 0.1468296 0.3027339828125 0.13895057500000002 0.29014688906249997 0.14597221093749999 0.2923972734375 0.1538512359375 0.3049843671875 0.1468296
3 0.2374886 0.1708412375 0.2389990953125 0.1785220109375 0.2513064875 0.1740240125 0.249186034375 0.165660084375 0.2374886 0.1708412375
3 0.22374301562499999 0.1910650984375 0.22475363593750003 0.1991316484375 0.23906052500000002 0.1930905453125 0.2377900453125 0.1859938015625 0.22374301562499999 0.1910650984375
3 0.22571369687499998 0.2014677640625 0.227334278125 0.21021746718749998 0.24031115937499997 0.2017411234375 0.23867073749999998 0.19454525312499998 0.22571369687499998 0.2014677640625
3 0.2410401765625 0.19310127500000002 0.242530828125 0.20233588125000002 0.2574675203125 0.1954241 0.2543671609375 0.186277890625 0.2410401765625 0.19310127500000002
3 0.2698901703125 0.143143025 0.27151074999999997 0.15189272812500001 0.2859475671875 0.14536672343749998 0.284086971875 0.13603299062500002 0.2698901703125 0.143143025
3 0.2716009921875 0.15451549375 0.27296171406249997 0.16423500468750002 0.28791825000000004 0.1557693875 0.285687709375 0.146336528125 0.2716009921875 0.15451549375
3 0.2921284421875 0.165212978125 0.289878059375 0.157333953125 0.27753097968749996 0.16493961875000002 0.2805212546875 0.173016896875 0.2921284421875 0.165212978125
3 0.277482325 0.178439221875 0.2797327078125 0.186318246875 0.29194985625 0.1791974828125 0.2896994734375 0.1713184578125 0.277482325 0.178439221875
3 0.3134751546875 0.169893378125 0.31098475468750003 0.1614303234375 0.2915690390625 0.17026025625000002 0.2938194234375 0.17813928125 0.3134751546875 0.169893378125
3 0.3102845515625 0.15812440156250002 0.3082940265625 0.149275571875 0.2944870125 0.15493089843750002 0.2964775375 0.16377972968750001 0.3102845515625 0.15812440156250002
3 0.2877864203125 0.137024253125 0.2896668578125 0.144804153125 0.30238388125000004 0.1372976125 0.30000356875 0.1299034890625 0.2877864203125 0.137024253125
3 0.9095053859375 0.42262853125 0.905775221875 0.414353 0.8926684109374999 0.4233142484375 0.8967685187500001 0.43168890624999995 0.9095053859375 0.42262853125
3 0.285095690625 0.124869503125 0.28730638750000004 0.135856196875 0.30437250625 0.1269164078125 0.30153200468749997 0.11680039375 0.285095690625 0.124869503125
3 0.3277007703125 0.15083757343749998 0.33019116875 0.159300628125 0.3431482078125 0.1523781171875 0.3406578078125 0.1439150625 0.3277007703125 0.15083757343749998
3 0.3424172890625 0.1417879296875 0.34414795625 0.151606565625 0.362083890625 0.14238012656250001 0.3598533515625 0.1329472671875 0.3424172890625 0.1417879296875
3 0.3252500578125 0.13926685156250002 0.3277206140625 0.149283740625 0.3413074546875 0.1414905515625 0.33870697031249997 0.1319585640625 0.3252500578125 0.13926685156250002
3 0.8861624484374999 0.3514091921875 0.881302609375 0.3443901140625 0.86902593125 0.3561723796875 0.8741059421875 0.36532931875 0.8861624484374999 0.3514091921875
3 0.88104275 0.3453599203125 0.8770527296875 0.33805419375 0.8656657140625 0.347995975 0.8697856640625 0.3548168 0.88104275 0.3453599203125
3 0.8917135203125 0.3721261234375 0.8879833578125 0.36385059218750004 0.8761163109375 0.3726243171875 0.8796064578125 0.38031581875 0.8917135203125 0.3721261234375
3 0.8927241406249999 0.38019267343749996 0.8899738828125001 0.3726994234375 0.8769970015625 0.38117576875000003 0.8796173296875001 0.38915392187500003 0.8927241406249999 0.38019267343749996
3 0.903894784375 0.4065731 0.900164621875 0.39829756875 0.8868177953125 0.4066747890625 0.8902881 0.415920125 0.903894784375 0.4065731
3 0.9041655140625 0.41444139843750005 0.90102546875 0.40840285468750004 0.8907879734374999 0.41553435 0.8937980890624999 0.42205779374999997 0.9041655140625 0.41444139843750005
0 0.7223584015625 0.72744933125 0.7234592656250001 0.7381386453125 0.77976834375 0.7277604875 0.779647384375 0.7178534546875001 0.7223584015625 0.72744933125