3 0.071571121875 0.5962453062499999 0.0690890234375 0.5862901500000001 0.0381488421875 0.5947093390625 0.0414688765625 0.6037506390625 0.071571121875 0.5962453062499999
0 0.6019697484375001 0.0903870125 0.57739153125 0.09440024687500001 0.5903159546875 0.20608208125 0.6150596453125 0.20273252187500002 0.6019697484375001 0.0903870125
0 0.5400576796875 0.11992210625 0.5159758828125 0.125926371875 0.53843796875 0.233115396875 0.5615163578125 0.227361309375 0.5400576796875 0.11992210625
0 0.510451853125 0.12941846875000002 0.48637005625 0.1354227359375 0.5058536250000001 0.2306655765625 0.529935421875 0.224661309375 0.510451853125 0.12941846875000002
0 0.48102206875000003 0.1353462703125 0.46195731249999994 0.140099646875 0.48377864531250003 0.2361694859375 0.5056881515625 0.2300018984375 0.48102206875000003 0.1353462703125
0 0.4494094265625 0.145342990625 0.42633103749999995 0.151097078125 0.44564913281249996 0.2456762421875 0.4693894140625 0.2425768609375 0.4494094265625 0.145342990625
0 0.420662671875 0.1454610203125 0.39608445468750003 0.1494742546875 0.4103643734375 0.2537687859375 0.43578052500000003 0.24884169531250003 0.420662671875 0.1454610203125
0 0.3756183078125 0.246923403125 0.3976932890625 0.2414194921875 0.3867334046875 0.14616626093750001 0.3653308859375 0.150092640625 0.3756183078125 0.246923403125
0 0.35742681875 0.1696866984375 0.33502089218750003 0.1738632546875 0.3486600546875 0.2670385984375 0.37022804531250003 0.263775896875 0.35742681875 0.1696866984375
0 0.326134553125 0.1852430109375 0.30456656249999997 0.18850571249999998 0.3168502328125 0.289068359375 0.3402595671875 0.284641625 0.326134553125 0.1852430109375
0 0.2955358890625 0.1907573125 0.2729644890625 0.1942701921875 0.283273046875 0.2826364765625 0.3036721578125 0.278960275 0.2955358890625 0.1907573125
0 0.2619481359375 0.18855766875 0.24054561562500001 0.192484046875 0.2573499078125 0.289804775 0.2789179 0.28654207187499997 0.2619481359375 0.18855766875
0 0.2279518296875 0.28303585781249996 0.24801999375 0.278032303125 0.23385270625 0.1955626453125 0.2127811328125 0.200816378125 0.2279518296875 0.28303585781249996
0 0.20523972031249998 0.20904107187499998 0.1814994390625 0.21214045312500002 0.190607409375 0.31278995468750004 0.21418221875 0.30902689843750003 0.20523972031249998 0.20904107187499998
0 0.1731306578125 0.21704676093750003 0.1495558484375 0.2208098171875 0.15883986249999998 0.3178907578125 0.18157673593749998 0.3150415546875 0.1731306578125 0.21704676093750003
0 0.14236651875 0.221897384375 0.123643278125 0.2237458765625 0.1245690796875 0.32150088593750004 0.142454384375 0.3205662484375 0.14236651875 0.221897384375
0 0.111746715625 0.235876165625 0.08884436875 0.2380616921875 0.08408066875 0.338645121875 0.103972790625 0.337210128125 0.111746715625 0.235876165625
0 0.5659808203125001 0.11275380625 0.5415680765625 0.11743071875 0.5622099578124999 0.217319296875 0.58612628125 0.21065135468750001 0.5659808203125001 0.11275380625
0 0.6211329375 0.1800702578125 0.6415320484375 0.17639405625 0.6426236328125 0.07390645312500001 0.62072469375 0.0758418015625 0.6211329375 0.1800702578125
3 0.10470897187499999 0.10933286874999999 0.0930095890625 0.109430115625 0.08208472812499999 0.134006946875 0.09495299375 0.1343231984375 0.10470897187499999 0.10933286874999999
0 0.6717013328125 0.0751157765625 0.6511367484374999 0.0781283015625 0.6515238562500001 0.1908212375 0.674933190625 0.186394503125 0.6717013328125 0.0751157765625
3 0.32332814375 0.43901406249999997 0.306435678125 0.44393076093749995 0.31555784375 0.471968515625 0.333619190625 0.46746531718749995 0.32332814375 0.43901406249999997
3 0.4745507921875 0.250454128125 0.4797016 0.2625636359375 0.5231790984375 0.2531333453125 0.5197041609374999 0.239196128125 0.4745507921875 0.250454128125
3 0.041891314062500004 0.6353673468750001 0.05710791093749999 0.63227835625 0.05432657187499999 0.6082991296875 0.0381065671875 0.611638296875 0.041891314062500004 0.6353673468750001
0 0.9499225812500001 0.6310239609375 0.9503063703124999 0.6111901171875 0.7896378609375 0.633625921875 0.79009200625 0.6525459125 0.9499225812500001 0.6310239609375
0 0.9384415140625 0.6106236859374999 0.9353186609374999 0.5895493453125 0.780825503125 0.6153800015625001 0.7797798203124999 0.6325591375 0.9384415140625 0.6106236859374999
0 0.9156448546875 0.5704868171874999 0.9121910546875001 0.548085121875 0.7573563828125 0.5768206640625 0.7619790656250001 0.599635859375 0.9156448546875 0.5704868171874999
0 0.9088498828124999 0.5475083015625 0.9047236203125 0.5266841375 0.7493925296875 0.5534286484375001 0.7516774484375001 0.5754168453124999 0.9088498828124999 0.5475083015625
0 0.8882116265625 0.37924021093750004 0.8879229546875 0.3609839 0.762032215625 0.3775683703125 0.7621554140625 0.3951610046875 0.8882116265625 0.37924021093750004
0 0.8760580984375 0.3604174703125 0.8759349000000001 0.342824834375 0.712101259375 0.3611152578125 0.7098866968750001 0.3778808953125 0.8760580984375 0.3604174703125
0 0.8665838484374999 0.339516840625 0.8706397562499999 0.32158717187499997 0.7114816421875 0.3415315921875 0.7102704875 0.3580470515625 0.8665838484374999 0.339516840625
0 0.87165373125 0.3171047546875 0.870361653125 0.29909861875 0.7217340421875 0.31853229375000003 0.720522884375 0.3350477515625 0.87165373125 0.3171047546875
0 0.8706925999999999 0.3004259734375 0.8715728078125 0.2825831609375 0.74283731875 0.3005818421875 0.7426295703125 0.3168471234375 0.8706925999999999 0.3004259734375
0 0.8620562828124999 0.278611490625 0.8627710203125 0.260105 0.7243323953125 0.2819328125 0.7232867125 0.2991119484375 0.8620562828124999 0.278611490625
0 0.84755805 0.19481447968750001 0.8494522359375001 0.17248924999999998 0.6956209734375001 0.2009746140625 0.6965715375 0.22188563437500003 0.84755805 0.19481447968750001
0 0.8165300015625 0.10456480312500001 0.7993488640625 0.091225190625 0.6905018703125 0.1761683890625 0.7083554703125 0.18793047031250001 0.8165300015625 0.10456480312500001
0 0.0443069921875 0.3372828671875 0.0683782203125 0.335510840625 0.0744762765625 0.2360045875 0.0535807453125 0.23768975625 0.0443069921875 0.3372828671875