3 0.5297781125000001 0.1510849015625 0.5134470531249999 0.14965611875 0.5125962171875 0.1764806296875 0.5274426359375 0.1777795234375 0.5297781125000001 0.1510849015625
3 0.46000622812499997 0.07651060312499999 0.47220183593750004 0.07390954375 0.4621293875 0.052242767187500004 0.4513122625 0.056187109375 0.46000622812499997 0.07651060312499999
3 0.236776015625 0.0973289125 0.24865315 0.0983680265625 0.2506701515625 0.0753135828125 0.240277659375 0.07440435625 0.236776015625 0.0973289125
3 0.250456265625 0.09485774218750001 0.26233340156249996 0.09589685625 0.26541041249999997 0.0778258671875 0.25353327812500004 0.076786753125 0.250456265625 0.09485774218750001
3 0.2648780515625 0.1010102015625 0.2767551875 0.102049315625 0.27749986249999997 0.07643819843750001 0.2671073703125 0.07552897343750001 0.2648780515625 0.1010102015625
3 0.2784521453125 0.099752421875 0.2903292796875 0.1007915375 0.2922401234375 0.0789504828125 0.2803629890625 0.07791136875 0.2784521453125 0.099752421875
3 0.2932985640625 0.101051315625 0.3051756984375 0.1020904296875 0.307298859375 0.07782259375 0.295421725 0.0767834796875 0.2932985640625 0.101051315625
3 0.3247945171875 0.100138815625 0.33677781093750003 0.0999645390625 0.3344470453125 0.075307034375 0.32235759375 0.076694703125 0.3247945171875 0.100138815625
3 0.308038825 0.1035636 0.319915959375 0.10460271562500001 0.3206606359375 0.078991596875 0.3103743015625 0.07686898125 0.308038825 0.1035636
3 0.339959409375 0.097797534375 0.35194270156249996 0.09762325625 0.3480211375 0.0740492546875 0.337416328125 0.0755668125 0.339959409375 0.097797534375
3 0.353533503125 0.0965397546875 0.36562295312500004 0.095152084375 0.361382915625 0.0752182578125 0.3506719484375 0.0779492078125 0.353533503125 0.0965397546875
3 0.368379921875 0.0978386484375 0.3819540140625 0.0965808671875 0.37644164999999996 0.07409036875 0.3643522 0.0754780375 0.368379921875 0.0978386484375
3 0.4063452328125 0.0913787453125 0.41705620000000004 0.0886477953125 0.40846839375000005 0.067110909375 0.3977574265625 0.06984185937500001 0.4063452328125 0.0913787453125
3 0.4187531578125 0.0863509015625 0.43094876718749997 0.083749840625 0.42225480312499997 0.063426346875 0.411437678125 0.0673706875 0.4187531578125 0.0863509015625
3 0.4324334078125 0.0838797296875 0.443144375 0.08114877968749999 0.43455656875 0.0596118921875 0.42533024375000006 0.0624727328125 0.4324334078125 0.0838797296875
3 0.47092951093749996 0.07135286874999999 0.48312511875 0.068751809375 0.471568028125 0.0469551421875 0.46223554531250005 0.051029375 0.47092951093749996 0.07135286874999999
3 0.3148203734375 0.1628455234375 0.325319025 0.16254135625 0.3271237109375 0.1419136953125 0.31673121875 0.14100447031250002 0.3148203734375 0.1628455234375
3 0.5709297359375001 0.091105871875 0.560431084375 0.0914100375 0.56117105 0.11715104531250001 0.57156354375 0.11806027031249999 0.5709297359375001 0.091105871875
3 0.5889577546875 0.0902377578125 0.578565259375 0.0893285328125 0.5749574578125001 0.11346648125 0.5853499515625 0.11437570625 0.5889577546875 0.0902377578125
3 0.6052888140625 0.091666540625 0.5933055203125 0.09184081875 0.5913946765625 0.113681871875 0.604756453125 0.11485087499999999 0.6052888140625 0.091666540625
3 0.6077257375 0.1151106546875 0.6194967140625 0.11736316093750002 0.621619875 0.0930953234375 0.608258096875 0.0919263203125 0.6077257375 0.1151106546875
3 0.6226783140625 0.11519615624999999 0.6346616078125 0.1150218796875 0.6349816515625 0.09426432812499999 0.621619875 0.0930953234375 0.6226783140625 0.11519615624999999
3 0.6361462484375 0.11515176875 0.648023384375 0.11619088281250001 0.6499342296874999 0.0943498296875 0.63805709375 0.093310715625 0.6361462484375 0.11515176875
3 0.32669750937500003 0.16388463749999999 0.34016544375 0.16384025 0.340591646875 0.1418693078125 0.3287145125 0.14083019218749998 0.32669750937500003 0.16388463749999999
3 0.25352542499999997 0.162373628125 0.26678104375 0.1647560234375 0.2675257203125 0.13914490625 0.25416394375 0.13797590312500002 0.25352542499999997 0.162373628125
3 0.5448368484375 0.1499570109375 0.5298842703125 0.149871509375 0.53041191875 0.1780393015625 0.5422890546875 0.1790784171875 0.5448368484375 0.1499570109375
3 0.31238345 0.139401409375 0.299021675 0.13823240625 0.298276996875 0.1638435234375 0.313123415625 0.1651424171875 0.31238345 0.139401409375
3 0.558198625 0.151126015625 0.54462453125 0.1523837953125 0.5452583375 0.1793381953125 0.5587262734375 0.17929380781249998 0.558198625 0.151126015625
3 0.3115527859375 0 0.31281907656249996 0.014726217187499998 0.3278778109375 0.013598328125 0.32498536875 0 0.3115527859375 0
0 0.58068056875 0.150647571875 0.565621834375 0.1517754625 0.559890871875 0.200181246875 0.5792973734375 0.200656415625 0.58068056875 0.150647571875
0 0.595739303125 0.1495196828125 0.5820590515624999 0.151990853125 0.5776004140625 0.202953309375 0.596900759375 0.204641871875 0.595739303125 0.1495196828125
0 0.6120703640625 0.150948465625 0.5941485046875 0.150603184375 0.5941437921875 0.201955309375 0.6090963687500001 0.20204081093749998 0.6120703640625 0.150948465625
0 0.6631851359375001 0.1480843515625 0.6449448015625 0.1513792453125 0.6541664140625 0.19987053125 0.6737852328125 0.19791891875 0.6631851359375001 0.1480843515625
0 0.625432140625 0.15211746875 0.6105857218749999 0.1508185765625 0.612490284375 0.19744702187500002 0.6258520609375 0.1986160265625 0.625432140625 0.15211746875
0 0.6433540015625 0.15246274843750002 0.6269167828125 0.1522473578125 0.6331691125 0.2004788640625 0.6513032890625 0.1983973609375 0.6433540015625 0.15246274843750002
3 0.46901395468749996 0.144546046875 0.45872761874999995 0.1424234296875 0.4564983015625 0.16790465937500001 0.469966234375 0.1678602703125 0.46901395468749996 0.144546046875
3 0.44165188281249995 0.166605765625 0.45501365781249997 0.16777476875 0.45713681875 0.1435069328125 0.445259684375 0.14246781718749998 0.44165188281249995 0.166605765625
3 0.3980664765625 0.168905934375 0.41312521249999995 0.16777804375 0.41355141562500003 0.1458071015625 0.4002957953125 0.14342470624999998 0.3980664765625 0.168905934375
3 0.3852370609375 0.1445525953125 0.3718752828125 0.14338359218750002 0.37113060781249996 0.168994709375 0.382901584375 0.171247215625 0.3852370609375 0.1445525953125
3 0.3703906421875 0.14325370312500002 0.35554422343750003 0.141954809375 0.3545872296875 0.16999271093749999 0.36953980625 0.1700782109375 0.3703906421875 0.14325370312500002
3 0.299021675 0.13823240625 0.287250696875 0.1359799 0.2835367359375 0.1613312390625 0.2968985140625 0.1625002421875 0.299021675 0.13823240625
3 0.164234596875 0.1570070515625 0.17770253125 0.15696266406249998 0.17865952499999999 0.1289247609375 0.165297746875 0.12775575781249998 0.164234596875 0.1570070515625
3 0.28247829687500003 0.1392304078125 0.2692226796875 0.13684801093750001 0.2672056765625 0.15990245625 0.283430578125 0.1625446296875 0.28247829687500003 0.1392304078125
3 0.2540577859375 0.13918929375 0.23921136718749997 0.1378904 0.2403759640625 0.1587778390625 0.25204078281250003 0.1622437390625 0.2540577859375 0.13918929375
3 0.22298646406249997 0.1352482265625 0.2095185296875 0.13529261406249998 0.20898616875 0.1584769484375 0.22542338593750003 0.1586923390625 0.22298646406249997 0.1352482265625
3 0.195624390625 0.15730794374999998 0.20771384375 0.155920275 0.2095185296875 0.13529261406249998 0.19605059375 0.1353370015625 0.195624390625 0.15730794374999998
3 0.807068821875 0.384422884375 0.823506040625 0.38463827500000003 0.8256292015625 0.3603704375 0.8078135 0.358811765625 0.807068821875 0.384422884375
3 0.180841725 0.616964784375 0.1675861078125 0.6145823890625 0.1651444734375 0.6424904031249999 0.1770216078125 0.6435295171875001 0.180841725 0.616964784375
3 0.1646168234375 0.6143226109375 0.15263353125 0.6144968875 0.147434928125 0.6397183375 0.1637659875 0.6411471203125 0.1646168234375 0.6143226109375
3 0.1296192265625 0.638159665625 0.1442533296875 0.6418853437500001 0.1511488875 0.6143669984375 0.134817828125 0.6129382156250001 0.1296192265625 0.638159665625
3 0.22701418750000002 0.1576088359375 0.2375128390625 0.15730466875 0.23783288281249998 0.1365471203125 0.22584959062499999 0.136721396875 0.22701418750000002 0.1576088359375
3 0.41492832812499997 0.1642677578125 0.4253208203125 0.16517698281249998 0.42712550625 0.144549321875 0.4167330140625 0.14364009687499998 0.41492832812499997 0.1642677578125
3 0.41148729531250006 0.6823827984374999 0.3995040015625 0.682557075 0.4005624421875 0.7046579078125 0.410954934375 0.7055671328125 0.41148729531250006 0.6823827984374999
3 0.39590405156249997 0.6211081468749999 0.4062965453125 0.622017371875 0.4096920328125 0.600306209375 0.397814896875 0.5992670953125 0.39590405156249997 0.6211081468749999