3 0.712278053125 0.1257586828125 0.7151455609374999 0.1391803203125 0.7440509140625 0.12634560781249998 0.7405024874999999 0.11604022968750001 0.712278053125 0.1257586828125
3 0.85772744375 0.77739479375 0.8621629765625001 0.79027651875 0.8930799078125 0.778190065625 0.8886443749999999 0.7653083421875 0.85772744375 0.77739479375
0 0.583129059375 0.78981529375 0.5988093015625 0.7844161546875 0.58287255625 0.7279449109375 0.564056265625 0.7344238796875 0.583129059375 0.78981529375
0 0.76618754375 0.638888296875 0.76042135 0.6221420546875 0.6710439734375 0.652917153125 0.6768101671875 0.6696633953125 0.76618754375 0.638888296875
0 0.7559546421875 0.6193573640625 0.751519109375 0.606475640625 0.6668458046875 0.635630996875 0.6712813375 0.648512721875 0.7559546421875 0.6193573640625
0 0.7443599046875 0.6060589515625 0.7385937124999999 0.589312709375 0.6570564546875 0.6173882390625 0.6628226484375 0.63413448125 0.7443599046875 0.6060589515625
0 0.7417297609375 0.58823288125 0.73463290625 0.567622121875 0.6468235531250001 0.5978573078125 0.6539204062499999 0.6184680671875 0.7417297609375 0.58823288125
0 0.736644484375 0.5683703812500001 0.7304347375 0.550335965625 0.6426253828124999 0.5805711515625 0.64883513125 0.598605565625 0.736644484375 0.5683703812500001
0 0.7304347375 0.550335965625 0.724224990625 0.532301553125 0.6379836609375 0.5619968234375 0.6441934078125 0.5800312375 0.7304347375 0.550335965625
0 0.6665821968750001 0.43111394843750006 0.66125955625 0.4156558796875 0.570314153125 0.44697089375 0.57563679375 0.46242896250000004 0.6665821968750001 0.43111394843750006
0 0.6545439046875 0.4165273625 0.649221265625 0.40106929375 0.5629799359375001 0.430764565625 0.5683025749999999 0.44622263437500004 0.6545439046875 0.4165273625
0 0.6494586296875 0.3966648625 0.6441359890625 0.38120679375 0.5578946593749999 0.4109020640625 0.5632173 0.42636013437500003 0.6494586296875 0.3966648625
0 0.6370391359375 0.360596034375 0.6317164953125001 0.345137965625 0.545475165625 0.3748332359375 0.5507978062500001 0.3902913046875 0.6370391359375 0.360596034375
0 0.6312729421875 0.3438497921875 0.62550675 0.3271035515625 0.5376973953124999 0.3573387359375 0.5434635875 0.3740849765625 0.6312729421875 0.3438497921875
0 0.621927146875 0.32689520625 0.617048059375 0.312725309375 0.5339427796875 0.3413407515625 0.538821865625 0.35551065 0.621927146875 0.32689520625
0 0.6175227890625 0.303916446875 0.61151923125 0.2915746375 0.5272894781249999 0.32201816562499996 0.5321685656249999 0.3361880625 0.6175227890625 0.303916446875
0 0.6117565953125 0.2871702046875 0.60643395625 0.2717121359375 0.5154885546875 0.3030271484375 0.52081119375 0.31848521875 0.6117565953125 0.2871702046875
0 0.602854353125 0.271503790625 0.5979752656249999 0.25733389375 0.5148699859375 0.2859493375 0.519749071875 0.300119234375 0.602854353125 0.271503790625
0 0.5809955390625 0.24877148125 0.576116453125 0.2346015859375 0.4883071 0.26483677031249997 0.4931861859375 0.2790066671875 0.5809955390625 0.24877148125
0 0.5764785171875 0.18980901249999999 0.5724865359375 0.17821546093750001 0.4909492796875 0.20629098906249999 0.4949412609375 0.21788454218750003 0.5764785171875 0.18980901249999999
0 0.5245587046875 0.1918365359375 0.5179054046875 0.17251395 0.428528028125 0.2032890484375 0.435181328125 0.22261163593750002 0.5245587046875 0.1918365359375
0 0.56588079375 0.7957543484375 0.5820045875 0.7916433796875 0.566717584375 0.7421529125 0.5494693203125001 0.7480919671875 0.56588079375 0.7957543484375
0 0.3509728875 0.680995159375 0.358750659375 0.6984896593750001 0.47099865625000004 0.652635075 0.46434535625000006 0.6333124875 0.3509728875 0.680995159375
0 0.267304284375 0.52969205625 0.273957584375 0.54901464375 0.3803770390625 0.5066078843749999 0.37573531718750003 0.4880335578125 0.267304284375 0.52969205625
0 0.3643418375 0.6994462625 0.369664478125 0.71490433125 0.48034445156250005 0.6695896593749999 0.475465365625 0.6554197640625 0.3643418375 0.6994462625
3 0.60249939375 0.45894302812500004 0.607822034375 0.474401096875 0.639863434375 0.46048655937499994 0.6354279015625 0.447604834375 0.60249939375 0.45894302812500004
3 0.660029525 0.524146921875 0.664465059375 0.5370286453124999 0.6929268578125 0.5229057625 0.6869233 0.5105639515625 0.660029525 0.524146921875
3 0.529372684375 0.8068841984375 0.545496478125 0.80277323125 0.5359756703125 0.7700290062499999 0.5151478015625 0.775759715625 0.529372684375 0.8068841984375
0 0.6459413781250001 0.3762624484375 0.6399378203125 0.36392063750000003 0.5698202859375 0.389504940625 0.5735749015625 0.40550292499999996 0.6459413781250001 0.3762624484375
0 0.5720932984375 0.2331050671875 0.5672142124999999 0.21893517187499997 0.5069483765625 0.24256816250000002 0.5133954875 0.256198146875 0.5720932984375 0.2331050671875
0 0.5710311765625 0.21473908437499997 0.5661520906249999 0.20056918750000002 0.50431823125 0.2247420921875 0.5087537640625001 0.23762381718749997 0.5710311765625 0.21473908437499997
0 0.42200377187500004 0.86690868125 0.4376840140625 0.861509540625 0.42171609375 0.8151353328125 0.40446782968750006 0.8210743859375 0.42200377187500004 0.86690868125
0 0.6564138171875 0.7530541281249999 0.6736620828125 0.7471150734374999 0.655682584375 0.69999260625 0.64000234375 0.7053917453125 0.6564138171875 0.7530541281249999
0 0.34015259375 0.63428938125 0.3479303640625 0.6517838828125 0.45390626562499997 0.608088953125 0.44858362500000004 0.5926308828125 0.34015259375 0.63428938125
0 0.60105824375 0.7807599796875 0.6156140125 0.7771889265625 0.5996772671875 0.7207176843750001 0.5839970265625001 0.7261168234375 0.60105824375 0.7807599796875
0 0.33349929375 0.6149667953125 0.33970904062499996 0.6330012093749999 0.44524138750000003 0.5880181078125 0.44104321874999997 0.5707319515625 0.33349929375 0.6149667953125
0 0.2926491765625 0.582923815625 0.297971815625 0.598381884375 0.4043912703125 0.5559751281249999 0.3966135 0.5384806265625001 0.2926491765625 0.582923815625
0 0.2968473453125 0.600209971875 0.3026135390625 0.6169562140625 0.4128499578125 0.57035336875 0.40752731875 0.5548953 0.2968473453125 0.600209971875
0 0.2775371875 0.5492229875 0.2844278515625 0.56414114375 0.39197177656250004 0.5199062999999999 0.385524665625 0.506276315625 0.2775371875 0.5492229875
0 0.23432546406250002 0.4848524703125 0.24121612812499998 0.499770625 0.3633158234375 0.451964728125 0.3579931828125 0.436506659375 0.23432546406250002 0.4848524703125
0 0.23539961874999998 0.4268466046875 0.24027870624999997 0.441016503125 0.351402234375 0.3969900015625 0.34607959374999997 0.38153193281250003 0.23539961874999998 0.4268466046875
0 0.1712473625 0.33222308906250003 0.17612645 0.34639298749999997 0.29307852031250003 0.298918659375 0.2873123265625 0.2821724171875 0.1712473625 0.33222308906250003
0 0.40070117656250004 0.8814482531250001 0.41996102031250004 0.87625745625 0.4028686296875 0.8317113359375 0.384052340625 0.838190303125 0.40070117656250004 0.8814482531250001
0 0.5120768625000001 0.175961778125 0.505867115625 0.15792736406250002 0.42119380937499995 0.1870827203125 0.42740355625 0.2051171359375 0.5120768625000001 0.175961778125