3 0.3534193546875 0.8102755890625 0.37143496875 0.82129928125 0.3988912078125 0.7749703328125 0.3817427390625 0.7618003828125001 0.3534193546875 0.8102755890625
3 0.841557615625 0.550616946875 0.8561478546875 0.557760090625 0.8775556828125 0.5202221625 0.8627594593750001 0.5104991875 0.841557615625 0.550616946875
3 0.7789443312500001 0.26067906875 0.761568275 0.2511620796875 0.7364426765625 0.30717079531249997 0.7561925781250001 0.31390196875 0.7789443312500001 0.26067906875
3 0.75382878125 0.2517800328125 0.736019153125 0.243336171875 0.71719115625 0.2806681140625 0.7343612265624999 0.2876052734375 0.75382878125 0.2517800328125
3 0.7280520703125 0.2476070859375 0.713255846875 0.2378841109375 0.6929211484375 0.2758556109375 0.7100912203124999 0.2827927703125 0.7280520703125 0.2476070859375
3 0.618227115625 0.432922878125 0.6334569125 0.4415727234375 0.6542251828125 0.40252809375 0.637488684375 0.39451780468750003 0.618227115625 0.432922878125
3 0.6418028062500001 0.390019303125 0.6581057328125001 0.3991027203125 0.676294171875 0.3602640765625 0.6621375046875 0.352047803125 0.6418028062500001 0.390019303125
3 0.595713 0.41758506406249996 0.6098696671875 0.4258013375 0.631917053125 0.38977011250000004 0.6156141265625 0.38068669375 0.595713 0.41758506406249996
3 0.621640934375 0.378128465625 0.637304303125 0.38570518125 0.6561322984375 0.3483732390625 0.6419756328124999 0.340156965625 0.621640934375 0.378128465625
3 0.6686511390625001 0.2710431078125 0.6828078078125001 0.27925938125 0.7057223359375 0.24108189531250002 0.6904925390625001 0.23243205156250002 0.6686511390625001 0.2710431078125
3 0.57511755625 0.40676735781250006 0.589274225 0.41498362968749997 0.610248478125 0.37851883124999997 0.59501868125 0.3698689859375 0.57511755625 0.40676735781250006
3 0.60106709375 0.361077965625 0.6156573328125 0.36822110937499997 0.6342577406250001 0.334542128125 0.6196675015625 0.3273989828125 0.60106709375 0.361077965625
3 0.6855820687499999 0.22295826562499999 0.6677724390625001 0.2145144046875 0.64460871875 0.2625776421875 0.662418346875 0.271021503125 0.6855820687499999 0.22295826562499999
3 0.54806173125 0.39958100625 0.5663049328125 0.4069517375 0.5868672187499999 0.3653272765625 0.56862401875 0.3579565453125 0.54806173125 0.39958100625
3 0.5770246718750001 0.3526125015625 0.5931216140625 0.3591160875 0.6108764812499999 0.321350571875 0.5952131109375001 0.31377385625 0.5770246718750001 0.3526125015625
3 0.5305012953125 0.3812513921875 0.5455251062500001 0.38732140625 0.5645590875 0.35256929531250003 0.5499688484374999 0.34542615 0.5305012953125 0.3812513921875
3 0.5553560984375 0.341361221875 0.5720925984375 0.349371509375 0.59286086875 0.3103268796875 0.5754848124999999 0.3008098890625 0.5553560984375 0.341361221875
3 0.6591788609375 0.3995362921875 0.6759153609374999 0.40754658125 0.696889615625 0.37108178281250004 0.6805866890625001 0.361998365625 0.6591788609375 0.3995362921875
3 0.6403292625 0.4431010296875 0.655559059375 0.451750875 0.6737474984375 0.41291222968749997 0.658084128125 0.40533551250000005 0.6403292625 0.4431010296875
3 0.6829936937500001 0.41165471875000004 0.697583934375 0.41879786250000006 0.7209320359375 0.3795472484375 0.7057022390625 0.3708974015625 0.6829936937500001 0.41165471875000004
3 0.7521191078125 0.4970051875 0.7658422015624999 0.5062945890624999 0.7889627156250001 0.4706969359375 0.7720202328125 0.460106815625 0.7521191078125 0.4970051875
3 0.8203226125 0.5382925375000001 0.8344792812499999 0.546508809375 0.8528737062499999 0.5102499953125 0.8387170375 0.5020337234375 0.8203226125 0.5382925375000001
3 0.8396057859375 0.49365467343749997 0.8544020109374999 0.503377646875 0.8766769828125 0.4636934609375 0.8599404843749999 0.45568317187499996 0.8396057859375 0.49365467343749997
3 0.796941353125 0.5251009828125001 0.8115315937500001 0.5322441265625 0.832299865625 0.493199496875 0.8177096234375 0.48605635312500006 0.796941353125 0.5251009828125001
3 0.82097221875 0.47489148593749997 0.8357684453124999 0.4846144609375 0.8563091265624999 0.44922279062500003 0.8410793296874999 0.440572946875 0.82097221875 0.47489148593749997
3 0.772259375 0.5151288171874999 0.7879227453125 0.52270553125 0.808897 0.48624073437500004 0.7936672046875 0.4775908875 0.772259375 0.5151288171874999
3 0.7990760578125 0.4672931671875 0.813232725 0.4755094390625 0.8363532390625 0.4399117859375 0.8200503124999999 0.43082836718750006 0.7990760578125 0.4672931671875
3 0.776106765625 0.45926127499999997 0.789623878125 0.4659708453125 0.8114652765624999 0.42735978750000003 0.7947287796875 0.41934950000000004 0.776106765625 0.45926127499999997
3 0.6604911328124999 0.454991865625 0.6750813734375 0.46213501093750003 0.6932698125 0.4232963640625 0.6786795734375 0.41615322031249996 0.6604911328124999 0.454991865625
3 0.7282826703125 0.491119553125 0.743306484375 0.49718956875 0.7632076109375 0.460291196875 0.7464711109375 0.45228090937500004 0.7282826703125 0.491119553125
3 0.752931490625 0.4486495515625 0.7692344171875 0.45773296874999997 0.7930160921875 0.4174092265625 0.7756400359375 0.40789223437500005 0.752931490625 0.4486495515625
3 0.70424025 0.482654090625 0.7199036203125 0.4902308046875 0.74281815 0.4520533203125 0.72544209375 0.44253633125 0.70424025 0.482654090625
3 0.7274039703125 0.4345908515625 0.742839753125 0.44582052968749997 0.765754284375 0.40764304375 0.750524484375 0.39899319843750003 0.7274039703125 0.4345908515625
3 0.6832112328125 0.4729095109375 0.6988746031249999 0.480486228125 0.7185697453125 0.4410080265625 0.702906375 0.43343130937499996 0.6832112328125 0.4729095109375
3 0.704868253125 0.42548583124999995 0.72009805 0.4341356765625 0.74324016875 0.39230523125 0.7249969671875001 0.3849344984375 0.704868253125 0.42548583124999995
3 0.6606725015625 0.216639059375 0.6450091328124999 0.2090623453125 0.624446846875 0.25068680468750004 0.6394706593749999 0.25675681875 0.6606725015625 0.216639059375
3 0.5103394234375 0.3693605546875 0.5260027921875 0.37693727187500004 0.5435300703125 0.342824715625 0.5283002734375 0.3341748703125 0.5103394234375 0.3693605546875
3 0.5343486859375 0.32538385000000003 0.5482993671874999 0.3310202921875 0.56820049375 0.2941219203125 0.5536102546875 0.286978778125 0.5343486859375 0.32538385000000003
3 0.32428610468749997 0.22428510625000003 0.30583691874999996 0.21433454218749998 0.2807329234375 0.2641104671875 0.29810898125 0.27362745781250003 0.32428610468749997 0.22428510625000003
3 0.3335654578125 0.2754697640625 0.346009440625 0.2817457625 0.36698369531249997 0.2452809640625 0.353466584375 0.23857139218749998 0.3335654578125 0.2754697640625
3 0.3565015921875 0.2310594875 0.36958513125 0.23884218750000002 0.389052684375 0.2030169453125 0.37446244375000004 0.195873803125 0.3565015921875 0.2310594875
3 0.402872240625 0.12246742656250001 0.4170289078125 0.1306837 0.43864272031249996 0.0957256046875 0.42341292499999994 0.0870757578125 0.402872240625 0.12246742656250001
3 0.307149190625 0.269790115625 0.323885690625 0.277800403125 0.3440144046875 0.237249071875 0.3266383484375 0.22773208281250001 0.307149190625 0.269790115625
3 0.33095246875 0.22323357968750002 0.3451091375 0.231449853125 0.3680236671875 0.19327236875 0.3521543125 0.1831158203125 0.33095246875 0.22323357968750002
3 0.38056411093750003 0.1097094453125 0.397940165625 0.1192264359375 0.4152614609375 0.08253405 0.3980913890625 0.075596890625 0.38056411093750003 0.1097094453125
3 0.3086443390625 0.210475596875 0.32387413593750003 0.21912544375 0.34592152187499997 0.18309421718750002 0.33005216718749997 0.1729376703125 0.3086443390625 0.210475596875
3 0.3712762140625 0.24701525468750002 0.38714556718750004 0.2571718015625 0.412227959375 0.21362866875000003 0.3952854765625 0.20303854999999998 0.3712762140625 0.24701525468750002
3 0.3610201921875 0.1055581015625 0.37604400312499997 0.111628115625 0.3963787015625 0.073656615625 0.38114890468749996 0.06500676875 0.3610201921875 0.1055581015625
3 0.2906503296875 0.19321911249999998 0.3069532546875 0.20230253125000003 0.3294342140625 0.165198175 0.313564859375 0.155041628125 0.2906503296875 0.19321911249999998
3 0.266607909375 0.1847536484375 0.28183770625000004 0.19340349375000002 0.30367910625 0.1547924359375 0.288449309375 0.1461425921875 0.266607909375 0.1847536484375
3 0.24516692343750002 0.1698494078125 0.25889001875 0.17913880937499999 0.2809374015625 0.14310758437499999 0.2672143078125 0.1338181828125 0.24516692343750002 0.1698494078125
3 0.19041571562499998 0.1539700046875 0.2073582 0.164560125 0.23565998124999998 0.122317709375 0.2202242 0.11108803281249999 0.19041571562499998 0.1539700046875
3 0.335265084375 0.0951523625 0.3530747140625 0.1035962234375 0.3783846921875 0.05640013125 0.359501934375 0.047522696875 0.335265084375 0.0951523625
3 0.4281937765625 0.1339462953125 0.442784015625 0.1410894390625 0.46291272812499995 0.10053810781250001 0.445309084375 0.094674078125 0.4281937765625 0.1339462953125
3 0.351125896875 0.293799378125 0.36420943437500003 0.3015820796875 0.3866903921875 0.26447772187499996 0.3718941671875 0.2547547484375 0.351125896875 0.293799378125
3 0.48974397812500003 0.3585428484375 0.505407346875 0.3661195625 0.52423534375 0.32878762031250003 0.5100786765625 0.320571346875 0.48974397812500003 0.3585428484375
3 0.49641888593749994 0.169000853125 0.5120822546875 0.17657756875 0.53349008125 0.1390396421875 0.5167535828125 0.131029353125 0.49641888593749994 0.169000853125
3 0.513753240625 0.31456614374999997 0.5283434812500001 0.32170928593750003 0.54995729375 0.28675118906249997 0.5340879390625 0.27659464218749996 0.513753240625 0.31456614374999997
3 0.6413777765625001 0.202601965625 0.626147978125 0.19395211875 0.60581328125 0.2319236203125 0.6204035203125 0.23906676249999997 0.6413777765625001 0.202601965625
3 0.622971796875 0.18018581718749999 0.60516216875 0.17174195625 0.5798521890624999 0.2189380484375 0.5965886874999999 0.2269483375 0.622971796875 0.18018581718749999
3 0.5601238890625 0.2059740828125 0.5736410000000001 0.2126836546875 0.5918078359375001 0.1800778 0.5772175953125 0.17293465624999999 0.5601238890625 0.2059740828125
3 0.5399620171875 0.1940832453125 0.5556253859375 0.2016599609375 0.5765996421875 0.1651951625 0.560936271875 0.15761844687499998 0.5399620171875 0.1940832453125
3 0.5170143281249999 0.17981856093749998 0.531170996875 0.188034834375 0.55321838125 0.1520036078125 0.5375550125 0.1444268921875 0.5170143281249999 0.17981856093749998
3 0.4157196484375 0.32239355625 0.430949446875 0.3310434015625 0.45085057031250003 0.29414503125 0.43562077343750005 0.285495184375 0.4157196484375 0.32239355625
3 0.45072949375000004 0.143051315625 0.46531973437499996 0.1501944609375 0.48586041562500004 0.11480279062500001 0.4691239171875 0.1067925015625 0.45072949375000004 0.143051315625
3 0.4395013234375 0.28206981249999996 0.45409156250000005 0.28921295625 0.4739926890625 0.252314584375 0.4594024484375 0.24517144218750003 0.4395013234375 0.28206981249999996
3 0.39813760781249996 0.310296734375 0.412727846875 0.31743987812499996 0.43240138593750005 0.28419446718749997 0.41760516093750005 0.27447149375 0.39813760781249996 0.310296734375
3 0.4219192828125 0.269972990625 0.4377886359375 0.2801295375 0.4561830609375 0.243870725 0.43944656249999997 0.2358604359375 0.4219192828125 0.269972990625
3 0.473243609375 0.15838912968750002 0.488906978125 0.1659658453125 0.50967525 0.126921215625 0.491865621875 0.11847735625 0.473243609375 0.15838912968750002
3 0.3762414453125 0.302698415625 0.391904815625 0.31027512968750004 0.41073281250000004 0.2729431890625 0.3950694421875 0.265366471875 0.3762414453125 0.302698415625
3 0.39897159375 0.25570830624999996 0.41420139218749996 0.264358153125 0.437115921875 0.22618066718750002 0.419739865625 0.2166636765625 0.39897159375 0.25570830624999996
3 0.8649273203125001 0.5051335406249999 0.8784444312499999 0.5118431109375 0.898551540625 0.47752457187499997 0.88332174375 0.46887472656250007 0.8649273203125001 0.5051335406249999
3 0.8846556203124999 0.5180975078125 0.8988122875 0.5263137812500001 0.918485825 0.493068371875 0.9017493265625 0.48505808281249996 0.8846556203124999 0.5180975078125
3 0.3762128078125 0.6210043890625 0.39144260468750003 0.6296542359374999 0.41479070625 0.5904036203125 0.399560909375 0.5817537749999999 0.3762128078125 0.6210043890625
3 0.8608523421875001 0.56465404375 0.87544258125 0.5717971875 0.8959832656250001 0.53640551875 0.88075346875 0.5277556718749999 0.8608523421875001 0.56465404375
3 0.641373753125 0.761840575 0.6544572890625 0.7696232765625 0.6790845062499999 0.7333860671875 0.6636487234375 0.7221563890625 0.641373753125 0.761840575
3 0.662608753125 0.7741649859375 0.6763318484374999 0.7834543890625 0.6983792328125 0.7474231625 0.6857292671875 0.73856733125 0.662608753125 0.7741649859375
3 0.6713565671875 0.79267898125 0.6567663265625 0.7855358375 0.638371903125 0.8217946515625 0.6518890140625 0.8285042234375 0.6713565671875 0.79267898125
3 0.6387090140625 0.91056044375 0.6241187734375 0.9034172999999999 0.607664625 0.937963428125 0.6207481625 0.9457461296874999 0.6387090140625 0.91056044375
3 0.6951714 0.80479740625 0.6784349015625 0.7967871171875001 0.658533775 0.8336854890625001 0.6741971437500001 0.8412622046875 0.6951714 0.80479740625
3 0.6825430375 0.7897087843749999 0.699713109375 0.79664594375 0.7196142359375 0.759747571875 0.703311309375 0.7506641546874999 0.6825430375 0.7897087843749999
3 0.6814282078125 0.9253235109375 0.664464121875 0.9209661828125 0.6505465953125 0.9677719093749999 0.666437553125 0.971695665625 0.6814282078125 0.9253235109375
3 0.7074309999999999 0.8022607828125 0.722660796875 0.8109106265625 0.7421283515625 0.7750853859375 0.7284052546875001 0.7657959828124999 0.7074309999999999 0.8022607828125
3 0.6847224546875 0.843018096875 0.6999522515625001 0.8516679437500001 0.71747953125 0.8175553875 0.7037564359374999 0.8082659859374999 0.6847224546875 0.843018096875
3 0.6677166671875 0.9747090671875001 0.681006190625 0.9850716 0.7011133 0.9507530609374999 0.6869566328125 0.9425367890624999 0.6677166671875 0.9747090671875001
3 0.7055238828125 0.8564156359374999 0.7201141234375 0.8635587812500001 0.7391481046874999 0.8288066687500001 0.7249914359375 0.8205903953125 0.7055238828125 0.8564156359374999
3 0.7275928703125001 0.8141516187500001 0.7417495390625 0.8223678921875001 0.7661707718749999 0.78355085 0.7498678437499999 0.7744674328125 0.7275928703125001 0.8141516187500001
3 0.2797045078125 0.37479402500000003 0.293655190625 0.3804304671875 0.3124831875 0.3430985234375 0.2963862453125 0.3365949375 0.2797045078125 0.37479402500000003
3 0.298359678125 0.38732441875 0.3125163453125 0.3955406921875 0.3319839 0.3597154515625 0.31890036093749996 0.35193275156250003 0.298359678125 0.38732441875
3 0.31464100156249997 0.4026406296875 0.33073794375 0.40914421718750005 0.3515062140625 0.3700995875 0.3369159734375 0.3629564421875 0.31464100156249997 0.4026406296875
3 0.616063771875 0.8090366703124999 0.63129356875 0.8176865140625 0.6542081 0.7795090296875 0.6379051734375001 0.7704256109375 0.616063771875 0.8090366703124999
3 0.619641875 0.8928703859375 0.602905375 0.8848600984375 0.58170353125 0.9249778578125 0.5973669015625 0.9325545734375 0.619641875 0.8928703859375
3 0.5592110203125 0.9034072515625 0.5740072453125 0.9131302265624999 0.59411435625 0.8788116875 0.580391259375 0.8695222843750001 0.5592110203125 0.9034072515625
3 0.528510778125 0.7075028453125001 0.543740575 0.7161526921875 0.5692565390625 0.6715364296875 0.5540267421875 0.662886584375 0.528510778125 0.7075028453125001
3 0.3946403890625 0.6371877453125 0.41094331562499997 0.6462711624999999 0.4332182890625 0.606586975 0.4179884921875 0.5979371312499999 0.3946403890625 0.6371877453125
3 0.41630896406250006 0.648439025 0.4293925015625 0.6562217265625 0.4510063140625 0.6212636296875 0.436849646875 0.61304735625 0.41630896406250006 0.648439025
3 0.4390722703125 0.6538910859375 0.4547356390625 0.6614678015625 0.4757098953125 0.625003003125 0.46091366875000006 0.615280028125 0.4390722703125 0.6538910859375
3 0.4613587984375 0.6728818609375 0.4770221671875 0.6804585765625 0.49820240625 0.6465736078125001 0.482972609375 0.6379237640625 0.4613587984375 0.6728818609375
3 0.4830273703125 0.6841331390625001 0.498690740625 0.6917098562499999 0.5175187359375 0.6543779125 0.502928496875 0.6472347703125 0.4830273703125 0.6841331390625001
3 0.50921605 0.69346575 0.5227331609375 0.7001753203125001 0.5435014312499999 0.6611306906250001 0.52847761875 0.6550606765625 0.50921605 0.69346575
3 0.54415254375 0.7213123546875 0.52935631875 0.7115893796874999 0.5070813453125 0.7512735640625 0.522105159375 0.7573435796875 0.54415254375 0.7213123546875
3 0.596335471875 0.796072703125 0.6115652703125 0.804722546875 0.6344798 0.7665450625 0.619250003125 0.7578952171875 0.596335471875 0.796072703125
3 0.5666882625 0.730417375 0.55253159375 0.7222011015625001 0.5317633234375 0.7612457312500001 0.5461475796874999 0.7658090453125 0.5666882625 0.730417375
3 0.574221771875 0.7272195906250001 0.5915978281250001 0.73673658125 0.61300565625 0.6991986531250001 0.596063171875 0.6886085328125 0.574221771875 0.7272195906250001
3 0.5866225453125 0.7459611734375 0.5709591765625001 0.73838445625 0.5521311796874999 0.7757164000000001 0.565648290625 0.782425971875 0.5866225453125 0.7459611734375
3 0.5997708953124999 0.7350454984375 0.6158678359375 0.741549084375 0.635974946875 0.7072305437499999 0.6207451500000001 0.6985806984375 0.5997708953124999 0.7350454984375
3 0.6132664015625 0.7479878609374999 0.5986761609375 0.7408447171875 0.5789810203125 0.78032291875 0.593571259375 0.7874660625 0.6132664015625 0.7479878609374999
3 0.6552696734375 0.721267640625 0.63940031875 0.71111109375 0.6201387515625 0.749516165625 0.6351625624999999 0.7555861796875 0.6552696734375 0.721267640625
3 0.36183709531249997 0.427950609375 0.377066890625 0.4366004546875 0.3989082921875 0.3979893984375 0.38367849375 0.3893395515625 0.36183709531249997 0.427950609375
3 0.33952896250000003 0.4151926265625 0.354119203125 0.4223357703125 0.37552703125 0.3847978421875 0.360936790625 0.3776547 0.33952896250000003 0.4151926265625
3 0.3763841265625 0.4475593375 0.36094834531250003 0.43632966093750003 0.3404076640625 0.471721328125 0.35563746093750004 0.480371175 0.3763841265625 0.4475593375
3 0.7404789671875001 0.6308640203125 0.7557087640625 0.639513865625 0.774536759375 0.6021819234375 0.76038009375 0.5939656484375 0.7404789671875001 0.6308640203125
3 0.650585284375 0.58455818125 0.66581508125 0.5932080281250001 0.688523625 0.5524507109375 0.6711475703125 0.5429337203125 0.650585284375 0.58455818125
3 0.6739665453125 0.5977497359374999 0.6922097453125 0.6051204671875 0.7114713125 0.5667153953125 0.6936616859375 0.558271534375 0.6739665453125 0.5977497359374999
3 0.6506184421875 0.63700035 0.6658482375 0.6456501968749999 0.6853157921874999 0.6098249546875001 0.669012865625 0.6007415359375 0.6506184421875 0.63700035
3 0.6766011359374999 0.643753128125 0.6907578046875 0.6519694015625 0.7097917859375 0.6172172890625001 0.6952015453125 0.610074146875 0.6766011359374999 0.643753128125
3 0.6961018484375 0.66037005625 0.7108980734375 0.67009303125 0.7299320546875 0.63534091875 0.7157753875 0.627124646875 0.6961018484375 0.66037005625
3 0.71709770625 0.617672465625 0.7323275046875 0.6263223109375 0.7543748890625 0.5902910859375 0.7380719625000001 0.5812076671875 0.71709770625 0.617672465625
3 0.7201010625 0.6813011046875 0.7366315765625 0.6867315625 0.7505274984375 0.646158628125 0.73443055625 0.639655040625 0.7201010625 0.6813011046875
3 0.62807116875 0.5692203671875 0.6417942640625001 0.5785097718750001 0.6642752203125 0.541405415625 0.6479722953125 0.5323219984375 0.62807116875 0.5692203671875
3 0.7604132515625001 0.64640781875 0.7760766218749999 0.6539845343749999 0.7944710453125 0.6177257203125001 0.778807675 0.6101490046875 0.7604132515625001 0.64640781875
3 0.739211409375 0.6865255765625 0.7559479078125 0.694535865625 0.771968484375 0.6610628671875001 0.7567386875000001 0.6524130234375 0.739211409375 0.6865255765625
3 0.7638933859375 0.69649774375 0.7789171984375 0.7025677578125 0.7985907359375 0.6693223484375 0.782287809375 0.6602389296875 0.7638933859375 0.69649774375
3 0.7840220999999999 0.6559464109375 0.79968546875 0.663523128125 0.8185134640625 0.6261911859375 0.80328366875 0.6175413390625 0.7840220999999999 0.6559464109375
3 0.7890089359375 0.7053967812499999 0.8020924734375001 0.71317948125 0.819619753125 0.6790669265625 0.8050295125 0.6719237828125 0.7890089359375 0.7053967812499999
3 0.8074033593750001 0.6691379671875 0.82263315625 0.6777878125 0.8434014281250001 0.6387431828125 0.8277380578125 0.631166465625 0.8074033593750001 0.6691379671875
3 0.6079208515625 0.6160044921875001 0.62401779375 0.622508078125 0.643485346875 0.5866828374999999 0.626109290625 0.577165846875 0.6079208515625 0.6160044921875001
3 0.584951559375 0.6079726 0.5999753734375 0.6140426156250001 0.6216107890625 0.5728517265625 0.6070205484375 0.56570858125 0.584951559375 0.6079726
3 0.4094783140625 0.5108624203125001 0.42450212656249997 0.5169324343749999 0.4435361078125 0.48218032343750006 0.4278727375 0.47460360625 0.4094783140625 0.5108624203125001
3 0.47877655468749997 0.5463505515625 0.4942339390625 0.5513474359375 0.507902271875 0.5144274625 0.49137175781250003 0.5089970046875 0.47877655468749997 0.5463505515625
3 0.4313413171875 0.46601857031250005 0.44807781718750006 0.474028859375 0.4675453703125 0.43820361874999997 0.45188200156249997 0.43062690156250005 0.4313413171875 0.46601857031250005
3 0.4510480140625 0.4852153296875 0.46714495625 0.4917189171875 0.48898635625000003 0.45310785937500003 0.471176728125 0.44466399843750004 0.4510480140625 0.4852153296875
3 0.42833946875000006 0.525972646875 0.44443641093749997 0.532476234375 0.46390396406249995 0.4966509921875 0.44716746562500004 0.488640703125 0.42833946875000006 0.525972646875
3 0.472944175 0.49281365 0.48860754531249995 0.500390365625 0.5085086703125 0.46349199375000005 0.4928453015625 0.4559152796875 0.472944175 0.49281365
3 0.451081171875 0.5376574984375 0.46416471093749995 0.5454402 0.4864396828125 0.5057560140625 0.4716434578125 0.4960330375 0.451081171875 0.5376574984375
3 0.49805972499999995 0.5017126859375 0.512649965625 0.5088558296875 0.5306108171874999 0.47367014531249996 0.5170937062500001 0.46696057343749997 0.49805972499999995 0.5017126859375
3 0.517582040625 0.5120968218749999 0.533245409375 0.5196735375 0.551639834375 0.483414725 0.53704959375 0.4762715796875 0.517582040625 0.5120968218749999
3 0.605969021875 0.5590422171875 0.6205592625 0.5661853609375 0.6395932421875 0.5314332484375 0.6239298734375 0.5238565328125 0.605969021875 0.5590422171875
3 0.5008787 0.5565287015625 0.514189825 0.5606584421874999 0.53000441875 0.5246056125 0.5160537359374999 0.5189691703125 0.5008787 0.5565287015625
3 0.5628594625 0.5328866953125 0.5759430015625 0.540669396875 0.5951829671875 0.508497115625 0.5810262984375 0.5002808437499999 0.5628594625 0.5328866953125
3 0.5413968734375 0.524215246875 0.5544804109375 0.5319979484374999 0.5750210953125 0.4966062796875 0.5597912968750001 0.487956434375 0.5413968734375 0.524215246875
3 0.540768871875 0.5813835078125 0.5557926828124999 0.587453521875 0.5750542515625 0.549048446875 0.5600304406250001 0.5429784328125 0.540768871875 0.5813835078125
3 0.5791191828125 0.5544356984375 0.59585568125 0.5624459875000001 0.6153448375 0.520387953125 0.59968146875 0.5128112375 0.5791191828125 0.5544356984375
3 0.5613427125 0.59843400625 0.5752933953125 0.6040704484375 0.593481834375 0.565231803125 0.5773848921875 0.558728215625 0.5613427125 0.59843400625
3 0.35132886874999997 0.0492137796875 0.33867890312500004 0.04035795 0.317065090625 0.075316046875 0.330148628125 0.08309874687499999 0.35132886874999997 0.0492137796875