3 0.736660959375 1 0.735781225 0.9814198125000001 0.698629240625 0.99174743125 0.6995558843749999 1 0.736660959375 1
3 0.7738514875 0.986094253125 0.773427571875 0.9595723218750001 0.7446336140625001 0.9692718093750001 0.7452576468750001 0.99416394375 0.7738514875 0.986094253125
3 0.813732121875 0.48144578125 0.8009479 0.4881479140625 0.8056215874999999 0.5400071640624999 0.8172992625 0.53482353125 0.813732121875 0.48144578125
3 0.8141921999999999 0.680026375 0.8260699859375 0.6732129453125 0.8239154875000001 0.6233173812499999 0.8104249453125 0.6282784203125 0.8141921999999999 0.680026375
3 0.8376292109374999 0.5191216921875 0.8504134343749999 0.5124195593749999 0.8479528421875001 0.45752330937499996 0.8333557515625 0.46400284999999997 0.8376292109374999 0.5191216921875
3 0.8398666234375 0.6732525921875 0.8522506171875 0.669810053125 0.852815425 0.6202483765625 0.838818675 0.6218385265624999 0.8398666234375 0.6732525921875
3 0.9058823828125 0.48779730781249997 0.9198791343750001 0.48620715781249996 0.9201378468750001 0.43164479531250005 0.9072476453125 0.4317164453125 0.9058823828125 0.48779730781249997
3 0.9019393296875 0.5948470515625 0.8902616578125 0.6000306828124999 0.893122475 0.651667340625 0.9057065828124999 0.64659500625 0.9019393296875 0.5948470515625
3 0.928143025 0.49383930625000005 0.9398207 0.48865567499999996 0.9363476937499999 0.42701764375 0.9233633578125 0.43534957343749997 0.928143025 0.49383930625000005
3 0.9590441000000001 0.47447233593749993 0.9720284359375 0.46614040625 0.968861525 0.40950306249999996 0.956277415625 0.4145753984375 0.9590441000000001 0.47447233593749993
3 0.9305687062500001 0.6314496468749999 0.94224638125 0.626266015625 0.9422108453125 0.581593728125 0.9298268515625001 0.5850362687499999 0.9305687062500001 0.6314496468749999
3 0.9469786687499999 0.6251927 0.9602690984375 0.62186145625 0.9585148296874999 0.5687062984375 0.9461308328125 0.5721488375 0.9469786687499999 0.6251927
3 0.9774439796875001 0.5644130359374999 0.963047003125 0.5692627781249999 0.9652015 0.61915834375 0.978491928125 0.6158271015625 0.9774439796875001 0.5644130359374999
3 0.9650843 0.7250234765625 0.9640600421875 0.703390934375 0.9290270203125001 0.71894183125 0.9309577140625 0.7406856687500001 0.9650843 0.7250234765625
3 0.9097574890625 0.9283348734375 0.907826796875 0.9065910359375 0.8755130796874999 0.9224758218750001 0.8776438875 0.9425898625 0.9097574890625 0.9283348734375
3 0.8410560859375 0.7759694265625 0.8409382609374999 0.7544481828125 0.8112378703124999 0.7640363734375 0.812062015625 0.7872987109375 0.8410560859375 0.7759694265625
3 0.7763232999999999 0.9284948906249999 0.7752990390625001 0.9068623499999999 0.7433855515625 0.9194875421875001 0.7448100375 0.9378604890625001 0.7763232999999999 0.9284948906249999
3 0.6847964453125 0.8196491218749999 0.688540009375 0.8416155515625 0.72246648125 0.8275831546875001 0.72002958125 0.802468428125 0.6847964453125 0.8196491218749999
3 0.637179315625 0.8402723546875001 0.6400164453125 0.8621274874999999 0.672130046875 0.8478724984375001 0.66929291875 0.8260173671875 0.637179315625 0.8402723546875001
3 0.59248160625 0.8595996781249999 0.5962251703125 0.8815661078125 0.6341776078125 0.8647193046874999 0.630834271875 0.83949328125 0.59248160625 0.8595996781249999
3 0.5464772328125 0.8820753 0.5498205671874999 0.9073013234375 0.5848535890625 0.8917504265625 0.5824166890625 0.8666356984375 0.5464772328125 0.8820753
3 0.8688856328125001 0.9464775875000001 0.8680614859375 0.9232152484375 0.839973853125 0.9346558281249999 0.8402917890625 0.9545472765625 0.8688856328125001 0.9464775875000001
3 0.8160300078124999 0.9648032437499999 0.8157120703125 0.944911796875 0.7839986953125 0.9559071906250001 0.7859293890625 0.9776510296875 0.8160300078124999 0.9648032437499999
3 0.5092311140625 0.9006631953124999 0.5118681296875 0.9241481265625 0.5457946015624999 0.91011573125 0.5431575859375 0.8866308 0.5092311140625 0.9006631953124999