3 0.6317407671875 0.2586473921875 0.6232035171875 0.277209353125 0.6564516312500001 0.2937391453125 0.663323334375 0.2729669296875 0.6317407671875 0.2586473921875
3 0.8198115546875 0.32657878125 0.8134845593750001 0.3434751921875 0.8450671265624999 0.357794728125 0.8513941203125001 0.3408983171875 0.8198115546875 0.32657878125
3 0.7854426 0.3039629265625 0.7788432515625 0.32279724062500004 0.81042581875 0.3371167765625 0.8186907140624999 0.32049271875 0.7854426 0.3039629265625
3 0.751073646875 0.281347071875 0.7425363953125 0.29990903125 0.7777224109375 0.316711178125 0.7840494062500001 0.29981476875 0.751073646875 0.281347071875
3 0.699535925 0.2543421265625 0.695146834375 0.2715108921875 0.726457046875 0.2877683296875 0.7330563953125 0.268934015625 0.699535925 0.2543421265625
3 0.6709806781250001 0.232543334375 0.6629881375 0.24722948906250003 0.68902935 0.2587940609375 0.6948116375 0.24577345468749998 0.6709806781250001 0.232543334375
3 0.75811289375 0.4562401453125 0.767770984375 0.4437642453125 0.7392157375 0.42196545468749996 0.729012940625 0.4383171578125 0.75811289375 0.4562401453125
3 0.7143267843750001 0.430324615625 0.7245295828125 0.41397291249999996 0.693491725 0.39577757187499996 0.685226828125 0.41240162812500003 0.7143267843750001 0.430324615625
3 0.6794131218749999 0.411584565625 0.691553821875 0.3955052171875 0.6549746125 0.37455491093750004 0.6447718124999999 0.3909066140625 0.6794131218749999 0.411584565625
3 0.5727028109375001 0.34125439218750003 0.5809677062499999 0.324630334375 0.546598753125 0.3020144796875 0.539999403125 0.32084879375 0.5727028109375001 0.34125439218750003
3 0.605406215625 0.36165998906249996 0.6136711125 0.34503593125 0.5798782890624999 0.3323819421875 0.5735512953125 0.3492783546875 0.605406215625 0.36165998906249996
3 0.63617171875 0.3817932328125 0.6461021640625 0.3673794328125 0.6131264046875 0.34891173593749997 0.6048615078124999 0.36553579375 0.63617171875 0.3817932328125
3 0.620563796875 0.21162445000000002 0.61617470625 0.22879321562500002 0.6463640796875 0.23896459375 0.651025525 0.21985792499999998 0.620563796875 0.21162445000000002
3 0.8104886609375 0.36479211718750004 0.8041616671874999 0.3816885296875 0.8340786859374999 0.393797809375 0.8404056796875 0.376901396875 0.8104886609375 0.36479211718750004
3 0.5792602984374999 0.1821054703125 0.5726609500000001 0.20093978437499999 0.6039711624999999 0.2171972234375 0.6105705109375 0.198362909375 0.5792602984374999 0.1821054703125
3 0.540743184375 0.1608828109375 0.5366264484375 0.1761136734375 0.564605565625 0.1879506 0.5706602046875 0.172992090625 0.540743184375 0.1608828109375
3 0.5121879375 0.13908401875 0.5039230421875 0.15570807656250002 0.5352332546875 0.171965515625 0.5434981515625 0.1553414578125 0.5121879375 0.13908401875
3 0.472958465625 0.2916650125 0.4817680703125 0.2711651515625 0.4507302125 0.2529698109375 0.44219296249999995 0.27153176874999996 0.472958465625 0.2916650125
3 0.44219296249999995 0.27153176874999996 0.4504578578125 0.2549077125 0.41802680781249996 0.23256421249999998 0.4100342640625 0.24725036718750001 0.44219296249999995 0.27153176874999996
3 0.3934102078125 0.2389854703125 0.4038853609375 0.220695865625 0.36730615 0.199745559375 0.3571033515625 0.21609726093749998 0.3934102078125 0.2389854703125
3 0.8544528625 0.34725673281249997 0.8503361249999999 0.362487596875 0.8799807890625001 0.3765347796875 0.8863077828125 0.3596383671875 0.8544528625 0.34725673281249997
3 0.7959490703125 0.6651041281250001 0.7812629140625 0.6571115875 0.7686089265625 0.6909044109375 0.78329508125 0.698896953125 0.7959490703125 0.6651041281250001
3 0.43736397031249996 0.09497314999999999 0.43130933125000004 0.109931659375 0.46261954375 0.12618909843749998 0.470612084375 0.11150294218750001 0.43736397031249996 0.09497314999999999
3 0.937845503125 0.38664331406249997 0.9312461546874999 0.405477628125 0.962828721875 0.4197971625 0.97109361875 0.40317310624999997 0.937845503125 0.38664331406249997
3 0.472005278125 0.115651103125 0.46595063750000004 0.1306096109375 0.50474010625 0.14989436875 0.512732646875 0.13520821562500002 0.472005278125 0.115651103125
3 0.3628123546875 0.048924378125 0.35260955781250003 0.06527608124999999 0.3855853171875 0.08374377656250001 0.3955157625 0.069329975 0.3628123546875 0.048924378125
3 0.322357340625 0.0274293625 0.316030346875 0.044325775 0.3509440078125 0.0630658234375 0.3589365515625 0.0483796703125 0.322357340625 0.0274293625
3 0.2871713234375 0.010627215625 0.2789064265625 0.0272512734375 0.31409244375 0.0440534203125 0.322357340625 0.0274293625 0.2871713234375 0.010627215625
3 0.24734462656249998 0 0.2445374734375 0.00463541875 0.271427171875 0.024223953125 0.2816299703125 0.00787225 0.26716485 0 0.24734462656249998 0
3 0.33327239375 0.20286714374999998 0.3412649359375 0.1881809890625 0.3063512734375 0.1694409390625 0.30029663281249996 0.1843994484375 0.33327239375 0.20286714374999998
3 0.20221783750000002 0.13702032656250002 0.212692990625 0.11873072031250001 0.17971722968749998 0.10026302499999999 0.1733902359375 0.11715943749999999 0.20221783750000002 0.13702032656250002
3 0.161186690625 0.10556344531249999 0.1694515890625 0.0889393875 0.1326000234375 0.069926984375 0.126000675 0.0887612984375 0.161186690625 0.10556344531249999
3 0.17990419062500002 0 0.1761976046875 0.0128164890625 0.20169411093749998 0.028256864062499998 0.20968665312499998 0.0135707109375 0.18104751875 0 0.17990419062500002 0
3 0.9004492296875 0.3715067140625 0.8938498796875001 0.390341028125 0.9257048015624999 0.4027226609375 0.934242053125 0.384160703125 0.9004492296875 0.3715067140625
3 0.8642470765624999 0.516608453125 0.8708464234375001 0.4977741375 0.8414741156250001 0.4817890546875 0.834874765625 0.50062336875 0.8642470765624999 0.516608453125
3 0.7952262703125 0.712430846875 0.8096400718749999 0.7223612921875 0.8269869265625 0.6832994703125 0.8123007718749999 0.675306928125 0.7952262703125 0.712430846875
3 0.837514484375 0.5662082703125 0.820890428125 0.5579433734375 0.8054814734375 0.59727755 0.8221055296875001 0.605542446875 0.837514484375 0.5662082703125
3 0.8599522484375001 0.5752902296875 0.8430558375 0.5689632359375 0.8320673968750001 0.6049663140625 0.8511740640625 0.6096277625 0.8599522484375001 0.5752902296875
3 0.95009090625 0.5385539125000001 0.9412813015625 0.5590537734375001 0.9745294156250001 0.5755835671875 0.9827943140625001 0.5589595093749999 0.95009090625 0.5385539125000001
3 0.9846483890625001 0.6441957890625 0.9719001374999999 0.6364756015624999 0.956218828125 0.6777476796874999 0.9692394359375 0.6835299640625 0.9846483890625001 0.6441957890625
3 0.9702345906250001 0.63426534375 0.95721398125 0.6284830593749999 0.9437429312500001 0.6680895890625 0.9570358921875 0.6719339718749999 0.9702345906250001 0.63426534375
3 0.9251809718749999 0.6595523375 0.9420773812500001 0.6658793328125 0.955548434375 0.626272803125 0.9405899249999999 0.6202181609374999 0.9251809718749999 0.6595523375
3 0.8758535078125 0.63088184375 0.8910843703125 0.63499858125 0.9034660046875 0.6031436593749999 0.89017304375 0.5992992765625 0.8758535078125 0.63088184375
3 0.9124327171875001 0.6518321515625 0.925998034375 0.65373863125 0.9389243765625 0.6180079046875 0.9236935125000001 0.6138911671875 0.9124327171875001 0.6518321515625
3 0.90163280625 0.770861253125 0.9204671203125001 0.7774606015625001 0.9342105265624999 0.73591616875 0.9173141140625001 0.729589175 0.90163280625 0.770861253125
3 0.8747431062500001 0.75127271875 0.8897016171875001 0.757327359375 0.9089863749999999 0.7185378921875001 0.8945725734375 0.708607446875 0.8747431062500001 0.75127271875
3 0.8592398890625 0.7490938828125 0.8744707515625001 0.753210621875 0.8860039015625001 0.7133317375 0.8707730375 0.709215 0.8592398890625 0.7490938828125