3 0.9341230359375 0.13533288125 0.92833960625 0.130901746875 0.9222869625 0.1452069140625 0.9284971000000001 0.14800540625 0.9341230359375 0.13533288125
3 0 0.48371957187500003 0.002492934375 0.4849353359375 0.0048928 0.4782825640625 0 0.47607770625 0 0.48371957187500003
3 0.796995834375 0.24516925937499998 0.7954221718750001 0.25245505156250003 0.8112804296875 0.2613393328125 0.8142401687499999 0.2538091390625 0.796995834375 0.24516925937499998
3 0.8930317671875001 0.25081787499999997 0.8879413749999999 0.24626453750000002 0.8818887312499999 0.26056970625 0.8882320328125 0.26412342031249997 0.8930317671875001 0.25081787499999997
3 0.8853324796875001 0.223363515625 0.8798153796875001 0.220442821875 0.8751488125 0.23450358593749998 0.8813589500000001 0.2373020796875 0.8853324796875001 0.223363515625
3 0.8995111187499999 0.2348800625 0.8930346484375 0.23057113125 0.8872483375 0.2463867390625 0.8928986015625 0.250062653125 0.8995111187499999 0.2348800625
3 0.9051642640625 0.218309234375 0.8986877968749999 0.2140003 0.894021228125 0.228061065625 0.9002313671875 0.23085955781249998 0.9051642640625 0.218309234375
3 0.907784690625 0.16022327812499998 0.8994954375 0.157791390625 0.8959214062499999 0.17399561562500002 0.903517621875 0.17654970625 0.907784690625 0.16022327812499998
3 0.9273501453125 0.15365855625 0.92044696875 0.15098226406249998 0.9154868609375001 0.16743089375 0.9216969984375 0.1702293859375 0.9273501453125 0.15365855625
3 0.9217571828125 0.12193928750000001 0.9162400828124999 0.11901859374999998 0.9107473125000001 0.132446340625 0.9162644109375 0.135367034375 0.9217571828125 0.12193928750000001
3 0.07013573125 0.5321893906249999 0.071975725 0.526414040625 0.058729246874999995 0.5201840375 0.057022418750000005 0.5267146078125 0.07013573125 0.5321893906249999
3 0.9272771625 0.1046132375 0.9223199375 0.10081512031249999 0.9164004578125 0.11587550937499999 0.9219175578125001 0.11879620312500001 0.9272771625 0.1046132375
3 0.9347430937500001 0.0861653625 0.9283997906250001 0.08261164843749999 0.92274664375 0.099182478125 0.9282637421875 0.102103171875 0.9347430937500001 0.0861653625
3 0.8381015171874999 0.0284505453125 0.8350086109375001 0.0352255203125 0.848681796875 0.0398228796875 0.8510816640625001 0.0331701078125 0.8381015171874999 0.0284505453125
3 0.7780248421875 0.007895628125 0.7716815375 0.004341915625 0.76688180625 0.0176474609375 0.7730919421875 0.020445953125 0.7780248421875 0.007895628125
3 0.7544507984375 0 0.75257 0.005375690625 0.7596063421875 0.008807203125 0.762687728125 0 0.7544507984375 0
3 0.75099345625 0.032908228125 0.7447833187499999 0.0301097359375 0.7406766250000001 0.043293078125 0.7468867625 0.0460915703125 0.75099345625 0.032908228125
3 0.745767015625 0.047846414062499995 0.74024991875 0.044925721875000005 0.7348903124999999 0.0591086875 0.7404074109375001 0.06202938125 0.745767015625 0.047846414062499995
3 0.0353836125 0.49315244687500004 0.03285058125 0.4990499984375 0.0462302265625 0.506035221875 0.047803887499999996 0.4987494296875 0.0353836125 0.49315244687500004
3 0.0722449390625 0.5076777359375 0.0692852 0.51520793125 0.0839177546875 0.5211935328124999 0.085624584375 0.5146629609375 0.0722449390625 0.5076777359375
3 0.7341943921875 0.0794776328125 0.727984253125 0.076679140625 0.7221979421875 0.0924947515625 0.7291011171874999 0.09517104062500001 0.7341943921875 0.0794776328125
3 0.9421200171875 0.3184750265625 0.94465305 0.3125774765625 0.9307135328125 0.306469675 0.9281805000000001 0.31236722499999997 0.9421200171875 0.3184750265625
3 0.31115115000000004 0.6913755296875 0.3173612890625 0.694174021875 0.321174440625 0.6833785406249999 0.3148311390625 0.679824828125 0.31115115000000004 0.6913755296875
3 0.3881943 0.8000468625 0.395097475 0.8027231515625 0.39949771093750003 0.7871519453125 0.3934207390625 0.785108675 0.3881943 0.8000468625
3 0.36092955781249997 0.7791572265625 0.36671298750000003 0.783588359375 0.3717790515625 0.7717932578125 0.3661287859375 0.7681173421875 0.36092955781249997 0.7791572265625
3 0.35192005625 0.78074584375 0.3588232328125 0.7834221343750001 0.36266359375 0.7687283500000001 0.35701333125 0.7650524359374999 0.35192005625 0.78074584375
3 0.377816015625 0.680399415625 0.3802158828125 0.67374664375 0.3653169953125 0.6662506015625 0.362917128125 0.6729033734375001 0.377816015625 0.680399415625
3 0.36035976875000003 0.6624524875 0.36289280156250003 0.656554934375 0.3496463234375 0.65032493125 0.34724645625 0.656977703125 0.36035976875000003 0.6624524875
3 0.39327477499999997 0.6870180375 0.39511477031250003 0.6812426859375 0.38381424062499997 0.6738908578125 0.3807213359375 0.68066583125 0.39327477499999997 0.6870180375
3 0.9618672921875 0.3453624046875 0.9635741187500001 0.3388318328125 0.9505939718749999 0.3341122703125 0.9495801828125 0.340520640625 0.9618672921875 0.3453624046875
3 0.9281805000000001 0.31236722499999997 0.929887328125 0.3058366546875 0.917467053125 0.3002396703125 0.9150671875 0.3068924421875 0.9281805000000001 0.31236722499999997
3 0.1010289234375 0.5290781921875001 0.10342879062500002 0.5224254203124999 0.0894892734375 0.5163176171875 0.0863963671875 0.523092590625 0.1010289234375 0.5290781921875001
3 0.8932379140625001 0.3006184140625 0.89001184375 0.3066381671875 0.9033914875000001 0.313623390625 0.905098315625 0.30709282031249996 0.8932379140625001 0.3006184140625
3 0.2784839125 0.6114784921875 0.2814436515625 0.6039482984375 0.2658517265625 0.5965744578125001 0.2635850265625 0.60398245 0.2784839125 0.6114784921875
3 0.2799730640625 0.6361343578125 0.2825060953125 0.63023680625 0.27064569375 0.6237624 0.2675527890625 0.6305373750000001 0.2799730640625 0.6361343578125
3 0.26824582812500003 0.6304151734375 0.27064569375 0.6237624 0.256706178125 0.6176545984375 0.2537464375 0.6251847921875 0.26824582812500003 0.6304151734375
3 0.24644376562499998 0.620242840625 0.24884363125000003 0.61359006875 0.235597153125 0.6073600640625 0.233330453125 0.6147680578125 0.24644376562499998 0.620242840625
3 0.22850639374999998 0.6117251625 0.23021322031250002 0.605194590625 0.2193121890625 0.6001084234375 0.21621928437500001 0.6068833984374999 0.22850639374999998 0.6117251625
3 0.0354693921875 0.63953318125 0.0438918125 0.642720290625 0.048718753125 0.625516440625 0.0425086171875 0.6227179484375001 0.0354693921875 0.63953318125
3 0.12868036562500001 0.45489807187500003 0.130254028125 0.44761228124999997 0.1203123671875 0.4439143546875 0.11764616875 0.4490566859375 0.12868036562500001 0.45489807187500003
3 0.7406737421875 0.0635398234375 0.7359828484375 0.0612521484375 0.7292371640625 0.07567951875 0.7353141375 0.07772278906249999 0.7406737421875 0.0635398234375
3 0.7403472265625 0.11031947812500001 0.734830128125 0.1073987859375 0.729204190625 0.12007131093750001 0.7355474937500001 0.1236250234375 0.7403472265625 0.11031947812500001
3 0 0.5098982953125 0.008246271874999999 0.5135115203125 0.010352596875 0.5092466109375 0 0.5036947703125 0 0.5098982953125
3 0.012251506249999999 0.2768587671875 0.009718475 0.28275631875 0.02061950625 0.2878424859375 0.022592665625 0.28282235624999996 0.012251506249999999 0.2768587671875
3 0.0164369484375 0.27222725468750003 0.0152899921875 0.277880403125 0.0242722828125 0.280190090625 0.025419239062499998 0.274536940625 0.0164369484375 0.27222725468750003
3 0.0603490265625 0.1889503359375 0.062189020312499996 0.18317498593749998 0.050461784375 0.17745579843749998 0.0473688796875 0.1842307734375 0.0603490265625 0.1889503359375
3 0.06512155 0.179543096875 0.06696154374999999 0.1737677453125 0.0535819 0.16678252031250002 0.05048899375 0.1735574953125 0.06512155 0.179543096875
3 0.0408738484375 0.1230799109375 0.03535675 0.1201592171875 0.030557015625 0.1334647625 0.0366339890625 0.13550803281249998 0.0408738484375 0.1230799109375
3 0.035780574999999995 0.13877331875 0.0295704359375 0.135974828125 0.025330576562500002 0.14840294999999998 0.030714509374999997 0.150568421875 0.035780574999999995 0.13877331875
3 0.1379648453125 0.3940796625 0.1354318140625 0.39997721406250003 0.14811841875 0.40708463906250003 0.1505182859375 0.40043186718749996 0.1379648453125 0.3940796625
3 0.09527593125 0.1236104734375 0.0978089625 0.117712921875 0.0845624859375 0.11148291875 0.08285565624999999 0.118013490625 0.09527593125 0.1236104734375
3 0.1278327171875 0.41766986875 0.12529968593750002 0.4235674203125 0.1370269203125 0.4292866078125 0.13900008125000002 0.42426647656250005 0.1278327171875 0.41766986875
3 0.7252277796875 0.15425661875000002 0.718884478125 0.15070290625 0.71339170625 0.164130653125 0.719735009375 0.167684365625 0.7252277796875 0.15425661875000002
3 0.543807909375 0.0250546484375 0.5493250078125 0.02797534375 0.555804359375 0.0120375328125 0.549594221875 0.009239040625 0.543807909375 0.0250546484375
3 0.71888159375 0.17094965 0.7125382921875001 0.16739593749999998 0.7084315984375 0.18057928125 0.7140818624999999 0.1842551953125 0.71888159375 0.17094965
3 0.729589278125 0.22357069531249998 0.72705624375 0.229468246875 0.739609684375 0.23582045156250003 0.741449678125 0.23004510156250002 0.729589278125 0.22357069531249998
3 0.6525073890625 0.19978464375 0.650107521875 0.2064374171875 0.6632208359375 0.2119122 0.6649276625 0.2053816296875 0.6525073890625 0.19978464375
3 0.6574674968750001 0.183336015625 0.6556275031250001 0.189111365625 0.6681809421875 0.19546357187500002 0.6708471421875 0.190321240625 0.6574674968750001 0.183336015625
3 0.6297875765625001 0.0830920453125 0.6339730171875 0.0784605328125 0.6242189421875 0.067721215625 0.619473628125 0.073230153125 0.6297875765625001 0.0830920453125
3 0.64376006875 0.0448080546875 0.6462931015625 0.038910503125 0.63469903125 0.0339465375 0.632725871875 0.0389666671875 0.64376006875 0.0448080546875
3 0.552931134375 0 0.5511406734375 0.0058515546875 0.5572176468750001 0.007894825 0.5598378265624999 0 0.552931134375 0
3 0.53335503125 0.054931025 0.5395651671875 0.0577295171875 0.5436718609375 0.044546173437499996 0.5381547624999999 0.0416254796875 0.53335503125 0.054931025
3 0.311430971875 0.036438321875 0.3102840171875 0.04209146875 0.318706434375 0.0452785796875 0.3198533890625 0.039625429687500005 0.311430971875 0.036438321875
3 0.5465742984374999 0.06505933281250001 0.5541705140625 0.0676134234375 0.5588370796875 0.05355265625 0.55262694375 0.050754165625 0.5465742984374999 0.06505933281250001
3 0.5448588234375 0.1323301375 0.54176591875 0.1391051109375 0.5550123984375 0.1453351140625 0.5574122640625 0.1386823421875 0.5448588234375 0.1323301375
3 0.53822774375 0.0906708 0.5443047156249999 0.0927140703125 0.5495039453125 0.0816741875 0.5424676046875 0.0782426765625 0.53822774375 0.0906708
3 0.5209289906250001 0.08982752968749999 0.5258862171875001 0.09362564375 0.533191771875 0.078320853125 0.52684846875 0.07476714062499999 0.5209289906250001 0.08982752968749999
3 0.4827574515625 0.1043452140625 0.481183790625 0.11163100625 0.49277786093750003 0.11659497187500001 0.494617853125 0.11081962031249999 0.4827574515625 0.1043452140625
3 0.44784207656249997 0.0886980984375 0.444749171875 0.0954730734375 0.4578624859375 0.1009478546875 0.460955390625 0.0941728828125 0.44784207656249997 0.0886980984375
3 0.42976865625 0.0996719453125 0.42875486562500004 0.1060803140625 0.44200134531249996 0.1123103171875 0.44440121250000003 0.1056575453125 0.42976865625 0.0996719453125
3 0.36132398125 0.06813330937499999 0.358924115625 0.07478608125 0.3729967984375 0.0816491046875 0.3748367921875 0.07587375468749999 0.36132398125 0.06813330937499999
3 0.31013447968749996 0.7180306421875 0.317863859375 0.721339953125 0.3232234640625 0.7071569859375 0.3160539578125 0.7029702546875 0.31013447968749996 0.7180306421875
3 0.28048266875 0.801129196875 0.2869591359375 0.8054381312500001 0.2921855765625 0.7904999421875 0.2857091078125 0.786191009375 0.28048266875 0.801129196875
3 0.27509585312499996 0.81921046875 0.2807461171875 0.82288638125 0.2867987609375 0.8085812140625 0.280189128125 0.8035170609375 0.27509585312499996 0.81921046875
3 0.9262053796874999 0.8928480265625 0.9243653875 0.898623378125 0.9383049046874999 0.9047311796875 0.9402780640625 0.89971105 0.9262053796874999 0.8928480265625
3 0.6537381640625 0.9159729046875 0.6473948609375 0.9124191906249999 0.6421684203125 0.9273573781250001 0.649071596875 0.9300336703125 0.6537381640625 0.9159729046875
3 0.6471586203124999 0.8867637 0.64081531875 0.8832099875000001 0.6361487515625 0.897270753125 0.64166585 0.900191446875 0.6471586203124999 0.8867637
3 0.66261738125 0.893382321875 0.655581040625 0.8899508109375001 0.650648140625 0.902501134375 0.656431571875 0.90693226875 0.66261738125 0.893382321875
3 0.7663010640625 0.9140351593749999 0.768141059375 0.9082598093750001 0.7569736953125 0.9016632015624999 0.7544406640625 0.9075607531250001 0.7663010640625 0.9140351593749999
3 0.7767267343750001 0.8880570890625 0.77800685625 0.8831591609375 0.7677988625000001 0.87795079375 0.765398996875 0.8846035656250001 0.7767267343750001 0.8880570890625
3 0.9142876765624999 0.914416975 0.9135402203125 0.922335784375 0.925827328125 0.9271775484375 0.9275341562499999 0.920646978125 0.9142876765624999 0.914416975
3 0.962773165625 0.9097611828125001 0.959946590625 0.9180465968749999 0.9736197765625001 0.9226439578125 0.9760196421874999 0.9159911859375001 0.962773165625 0.9097611828125001
3 0.9409711015625 0.89958885 0.9387044015624999 0.9069968421875 0.9525107531250001 0.9123494234375 0.9540844140625 0.90506363125 0.9409711015625 0.89958885
3 0.9106134546875 0.8854741859375 0.9083467546874999 0.8928821796875 0.922552603125 0.9005004234375 0.924819303125 0.8930924296875 0.9106134546875 0.8854741859375
3 0.63035955625 0.9333331078124999 0.624016253125 0.9297793953125 0.618656646875 0.9439623609375 0.6249999515625 0.9475160734375001 0.63035955625 0.9333331078124999
3 0.9034653921875 0.9178826390625 0.9057320921875001 0.9104746453124999 0.892485615625 0.9042446406250001 0.8900857468750001 0.9108974140624999 0.9034653921875 0.9178826390625
3 0.8862210578124999 0.9092427593749999 0.8879278859375 0.9027121875 0.8774535625000001 0.8959933781249999 0.8736676171875001 0.9028905546875 0.8862210578124999 0.9092427593749999
3 0.8944616562500001 0.8789777687500001 0.8917954578125 0.8841200984375 0.9058681421875001 0.8909831203125 0.909227378125 0.8857185890625001 0.8944616562500001 0.8789777687500001
3 0.8779103609375 0.8702156859375 0.8756436593749999 0.8776236796875001 0.8895831765625 0.8837314812500001 0.8912900046875001 0.8772009109375001 0.8779103609375 0.8702156859375
3 0.83222711875 0.8502376249999999 0.8290010484374999 0.8562573765625 0.84307373125 0.8631204 0.844780559375 0.8565898296875 0.83222711875 0.8502376249999999
3 0.8045843250000001 0.8636775109375 0.8031438281250001 0.871718521875 0.81460473125 0.8759272671874999 0.8164447265625 0.8701519171875001 0.8045843250000001 0.8636775109375
3 0.7936288734375 0.866387953125 0.7962950703125 0.861245621875 0.784567834375 0.8555264359375 0.7821679687499999 0.862179209375 0.7936288734375 0.866387953125
3 0.7981379484375 0.835223528125 0.796564284375 0.8425093203125 0.808984559375 0.848106303125 0.8099983484375001 0.8416979343750001 0.7981379484375 0.835223528125
3 0.645125278125 0.9400739296875 0.638648809375 0.9357649953125 0.63272933125 0.950825384375 0.63963250625 0.953501675 0.645125278125 0.9400739296875
3 0.2675268484375 0.812758075 0.2737369859375 0.8155565656249999 0.2774169734375 0.804005865625 0.2720330390625 0.8018403921875 0.2675268484375 0.812758075
3 0.77826523125 0.19162676875 0.7750391609375 0.197646521875 0.7884188046875 0.204631746875 0.78943259375 0.1982233765625 0.77826523125 0.19162676875
3 0.7592798265625 0.055586859375 0.7538958921875001 0.053421385937499996 0.7490961609375 0.06672693125 0.7559993359375 0.0694032234375 0.7592798265625 0.055586859375
3 0.7657591765625 0.0396490484375 0.7609351171875 0.036606153125 0.755708678125 0.051544340625 0.7603995718750001 0.05383201562499999 0.7657591765625 0.0396490484375
3 0.2190227984375 0.7605719375 0.2118532921875 0.7563852062499999 0.20620014375 0.7729560359375001 0.21254344687499999 0.7765097484375 0.2190227984375 0.7605719375
3 0.7622244625000001 0.9030734546874999 0.7703805499999999 0.9047501203125 0.77491395 0.889934134375 0.7664915328124999 0.8867470265625 0.7622244625000001 0.9030734546874999
3 0.8046006953125 0.186983115625 0.812196909375 0.18953720624999998 0.81838271875 0.1759872578125 0.8099603015625 0.17280014999999999 0.8046006953125 0.186983115625
3 0.15878862968750002 0.7229133609375 0.153138365625 0.719237446875 0.14833863281249998 0.7325429921875 0.1538557328125 0.735463684375 0.15878862968750002 0.7229133609375
3 0.44926170625 0.9761673640625 0.44672867343749995 0.9820649156249999 0.45928211250000006 0.9884171203125 0.462508184375 0.98239736875 0.44926170625 0.9761673640625
3 0.3294806421875 0.941221496875 0.327213940625 0.948629490625 0.3424063703125 0.9537376703125 0.34424636406250003 0.9479623187499999 0.3294806421875 0.941221496875
3 0.34507256875 0.9485953374999999 0.3425395359375 0.9544928890625 0.357172090625 0.960478490625 0.35818588125 0.954070121875 0.34507256875 0.9485953374999999
3 0.3507257140625 0.9320245078125 0.3485921796875 0.940187721875 0.361572328125 0.944907284375 0.364532065625 0.9373770890625 0.3507257140625 0.9320245078125
3 0.36645080625 0.9401535687499999 0.36474397812500003 0.9466841390624999 0.3786834953125 0.9527919421875 0.379697284375 0.9463835734374999 0.36645080625 0.9401535687499999
3 0.39440858749999996 0.9609210046875001 0.39763465781249996 0.9549012515624999 0.383561975 0.9480382281249999 0.3811621078125 0.9546910000000001 0.39440858749999996 0.9609210046875001
3 0.3939274609375 0.97035025625 0.39152759531250003 0.977003028125 0.40685318906249995 0.9828664281249999 0.40869318281250006 0.9770910781250001 0.3939274609375 0.97035025625
3 0.41434632968749996 0.960520246875 0.412079628125 0.9679282406249999 0.42519294218750003 0.973403025 0.42676660312500003 0.9661172328125 0.41434632968749996 0.960520246875
3 0.42428510781249995 0.98446491875 0.42257828125 0.990995490625 0.43638463281249995 0.9963480703125001 0.438091459375 0.9898175015625 0.42428510781249995 0.98446491875
3 0.781105525 0.8358906984375001 0.782812353125 0.829360128125 0.770125746875 0.8222527015625 0.767166009375 0.8297828968750001 0.781105525 0.8358906984375001
3 0.7553600265625 0.81551188125 0.7529601593749999 0.822164653125 0.7653804328125 0.8277616390625001 0.7686065046875 0.821741884375 0.7553600265625 0.81551188125
3 0.7361697421875 0.8079938265625 0.733903040625 0.8154018187500001 0.7493618 0.822020440625 0.752321540625 0.8144902453125 0.7361697421875 0.8079938265625
3 0.1257747 0.831523190625 0.12268179531250001 0.8382981656249999 0.136488146875 0.843650746875 0.1380618078125 0.8363649546874999 0.1257747 0.831523190625
3 0.2855858578125 0.90301795 0.28275928437500003 0.911303365625 0.295606265625 0.9152677062500001 0.2980061328125 0.908614934375 0.2855858578125 0.90301795
3 0.180004878125 0.9161838156250001 0.1869080546875 0.91886010625 0.1917077875 0.9055545609375001 0.185364484375 0.9020008484375 0.180004878125 0.9161838156250001
3 0.207145103125 0.8755779968749999 0.21106421250000001 0.8694360421875 0.196991528125 0.8625730203125 0.1936322921875 0.867837553125 0.207145103125 0.8755779968749999
3 0.159304 0.847414709375 0.155917553125 0.8565775468749999 0.1722025171875 0.8638291875 0.174895925 0.8547885515625 0.159304 0.847414709375
3 0.1410673203125 0.8817783828125 0.134297309375 0.8798573140625001 0.13131036093749998 0.8912858140625 0.1387734109375 0.8930846812500001 0.1410673203125 0.8817783828125
3 0.07921083437500001 0.81870871875 0.0817438671875 0.81281116875 0.06919042812500001 0.8064589625 0.0665242296875 0.8116012937500001 0.07921083437500001 0.81870871875
3 0.14530879531250002 0.6707811218749999 0.13909865625 0.6679826296875 0.1330460125 0.6822877968750001 0.1398160234375 0.6842088687500001 0.14530879531250002 0.6707811218749999
3 0.086994634375 0.8142214187500001 0.0855541390625 0.8222624328125001 0.09840111875 0.8262267734375 0.0999747828125 0.8189409812499999 0.086994634375 0.8142214187500001
3 0.1908502234375 0.750744196875 0.1845069203125 0.7471904828125 0.180000728125 0.7581081640625 0.1869039046875 0.76078445625 0.1908502234375 0.750744196875
3 0.7409637109375 0.8351817703125001 0.7378708046875 0.84195674375 0.7526365265625 0.848697565625 0.7553027234374999 0.843555234375 0.7409637109375 0.8351817703125001
2 0.2215257390625 0.7788194359375 0.22773587499999998 0.781617928125 0.23394889531250002 0.764169675 0.22843179687499998 0.7612489828125 0.2215257390625 0.7788194359375
3 0.22813537187500002 0.7838835890625 0.233652471875 0.7868042828124999 0.2385853703125 0.774253959375 0.23224206718749998 0.7707002468749999 0.22813537187500002 0.7838835890625
3 0.21158696093749998 0.7548747640625 0.2058035296875 0.7504436296875 0.19948455468749998 0.76323835625 0.2063877296875 0.765914646875 0.21158696093749998 0.7548747640625
3 0.1941307140625 0.736927834375 0.18943981875 0.7346401593749999 0.1846400859375 0.7479457046875 0.19071705625 0.7499889765625001 0.1941307140625 0.736927834375
3 0.18851053906249998 0.7091068703125 0.1945875125 0.7111501421875001 0.198827371875 0.6987220203125 0.1933102734375 0.6958013265625 0.18851053906249998 0.7091068703125
3 0.195359296875 0.7195797703125 0.2014362671875 0.7216230421875001 0.204983090625 0.7093171218750001 0.199332825 0.7056412078125 0.195359296875 0.7195797703125
3 0.2155905796875 0.7167911515625 0.22206705000000002 0.7211000859375 0.2275598203125 0.7076723390625 0.22121651718750002 0.7041186265625 0.2155905796875 0.7167911515625
3 0.24466810625000002 0.7358037421875 0.25087824375 0.7386022343749999 0.256797721875 0.723541846875 0.24976138125 0.7201103328125 0.24466810625000002 0.7358037421875
3 0.3110650265625 0.9218863265625 0.3135980578125 0.9159887765624999 0.299392209375 0.9083705328124999 0.29768538125 0.914901103125 0.3110650265625 0.9218863265625
3 0.32748315625 0.9298931874999999 0.32974985625 0.92248519375 0.316503378125 0.916255190625 0.3139703453125 0.9221527421875001 0.32748315625 0.9298931874999999
3 0.300720984375 0.9361694828125 0.30269414375000003 0.9311493531249999 0.28931450000000003 0.924164128125 0.2866483015625 0.9293064609374999 0.300720984375 0.9361694828125
3 0.2743339828125 0.928363 0.27985108125 0.93128369375 0.2836642359375 0.9204882140624999 0.27814713593749996 0.9175675203125 0.2743339828125 0.928363
3 0.73235370625 0.83903605 0.7355797765625 0.8330162984375 0.7184686078125 0.8251316390625 0.71550886875 0.8326618328125001 0.73235370625 0.83903605
3 0.70980995 0.7962890406249999 0.707410084375 0.8029418125 0.721482765625 0.8098048359375 0.7237494671875 0.8023968421875001 0.70980995 0.7962890406249999
3 0.644718746875 0.7999793609375 0.6471186140625 0.7933265890625 0.63373896875 0.7863413640625 0.6307792296875 0.7938715578125 0.644718746875 0.7999793609375
3 0.6566249203125001 0.859397390625 0.6511078234375 0.8564766984375 0.645481884375 0.8691492234375 0.6518251890625 0.8727029359375 0.6566249203125001 0.859397390625
3 0.5854653937500001 0.8003042078125 0.584584771875 0.8074677984375 0.5971654203125001 0.8099216984375 0.5988722484375 0.8033911281250001 0.5854653937500001 0.8003042078125
3 0.580078578125 0.8183854796875 0.577811878125 0.8257934718750001 0.5900989875 0.8306352359375 0.5912459421875 0.8249820874999999 0.580078578125 0.8183854796875
3 0.5684214437499999 0.88195835625 0.5716475140624999 0.8759386031249999 0.5596539453125 0.8687089765625 0.5572540796875 0.8753617484375 0.5684214437499999 0.88195835625
3 0.5285760500000001 0.8586148203124999 0.534919353125 0.8621685328125 0.5398522515625 0.8496182093750001 0.5343351546874999 0.8466975140624999 0.5285760500000001 0.8586148203124999
3 0.4995772703125 0.8481540593749999 0.506480446875 0.8508303500000001 0.510587140625 0.8376470078124999 0.5035508 0.8342154953125 0.4995772703125 0.8481540593749999
3 0.495207128125 0.8395802171875 0.5014172640625 0.842378709375 0.505097253125 0.830828009375 0.4988871140625 0.8280295171875001 0.495207128125 0.8395802171875
3 0.4859585046875 0.8357600890624999 0.48126761093750003 0.833472415625 0.47564167187499995 0.8461449406250001 0.48185181093749996 0.84894343125 0.4859585046875 0.8357600890624999
3 0.474630765625 0.8323065656249999 0.48126761093750003 0.833472415625 0.484681265625 0.8204112734375 0.47791125624999997 0.8184902031249999 0.474630765625 0.8323065656249999
3 0.4719072671875 0.86549225 0.46639016718750004 0.86257155625 0.46145726875 0.8751218796875 0.46905348281250003 0.8776759703125 0.4719072671875 0.86549225
3 0.4315807484375 0.851577965625 0.425930484375 0.8479020515625001 0.42086441875 0.8596971546875001 0.42720772343749996 0.86325086875 0.4315807484375 0.851577965625
3 0.42233212656249997 0.8477578375 0.41820110312500003 0.8445927421875 0.41257516718750004 0.8572652671875 0.418092265625 0.860185959375 0.42233212656249997 0.8477578375
3 0.3572438046875 0.8312014156249999 0.36220103125 0.83499953125 0.3692402546875 0.8181842984375001 0.3624702453125 0.816263228125 0.3572438046875 0.8312014156249999
3 0.3503406296875 0.8285251234375 0.3573769703125 0.8319566359375001 0.36428302968750004 0.8143861828125001 0.357379853125 0.811709890625 0.3503406296875 0.8285251234375