3 0.6602963640625 0.398804584375 0.660996403125 0.40209800937500007 0.6665738671875 0.40091248281249997 0.665873828125 0.3976190578125 0.6602963640625 0.398804584375
3 0.6236856734375 0.48025002499999997 0.6250828953124999 0.48339525937500005 0.631077525 0.48074417187499996 0.6288431125 0.4770884421875 0.6236856734375 0.48025002499999997
3 0.251627134375 0.6770575765625 0.25595023906250003 0.6768271171875 0.2542701453125 0.66892289375 0.2500870484375 0.6698120390625 0.251627134375 0.6770575765625
3 0.2426694875 0.6383433375 0.24685258437500002 0.6374541921875 0.24447530781250001 0.6296981609375 0.24112940156249998 0.6310978 0.2426694875 0.6383433375
3 0.243072371875 0.619669690625 0.24795265312499998 0.61863235625 0.246272559375 0.6107281328124999 0.24222946875 0.6122759624999999 0.243072371875 0.619669690625
3 0.2310316953125 0.563022759375 0.2345176109375 0.56228180625 0.2329775234375 0.5550362671875 0.229491609375 0.555777221875 0.2310316953125 0.563022759375
3 0.2627220765625 0.602412565625 0.25937616874999997 0.6038122046875001 0.26091625625 0.61105774375 0.265099353125 0.6101685984375 0.2627220765625 0.602412565625
3 0.20391301562500003 0.486862075 0.20809611249999999 0.48597293124999996 0.2069731921875 0.47726183281249995 0.2020929140625 0.47829916875 0.20391301562500003 0.486862075
3 0.4714483515625 0.54565441875 0.47297986875 0.5425751046875 0.4658651734375 0.5399567109375 0.46447366562500003 0.5436947109375 0.4714483515625 0.54565441875
3 0.46531085625 0.5442052046875 0.464476521875 0.5471363265625 0.47005684218750005 0.5493924171875 0.471588359375 0.5463131031249999 0.46531085625 0.5442052046875
3 0.46866533125 0.553130415625 0.47005684218750005 0.5493924171875 0.46322216406249994 0.54809139375 0.462247821875 0.55036383125 0.46866533125 0.553130415625
3 0.42972596406249997 0.5173467656249999 0.43251469531250003 0.5167540015625 0.43222896562499996 0.508553396875 0.42874305156250003 0.50929435 0.42972596406249997 0.5173467656249999
3 0.433906203125 0.5130160015625 0.43739211874999995 0.5122750484374999 0.437106390625 0.50407444375 0.433620475 0.5048153984375 0.433906203125 0.5130160015625
3 0.442552415625 0.5125550828125001 0.445341146875 0.5119623203125 0.4436610515625 0.5040580968749999 0.44156950312500004 0.5045026703125 0.442552415625 0.5125550828125001
3 0.456356065625 0.5089325828125 0.45998198749999997 0.5088503125 0.4588590671875 0.500139215625 0.45551316093749994 0.501538853125 0.456356065625 0.5089325828125
3 0.4638822125 0.50320218125 0.46722811875000003 0.5018025421875 0.46415365781249995 0.4941947015625 0.460807753125 0.49559433906250006 0.4638822125 0.50320218125
3 0.46778529375 0.500995665625 0.47196839218750003 0.5001065203125 0.46917394687499997 0.49381605000000006 0.4663852140625 0.49440881406250003 0.46778529375 0.500995665625
3 0.24744689531250003 0.6813883390625 0.250932809375 0.680647384375 0.2500899046875 0.67325365625 0.2452096234375 0.6742909906250001 0.24744689531250003 0.6813883390625
3 0.2649221703125 0.7327494406249999 0.2685480921875 0.7326671734375 0.26700800625 0.725421634375 0.26296491718750004 0.7269694656250001 0.2649221703125 0.7327494406249999
3 0.31323635312500003 0.805781771875 0.30905325625 0.8066709171875001 0.30975615156249997 0.813405959375 0.3139392484375 0.8125168140625 0.31323635312500003 0.805781771875
3 0.2917808296875 0.8316840734375001 0.2959639265625 0.8307949296875 0.29442384062500004 0.823549390625 0.2903807515625 0.825097221875 0.2917808296875 0.8316840734375001
3 0.3143449484375 0.9652653359375 0.31852804687499997 0.9643761921875 0.316430784375 0.9579375296875 0.3122476875 0.9588266734375 0.3143449484375 0.9652653359375
3 0.303861496875 0.93651364375 0.3080445953125 0.9356245 0.30566731874999997 0.9278684671875 0.3023214109375 0.92926810625 0.303861496875 0.93651364375
3 0.301444228125 0.8805749734375 0.305767334375 0.8803445125 0.30408724062500003 0.8724402906250001 0.299764134375 0.8726707515625 0.301444228125 0.8805749734375
3 0.2925037203125 0.8625104359375 0.2966868171875 0.861621290625 0.2958439140625 0.8542275640625 0.2908236265625 0.8546062125 0.2925037203125 0.8625104359375
3 0.47475141093750006 0.49263052343749997 0.471405503125 0.4940301625 0.4728055828125 0.5006170156249999 0.476848671875 0.499069184375 0.47475141093750006 0.49263052343749997
3 0.47782301406250005 0.49679674843750005 0.48102891249999996 0.49473842343749996 0.47711726250000003 0.48662008749999996 0.47460854531249996 0.4885302203125 0.47782301406250005 0.49679674843750005
3 0.452590134375 0.508356165625 0.45677323124999997 0.5074670218749999 0.45453596249999995 0.5003696734374999 0.45035286562500004 0.50125881875 0.452590134375 0.508356165625
3 0.597055571875 0.48866420625 0.5991499765625 0.4916612515625 0.604307415625 0.4884996703125 0.6015158281249999 0.485650815625 0.597055571875 0.48866420625
3 0.5715398203125 0.4954646375 0.5734942171874999 0.49780299531249994 0.58074320625 0.4941968421875 0.579345984375 0.49105160625 0.5715398203125 0.4954646375
3 0.5833947859374999 0.4963870109375 0.5813003796875 0.49338996562500004 0.5744714156249999 0.498972175 0.5765658203124999 0.5019692203125 0.5833947859374999 0.4963870109375
3 0.5765658203124999 0.5019692203125 0.5792174015625 0.5041593890625 0.587023565625 0.4997463578125 0.5850691671875 0.49740799999999996 0.5765658203124999 0.5019692203125
3 0.5864463953125 0.476461915625 0.5875636 0.47828977968749997 0.5934182234375001 0.47498000781250005 0.5923010171875001 0.47315214218749996 0.5864463953125 0.476461915625
3 0.58868080625 0.48011764531249995 0.5909152203125 0.483773375 0.596072659375 0.48061179374999996 0.5946754375000001 0.47746655625 0.58868080625 0.48011764531249995
3 0.598167065625 0.4836088375 0.596072659375 0.48061179374999996 0.5909152203125 0.483773375 0.593009625 0.4867704203125 0.598167065625 0.4836088375
3 0.598175634375 0.4939336890625 0.6006872078125001 0.4954651734375 0.605844646875 0.4923035890625 0.603053059375 0.4894547359375 0.598175634375 0.4939336890625
3 0.60011860625 0.48250557968749996 0.6013758203124999 0.48499212968750005 0.6079276265625 0.48153416718750003 0.6058332203125001 0.47853712187499997 0.60011860625 0.48250557968749996
3 0.6030502015625 0.48601311875000003 0.6048645921875 0.48769279218749995 0.609324846875 0.4846794015625 0.60737045 0.48234104218749996 0.6030502015625 0.48601311875000003
3 0.60080721875 0.47203253749999996 0.5995500046875 0.4695459875 0.5936953828125 0.47285575937499996 0.5963469625 0.47504592968750003 0.60080721875 0.47203253749999996
3 0.5932725015625 0.4674380875 0.5938325343749999 0.47007282968749997 0.59912998125 0.4675699328125 0.59856995 0.464935190625 0.5932725015625 0.4674380875
3 0.6179596328125 0.47045201406250003 0.6200540375 0.47344905937500004 0.625768653125 0.4694806015625 0.623117071875 0.4672904328125 0.6179596328125 0.47045201406250003
3 0.6194968624999999 0.4742559359375 0.6221484421875 0.4764461046875 0.6271658734375001 0.4726258375 0.625351484375 0.47094616250000004 0.6194968624999999 0.4742559359375
3 0.5759972203125 0.489009628125 0.5744599906250001 0.4852057078125 0.567908184375 0.48866367187500004 0.5693054078124999 0.49180890625 0.5759972203125 0.489009628125
3 0.44715267968749994 0.5102003765625 0.4513357765625 0.5093112328125 0.45049287343750005 0.5019175046875 0.44630977656250004 0.50280665 0.44715267968749994 0.5102003765625
3 0.6477585390625 0.24725793437500002 0.6485985859375 0.251210046875 0.6562675984374999 0.2495799484375 0.6554275515625 0.2456278359375 0.6477585390625 0.24725793437500002
3 0.6520473265625 0.373708621875 0.652747365625 0.377002046875 0.6604163765625 0.3753719484375 0.658879146875 0.3715680296875 0.6520473265625 0.373708621875
3 0.6506501046875 0.3705633859375 0.65190731875 0.3730499375 0.659436321875 0.3707611515625 0.6580390984375 0.36761591718750003 0.6506501046875 0.3705633859375
3 0.6545474718750001 0.3614736375 0.654544615625 0.3580320203125 0.648409978125 0.360024421875 0.649527184375 0.3618522859375 0.6545474718750001 0.3614736375
3 0.6470127546875 0.35687918750000003 0.6481299625 0.3587070515625 0.6535674171875 0.356862840625 0.653007384375 0.3542280984375 0.6470127546875 0.35687918750000003
3 0.652244503125 0.2752190984375 0.6536417265625001 0.2783643328125 0.6613107390625 0.276734234375 0.6604706921875 0.272782121875 0.652244503125 0.2752190984375
3 0.6480442671875 0.255458540625 0.6481871328125 0.2595588421875 0.657110503125 0.25697367656250003 0.6562704546875 0.2530215640625 0.6480442671875 0.255458540625
3 0.6805489875 0.2678259046875 0.6798489484375 0.26453247812499997 0.67287711875 0.2660143875 0.6735771578125 0.2693078125 0.6805489875 0.2678259046875
3 0.139909421875 0.1617515953125 0.14409251875 0.1608624515625 0.141575234375 0.152447734375 0.1380893203125 0.1531886875 0.139909421875 0.1617515953125
3 0.6795689312500001 0.2632151078125 0.6790089 0.2605803671875 0.6713398890625 0.262210465625 0.672597103125 0.26469701562500003 0.6795689312500001 0.2632151078125
3 0.6452383968750001 0.2354016015625 0.6460784453125 0.23935371249999998 0.65374745625 0.23772361250000001 0.6522102265624999 0.23391969375000002 0.6452383968750001 0.2354016015625
3 0.21990823124999997 0.4352710484375 0.21642231562499997 0.436012003125 0.21768238750000002 0.4419401703125 0.220611128125 0.4420060921875 0.21990823124999997 0.4352710484375
3 0.16961965625 0.33580903906250004 0.1739427609375 0.33557858125 0.1722626671875 0.3276743578125 0.168219578125 0.3292221875 0.16961965625 0.33580903906250004
3 0.1645650890625 0.2948882859375 0.1680510046875 0.29414733125 0.167348109375 0.2874122890625 0.1631650109375 0.288301434375 0.1645650890625 0.2948882859375
3 0.1447011109375 0.22200468281250002 0.1476298515625 0.2220706046875 0.146226915625 0.2120421359375 0.14204381875 0.21293127968749997 0.1447011109375 0.22200468281250002