3 0.57177738125 0.9433454765624999 0.568836409375 0.9448042593749999 0.57322445 0.9515522078125 0.5753899812500001 0.95023015625 0.57177738125 0.9433454765624999
3 0.5084501671874999 0.715698478125 0.5089325234375 0.7184340546875 0.5160722609375 0.7181153359375 0.5155899046875 0.7153797578125001 0.5084501671874999 0.715698478125
3 0.5050451859375 0.6918534109375 0.505688328125 0.6955008484375 0.5126672812499999 0.6942702703125 0.5120241390625 0.6906228328124999 0.5050451859375 0.6918534109375
3 0.505688328125 0.6955008484375 0.5063314703125 0.699148284375 0.513310421875 0.6979177062499999 0.5134427203125 0.6941335390625001 0.505688328125 0.6955008484375
3 0.5063314703125 0.699148284375 0.5069746109375 0.7027957203125 0.5141143484375 0.7024770015625 0.5134712078125 0.698829565625 0.5063314703125 0.699148284375
3 0.5069746109375 0.7027957203125 0.5083931921875 0.706306425 0.51537214375 0.7050758484374999 0.5148897875 0.7023402703125 0.5069746109375 0.7027957203125
3 0.5077785375 0.7073550156249999 0.5091971187500001 0.7108657203125001 0.5155614171875 0.7106837328125 0.514757490625 0.7061244390625 0.5077785375 0.7073550156249999
3 0.507646240625 0.7111391828125 0.5084501671874999 0.715698478125 0.5162045578125001 0.71433116875 0.5155614171875 0.7106837328125 0.507646240625 0.7111391828125
3 0.5102188046875 0.7257289265625 0.510861946875 0.7293763625 0.5181624703125001 0.729969503125 0.5176801140625 0.7272339265625 0.5102188046875 0.7257289265625
3 0.7516044234375 0.5665801109374999 0.746791003125 0.5664886359375 0.747812690625 0.58135184375 0.7532407640625001 0.580394728125 0.7516044234375 0.5665801109374999
3 0.511798171875 0.7301514906250001 0.5126020984374999 0.7347107859374999 0.5188056109375 0.7336169390625 0.5189379093750001 0.7298327718750001 0.511798171875 0.7301514906250001
3 0.5110512203125 0.7349842468750001 0.512309015625 0.73758309375 0.5186733140625 0.73740110625 0.5188056109375 0.7336169390625 0.5110512203125 0.7349842468750001
3 0.5334351453124999 0.739499246875 0.5295579499999999 0.7401829015625 0.5308442328125 0.7474777718750001 0.534721428125 0.7467941171875 0.5334351453124999 0.739499246875
3 0.5344283453124999 0.7496664265625 0.5314873734375001 0.7511252093749999 0.5327736562500001 0.7584200812499999 0.536650853125 0.7577364281250001 0.5344283453124999 0.7496664265625
3 0.535657653125 0.747569246875 0.539695634375 0.7477974515625 0.53808778125 0.7386788625 0.534210584375 0.739362515625 0.535657653125 0.747569246875
3 0.5690015374999999 0.7416898203125 0.57303951875 0.741918025 0.5714316640625 0.7327994359375001 0.56755446875 0.7334830890624999 0.5690015374999999 0.7416898203125
3 0.5044020453125 0.688205975 0.5048844015625 0.6909415531249999 0.5120241390625 0.6906228328124999 0.510605559375 0.687112128125 0.5044020453125 0.688205975
3 0.5029834656250001 0.6846952703125 0.50362660625 0.68834270625 0.510605559375 0.687112128125 0.5099624171875 0.68346469375 0.5029834656250001 0.6846952703125
3 0.5023118359375001 0.6763518078125 0.5023403234375 0.6810478343749999 0.5093192765625 0.67981725625 0.5094515734375 0.6760330890625 0.5023118359375001 0.6763518078125
3 0.5007324703125 0.67192924375 0.501536396875 0.6764885390625001 0.5085153484375 0.6752579609375 0.5078722078125 0.671610525 0.5007324703125 0.67192924375
3 0.5008647671875 0.6681450765625 0.5013471234375 0.6708806546875 0.5092623 0.6704252046875 0.5078437203124999 0.6669144984375001 0.5008647671875 0.6681450765625
3 0.500060840625 0.66358578125 0.5008647671875 0.6681450765625 0.507682934375 0.6660026390625 0.50703979375 0.6623552046875 0.500060840625 0.66358578125
3 0.499578484375 0.6608502046875 0.500060840625 0.66358578125 0.507200578125 0.6632670640625 0.5065574374999999 0.6596196265625001 0.499578484375 0.6608502046875
3 0.5067182234375001 0.6605314859375 0.50513885625 0.656108921875 0.49893534375000004 0.65720276875 0.5003539234375001 0.6607134734375 0.5067182234375001 0.6605314859375
3 0.4966843484375 0.6444367421874999 0.497488275 0.6489960375 0.504467228125 0.6477654609375 0.5030486468750001 0.6442547546874999 0.4966843484375 0.6444367421874999
3 0.4981314171875 0.6526434734375 0.49877455781249996 0.656290909375 0.5059142953125 0.655972190625 0.50604659375 0.652188025 0.4981314171875 0.6526434734375
3 0.5984580859374999 0.7092297515625 0.5947416765625 0.7108252640625 0.596027959375 0.7181201359375 0.5992905015625001 0.718485071875 0.5984580859374999 0.7092297515625
3 0.5930300125 0.7101868671875 0.58992825625 0.710733790625 0.591536109375 0.7198523812500001 0.59525251875 0.7182568671875 0.5930300125 0.7101868671875
3 0.586826496875 0.7112807140624999 0.5829493015625 0.71196436875 0.585171809375 0.72003436875 0.5881127796875 0.7185755875 0.586826496875 0.7112807140624999
3 0.5798475453124999 0.7125112921875 0.5751949093750001 0.7133316765625 0.5764811921875 0.72062655 0.5803583890625 0.7199428953125 0.5798475453124999 0.7125112921875
3 0.567601303125 0.7156108437500001 0.5637241078125 0.7162944984374999 0.5651711765625 0.7245012296875 0.569048371875 0.723817575 0.567601303125 0.7156108437500001
3 0.5612370046875 0.7157928328125001 0.5573598093750001 0.7164764859375 0.55942153125 0.723634628125 0.5625232875 0.7230877046875 0.5612370046875 0.7157928328125001
3 0.5508917 0.7251386671875 0.5541542421875 0.7255036015624999 0.553321828125 0.7162482812500001 0.5494446328125 0.716931934375 0.5508917 0.7251386671875
3 0.583895665625 0.7400037937499999 0.587933646875 0.7402319984375 0.5864865796875 0.7320252671875 0.5826093828125 0.732708921875 0.583895665625 0.7400037937499999
3 0.5916500578125 0.7386364859375 0.594751815625 0.7380895625 0.5934655328125 0.7307946890625 0.5903637749999999 0.7313416125 0.5916500578125 0.7386364859375
3 0.6233006265625 0.709550390625 0.6226574859375 0.7059029531250001 0.6164539718750001 0.7069968 0.6170971140625 0.7106442375 0.6233006265625 0.709550390625
3 0.646820190625 0.7477126984375 0.6440400046875 0.750083340625 0.6490426984375001 0.7557826984375 0.65198366875 0.754323915625 0.646820190625 0.7477126984375
3 0.6188107109375001 0.7883794984375 0.6149335140625001 0.7890631531250001 0.6163805828125 0.797269884375 0.6194823390625 0.7967229609375 0.6188107109375001 0.7883794984375
3 0.6531376546875001 0.7654029546875 0.6497143265624999 0.7641261609375001 0.647898853125 0.7719679562499999 0.6511613953125 0.7723328921875 0.6531376546875001 0.7654029546875
3 0.6437000859374999 0.77082789375 0.6457333203125 0.7732900078125 0.64848501875 0.7662233406250001 0.6466125703125 0.764673084375 0.6437000859374999 0.77082789375
3 0.6388866656250001 0.77073641875 0.641856125 0.7739736625 0.6444470375 0.7659951359375 0.6425745890625 0.7644448796875001 0.6388866656250001 0.77073641875
3 0.63517025625 0.7723319328125 0.63781814375 0.7737454578125 0.6405698421875 0.766678790625 0.637146515625 0.765401996875 0.63517025625 0.7723319328125
3 0.6300352640625 0.770416740625 0.6330047234375 0.7736539828125 0.6365318609374999 0.7664505859374999 0.6331085328125 0.765173790625 0.6300352640625 0.770416740625
3 0.612067865625 0.777345715625 0.6159450609375 0.7766620625 0.6149518625 0.7664948828125 0.611074665625 0.7671785375 0.612067865625 0.777345715625
3 0.6073582562500001 0.7687740484375001 0.604417284375 0.7702328328125 0.6057035671875 0.7775277046875 0.6095807625 0.77684405 0.6073582562500001 0.7687740484375001
3 0.611528534375 0.7652180875 0.6147910765625 0.7655830234375001 0.613344009375 0.7573762921875 0.6104030375 0.7588350734375 0.611528534375 0.7652180875
3 0.6096275984374999 0.7589718046875 0.6066866265625 0.7604305874999999 0.6085875640625 0.7666768703125 0.6116893203125 0.766129946875 0.6096275984374999 0.7589718046875
3 0.6039349281249999 0.7674972546875 0.6070366843749999 0.76695033125 0.604814178125 0.75888033125 0.6017124218750001 0.7594272546874999 0.6039349281249999 0.7674972546875
3 0.6295997437499999 0.74980891875 0.6268195578125 0.752179559375 0.6310468109375 0.7580156484375 0.633826996875 0.7556450078125 0.6295997437499999 0.74980891875
3 0.637354134375 0.748441609375 0.636124828125 0.7505387890625 0.6395766421875 0.7565116093750001 0.6415813890625001 0.7542777 0.637354134375 0.748441609375
3 0.6431037796875 0.7493082109375 0.64032359375 0.7516788531249999 0.6442292765625 0.755691225 0.6470094640624999 0.7533205828125 0.6431037796875 0.7493082109375
3 0.651472825 0.7468923125 0.6486926390625001 0.7492629546875 0.65291989375 0.7550990453125 0.65553929375 0.7518165437500001 0.651472825 0.7468923125
3 0.6172578984375 0.7115560953125 0.617901040625 0.7152035328124999 0.62394376875 0.7131978250000001 0.6234614125 0.7104622484374999 0.6172578984375 0.7115560953125
3 0.5688793796875 0.772738284375 0.571205696875 0.7723280921875 0.5699194140625 0.7650332203125 0.5668176578125 0.76558014375 0.5688793796875 0.772738284375
3 0.5836025828125 0.7428760999999999 0.5798861734375 0.7444716140625001 0.5819478953125 0.7516297562500001 0.585825090625 0.7509461015625 0.5836025828125 0.7428760999999999
3 0.585825090625 0.7509461015625 0.5897022859375001 0.7502624484375 0.58825521875 0.7420557156250001 0.584378021875 0.7427393703125 0.585825090625 0.7509461015625
3 0.5952341718749999 0.7408251375 0.5921324140625 0.7413720609375 0.59280404375 0.7497155249999999 0.5966812406249999 0.7490318703125001 0.5952341718749999 0.7408251375
3 0.602373909375 0.7405064203125 0.598335928125 0.7402782140624999 0.6005584359375 0.748348215625 0.603820978125 0.74871315 0.602373909375 0.7405064203125
3 0.6060903203125 0.73891090625 0.6031493484375 0.7403696890625 0.6045964171875 0.7485764203125 0.6075373890625 0.7471176374999999 0.6060903203125 0.73891090625
3 0.6091920765625 0.7383639828125 0.606865759375 0.738774175 0.6084736125 0.747892765625 0.6106391453125 0.7465707140625 0.6091920765625 0.7383639828125
3 0.6213060203125 0.739048596875 0.6227246015625 0.742559303125 0.6287673296875 0.740553596875 0.6273487484375 0.7370428921875 0.6213060203125 0.739048596875
3 0.6212775328125 0.7343525718749999 0.622535328125 0.7369514171875 0.6281241875 0.7369061609374999 0.6282564859375 0.73312199375 0.6212775328125 0.7343525718749999
3 0.5994044515625 0.7372691765625 0.60173076875 0.736858984375 0.6004444859375 0.7295641109375001 0.59811816875 0.7299743046875 0.5994044515625 0.7372691765625
3 0.6023454218750001 0.73581039375 0.6063834031249999 0.7360385984375 0.605711775 0.7276951359375 0.6016737937500001 0.7274669328125001 0.6023454218750001 0.73581039375
3 0.6259016796875 0.728836159375 0.625419325 0.7261005828125 0.619055025 0.726282571875 0.6196981671875 0.72993000625 0.6259016796875 0.728836159375
3 0.618411884375 0.722635134375 0.619830465625 0.726145840625 0.6244831 0.7253254546875 0.6238399578125 0.72167801875 0.618411884375 0.722635134375
3 0.6255231343750001 0.7176203906249999 0.6241045546875 0.7141096859375 0.6172863875 0.716252121875 0.6187049671875 0.719762828125 0.6255231343750001 0.7176203906249999
3 0.5398747671875 0.7261410390624999 0.5437519625 0.7254573859375 0.5424656796875 0.7181625125 0.5384276984375 0.717934309375 0.5398747671875 0.7261410390624999
3 0.5306733078125 0.7193016171875 0.526020671875 0.720122003125 0.5284039640625 0.7291038624999999 0.5324419453125 0.729332065625 0.5306733078125 0.7193016171875
3 0.601238271875 0.7068591093750001 0.6058909078125 0.706038725 0.6044438390625 0.6978319921875 0.5997912046875 0.698652378125 0.601238271875 0.7068591093750001
3 0.6505346671875001 0.6690203203125 0.646657471875 0.6697039734375 0.64871919375 0.676862115625 0.6518209500000001 0.6763151921875 0.6505346671875001 0.6690203203125
3 0.5736054046875 0.681644815625 0.56988899375 0.683240328125 0.572886940625 0.6911735984375 0.5767641359375 0.6904899453125 0.5736054046875 0.681644815625
3 0.5791942640625 0.6815995578125 0.5753170671875 0.6822832125 0.5777003609375 0.691265071875 0.5806413312500001 0.689806290625 0.5791942640625 0.6815995578125
3 0.5886603203125 0.680870646875 0.584943909375 0.682466159375 0.5868448468749999 0.68871244375 0.5907220421875 0.6880287890625 0.5886603203125 0.680870646875
3 0.5933129546875 0.6800502625 0.5894357593749999 0.6807339156250001 0.59056125625 0.6871169296875 0.5945992375 0.687345134375 0.5933129546875 0.6800502625
3 0.5964147125 0.6795033390625 0.5933129546875 0.6800502625 0.5953746765625 0.6872084046875 0.5977009953125 0.6867982109375 0.5964147125 0.6795033390625
3 0.6002919078125 0.678819684375 0.5964147125 0.6795033390625 0.5977009953125 0.6867982109375 0.6017389750000001 0.687026415625 0.6002919078125 0.678819684375
3 0.6170299984375001 0.6739878874999999 0.6140890265625 0.6754466703124999 0.615375309375 0.6827415421875 0.61925250625 0.6820578875 0.6170299984375001 0.6739878874999999
3 0.620292540625 0.6743528234375 0.6179662234375 0.674763015625 0.6194132906250001 0.6829697484375 0.6225150484374999 0.682422825 0.620292540625 0.6743528234375
3 0.6243305218749999 0.674581028125 0.6210679796874999 0.6742160921875 0.6225150484374999 0.682422825 0.6256168046874999 0.6818759015625 0.6243305218749999 0.674581028125
3 0.6280469328125 0.6729855140625001 0.624945175 0.6735324375 0.6256168046874999 0.6818759015625 0.629333215625 0.6802803875000001 0.6280469328125 0.6729855140625001
3 0.63441123125 0.6728035265625001 0.630534034375 0.67348718125 0.6312056640625 0.68183064375 0.634922075 0.68023513125 0.63441123125 0.6728035265625001
3 0.6375129875 0.6722566046875 0.6336357921875 0.6729402578125 0.634922075 0.68023513125 0.6380238312500001 0.6796882078125 0.6375129875 0.6722566046875
3 0.640453959375 0.6707978203125 0.6373522015625 0.67134474375 0.63896005625 0.680463334375 0.6428372515625 0.6797796796875 0.640453959375 0.6707978203125
3 0.644491940625 0.6710260265625 0.6413901828124999 0.6715729500000001 0.6428372515625 0.6797796796875 0.6459390078125 0.6792327578124999 0.644491940625 0.6710260265625
3 0.653636425 0.668473396875 0.6505346671875001 0.6690203203125 0.6518209500000001 0.6763151921875 0.6549227078125 0.67576826875 0.653636425 0.668473396875
3 0.5667872359375 0.6837872515625001 0.5635246953124999 0.6834223171875 0.5645178937499999 0.6935894968749999 0.5676196515624999 0.6930425734375001 0.5667872359375 0.6837872515625001
3 0.6565773953125 0.6670146156250001 0.6527002000000001 0.6676982687499999 0.6549227078125 0.67576826875 0.658799903125 0.675084615625 0.6565773953125 0.6670146156250001
3 0.6662042359375 0.6671975625 0.6670081640625 0.6717568578125 0.6732116765625 0.6706630109375 0.6725685343750001 0.6670155734375001 0.6662042359375 0.6671975625
3 0.6670081640625 0.6717568578125 0.667812090625 0.6763161531249999 0.67385481875 0.6743104468750001 0.6732116765625 0.6706630109375 0.6670081640625 0.6717568578125
3 0.6901390421875 0.6714390984375 0.6894959 0.6677916625 0.68096606875 0.669295703125 0.6823846484375 0.6728064078125 0.6901390421875 0.6714390984375
3 0.6885596765625001 0.667016534375 0.687916534375 0.6633690984375 0.6803229265625 0.665648265625 0.681580721875 0.6682471125 0.6885596765625001 0.667016534375
3 0.66831279375 0.6564834578125 0.6652110375 0.65703038125 0.6666581046875 0.6652371140625 0.6697598625000001 0.664690190625 0.66831279375 0.6564834578125
3 0.6715753359375001 0.6568483953124999 0.6742232234375 0.6582619203125 0.6772964921875 0.6530189703125 0.6746486046875 0.6516054453125 0.6715753359375001 0.6568483953124999
3 0.5321285828125 0.6776757812499999 0.5282513859375 0.678359434375 0.5296984546875 0.6865661656250001 0.5328002109375001 0.6860192421875 0.5321285828125 0.6776757812499999
3 0.536005778125 0.6769921265625001 0.5321285828125 0.6776757812499999 0.53357565 0.6858825109375 0.5366774078125001 0.6853355875 0.536005778125 0.6769921265625001
3 0.53849288125 0.6774937921874999 0.5353911250000001 0.678040715625 0.5368381921875 0.6862474468750001 0.5390037249999999 0.6849253953125001 0.53849288125 0.6774937921874999
3 0.5464080578125 0.6770383437499999 0.5425308625 0.677721996875 0.54475336875 0.685791996875 0.547694340625 0.6843332140625 0.5464080578125 0.6770383437499999
3 0.5484697796875 0.6841964843749999 0.5515715359375 0.6836495609375 0.55012446875 0.6754428296875 0.5470227125 0.675989753125 0.5484697796875 0.6841964843749999
3 0.5549378890625001 0.6755343046875 0.55106069375 0.6762179578125 0.5523469750000001 0.6835128296875 0.5554487328125 0.68296590625 0.5549378890625001 0.6755343046875
3 0.559325928125 0.6822822515625 0.562427684375 0.681735328125 0.5609806171875 0.673528596875 0.5571034203125 0.6742122515625 0.559325928125 0.6822822515625
3 0.5706644328125 0.683103596875 0.567401890625 0.6827386625 0.5680735203125 0.6910821234375 0.5721115015625 0.6913103296875 0.5706644328125 0.683103596875
3 0.562910040625 0.68447090625 0.5596474984375 0.6841059703125 0.561255353125 0.6932245609375001 0.5635816703125001 0.69281436875 0.562910040625 0.68447090625
3 0.5999519890625 0.6995642375 0.5970110187500001 0.7010230187500001 0.598136515625 0.7074060328125 0.601238271875 0.7068591093750001 0.5999519890625 0.6995642375
3 0.556877453125 0.713740909375 0.5607546484375 0.7130572546875 0.5591467953125 0.7039386640624999 0.5560450390625 0.7044855875 0.556877453125 0.713740909375
3 0.5942593203125 0.7080896875 0.597200290625 0.7066309046875 0.5959140078125 0.69933603125 0.5928122515625 0.6998829546875001 0.5942593203125 0.7080896875
3 0.5902213390625 0.7078614828124999 0.5933230953125 0.707314559375 0.5917152421874999 0.69819596875 0.5886134859375 0.6987428921875 0.5902213390625 0.7078614828124999
3 0.58799883125 0.6997914828125 0.5848970734375001 0.70033840625 0.586344140625 0.7085451375 0.5903821234375 0.7087733421875 0.58799883125 0.6997914828125
3 0.5850578578125 0.7012502640625 0.5819561015625 0.7017971875 0.584178609375 0.7098671890625 0.586344140625 0.7085451375 0.5850578578125 0.7012502640625
3 0.579204403125 0.7088638546875 0.5830816000000001 0.7081801999999999 0.5817953171875 0.7008853296875001 0.578693559375 0.701432253125 0.579204403125 0.7088638546875
3 0.57548799375 0.71045936875 0.5793651890625 0.7097757140625001 0.57807890625 0.7024808421875 0.574040925 0.7022526375 0.57548799375 0.71045936875
3 0.5722254515625 0.7100944328125001 0.574712553125 0.7105961 0.574040925 0.7022526375 0.5707783828124999 0.7018877015625 0.5722254515625 0.7100944328125001
3 0.61930948125 0.691449940625 0.6154322859375 0.69213359375 0.6170401390625 0.701252184375 0.6201418953125 0.7007052609375 0.61930948125 0.691449940625
3 0.629550975 0.6905842984375 0.6256737796875 0.691267953125 0.6282178578125001 0.7011616703125 0.6311588296874999 0.6997028875 0.629550975 0.6905842984375
3 0.632095053125 0.7004780171875 0.6351968109375 0.69993109375 0.633428171875 0.6899006453125 0.6303264140625 0.69044756875 0.632095053125 0.7004780171875
3 0.635036025 0.6990192328125 0.6373623421875 0.698609040625 0.6357544890625 0.6894904515625 0.633428171875 0.6899006453125 0.635036025 0.6990192328125
3 0.63813778125 0.6984723093749999 0.6404640984375 0.6980621171875 0.6397924703125 0.68971865625 0.6365299281250001 0.689353721875 0.63813778125 0.6984723093749999
3 0.568509040625 0.711689946875 0.571610796875 0.7111430234375 0.5700029437499999 0.7020244328125 0.5670619718750001 0.703483215625 0.568509040625 0.711689946875
3 0.5662865328125 0.703619946875 0.5625701234375 0.705215459375 0.5647926296875 0.713285459375 0.5678943875 0.7127385359375 0.5662865328125 0.703619946875
3 0.5546549453125 0.705670909375 0.5524894140625001 0.7069929593750001 0.55393648125 0.7151996921875 0.556877453125 0.713740909375 0.5546549453125 0.705670909375
3 0.5494629796875 0.6943636640624999 0.5535009609375 0.6945918703125 0.55282933125 0.68624840625 0.549727575 0.6867953296875 0.5494629796875 0.6943636640624999
3 0.551392403125 0.7053059734375 0.5475152078125001 0.7059896265625001 0.5489622765625 0.7141963578125 0.5530002578125 0.7144245625 0.551392403125 0.7053059734375
3 0.5469005546875 0.7070382171875 0.5439595828125 0.7084969984375 0.5460213046875 0.715655140625 0.5491230609375 0.7151082171875001 0.5469005546875 0.7070382171875
3 0.5388815671875 0.715973859375 0.5429195484375 0.7162020640625 0.5413116953125 0.7070834734375 0.5374344984375 0.707767128125 0.5388815671875 0.715973859375
3 0.5369806296874999 0.7097275765625 0.533103434375 0.7104112312499999 0.53422893125 0.71679424375 0.5373306890625 0.7162473203124999 0.5369806296874999 0.7097275765625
3 0.5329426500000001 0.7094993734374999 0.5296801078125 0.7091344359375 0.5311271750000001 0.7173411671875 0.5343897171875 0.717706103125 0.5329426500000001 0.7094993734374999
3 0.526474540625 0.7181615515625001 0.5297370828125 0.7185264890624999 0.52890466875 0.7092711671874999 0.5258029109375 0.709818090625 0.526474540625 0.7181615515625001
3 0.5255281765625 0.690122128125 0.522265634375 0.6897571921875 0.5237127015625 0.6979639234375 0.5268144578125 0.697417 0.5255281765625 0.690122128125
3 0.5235987515625 0.6791798203125 0.5204969953125 0.6797267437500001 0.5219440625 0.687933475 0.525821259375 0.6872498203124999 0.5235987515625 0.6791798203125
3 0.52598204375 0.688161678125 0.5290838 0.6876147546875 0.5282513859375 0.678359434375 0.524374190625 0.6790430890625 0.52598204375 0.688161678125
3 0.528469146875 0.6886633453125001 0.526303615625 0.6899853968749999 0.527589896875 0.6972802687499999 0.529916215625 0.6968700765625 0.528469146875 0.6886633453125001
3 0.5371597640625 0.688071165625 0.53405800625 0.6886180890625 0.535505075 0.6968248203125 0.53860683125 0.6962778968750001 0.5371597640625 0.688071165625
3 0.54119774375 0.68829936875 0.5373205484375 0.6889830234375001 0.53860683125 0.6962778968750001 0.5417085875 0.6957309734375 0.54119774375 0.68829936875
3 0.5442995015625 0.687752446875 0.54119774375 0.68829936875 0.5424840265624999 0.6955942421875 0.5455857843749999 0.69504731875 0.5442995015625 0.687752446875
3 0.5489521359375 0.6869320609375 0.5449141546875 0.6867038578125 0.54574656875 0.6959591781250001 0.549623765625 0.6952755234375 0.5489521359375 0.6869320609375
3 0.6125033875 0.7979535375 0.6156051437500001 0.7974066140625 0.6149335140625001 0.7890631531250001 0.61105631875 0.7897468078125 0.6125033875 0.7979535375
3 0.6083046203125 0.796813475 0.6115671625 0.7971784109375 0.61105631875 0.7897468078125 0.6077937765625 0.7893818703125 0.6083046203125 0.796813475
3 0.6053636499999999 0.7982722578125 0.60846540625 0.797725334375 0.6070183375 0.7895186015625 0.60391658125 0.7900655249999999 0.6053636499999999 0.7982722578125
3 0.50216553125 0.4986779484375 0.4999715125 0.49530397343750004 0.49502579375 0.4989966671875 0.4962835890625 0.5015955140624999 0.50216553125 0.4986779484375
3 0.46293777187499996 0.43037807499999997 0.46451713906250003 0.4348006390625 0.4717891734375 0.430697753125 0.47037059374999995 0.42718704843750005 0.46293777187499996 0.43037807499999997
3 0.46451713906250003 0.4348006390625 0.46609650468749997 0.43922320312499996 0.4725931015625 0.43525704843749996 0.47039908124999996 0.431883075 0.46451713906250003 0.4348006390625
3 0.46687194375 0.43908647187499994 0.4682905234375 0.44259717812500005 0.47401168125000004 0.43876775468749996 0.47275388593749995 0.4361689078125 0.46687194375 0.43908647187499994
3 0.4682905234375 0.44259717812500005 0.47048454375000004 0.445971153125 0.4763664859375 0.44305358593750005 0.47494790625 0.43954288124999996 0.4682905234375 0.44259717812500005
3 0.46986989062499995 0.44701974218749996 0.4712884703125 0.4505304484375 0.47717041250000003 0.44761288125 0.4757518328125 0.4441021765625 0.46986989062499995 0.44701974218749996
3 0.4726785640625 0.4493451265625 0.4742579296875 0.453767690625 0.47936443281249996 0.45098685781250003 0.47794585156249997 0.4474761515625 0.4726785640625 0.4493451265625
3 0.4742579296875 0.453767690625 0.47645194843749994 0.4571416640625 0.481558453125 0.45436083125 0.47936443281249996 0.45098685781250003 0.4742579296875 0.453767690625
3 0.47677352031250003 0.458965384375 0.47819209999999995 0.4624760890625 0.48313781875000006 0.4587833953125 0.4809437984375 0.45540942187500005 0.47677352031250003 0.458965384375
3 0.47819209999999995 0.4624760890625 0.48054690625 0.466761921875 0.4853318390625 0.4621573703125 0.48407404375 0.459558525 0.47819209999999995 0.4624760890625
3 0.481161559375 0.46571333125000003 0.482580140625 0.46922403749999997 0.48691120468750004 0.466579934375 0.48455640000000005 0.4622941015625 0.481161559375 0.46571333125000003
3 0.49223546875 0.4741030125 0.4900414484375 0.47072903593750004 0.4835448515625 0.47469519218749995 0.48573887187500003 0.47806916718750003 0.49223546875 0.4741030125
3 0.49681278124999995 0.4864588453125 0.4946187609375 0.48308487187500004 0.4895122578125 0.4858657046875 0.4909308375 0.489376409375 0.49681278124999995 0.4864588453125
3 0.5005861656249999 0.4942553828125 0.49916758593750005 0.490744678125 0.492510203125 0.4937989734375 0.493928784375 0.49730967968749995 0.5005861656249999 0.4942553828125
3 0.48715745312500003 0.481579871875 0.4895122578125 0.4858657046875 0.4936825359375 0.48230974218749995 0.492424740625 0.4797108953125 0.48715745312500003 0.481579871875
3 0.49705902812499997 0.5014587828125 0.49863839531250004 0.5058813468750001 0.5035841125 0.5021886546875 0.5023263171875 0.4995898078125 0.49705902812499997 0.5014587828125
3 0.5105263703125 0.5460946171875001 0.5136281265625 0.54554769375 0.512181059375 0.5373409640625 0.5090793015624999 0.5378878874999999 0.5105263703125 0.5460946171875001
3 0.505163478125 0.50661121875 0.5037448984374999 0.5031005125 0.49863839531250004 0.5058813468750001 0.500056975 0.5093920515625 0.505163478125 0.50661121875
3 0.5042171140625 0.4785717921875 0.5048602546875001 0.48221922812500007 0.5107421984375 0.47930166406249997 0.5093236171875 0.475790959375 0.5042171140625 0.4785717921875
3 0.5017015234375 0.4733741 0.503441675 0.4787085234375 0.5091628312500001 0.4748791 0.5077442515625 0.47136839531249997 0.5017015234375 0.4733741
3 0.499507503125 0.47000012656249995 0.499989859375 0.472735703125 0.5066472421875 0.46968140781249995 0.505389446875 0.4670825609375 0.499507503125 0.47000012656249995
3 0.49792813750000003 0.46557756093749997 0.49934671875000003 0.46908826562500006 0.5060041 0.46603397031249993 0.5038100812499999 0.462659996875 0.49792813750000003 0.46557756093749997
3 0.5038100812499999 0.462659996875 0.5023915 0.4591492921875 0.496348771875 0.46115499687500006 0.497767353125 0.46466570156250003 0.5038100812499999 0.462659996875
3 0.48660798125 0.44218794531250005 0.48896278593750003 0.446473778125 0.49545938281249996 0.4425076234375 0.4931045765625 0.438221790625 0.48660798125 0.44218794531250005
3 0.4834777359375 0.4380388421875 0.48583254218749994 0.44232467656249996 0.4931045765625 0.438221790625 0.4909105578125 0.43484781562499997 0.4834777359375 0.4380388421875
3 0.49022058125 0.449072625 0.49179994687499995 0.45349518906249997 0.4990719828125 0.44939230312499995 0.49671717812500005 0.44510647031249995 0.49022058125 0.449072625
3 0.4919607328125 0.4544070484375 0.49493019218749995 0.45764429218749997 0.4997151234375 0.45303973906249995 0.497681890625 0.45057762500000004 0.4919607328125 0.4544070484375
3 0.552398153125 0.46161428750000005 0.548360171875 0.46138608281250004 0.5490318015625 0.46972954375000003 0.5522943437500001 0.47009447968750007 0.552398153125 0.46161428750000005
3 0.5565969203125001 0.4627543515625 0.553334378125 0.462389415625 0.55323056875 0.47086960937500005 0.5564931093750001 0.47123454374999996 0.5565969203125001 0.4627543515625
3 0.510666875 0.49247788281249993 0.5128608953125 0.4958518578125 0.5189036234375 0.4938461515625 0.5174850421875 0.49033544687499997 0.510666875 0.49247788281249993
3 0.500056975 0.5093920515625 0.5014755562500001 0.51290275625 0.5073574984375 0.5099851921874999 0.505163478125 0.50661121875 0.500056975 0.5093920515625
3 0.514403565625 0.5454109640625 0.5175053234375 0.544864040625 0.5160582546875 0.536657309375 0.5129564984375 0.5372042328125 0.514403565625 0.5454109640625
3 0.506649175 0.5467782718749999 0.5097509312499999 0.5462313484375 0.508143078125 0.5371127578125 0.5044266671875001 0.538708271875 0.506649175 0.5467782718749999
3 0.5047665859375 0.51796371875 0.5069606046875 0.5213376937499999 0.5126817625 0.51750826875 0.5106485281250001 0.5150461546875 0.5047665859375 0.51796371875
3 0.40203200156249996 0.6018932859375 0.4021642984375 0.59810911875 0.3945422046875 0.5956922609374999 0.39363446875 0.5996131578125 0.40203200156249996 0.6018932859375
3 0.40115275156249997 0.610510209375 0.4029967140625 0.607364440625 0.3925659453125 0.602622196875 0.3924336484375 0.6064063640625 0.40115275156249997 0.610510209375
3 0.45589750156250003 0.6262428984375 0.4558690140625 0.6215468734375 0.44747148125 0.61926674375 0.44672452968750004 0.6240995015624999 0.45589750156250003 0.6262428984375
3 0.498733996875 0.547233721875 0.5018357546875001 0.5466867984375 0.5003886859375 0.5384800671875001 0.49728692968750005 0.539026990625 0.498733996875 0.547233721875
3 0.4620807359375 0.57062045625 0.45972592968750003 0.5663346234375 0.45400477187500005 0.5701640484375 0.4552625671875 0.57276289375 0.4620807359375 0.57062045625
3 0.462723878125 0.57426789375 0.4606906421875 0.571805778125 0.45542335312500004 0.5736747531249999 0.4566811484375 0.5762735984375 0.462723878125 0.57426789375
3 0.46743348749999997 0.5828395609375 0.4650786828125 0.5785537281249999 0.458582084375 0.58251988125 0.46077610468749997 0.58589385625 0.46743348749999997 0.5828395609375
3 0.470402946875 0.5860768046875 0.46820892656249996 0.5827028296875 0.46093689062500004 0.586805715625 0.46251625625 0.5912282796875 0.470402946875 0.5860768046875
3 0.4721430984375 0.591411228125 0.4705637328125 0.5869886640625 0.46345248124999994 0.5920034078125 0.4653249296875 0.5935536640625 0.4721430984375 0.591411228125
3 0.4752733421875 0.5955603296875001 0.4727577515625 0.5903626375 0.46564649999999996 0.59537738125 0.46877674531249997 0.599526484375 0.4752733421875 0.5955603296875001
3 0.47623805468749997 0.601031484375 0.47388325 0.59674565 0.46800130624999997 0.5996632156249999 0.47019532656249996 0.603037190625 0.47623805468749997 0.601031484375
3 0.4772027671875 0.6065026390625 0.4742617953125 0.6079614203125 0.47899989375 0.6212291140625 0.48349174218749996 0.61949686875 0.4772027671875 0.6065026390625
3 0.4669979671875 0.5622317390625 0.47009972343750006 0.561684815625 0.4664871234375 0.5548001359375 0.46525781562499996 0.556897315625 0.4669979671875 0.5622317390625
3 0.470714378125 0.560636225 0.4745915734375 0.5599525703125 0.47020353437500007 0.553204621875 0.46803800156250003 0.5545266734375 0.470714378125 0.560636225
3 0.47937650625000006 0.55534801875 0.48309291718749997 0.55375250625 0.47931953125 0.5459559671875 0.47637855937499995 0.5474147484375 0.47937650625000006 0.55534801875
3 0.48309291718749997 0.55375250625 0.48619467343749995 0.5532055828125 0.4838113796875 0.544223721875 0.48087040937500003 0.54568250625 0.48309291718749997 0.55375250625
3 0.4902041671875 0.5487377609374999 0.49408136249999995 0.5480541078125001 0.49279507968749997 0.5407592343750001 0.4896933234375 0.5413061578125 0.4902041671875 0.5487377609374999
3 0.496672275 0.5400755796875 0.49357051875 0.540622503125 0.4948568015625 0.5479173765625001 0.4979585578125 0.547370453125 0.496672275 0.5400755796875
3 0.5022509953125 0.5127660265625 0.5046058 0.517051859375 0.5097123031249999 0.5142710265625 0.507518284375 0.5108970515625 0.5022509953125 0.5127660265625
3 0.5128710359374999 0.5231161546875 0.51129166875 0.518693590625 0.5054097265624999 0.5216111546875 0.5058920828125 0.5243467328125 0.5128710359374999 0.5231161546875
3 0.6016472375 0.7998677703125 0.605524434375 0.7991841156249999 0.60391658125 0.7900655249999999 0.6000393828125 0.7907491796875 0.6016472375 0.7998677703125
3 0.509506615625 0.6083282765625 0.5126083718750001 0.607781353125 0.51100051875 0.5986627625 0.5078987625 0.5992096859375 0.509506615625 0.6083282765625
3 0.50625228125 0.5581307718749999 0.503311309375 0.55958955625 0.504143725 0.5688448765625 0.507860134375 0.5672493625 0.50625228125 0.5581307718749999
3 0.5025358703125 0.5597262859375001 0.4988194609375 0.5613218 0.50010574375 0.568616671875 0.5039829390625 0.5679330171875 0.5025358703125 0.5597262859375001
3 0.490621340625 0.5919138546875 0.48751958437500004 0.592460778125 0.48896665156249997 0.6006675078125 0.49206840781250005 0.600120584375 0.490621340625 0.5919138546875
3 0.49853651718750003 0.5914584031250001 0.49465932187500006 0.5921420578125 0.49578481874999997 0.5985250718749999 0.4998228 0.5987532765625 0.49853651718750003 0.5914584031250001
3 0.5024137125 0.59077475 0.49853651718750003 0.5914584031250001 0.4998228 0.5987532765625 0.5036999953125 0.598069621875 0.5024137125 0.59077475
3 0.5086172265625 0.589680903125 0.5056762546875 0.5911396859375 0.5069625375 0.5984345578125 0.5100642953125 0.5978876343749999 0.5086172265625 0.589680903125
3 0.5126552078125 0.5899091078125 0.5095534515625 0.59045603125 0.5106789484375 0.5968390453125 0.5145561437499999 0.596155390625 0.5126552078125 0.5899091078125
3 0.5162108328125 0.5874017359375 0.5131090765625 0.5879486593750001 0.5145561437499999 0.596155390625 0.5176579015625 0.5956084671874999 0.5162108328125 0.5874017359375
3 0.5208634671875 0.5865813515625 0.5162108328125 0.5874017359375 0.518433340625 0.5954717359374999 0.5223105359375 0.59478808125 0.5208634671875 0.5865813515625
3 0.524126009375 0.5869462859375 0.521024253125 0.587493209375 0.5223105359375 0.59478808125 0.5254122921875 0.5942411578125 0.524126009375 0.5869462859375
3 0.5318804015625 0.585578978125 0.5289394296875 0.5870377609374999 0.5303864984375 0.5952444906250001 0.5334882546874999 0.5946975671875 0.5318804015625 0.585578978125
3 0.497875028125 0.6103792390625 0.5017522249999999 0.609695584375 0.5001443703125 0.6005769937500001 0.49642796093749997 0.6021725078125 0.497875028125 0.6103792390625
3 0.5025276640625 0.609558853125 0.5048539812499999 0.6091486609375 0.5040215671875 0.599893340625 0.5001443703125 0.6005769937500001 0.5025276640625 0.609558853125
3 0.5056294203125 0.6090119296875 0.5088919625 0.6093768671875 0.5071233234375 0.5993464171875 0.5041823515625 0.6008052 0.5056294203125 0.6090119296875
3 0.5163247828124999 0.606185840625 0.519587325 0.606550775 0.518594125 0.5963835953125 0.5147169296875 0.59706725 0.5163247828124999 0.606185840625
3 0.51432824375 0.5585871828125 0.5112264875 0.5591341062499999 0.511898115625 0.56747756875 0.5157753125 0.5667939140625 0.51432824375 0.5585871828125
3 0.5194265390624999 0.6056389171875 0.5234645203125 0.6058671203125 0.522471321875 0.5956999421875 0.518433340625 0.5954717359374999 0.5194265390624999 0.6056389171875
3 0.525573078125 0.59515301875 0.52263210625 0.5966118 0.52362530625 0.60677898125 0.5273417171875 0.6051834671874999 0.525573078125 0.59515301875
3 0.52718093125 0.604271609375 0.5304434734375 0.6046365437500001 0.5288356203125 0.595517953125 0.5257338625 0.5960648765625 0.52718093125 0.604271609375
3 0.5350961078124999 0.6038161578125 0.5389733046875 0.6031325046875 0.5369115828125001 0.5959743640624999 0.5336490406250001 0.5956094281250001 0.5350961078124999 0.6038161578125
3 0.5389733046875 0.6031325046875 0.5422358468749999 0.603497440625 0.541725003125 0.5960658375000001 0.537687021875 0.5958376328125 0.5389733046875 0.6031325046875
3 0.567778028125 0.9750775953125 0.56577328125 0.9773115046875 0.570936759375 0.9839227234375001 0.5729415062500001 0.9816888125000001 0.567778028125 0.9750775953125
3 0.5571579875 0.964727465625 0.560098959375 0.9632686843749999 0.5572617984375 0.9562472734374999 0.5533846015624999 0.956930928125 0.5571579875 0.964727465625
3 0.5897834078125 0.9683768234375 0.58716400625 0.9716593234375 0.5904550359375 0.9767202859375 0.5924597828125 0.9744863734375 0.5897834078125 0.9683768234375
3 0.5541011328125001 0.8703052796874999 0.5573636750000001 0.8706702156249999 0.5559166062500001 0.862463484375 0.5528148500000001 0.8630104078124999 0.5541011328125001 0.8703052796874999
3 0.5605692421875 0.8616431 0.5576282703125 0.8631018812500001 0.5587537671875 0.8694848937499999 0.561855525 0.8689379718750001 0.5605692421875 0.8616431
3 0.561855525 0.8689379718750001 0.5657327203125 0.8682543171875 0.5642856515625 0.8600475859375001 0.5611838953125 0.860594509375 0.561855525 0.8689379718750001
3 0.5534763390624999 0.8440895734374999 0.54959914375 0.844773228125 0.5516608656249999 0.8519313687500001 0.5547626218749999 0.8513844453124999 0.5534763390624999 0.8440895734374999
3 0.6274076562500001 0.8235318078124999 0.631284853125 0.8228481546875 0.628901559375 0.8138662953125 0.6257998031249999 0.8144132171875 0.6274076562500001 0.8235318078124999
3 0.5882470109375 0.7918882843749999 0.5837551609375 0.7936205281250001 0.5858168828125 0.8007786687499999 0.5889186390625001 0.8002317453125001 0.5882470109375 0.7918882843749999
3 0.5104510484375 0.5592708375 0.5064130671875 0.5590426328125 0.5080209203125 0.5681612234375 0.5117373296875 0.5665657093750001 0.5104510484375 0.5592708375
3 0.51743 0.558040259375 0.51432824375 0.5585871828125 0.5165507515625001 0.5666571828125 0.520427946875 0.5659735296874999 0.51743 0.558040259375
3 0.5144504015625 0.52753871875 0.5128710359374999 0.5231161546875 0.50605286875 0.5252585921875 0.5082468875 0.5286325656249999 0.5144504015625 0.52753871875
3 0.5828498343749999 0.5164182640625 0.579748078125 0.5169651875 0.5811951453125 0.5251719171875 0.5835214640624999 0.5247617250000001 0.5828498343749999 0.5164182640625
3 0.5158689812499999 0.5310494234375 0.5136749625 0.52767545 0.507632234375 0.52968115625 0.508114590625 0.5324167328125 0.5158689812499999 0.5310494234375
3 0.556910284375 0.5144106359375 0.5536477421875 0.5140457015625 0.5535439296875 0.5225258937499999 0.5566456875 0.5219789703125 0.556910284375 0.5144106359375
3 0.5437461640625 0.494166790625 0.5446539015625 0.49024589374999994 0.5379680312499999 0.4886041625 0.53706029375 0.492525059375 0.5437461640625 0.494166790625
3 0.555434728125 0.5015078796875 0.55792183125 0.502009546875 0.5581864265625 0.49444121250000006 0.5549238843750001 0.4940762765625 0.555434728125 0.5015078796875
3 0.5588580546874999 0.5027846734375 0.562120596875 0.5031496109375 0.5623851921874999 0.49558127656249995 0.5592834359375 0.49612819999999996 0.5588580546874999 0.5027846734375
3 0.5628960359375 0.5030128796875 0.566158578125 0.5033778140625 0.5665839593750001 0.4967213390625 0.5633214171875001 0.4963564046875 0.5628960359375 0.5030128796875
3 0.56599779375 0.50246595625 0.570196559375 0.50360601875 0.5706219406249999 0.4969495453125 0.5673593984374999 0.49658460781249997 0.56599779375 0.50246595625
3 0.577818653125 0.506022878125 0.5810811953125 0.5063878140625 0.5811850062499999 0.49790762187500004 0.5786979031249999 0.4974059546875 0.577818653125 0.506022878125
3 0.5810811953125 0.5063878140625 0.583729084375 0.5078013390625 0.5861592109375 0.4989109546875 0.5819604453125 0.497770890625 0.5810811953125 0.5063878140625
3 0.564050021875 0.5140919187499999 0.5607874796875 0.5137269828125001 0.5599082296875 0.5223439062499999 0.5633315578125 0.5236207015625001 0.564050021875 0.5140919187499999
3 0.568088003125 0.5143201234375 0.5648254609375 0.5139551875 0.5639462109375 0.5225721109375 0.5670479671875001 0.5220251874999999 0.568088003125 0.5143201234375
3 0.5713505453125001 0.5146850578125 0.5682487875 0.51523198125 0.5681449781250001 0.5237121765625 0.570792865625 0.5251257015624999 0.5713505453125001 0.5146850578125
3 0.5746130875000001 0.5150499953125001 0.57228676875 0.5154601875 0.5714075203125 0.5240771109375 0.5745092765625001 0.5235301875 0.5746130875000001 0.5150499953125001
3 0.578811853125 0.5161900578124999 0.5753885265625 0.5149132640625 0.5752847156249999 0.52339345625 0.577932603125 0.52480698125 0.578811853125 0.5161900578124999
3 0.587984825 0.5183334546875 0.5845614984374999 0.5170566609375 0.5836822484375 0.5256735828125 0.5855546984375 0.5272238406249999 0.587984825 0.5183334546875
3 0.5213071968749999 0.55735660625 0.5180446546875 0.5569916703125 0.5198132921874999 0.56702211875 0.5227542640625 0.5655633359375 0.5213071968749999 0.55735660625
3 0.5937344703125 0.5192000578125 0.591408153125 0.51961025 0.5911435578125 0.5271785828125 0.5937914453124999 0.5285921078125 0.5937344703125 0.5192000578125
3 0.5979332375 0.520340121875 0.5945099093749999 0.5190633265625 0.594566884375 0.528455378125 0.597668640625 0.5279084546874999 0.5979332375 0.520340121875
3 0.6019712171875 0.5205683249999999 0.598547890625 0.51929153125 0.598604865625 0.5286835828124999 0.6018674078124999 0.52904851875 0.6019712171875 0.5205683249999999
3 0.47807187500000003 0.5706214171874999 0.475452475 0.57390391875 0.4796797296875 0.5797400078125 0.4826207 0.578281225 0.47807187500000003 0.5706214171874999
3 0.481012846875 0.569162634375 0.4790081 0.571396546875 0.4832353546875 0.5772326359375 0.486176325 0.5757738531250001 0.481012846875 0.569162634375
3 0.485504696875 0.567430390625 0.48178828593749995 0.569025903125 0.486176325 0.5757738531250001 0.48911729687500005 0.574315071875 0.485504696875 0.567430390625
3 0.4882848828125 0.56505975 0.48534391093749996 0.5665185312500001 0.48911729687500005 0.574315071875 0.49112204375 0.5720811593749999 0.4882848828125 0.56505975
3 0.49366612187500003 0.581974878125 0.49208675625 0.5775523140625001 0.485107803125 0.5787828921875 0.48591172968749996 0.5833421875 0.49366612187500003 0.581974878125
3 0.4948954296875 0.5798777 0.49799718593750003 0.5793307765625 0.4963893328125 0.5702121859375 0.4932875765625 0.570759109375 0.4948954296875 0.5798777
3 0.49799718593750003 0.5793307765625 0.5010989421875001 0.578783853125 0.5004273140625 0.5704403890624999 0.49732555625 0.5709873125 0.49799718593750003 0.5793307765625
3 0.501713596875 0.5777352625 0.5049761390625 0.5781001984375 0.504143725 0.5688448765625 0.5004273140625 0.5704403890624999 0.501713596875 0.5777352625
3 0.5090141203125 0.5783284015625 0.5127305296875 0.5767328890625001 0.5112834625 0.5685261578125 0.50724548125 0.568297953125 0.5090141203125 0.5783284015625
3 0.514999871875 0.5669306453125 0.5111226765625 0.5676143 0.5136667546875 0.5775080171875 0.5166077265625 0.5760492359375 0.514999871875 0.5669306453125
3 0.517383165625 0.5759125046875 0.520484921875 0.57536558125 0.5181016296875 0.5663837218750001 0.5156145265625 0.5658820546875 0.517383165625 0.5759125046875
3 0.5648578125 0.67284494375 0.5617560562499999 0.6733918671875 0.5632031234375 0.681598596875 0.56630488125 0.6810516734375 0.5648578125 0.67284494375
3 0.5670803203125 0.6809149437500001 0.5701820765625001 0.6803680203125 0.5687350078125 0.6721612890625 0.5656332515625 0.6727082125 0.5670803203125 0.6809149437500001
3 0.5701820765625001 0.6803680203125 0.5742200578125 0.680596225 0.5726122046875 0.671477634375 0.5687350078125 0.6721612890625 0.5701820765625001 0.6803680203125
3 0.66788548125 0.58604306875 0.6693040625 0.5895537734375 0.6764438 0.5892350546875 0.6758006578125 0.58558761875 0.66788548125 0.58604306875
3 0.5802323671875 0.596797628125 0.5834949093749999 0.5971625656249999 0.5818870546875 0.5880439749999999 0.578946084375 0.58950275625 0.5802323671875 0.596797628125
3 0.5833341234375 0.5962507046875001 0.58814754375 0.5963421796875 0.5859250359375 0.588272178125 0.58266249375 0.5879072437499999 0.5833341234375 0.5962507046875001
3 0.591088515625 0.594883396875 0.5943510578125 0.5952483328125 0.5927432031250001 0.5861297421875 0.589641446875 0.586676665625 0.591088515625 0.594883396875
3 0.5949657109375 0.5941997421874999 0.5980674671874999 0.5936528187500001 0.5966204 0.5854460890625 0.5935186421875 0.5859930125 0.5949657109375 0.5941997421874999
3 0.6092451859375 0.5935623046875 0.613897821875 0.5927419203125 0.6115145281250001 0.5837600609375 0.608412771875 0.5843069843750001 0.6092451859375 0.5935623046875
3 0.6168387921875 0.5912831390625 0.61994055 0.590736215625 0.61849348125 0.5825294828125 0.6153917250000001 0.58307640625 0.6168387921875 0.5912831390625
3 0.620555203125 0.589687625 0.623656959375 0.5891407015625 0.6223706765625 0.581845828125 0.6191081359374999 0.58148089375 0.620555203125 0.589687625
3 0.6278557265625 0.5902807640625001 0.6309574828125 0.589733840625 0.629510415625 0.5815271109375 0.62563321875 0.5822107640625 0.6278557265625 0.5902807640625001
3 0.6317329218750001 0.5895971109375 0.635770903125 0.589825315625 0.6333876109375 0.58084345625 0.6302858546875 0.5813903796875 0.6317329218750001 0.5895971109375
3 0.639326528125 0.58731794375 0.643203725 0.5866342890625 0.6413027875 0.58038800625 0.6380402453125 0.580023071875 0.639326528125 0.58731794375
3 0.64630548125 0.586087365625 0.6501826765625001 0.5854037125 0.6487356078125 0.5771969796875001 0.6448584125 0.577880634375 0.64630548125 0.586087365625
3 0.6501826765625001 0.5854037125 0.6540598734375 0.5847200578125 0.6526128046874999 0.576513325 0.6495110484375 0.5770602484375 0.6501826765625001 0.5854037125
3 0.6540598734375 0.5847200578125 0.65793706875 0.584036403125 0.6557145609374999 0.5759664015625 0.65338824375 0.5763765953125 0.6540598734375 0.5847200578125
3 0.669464846875 0.5904656328125 0.6701079890625 0.59411306875 0.6772477265625 0.59379435 0.6772192390625 0.5890983249999999 0.669464846875 0.5904656328125
3 0.667242340625 0.5823956328125 0.6677246953125 0.585131209375 0.6758006578125 0.58558761875 0.6751575171875001 0.5819401828124999 0.667242340625 0.5823956328125
3 0.5686007796875 0.5988485906250001 0.572477975 0.5981649375 0.5710309078125 0.5899582062500001 0.5671537109375 0.5906418609374999 0.5686007796875 0.5988485906250001
3 0.6673746375 0.578611465625 0.6686324328125 0.5812103125 0.67499673125 0.581028325 0.674353590625 0.5773808875 0.6673746375 0.578611465625
3 0.666731496875 0.5749640296874999 0.6673746375 0.578611465625 0.6751290296875 0.57724415625 0.6744858875 0.573596721875 0.666731496875 0.5749640296874999
3 0.6660883546874999 0.5713165921875001 0.6665707109375 0.5740521703125 0.6744858875 0.573596721875 0.673842746875 0.569949284375 0.6660883546874999 0.5713165921875001
3 0.6654452140625 0.5676691578125 0.6668637937499999 0.5711798625 0.6730673078125 0.570086015625 0.6724241656250001 0.5664385796875 0.6654452140625 0.5676691578125
3 0.6646412859375 0.5631098625 0.665284428125 0.566757296875 0.6731996046875001 0.5663018484375 0.6725564640624999 0.5626544124999999 0.6646412859375 0.5631098625
3 0.55391426875 0.5835742328125 0.5506517265624999 0.583209296875 0.5511625703125 0.5906409 0.555039765625 0.5899572453124999 0.55391426875 0.5835742328125
3 0.555975990625 0.5907323734375 0.560628625 0.5899119875000001 0.55840611875 0.5818419890625 0.554528921875 0.5825256421875 0.555975990625 0.5907323734375
3 0.5616686609375 0.582206925 0.5593423421875 0.5826171171875 0.560628625 0.5899119875000001 0.5629549421875 0.5895017953125 0.5616686609375 0.582206925
3 0.5661605109375001 0.5804746796875 0.5622833140625 0.581158334375 0.5637303828125 0.589365065625 0.566992925 0.5897300015625 0.5661605109375001 0.5804746796875
3 0.5771774453125 0.5794723078125 0.5731394640625 0.5792441015625001 0.5738110921875 0.5875875640625 0.5776882890625 0.5869039093749999 0.5771774453125 0.5794723078125
3 0.5839956125 0.5773298703124999 0.5802792015625 0.578925384375 0.582501709375 0.586995384375 0.5854426796875 0.5855366015625 0.5839956125 0.5773298703124999
3 0.585603465625 0.5864484609375 0.5894806609375001 0.58576480625 0.5878728078125001 0.5766462156250001 0.5839956125 0.5773298703124999 0.585603465625 0.5864484609375
3 0.59113535 0.5770111515624999 0.5878728078125001 0.5766462156250001 0.5894806609375001 0.58576480625 0.5924216328125 0.5843060234374999 0.59113535 0.5770111515624999
3 0.5950125453124999 0.5763274984375 0.5919107890624999 0.576874421875 0.5924216328125 0.5843060234374999 0.5955233890625 0.5837591 0.5950125453124999 0.5763274984375
3 0.5717025359375 0.5983016671875 0.5763551703124999 0.5974812828125 0.5749081031250001 0.5892745515625 0.5710309078125 0.5899582062500001 0.5717025359375 0.5983016671875
3 0.566992925 0.5897300015625 0.5638911671875 0.5902769250000001 0.5654990203125 0.599395515625 0.5686007796875 0.5988485906250001 0.566992925 0.5897300015625
3 0.5990505265625 0.5765557015625 0.600336809375 0.583850575 0.60421400625 0.5831669203125001 0.6029277234375 0.575872046875 0.5990505265625 0.5765557015625
3 0.5551822046875 0.6134373765625 0.5511442234375 0.6132091703125 0.5527520765625 0.6223277609375 0.5567900578125 0.6225559671875 0.5551822046875 0.6134373765625
3 0.6470055968749999 0.5991268546875 0.643903840625 0.599673778125 0.6451901234374999 0.60696865 0.648452665625 0.607333584375 0.6470055968749999 0.5991268546875
3 0.6432891875 0.600722365625 0.63925120625 0.6004941625 0.6405374890625 0.607789034375 0.6445754703125 0.6080172390625 0.6432891875 0.600722365625
3 0.63831498125 0.599719034375 0.6344377859375 0.6004026875 0.63572406875 0.6076975609375 0.6397620500000001 0.607925765625 0.63831498125 0.599719034375
3 0.6243570765625 0.6021801890625 0.6220307593750001 0.60259038125 0.6234778265625 0.6107971140624999 0.626579584375 0.610250190625 0.6243570765625 0.6021801890625
3 0.6203190953125 0.6019519843750001 0.6173781234375 0.6034107671875 0.6194398453125001 0.6105689078125 0.622541603125 0.610021984375 0.6203190953125 0.6019519843750001
3 0.5146985828124999 0.6196355203125 0.5108213859374999 0.620319175 0.5122684546875 0.6285259062499999 0.5163064359375 0.6287541109375 0.5146985828124999 0.6196355203125
3 0.518575778125 0.6189518671875 0.51392314375 0.6197722515625 0.5170818749999999 0.6286173796875001 0.52018363125 0.62807045625 0.518575778125 0.6189518671875
3 0.5218383203125 0.619316803125 0.5187365640625 0.6198637265625 0.52018363125 0.62807045625 0.5234461734375 0.62843539375 0.5218383203125 0.619316803125
3 0.5263301703125001 0.6175845578125 0.5215167484375 0.6174930828125 0.5240608265625 0.6273868031250001 0.527162584375 0.6268398796875 0.5263301703125001 0.6175845578125
3 0.533309121875 0.6163539796874999 0.5294319265625 0.617037634375 0.5301035546875 0.625381096875 0.534756190625 0.6245607109375 0.533309121875 0.6163539796874999
3 0.5371863171875 0.6156703265625 0.5340845609375 0.6162172499999999 0.534916975 0.6254725703124999 0.5380187328125 0.624925646875 0.5371863171875 0.6156703265625
3 0.540288075 0.6151234031249999 0.537347103125 0.6165821859375 0.538794171875 0.6247889171875001 0.541895928125 0.62424199375 0.540288075 0.6151234031249999
3 0.54432605625 0.6153516078125 0.5412242984375 0.6158985312499999 0.541895928125 0.62424199375 0.5465485625000001 0.6234216078125 0.54432605625 0.6153516078125
3 0.550368784375 0.6133459015625 0.5472670265625 0.613892825 0.54887488125 0.623011415625 0.5518158515625 0.6215526328125 0.550368784375 0.6133459015625
3 0.5582839609375 0.612890453125 0.5551822046875 0.6134373765625 0.5567900578125 0.6225559671875 0.560667253125 0.6218723125000001 0.5582839609375 0.612890453125
3 0.5614610390625 0.5991673093750001 0.56472358125 0.5995322453124999 0.5637303828125 0.589365065625 0.5607894109375 0.5908238484375 0.5614610390625 0.5991673093750001
3 0.56216115625 0.6122067984374999 0.558123175 0.61197859375 0.560667253125 0.6218723125000001 0.563769009375 0.6213253890625 0.56216115625 0.6122067984374999
3 0.566038353125 0.61152314375 0.56216115625 0.6122067984374999 0.563769009375 0.6213253890625 0.5684216453125 0.6205050046875 0.566038353125 0.61152314375
3 0.5706909890625 0.610702759375 0.56758923125 0.6112496828125 0.5688755140625 0.618544553125 0.57213805625 0.618909490625 0.5706909890625 0.610702759375
3 0.5755044093749999 0.6107942328125 0.5724026531249999 0.61134115625 0.572913496875 0.618772759375 0.5767906921875 0.6180891046875 0.5755044093749999 0.6107942328125
3 0.58015704375 0.609973846875 0.5761190625 0.60974564375 0.57756613125 0.6179523734375 0.5812825421875 0.616356859375 0.58015704375 0.609973846875
3 0.58775065 0.60769468125 0.584034240625 0.6092901921875 0.5853205234375001 0.616585065625 0.58919771875 0.6159014109375 0.58775065 0.60769468125
3 0.5925640703124999 0.607786153125 0.5886868749999999 0.6084698078125 0.5907485968749999 0.61562795 0.593850353125 0.6150810265625 0.5925640703124999 0.607786153125
3 0.5970559203125 0.6060539109375 0.5924032859375 0.6068742953124999 0.5946257921875 0.6149442953124999 0.5985029890625 0.614260640625 0.5970559203125 0.6060539109375
3 0.6010939015625001 0.6062821140625 0.5979921453125 0.6068290375000001 0.599278428125 0.6141239109375001 0.6023801843750001 0.6135769875 0.6010939015625001 0.6062821140625
3 0.6057465359374999 0.6054617296875 0.602805565625 0.6069205125 0.6040918484375 0.614215384375 0.6071936046874999 0.6136684609375 0.6057465359374999 0.6054617296875
3 0.6142763671875 0.6039576906249999 0.6111746109375 0.6045046125 0.6126216796875 0.6127113453125 0.6157234359375 0.612164421875 0.6142763671875 0.6039576906249999
3 0.5461130421875 0.6028137859375 0.5507656765625 0.6019934015625 0.549318609375 0.5937866703125 0.5446659734375 0.5946070546875 0.5461130421875 0.6028137859375
3 0.5530919937500001 0.6015832078125001 0.5577446296875 0.6007628234375 0.5561367765624999 0.5916442328125 0.5522595796875 0.5923278875 0.5530919937500001 0.6015832078125001
3 0.5577446296875 0.6007628234375 0.5608463859375 0.6002159 0.5601747578125 0.5918724390625 0.5569122156249999 0.5915075015625 0.5577446296875 0.6007628234375
3 0.5990505265625 0.5765557015625 0.59517333125 0.57723935625 0.5964596140625 0.584534228125 0.600336809375 0.583850575 0.5990505265625 0.5765557015625
3 0.606190265625 0.576236984375 0.6029277234375 0.575872046875 0.604374790625 0.5840787796875 0.6082519875 0.583395125 0.606190265625 0.576236984375
3 0.6542023109375 0.6082001859374999 0.651100553125 0.608747109375 0.6525476218749999 0.6169538421875 0.655649378125 0.61640691875 0.6542023109375 0.6082001859374999
3 0.8499953953125001 0.7391535140625 0.8461181984374999 0.7398371671875 0.8489553593749999 0.7468585765625 0.852057115625 0.7463116546874999 0.8499953953125001 0.7391535140625
3 0.8032368015625 0.9138154546875 0.8049199765624999 0.909757825 0.7979125375 0.9062923765625 0.7971655859375 0.9111251328125001 0.8032368015625 0.9138154546875
3 0.805213059375 0.9068855171875001 0.806120796875 0.9029646187499999 0.79911335625 0.8994991703125 0.7991418453125 0.904195196875 0.805213059375 0.9068855171875001
3 0.8068677484375 0.8981318625 0.8085509249999999 0.8940742343749999 0.8003141765624999 0.892705965625 0.8001818796875 0.89649013125 0.8068677484375 0.8981318625
3 0.80713234375 0.890563528125 0.80804008125 0.88664263125 0.8004179875 0.8842257734375 0.79951025 0.8881466703124999 0.80713234375 0.890563528125
3 0.808654734375 0.8855940406249999 0.8097232578125 0.8825850031250001 0.8011649390625 0.8793930156249999 0.801032640625 0.8831771828124999 0.808654734375 0.8855940406249999
3 0.8055713250000001 0.8635726937499999 0.8063752531249999 0.8681319890625 0.8136757749999999 0.8687251281249999 0.8147442984375 0.8657160890625001 0.8055713250000001 0.8635726937499999
3 0.8145835124999999 0.8648042312499999 0.81549125 0.860883334375 0.8070937171875 0.85860320625 0.8061859796874999 0.8625241046875001 0.8145835124999999 0.8648042312499999
3 0.8085876203125 0.8489376921874999 0.8078406687499999 0.8537704484375 0.8160774156249999 0.8551387171875 0.8169851546875 0.8512178203125 0.8085876203125 0.8489376921874999
3 0.7967769 0.8726450671875 0.796909196875 0.8688608984374999 0.7885116640625001 0.866580771875 0.7876039265625 0.87050166875 0.7967769 0.8726450671875
3 0.7877077375 0.8620214765625 0.7875754390624999 0.8658056453125 0.7959729734375001 0.8680857718749999 0.7976561484375 0.86402814375 0.7877077375 0.8620214765625
3 0.7974953640625 0.863116284375 0.7984031 0.8591953859375 0.7909417921874999 0.8576903874999999 0.7900340546875 0.8616112843750001 0.7974953640625 0.863116284375
3 0.7988284812499999 0.8525389109375 0.7995754328125 0.847706153125 0.7928895640625 0.846064425 0.7919818265624999 0.849985321875 0.7988284812499999 0.8525389109375
3 0.800350871875 0.8475694234375 0.801258609375 0.8436485250000001 0.7928610765624999 0.8413683984375 0.7919533390625 0.8452892953125 0.800350871875 0.8475694234375
3 0.791755859375 0.889513978125 0.7926635953125001 0.88559308125 0.7850415015625 0.8831762218750001 0.7849092046874999 0.8869603906249999 0.791755859375 0.889513978125
3 0.844860403125 0.7372383218749999 0.8478013750000001 0.7357795375 0.8455788671875 0.7277095390625 0.8418624578125 0.7293050515624999 0.844860403125 0.7372383218749999
3 0.6022073265625 0.5083039671875 0.6057629515625 0.50579659375 0.5998240328125 0.49932210625 0.5972046328125 0.50260460625 0.6022073265625 0.5083039671875
3 0.73335408125 0.6036456921875 0.737231278125 0.6029620375 0.736238078125 0.5927948578125 0.7323608828125 0.5934785125 0.73335408125 0.6036456921875
3 0.7042335859375 0.461167478125 0.7056521671875 0.464678184375 0.7130849875 0.46148715781250005 0.710569396875 0.456289465625 0.7042335859375 0.461167478125
3 0.699391678125 0.4563799796875 0.7000348203125 0.46002741562500005 0.7051413234374999 0.45724658125 0.703883528125 0.45464773437500006 0.699391678125 0.4563799796875
3 0.6977553375000001 0.4425653625 0.70088558125 0.44671446562500006 0.707836046875 0.4407878625 0.7056420265625001 0.43741388593749997 0.6977553375000001 0.4425653625
3 0.72671118125 0.42993798749999995 0.7299737234375 0.4303029234375 0.7317891984375 0.422461128125 0.7283658703125 0.4211843328125 0.72671118125 0.42993798749999995
3 0.7252172781249999 0.43960350156250005 0.72864060625 0.4408802953125 0.73029529375 0.43212664062500006 0.727032753125 0.4317617046875 0.7252172781249999 0.43960350156250005
3 0.70296565 0.43130433593750006 0.7036087921874999 0.43495177187499995 0.7099446031250001 0.4300737578125 0.70697514375 0.4268365140625 0.70296565 0.43130433593750006
0 0.7066250859375 0.4203167703125 0.70881910625 0.4236907453125 0.7193251953125 0.41525676875000006 0.716970390625 0.41097093593749995 0.7066250859375 0.4203167703125
0 0.7016223921875 0.4146174125 0.7038164124999999 0.41799138593749996 0.71587338125 0.40928394843750004 0.7146155859375 0.4066851015625 0.7016223921875 0.4146174125
3 0.7709377703125 0.3497434890625 0.7751365375 0.3508835546875 0.77772745 0.342905028125 0.774304121875 0.3416282328125 0.7709377703125 0.3497434890625
3 0.77812434375 0.3315525265625 0.7824838953125 0.33360445 0.785396378125 0.327449640625 0.7816514812500001 0.324349128125 0.77812434375 0.3315525265625
2 0.7485176250000001 0.032145006250000004 0.753009475 0.030412760937499998 0.746881284375 0.018330390625 0.7433256593750001 0.020837762500000002 0.7485176250000001 0.032145006250000004
3 0.8252165796875 0.263075465625 0.8280252546875 0.26540085 0.8332640546875 0.2588358484375 0.8310700359375 0.255461875 0.8252165796875 0.263075465625
3 0.9261347359375 0.90342775 0.9231652765625 0.9001905062500001 0.9183803453125 0.904795059375 0.920413578125 0.9072571734375 0.9261347359375 0.90342775
3 0.79655093125 0.9121737234375 0.7970332875 0.9149093015625 0.8029437171874999 0.9166877609374999 0.8032368015625 0.9138154546875 0.79655093125 0.9121737234375
3 0.672300075 0.520390178125 0.671656934375 0.5167427421874999 0.66561420625 0.5187484484375 0.6660965625 0.521484025 0.672300075 0.520390178125
3 0.6105213296875001 0.57359288125 0.60586869375 0.574413265625 0.6082519875 0.583395125 0.6115145281250001 0.5837600609375 0.6105213296875001 0.57359288125
3 0.58252005625 0.5644271140625 0.5856218125 0.563880190625 0.5843355296875 0.5565853171875 0.5812337734375 0.557132240625 0.58252005625 0.5644271140625
3 0.620923609375 0.5736390984375 0.616885628125 0.5734108921875001 0.6191081359374999 0.58148089375 0.6222098921875 0.5809339703124999 0.620923609375 0.5736390984375
3 0.6260301125 0.5708582640625 0.621377478125 0.5716786484374999 0.623146115625 0.5817090984375 0.6270233125 0.58102544375 0.6260301125 0.5708582640625
3 0.6316189718749999 0.5708130062500001 0.628517215625 0.5713599296874999 0.6305789374999999 0.578518071875 0.634295346875 0.5769225578125 0.6316189718749999 0.5708130062500001
3 0.635656953125 0.5710412109375 0.6325551968750001 0.571588134375 0.63461691875 0.5787462765625 0.6375578890625 0.57728749375 0.635656953125 0.5710412109375
3 0.640148803125 0.5693089671875 0.6354961671875 0.5701293515625 0.6384941140625 0.578062621875 0.6415958703125 0.5775157 0.640148803125 0.5693089671875
3 0.6511657359374999 0.5683065953125 0.6465131015625001 0.5691269796875 0.6477993843750001 0.576421853125 0.6526128046874999 0.576513325 0.6511657359374999 0.5683065953125
3 0.540192471875 0.573771028125 0.543294228125 0.5732241046875 0.541686375 0.5641055140625 0.538745403125 0.565564296875 0.540192471875 0.573771028125
3 0.5494977421875 0.5721302578125 0.551824059375 0.571720065625 0.55021620625 0.562601475 0.5478898875 0.5630116671875001 0.5494977421875 0.5721302578125
3 0.551824059375 0.571720065625 0.5557012546875 0.5710364109375 0.5547080546875 0.5608692296875 0.550830859375 0.561552884375 0.551824059375 0.571720065625
3 0.5563159093750001 0.5699878203125001 0.5601931046875 0.569304165625 0.5585852515624999 0.5601855765625 0.5547080546875 0.5608692296875 0.5563159093750001 0.5699878203125001
3 0.5601931046875 0.569304165625 0.5634556484375 0.5696691015625001 0.5624624484375 0.559501921875 0.559521475 0.5609607046875 0.5601931046875 0.569304165625
3 0.5671720578125 0.5680735890624999 0.5704346 0.568438525 0.570216840625 0.5581346125 0.56633964375 0.5588182671874999 0.5671720578125 0.5680735890624999
3 0.5741510109375 0.5668430109375 0.5780282062500001 0.56615935625 0.5771957921875 0.5569040359375 0.5725431578125 0.5577244203125 0.5741510109375 0.5668430109375
3 0.5786428609375001 0.5651107671875 0.581905403125 0.5654757015625 0.5810729875 0.55622038125 0.5771957921875 0.5569040359375 0.5786428609375001 0.5651107671875
3 0.5856218125 0.563880190625 0.5888843546875 0.564245125 0.5874372875 0.55603839375 0.5843355296875 0.5565853171875 0.5856218125 0.563880190625
3 0.617669275 0.52344159375 0.6144067328125 0.5230766578125 0.613366696875 0.5307817234375001 0.6166292390625 0.5311466593749999 0.617669275 0.52344159375
3 0.5898205796875 0.5650202531249999 0.593697775 0.5643366000000001 0.5922507078125 0.55612986875 0.588988165625 0.5557649328125 0.5898205796875 0.5650202531249999
3 0.5944732140625 0.56419986875 0.5975749718750001 0.5636529453125 0.5953524640625 0.5555829453125 0.5922507078125 0.55612986875 0.5944732140625 0.56419986875
3 0.6043931390624999 0.5615105078125 0.609206559375 0.5616019828125001 0.607759490625 0.5533952515625 0.6038822953125 0.55407890625 0.6043931390624999 0.5615105078125
3 0.6124691015625 0.56196691875 0.616346296875 0.5612832640625001 0.6139630046875 0.5523014046875 0.6100858078125 0.552985059375 0.6124691015625 0.56196691875
3 0.6192872671874999 0.55982448125 0.622389025 0.5592775578125 0.62094195625 0.5510708265625001 0.6176794140624999 0.550705890625 0.6192872671874999 0.55982448125
3 0.6248191515625 0.5503871734375 0.62094195625 0.5510708265625001 0.6233252484375 0.5600526875 0.627041659375 0.5584571734375 0.6248191515625 0.5503871734375
3 0.6272024453125 0.5593690328124999 0.6303042015625 0.558822109375 0.6288571328125 0.5506153765625 0.626530815625 0.55102556875 0.6272024453125 0.5593690328124999
3 0.6304649875 0.5597339671875 0.63450296875 0.559962171875 0.632119675 0.5509803125 0.629632571875 0.5504786453125 0.6304649875 0.5597339671875
3 0.6343421828125 0.5590503124999999 0.6374439390625 0.5585033890625 0.6367723109375001 0.550159928125 0.6328951140625 0.5508435828125 0.6343421828125 0.5590503124999999
3 0.638219378125 0.5583666593750001 0.6413211343749999 0.5578197359375 0.6397132812499999 0.5487011453124999 0.6364507390624999 0.5483362109375001 0.638219378125 0.5583666593750001
3 0.642096575 0.5576830046875 0.64519833125 0.55713608125 0.6445267015625 0.5487926203125 0.6406495062500001 0.5494762734374999 0.642096575 0.5576830046875
3 0.6459737703124999 0.55699935 0.6490755265625 0.5564524265624999 0.6484038984375 0.548108965625 0.6443659171875 0.547880759375 0.6459737703124999 0.55699935
3 0.6490755265625 0.5564524265624999 0.652952721875 0.5557687734375001 0.6521203078125 0.5465134515625001 0.6482431125 0.54719710625 0.6490755265625 0.5564524265624999
3 0.605233759375 0.5209332609375 0.6027466578125 0.5204315953124999 0.6028036328125 0.5298236468749999 0.6052907359375 0.5303253140625 0.605233759375 0.5209332609375
3 0.654599203125 0.5968476859375 0.651497446875 0.597394609375 0.6527837296875 0.60468948125 0.6562070578125 0.6059662765625 0.654599203125 0.5968476859375
3 0.6503251140625 0.608883840625 0.6472233578125001 0.6094307640625 0.6486704265625 0.617637496875 0.6525476218749999 0.6169538421875 0.6503251140625 0.608883840625
3 0.574059271875 0.679684365625 0.577161028125 0.6791374421875 0.5764894 0.67079398125 0.5726122046875 0.671477634375 0.574059271875 0.679684365625
3 0.6215117078125 0.644991346875 0.6184099515625 0.6455382703125 0.619696234375 0.6528331421875 0.622797990625 0.65228621875 0.6215117078125 0.644991346875
3 0.5692357125 0.6523285953125 0.5661339546875 0.6528755187499999 0.5675810234374999 0.66108225 0.569907340625 0.6606720578124999 0.5692357125 0.6523285953125
3 0.5731129078125 0.6516449421875 0.5690749265624999 0.6514167359374999 0.5714582187499999 0.6603985953125 0.5745599765625 0.659851671875 0.5731129078125 0.6516449421875
3 0.576990103125 0.6509612875 0.5731129078125 0.6516449421875 0.575335415625 0.6597149421874999 0.5785979578125 0.660079878125 0.576990103125 0.6509612875
3 0.580252646875 0.651326221875 0.577311675 0.6527850046875 0.5785979578125 0.660079878125 0.581699715625 0.6595329546875 0.580252646875 0.651326221875
3 0.584290628125 0.6515544281250001 0.5808673015625 0.6502776328125 0.581699715625 0.6595329546875 0.584801471875 0.65898603125 0.584290628125 0.6515544281250001
3 0.588782478125 0.6498221828124999 0.58490528125 0.6505058375 0.5863523500000001 0.6587125687500001 0.5902295453125 0.658028915625 0.588782478125 0.6498221828124999
3 0.5920450203125001 0.65018711875 0.5889432625000001 0.6507340421875 0.5900687609374999 0.6571170546875 0.5931705171874999 0.65657013125 0.5920450203125001 0.65018711875
3 0.594985990625 0.6487283359375 0.5918842343749999 0.649275259375 0.5931705171874999 0.65657013125 0.595496834375 0.6561599390625 0.594985990625 0.6487283359375
3 0.5988631875 0.64804468125 0.5957614296875 0.6485916046875 0.5972084984375 0.6567983374999999 0.6003102546875 0.6562514140625 0.5988631875 0.64804468125
3 0.6027403828125 0.647361028125 0.599477840625 0.6469960921875 0.6012464796875 0.657026540625 0.6043482359375 0.6564796171875 0.6027403828125 0.647361028125
3 0.6060029250000001 0.6477259640625 0.60290116875 0.6482728875 0.6043482359375 0.6564796171875 0.6080646468750001 0.6548841046875 0.6060029250000001 0.6477259640625
3 0.6097193359374999 0.64613045 0.6066175781250001 0.6466773734375 0.6082254328125 0.6557959640625 0.6113271890624999 0.655249040625 0.6097193359374999 0.64613045
3 0.61359653125 0.6454467953125 0.6097193359374999 0.64613045 0.611166403125 0.6543371828125 0.614268159375 0.653790259375 0.61359653125 0.6454467953125
3 0.6176345125 0.6456750015625 0.61359653125 0.6454467953125 0.6150436 0.653653528125 0.61814535625 0.6531066046875 0.6176345125 0.6456750015625
3 0.6277152218750001 0.6438975 0.6244526796875001 0.6435325640625 0.6258997468749999 0.6517392953125001 0.6291622890624999 0.6521042312499999 0.6277152218750001 0.6438975
3 0.5622567593750001 0.6535591734375 0.559155003125 0.654106096875 0.5599874171875 0.66336141875 0.5638646125 0.6626777640625 0.5622567593750001 0.6535591734375
3 0.63143163125 0.6423019859375 0.628329875 0.6428489093749999 0.62977694375 0.6510556421875 0.6328787 0.65050871875 0.63143163125 0.6423019859375
3 0.6362450515625 0.6423934609375 0.6323678562499999 0.6430771156249999 0.6328787 0.65050871875 0.6367558953125 0.6498250640625 0.6362450515625 0.6423934609375
3 0.6399614625 0.640797946875 0.6360842671875 0.6414816015625 0.637531334375 0.6496883328124999 0.6406330921875 0.649141409375 0.6399614625 0.640797946875
3 0.6430632187499999 0.6402510234375 0.6391860234375 0.640934678125 0.6407938765625001 0.65005326875 0.6437348484375 0.6485944859375 0.6430632187499999 0.6402510234375
3 0.6471012 0.640479228125 0.6430632187499999 0.6402510234375 0.6446710734375001 0.6493696140624999 0.6477728296875 0.6488226906250001 0.6471012 0.640479228125
3 0.650042171875 0.6390204453125 0.6461649765625 0.6397041 0.6483874828125 0.6477741015625 0.651489240625 0.647227178125 0.650042171875 0.6390204453125
3 0.658572003125 0.63751640625 0.65469480625 0.6382000609375 0.6564634453125 0.6482305109375 0.6603406421875 0.64754685625 0.658572003125 0.63751640625
3 0.6624491984375 0.6368327515625001 0.658572003125 0.63751640625 0.6609552953125 0.646498265625 0.6632816125 0.6460880734375001 0.6624491984375 0.6368327515625001
3 0.6664871796875 0.6370609578125 0.662609984375 0.6377446124999999 0.6640570515625 0.6459513421875 0.6671588078124999 0.64540441875 0.6664871796875 0.6370609578125
3 0.6569641484375001 0.628397815625 0.6529261671875 0.6281696125 0.654534021875 0.637288203125 0.6584112171875 0.6366045484375 0.6569641484375001 0.628397815625
3 0.652150728125 0.62830634375 0.649048971875 0.628853265625 0.650656825 0.63797185625 0.6537585828125 0.6374249328125 0.652150728125 0.62830634375
3 0.6843792578125 0.6433082 0.683736115625 0.6396607624999999 0.6767571609374999 0.640891340625 0.677400303125 0.644538778125 0.6843792578125 0.6433082
3 0.6835753296875 0.6387489046875 0.6830929734375 0.636013328125 0.6761140203125 0.6372439046875 0.6765963765625 0.6399794828125 0.6835753296875 0.6387489046875
3 0.681749715625 0.619326403125 0.681106575 0.6156789671875 0.6733521828125 0.6170462750000001 0.6741561093749999 0.6216055703125 0.681749715625 0.619326403125
3 0.5653585156250001 0.65301225 0.5620959734375 0.6526473140625 0.563703828125 0.6617659046875 0.5668055843750001 0.66121898125 0.5653585156250001 0.65301225
3 0.5583795640625 0.654242828125 0.5545023671875 0.65492648125 0.556110221875 0.6640450718750001 0.5599874171875 0.66336141875 0.5583795640625 0.654242828125
3 0.5175743703125 0.6586172546875 0.5206761281250001 0.65807033125 0.519229059375 0.6498636 0.516127303125 0.6504105234375 0.5175743703125 0.6586172546875
3 0.6348651000000001 0.670843078125 0.6371914171874999 0.6704328859375 0.636359003125 0.661177565625 0.6332572453124999 0.6617244875 0.6348651000000001 0.670843078125
3 0.5797519421875 0.6711589171875 0.5766501859375001 0.6717058406249999 0.57793646875 0.6790007109375 0.581038225 0.6784537875 0.5797519421875 0.6711589171875
3 0.5836291390625 0.6704752625 0.5797519421875 0.6711589171875 0.581199009375 0.6793656484375 0.5850762078125 0.6786819937499999 0.5836291390625 0.6704752625
3 0.58734555 0.6688797484375 0.5836291390625 0.6704752625 0.5850762078125 0.6786819937499999 0.588953403125 0.6779983390625001 0.58734555 0.6688797484375
3 0.59138353125 0.6691079546875 0.5875063359375 0.6697916078125 0.588953403125 0.6779983390625001 0.5928305984375 0.677314684375 0.59138353125 0.6691079546875
3 0.5952607265625 0.6684243000000001 0.5912227453125001 0.66819609375 0.5936060390625 0.677177953125 0.5968685796875 0.6775428906250001 0.5952607265625 0.6684243000000001
3 0.5983624828125 0.6678773765625 0.5952607265625 0.6684243000000001 0.5968685796875 0.6775428906250001 0.5991948984375 0.677132696875 0.5983624828125 0.6678773765625
3 0.6068923140625 0.6663733374999999 0.6104764265625 0.668561990625 0.6115164625 0.6608569265625001 0.6088685734375 0.6594434 0.6068923140625 0.6663733374999999
3 0.6626201234375 0.6650089078125 0.6664973203125 0.6643252546875 0.6650502515625 0.6561185234375 0.6603976171875 0.656938909375 0.6626201234375 0.6650089078125
3 0.65719205 0.665966025 0.66029380625 0.6654191015625 0.6588467390625 0.6572123703125 0.655584196875 0.656847434375 0.65719205 0.665966025
3 0.653314853125 0.666649678125 0.65719205 0.665966025 0.655130328125 0.6588078828125 0.6520285703125 0.65935480625 0.653314853125 0.666649678125
3 0.6502130968750001 0.6671966015625 0.653314853125 0.666649678125 0.6524824390624999 0.6573943578125 0.6478298046875001 0.6582147421875 0.6502130968750001 0.6671966015625
3 0.647111340625 0.667743525 0.6502130968750001 0.6671966015625 0.6487660296875 0.658989871875 0.6448888328125 0.659673525 0.647111340625 0.667743525
3 0.6402931734374999 0.6698859625 0.6433949296875 0.6693390390625 0.6417870765625 0.6602204484375 0.6386853203125 0.660767371875 0.6402931734374999 0.6698859625
3 0.6371914171874999 0.6704328859375 0.6402931734374999 0.6698859625 0.6388461046875 0.6616792296875 0.6365197874999999 0.6620894234375 0.6371914171874999 0.6704328859375
3 0.6154221453125001 0.6648692984375 0.6123203890625 0.6654162218749999 0.6139282421875001 0.6745348109375 0.6176446531249999 0.672939296875 0.6154221453125001 0.6648692984375
3 0.5514006109375 0.6554734046874999 0.547523415625 0.656157059375 0.5489704828125 0.6643637906250001 0.5528476796875 0.6636801359375 0.5514006109375 0.6554734046874999
3 0.6176446531249999 0.672939296875 0.62090719375 0.673304234375 0.619299340625 0.66418564375 0.6154221453125001 0.6648692984375 0.6176446531249999 0.672939296875
3 0.62090719375 0.673304234375 0.624945175 0.6735324375 0.622401096875 0.6636387203125 0.619299340625 0.66418564375 0.62090719375 0.673304234375
3 0.6246236046875 0.6717087203125 0.626949921875 0.671298528125 0.6255028546875 0.6630917968750001 0.6231765375 0.6635019890625 0.6246236046875 0.6717087203125
3 0.6300516796875 0.6707516046875 0.633928875 0.67006795 0.6317063671875001 0.6619979500000001 0.6286046109375001 0.6625448734375 0.6300516796875 0.6707516046875
3 0.626949921875 0.671298528125 0.6302124640625 0.6716634640625 0.628443825 0.6616330140625 0.62534206875 0.6621799375 0.626949921875 0.671298528125
3 0.685183184375 0.6478674953125 0.6845400421875001 0.6442200578125 0.6766248640625 0.6446755093750001 0.6772680046875 0.64832294375 0.685183184375 0.6478674953125
3 0.5209976984375 0.6598940484375 0.5178959421875 0.6604409718750001 0.519182225 0.6677358453125 0.52228398125 0.667188921875 0.5209976984375 0.6598940484375
3 0.5248748937500001 0.6592103953125 0.5217731375 0.6597573171875 0.52228398125 0.667188921875 0.5261611765625 0.6665052671875 0.5248748937500001 0.6592103953125
3 0.5287520906250001 0.6585267406249999 0.5250356796875 0.6601222546875001 0.5263219625 0.6674171249999999 0.52942371875 0.6668702015625 0.5287520906250001 0.6585267406249999
3 0.531853846875 0.6579798171875 0.5281374359375001 0.65957533125 0.52942371875 0.6668702015625 0.5326862609374999 0.6672351375 0.531853846875 0.6579798171875
3 0.535891828125 0.6582080218749999 0.5327900718749999 0.6587549453125 0.5333009140625 0.6661865484375 0.536402671875 0.6656396250000001 0.535891828125 0.6582080218749999
3 0.5397690234375 0.6575243687500001 0.535891828125 0.6582080218749999 0.5371781109375 0.66550289375 0.5402798671875 0.6649559703125 0.5397690234375 0.6575243687500001
3 0.5436462203125 0.6568407140625 0.5397690234375 0.6575243687500001 0.5412160921875 0.6657310984375 0.5450932875000001 0.6650474453124999 0.5436462203125 0.6568407140625
3 0.547523415625 0.656157059375 0.5436462203125 0.6568407140625 0.5460295125 0.6658225734375 0.54913126875 0.66527565 0.547523415625 0.656157059375
3 0.6823928578125 0.6229738390625 0.6811350625 0.6203749937499999 0.6743168953125 0.6225174296875 0.6747992515625 0.62525300625 0.6823928578125 0.6229738390625
3 0.5229454703124999 0.6482680859375 0.5200044984375001 0.64972686875 0.5206761281250001 0.65807033125 0.5236170984374999 0.6566115484374999 0.5229454703124999 0.6482680859375
3 0.6464479187500001 0.6095674953125 0.6433461625 0.61011441875 0.644954015625 0.619233009375 0.6486704265625 0.617637496875 0.6464479187500001 0.6095674953125
3 0.5768476671875 0.62748115625 0.5799494234375 0.6269342328125 0.57850235625 0.6187275031249999 0.5763368234375 0.620049553125 0.5768476671875 0.62748115625
3 0.5243823984375 0.6292105203125 0.5203444171875 0.6289823171875 0.521791484375 0.637189046875 0.5248932421875 0.6366421234375 0.5243823984375 0.6292105203125
3 0.5255078953125001 0.6355935328125 0.5295458765625 0.6358217390625 0.5274841546875 0.628663596875 0.5243823984375 0.6292105203125 0.5255078953125001 0.6355935328125
3 0.53136135 0.6279799421875001 0.5273233687500001 0.6277517390625 0.5295458765625 0.6358217390625 0.5320329796875 0.6363234046875 0.53136135 0.6279799421875001
3 0.5324868484375 0.63436295625 0.535749390625 0.6347278921874999 0.534302321875 0.6265211609375 0.5312005656250001 0.6270680843750001 0.5324868484375 0.63436295625
3 0.53636404375 0.6336793015625 0.5394658 0.633132378125 0.5381795171875 0.6258375078125 0.534916975 0.6254725703124999 0.53636404375 0.6336793015625
3 0.541281275 0.625290584375 0.5381795171875 0.6258375078125 0.5402412390625 0.632995646875 0.5427283421875 0.6334973140625 0.541281275 0.625290584375
3 0.5474847875 0.6241967374999999 0.5420567140625 0.6251538531249999 0.5442792203125 0.633223853125 0.547380978125 0.6326769296875 0.5474847875 0.6241967374999999
3 0.552137421875 0.6233763515625 0.5484210125 0.6249718640624999 0.5498680796875 0.6331785953125 0.5537452765624999 0.632494940625 0.552137421875 0.6233763515625
3 0.5569508421875 0.623467825 0.5529128625 0.6232396203125 0.554520715625 0.632358209375 0.558558696875 0.632586415625 0.5569508421875 0.623467825
3 0.558558696875 0.632586415625 0.5614996671875 0.6311276328125001 0.5608280390625 0.6227841703125 0.5569508421875 0.623467825 0.558558696875 0.632586415625
3 0.5639297953125 0.6222372468749999 0.5609888234375 0.6236960296875 0.5624358921875 0.6319027609375001 0.5655376484375 0.6313558375 0.5639297953125 0.6222372468749999
3 0.5678069906250001 0.6215535937500001 0.5648660203125 0.6230123765625 0.5659915171875001 0.6293953890624999 0.5698687125 0.628711734375 0.5678069906250001 0.6215535937500001
3 0.5715234015624999 0.61995808125 0.5685824296875001 0.6214168625000001 0.5692540593750001 0.6297603234375 0.5729704703125 0.6281648109375 0.5715234015624999 0.61995808125
3 0.5737459109375 0.6280280796875 0.5768476671875 0.62748115625 0.5754005984375 0.6192744265625 0.5724596281250001 0.6207332078125 0.5737459109375 0.6280280796875
3 0.580564078125 0.62588564375 0.5838266203125 0.6262505796875 0.5823795515625 0.6180438484375 0.5792777953125 0.618590771875 0.580564078125 0.62588564375
3 0.5163064359375 0.6287541109375 0.5124292390625 0.629437765625 0.5148125328125001 0.6384196249999999 0.5179142890625 0.6378727015625001 0.5163064359375 0.6287541109375
3 0.58564209375 0.6184087828125 0.5825403375 0.61895570625 0.5839874046875 0.6271624375 0.5870891609375 0.6266155140625 0.58564209375 0.6184087828125
3 0.5895192890625001 0.6177251296875 0.58564209375 0.6184087828125 0.5869283765625 0.62570365625 0.590805571875 0.6250200015625 0.5895192890625001 0.6177251296875
3 0.593396484375 0.617041475 0.5904555140625 0.6185002578125001 0.5915810109375 0.6248832703125 0.5946827671875 0.6243363468750001 0.593396484375 0.617041475
3 0.59727368125 0.6163578203125 0.5940111390625 0.6159928859375 0.5956189921874999 0.625111475 0.5985599640625 0.62365269375 0.59727368125 0.6163578203125
3 0.601926315625 0.6155374359375 0.5980491203125 0.6162210890625001 0.5994961875 0.6244278203125 0.603373384375 0.623744165625 0.601926315625 0.6155374359375
3 0.60353416875 0.6246560265625 0.6066359265625 0.624109103125 0.605028071875 0.6149905125 0.601926315625 0.6155374359375 0.60353416875 0.6246560265625
3 0.6090660531250001 0.6152187171875 0.605028071875 0.6149905125 0.6072505796875001 0.6230605125 0.6097376828125001 0.6235621796874999 0.6090660531250001 0.6152187171875
3 0.61604500625 0.613988140625 0.61294325 0.6145350640625 0.6143903171875 0.62274179375 0.6182675140625 0.622058140625 0.61604500625 0.613988140625
3 0.6270619390625 0.612985765625 0.6239601828125 0.6135326890624999 0.625246465625 0.6208275624999999 0.628348221875 0.6202806390625 0.6270619390625 0.612985765625
3 0.6222485203125 0.6128942937499999 0.6191467625 0.6134412171875 0.621208484375 0.62059935625 0.6235348015625 0.6201891640625 0.6222485203125 0.6128942937499999
3 0.631714575 0.61216538125 0.627837378125 0.6128490359375001 0.6291236625 0.6201439078125001 0.6330008578124999 0.619460253125 0.631714575 0.61216538125
3 0.6330008578124999 0.619460253125 0.636878053125 0.6187766 0.6355917703125 0.6114817265625 0.6324900140625 0.61202865 0.6330008578124999 0.619460253125
3 0.637814278125 0.619551728125 0.6416914734375 0.6188680734374999 0.63930818125 0.6098862140625 0.6355917703125 0.6114817265625 0.637814278125 0.619551728125
3 0.6416914734375 0.6188680734374999 0.64479323125 0.61832115 0.6431853765625 0.6092025609375 0.6400836203125 0.609749484375 0.6416914734375 0.6188680734374999
3 0.5203444171875 0.6289823171875 0.5164672218749999 0.6296659703125 0.5179142890625 0.6378727015625001 0.5210160453125 0.637325778125 0.5203444171875 0.6289823171875
3 0.64755506875 0.6385187796875 0.6498813859375 0.6381085875 0.6492097578125 0.629765125 0.6453325609375 0.630448778125 0.64755506875 0.6385187796875
3 0.526822665625 0.6475844328125 0.5238816953125001 0.649043215625 0.5245533234375 0.6573866765624999 0.52843051875 0.6567030218750001 0.526822665625 0.6475844328125
3 0.5845837109375001 0.64868211875 0.5875246828125 0.6472233375 0.5862383999999999 0.6399284656249999 0.58313664375 0.6404753890625 0.5845837109375001 0.64868211875
3 0.5306998609375 0.646900778125 0.527758890625 0.6483595609374999 0.52843051875 0.6567030218750001 0.532307715625 0.65601936875 0.5306998609375 0.646900778125
3 0.532307715625 0.65601936875 0.535409471875 0.6554724453125 0.5341231890625 0.648177571875 0.5310214328125 0.6487244953125 0.532307715625 0.65601936875
3 0.5387758234375 0.6473571875 0.534898628125 0.6480408421875 0.536345696875 0.6562475734375 0.5402228921875001 0.65556391875 0.5387758234375 0.6473571875
3 0.54006210625 0.654652059375 0.5439393031249999 0.65396840625 0.5424922343749999 0.6457616749999999 0.5387758234375 0.6473571875 0.54006210625 0.654652059375
3 0.5439393031249999 0.65396840625 0.5478164984375 0.6532847515625 0.5462086453125 0.6441661609375 0.5423314484375 0.644849815625 0.5439393031249999 0.65396840625
3 0.5478164984375 0.6532847515625 0.55169369375 0.652601096875 0.5502466265625 0.644394365625 0.5463694296875 0.6450780203125001 0.5478164984375 0.6532847515625
3 0.553244571875 0.6523276359375 0.55712176875 0.65164398125 0.5556747 0.6434372500000001 0.5519582890625 0.6450327625 0.553244571875 0.6523276359375
3 0.55805799375 0.652419109375 0.5611597500000001 0.6518721859375 0.55877645625 0.6428903265625 0.555513915625 0.642525390625 0.55805799375 0.652419109375
3 0.5616136171874999 0.6499117359375 0.5656515984375 0.6501399421875 0.5642045312499999 0.6419332109375 0.5604881203125001 0.6435287234375 0.5616136171874999 0.6499117359375
3 0.5656515984375 0.6501399421875 0.56875335625 0.64959301875 0.5682425125 0.6421614156250001 0.564365315625 0.64284506875 0.5656515984375 0.6501399421875
3 0.5715050546875 0.6425263515624999 0.5682425125 0.6421614156250001 0.5696895796875 0.650368146875 0.5726305515625 0.6489093640625 0.5715050546875 0.6425263515624999
3 0.5735667765625 0.6496844937499999 0.5766685328125 0.6491375703125 0.5750606796875 0.6400189796875 0.5719589234375 0.640565903125 0.5735667765625 0.6496844937499999
3 0.5772831875 0.6480889796875 0.5805457296875 0.648453915625 0.5797133156250001 0.63919859375 0.5758361203125 0.6398822484375 0.5772831875 0.6480889796875
3 0.58132116875 0.648317184375 0.5845837109375001 0.64868211875 0.5823612046875 0.64061211875 0.579259446875 0.6411590421875 0.58132116875 0.648317184375
3 0.5901155953125 0.6392448109375 0.5862383999999999 0.6399284656249999 0.5884609078125 0.647998465625 0.591401878125 0.6465396828125 0.5901155953125 0.6392448109375
3 0.6444533125 0.639065703125 0.6467796296875 0.6386555109375001 0.6462687859375 0.6312239078124999 0.64300624375 0.6308589718750001 0.6444533125 0.639065703125
3 0.5941535765625 0.6394730140625 0.5901155953125 0.6392448109375 0.5915626640625 0.6474515421875 0.595439859375 0.6467678875 0.5941535765625 0.6394730140625
3 0.5978699875 0.6378775015625 0.5939927921875 0.63856115625 0.595439859375 0.6467678875 0.5993170546875 0.6460842328124999 0.5978699875 0.6378775015625
3 0.6008109578124999 0.63641871875 0.5977092015625 0.6369656421875 0.5993170546875 0.6460842328124999 0.6022580265624999 0.6446254515625001 0.6008109578124999 0.63641871875
3 0.603033465625 0.6444887203125 0.6061352234374999 0.643941796875 0.6054635937499999 0.635598334375 0.6015863984375 0.6362819890625 0.603033465625 0.6444887203125
3 0.6069106625 0.6438050671875 0.61001241875 0.64325814375 0.609501575 0.6358265390625 0.6056243796875 0.6365101937500001 0.6069106625 0.6438050671875
3 0.6124425453125 0.63436775625 0.60856535 0.6350514109375001 0.6098516328125 0.6423462828125001 0.613728828125 0.6416626296875 0.6124425453125 0.63436775625
3 0.61450426875 0.6415258984375 0.6169913703125001 0.6420275656250001 0.615544303125 0.6338208328125 0.6133787703125 0.6351428859375 0.61450426875 0.6415258984375
3 0.617606025 0.640978975 0.6207077812499999 0.6404320515624999 0.618646059375 0.6332739093749999 0.6163197421875 0.6336841015625 0.617606025 0.640978975
3 0.6239703234375 0.6407969875 0.6286229578125 0.639976603125 0.627175890625 0.6317698703125 0.6225232546874999 0.63259025625 0.6239703234375 0.6407969875
3 0.6522646796875 0.647090446875 0.6553664359375 0.6465435234375 0.654534021875 0.637288203125 0.6508176109375 0.638883715625 0.6522646796875 0.647090446875
3 0.62878374375 0.6408884609375 0.6326609390625 0.64020480625 0.630277646875 0.631222946875 0.6264004515625 0.6319066015625 0.62878374375 0.6408884609375
3 0.6325001546875 0.6392929484375001 0.6356019109375 0.638746025 0.6341548421875001 0.6305392921874999 0.6310530859375 0.631086215625 0.6325001546875 0.6392929484375001
3 0.6381928234375 0.6307674984375 0.6350910671875 0.631314421875 0.63637735 0.63860929375 0.63947910625 0.6380623703125 0.6381928234375 0.6307674984375
3 0.6402545453124999 0.637925640625 0.6442925265625 0.63815384375 0.6426846734375 0.629035253125 0.638807478125 0.6297189078125001 0.6402545453124999 0.637925640625