3 0.491835159375 0.936757728125 0.47713350937500004 0.9409733578124999 0.48627525 0.9728543999999999 0.5009769015625001 0.96863876875 0.491835159375 0.936757728125
3 0.080233959375 0.6836203624999999 0.061008726562500004 0.6891331109375 0.070981534375 0.723912428125 0.09020676875 0.71839968125 0.080233959375 0.6836203624999999
3 0.266368371875 0.24862979843750002 0.2505358265625 0.25316970781250003 0.2596775671875 0.2850507484375 0.275233090625 0.27954474687499997 0.266368371875 0.24862979843750002
3 0.57337245625 0.16687095624999998 0.55188543125 0.1730322609375 0.564374246875 0.2123177609375 0.5827456078125001 0.20809538437500003 0.57337245625 0.16687095624999998
3 0.882797978125 0.055143018749999995 0.88118145625 0.0409691703125 0.8402149796874999 0.047488484375 0.8418315015625 0.0616623328125 0.882797978125 0.055143018749999995
0 0.42500369843749997 0.3536977484375 0.4155882828125 0.37208048125 0.502393609375 0.3973747546875 0.5101012765624999 0.3815727640625 0.42500369843749997 0.3536977484375
0 0.430752753125 0.386551628125 0.4227452546875 0.4055761734375 0.5120893953125 0.4311879796875 0.519520040625 0.41441989843749993 0.430752753125 0.386551628125
0 0.43989449374999995 0.41843266718749994 0.430479078125 0.4368154015625 0.52460101875 0.46628483125000003 0.5328855390625 0.44822637812500005 0.43989449374999995 0.41843266718749994
0 0.46438650312499996 0.4825055390625 0.45552512968750003 0.50282045625 0.550223921875 0.530033421875 0.557377546875 0.512299246875 0.46438650312499996 0.4825055390625
0 0.4738052671875 0.515352671875 0.463535975 0.5350257765624999 0.5607735828125 0.5625562765625001 0.56792720625 0.5448221015625 0.4738052671875 0.515352671875
0 0.497720421875 0.58168200625 0.4885820296875 0.6010308328125 0.5728485390625 0.6260075703125 0.581133059375 0.6079491171875 0.497720421875 0.58168200625
0 0.510095209375 0.64191074375 0.5015336671874999 0.6590031062499999 0.585800178125 0.6839798453125 0.5940846984375 0.6659213921875 0.510095209375 0.64191074375
0 0.5158442625 0.6747646234375 0.508967659375 0.6934648906249999 0.59069535625 0.718124096875 0.599533921875 0.7019978265625 0.5158442625 0.6747646234375
0 0.5182006265625 0.7085913390624999 0.5124549203125001 0.726967328125 0.6023759125 0.750322671875 0.6095295375 0.7325884953124999 0.5182006265625 0.7085913390624999
0 0.8389384578125 0.6448504796875 0.8237739875000001 0.6303793328125 0.74604533125 0.7007619109375 0.7629175484374999 0.7126523140625001 0.8389384578125 0.6448504796875
0 0.8192242500000001 0.5846352312499999 0.8037827578125001 0.56919799375 0.7271849984375 0.63925629375 0.7437801921875 0.650180603125 0.8192242500000001 0.5846352312499999
0 0.8134751953125001 0.5517813515625 0.7994416234374999 0.5369859265625 0.72228981875 0.6051120421875 0.7360463687500001 0.618941375 0.8134751953125001 0.5517813515625
0 0.797684915625 0.4967140984375 0.787321053125 0.48191192968749996 0.709638009375 0.5439172125 0.7239714109375 0.55549008125 0.797684915625 0.4967140984375
0 0.7913818171875 0.46192803437499996 0.77734824375 0.4471326109375 0.6962269015625 0.518488028125 0.7136531609375 0.5323106140625 0.7913818171875 0.46192803437499996
0 0.7881715781249999 0.429391690625 0.7735611546875 0.41685272968750003 0.70407140625 0.47755415 0.7198127265625 0.48976883125 0.7881715781249999 0.429391690625
0 0.7576729531249999 0.276080334375 0.7405237140625001 0.263223840625 0.673849803125 0.3252088859375 0.6884602281250001 0.3377478484375 0.7576729531249999 0.276080334375
0 0.7366225921875 0.253887196875 0.7217351468750001 0.24038214375 0.65337629375 0.300759284375 0.6705255328125 0.3136157796875 0.7366225921875 0.253887196875
3 0.10709844375 0.67487156875 0.0901350015625 0.6797357578125001 0.10010781093750001 0.7145150765625 0.1148094609375 0.7102994453125 0.10709844375 0.67487156875
3 0.2755168078125 0.3829705734375 0.270807425 0.36654700625 0.2230327671875 0.3792006421875 0.22661125312500002 0.3959484875 0.2755168078125 0.3829705734375
3 0.2706021703125 0.4042448375 0.26672385625 0.39071954531249997 0.23279697187499998 0.4004479234375 0.23554439062500002 0.41429749375 0.2706021703125 0.4042448375
3 0.1620655640625 1 0.1979618140625 0.991749796875 0.19549141718750002 0.97886631875 0.15847167499999998 0.9863449781250001 0.16118049843749999 1 0.1620655640625 1
3 0.1535080765625 0.9647666718749999 0.15710936874999998 0.97732586875 0.1913132734375 0.9685635843749999 0.18743495937500002 0.95503829375 0.1535080765625 0.9647666718749999
3 0.5040630640625 0.8684287546875 0.49933087656249997 0.8561938359375001 0.46879668125 0.8649493749999999 0.47182112187499997 0.8797650375 0.5040630640625 0.8684287546875
3 0.3338907140625 0.8084900749999999 0.3369151546875 0.8233057359375 0.376196690625 0.8151785203124999 0.37289522656249996 0.799396765625 0.3338907140625 0.8084900749999999
3 0.3351584484375 0.7830339093750001 0.3381600828125 0.8020382187499999 0.3814111578125 0.7906817 0.3775556484375 0.7729677609375 0.3351584484375 0.7830339093750001
3 0.32029380625 0.7653402078125 0.3250031890625 0.781763775 0.36883111562500004 0.7681507921875 0.363267859375 0.7530175953125 0.32029380625 0.7653402078125
3 0.31701514999999997 0.74536980625 0.3211704859375 0.7598611890625 0.3604748296875 0.7475453234375 0.354911571875 0.732412128125 0.31701514999999997 0.74536980625
3 0.315444240625 0.7228186609375 0.318745703125 0.7386004140625 0.3594579625 0.7269263625 0.3561565015625 0.711144609375 0.315444240625 0.7228186609375
3 0.308518678125 0.6986663578125001 0.313228059375 0.7150899234375 0.3539403203125 0.7034158703125 0.350361834375 0.686668025 0.308518678125 0.6986663578125001
3 0.297046725 0.67999981875 0.3014790859375 0.69545729375 0.3523694109375 0.680864728125 0.347660028125 0.6644411609375 0.297046725 0.67999981875
3 0.2895443125 0.6581039796875 0.2942536953125 0.6745275453125 0.336373875 0.6634953046875001 0.33194151562499996 0.64803783125 0.2895443125 0.6581039796875
3 0.48545360000000004 0.760848009375 0.4807214109375 0.7486130906249999 0.439709321875 0.7635096984375 0.4458494296875 0.7763864296875 0.48545360000000004 0.760848009375
3 0.4267120734375 0.7139147203125 0.43142145468750004 0.7303382859374999 0.47326461093749994 0.7183399546875 0.46968612500000007 0.701592109375 0.4267120734375 0.7139147203125
3 0.405589946875 0.653057659375 0.4111532015625 0.6681908546875001 0.4628974 0.6523079171874999 0.458465040625 0.63685044375 0.405589946875 0.653057659375
3 0.2859886328125 0.637167484375 0.2915518890625 0.6523006796875 0.33537981562499997 0.638687696875 0.332355375 0.6238720359375 0.2859886328125 0.637167484375
3 0.28157908125 0.6175213609375 0.28799620937500003 0.6313641859375 0.32616965468750003 0.6193725984375 0.3206064 0.6042394046874999 0.28157908125 0.6175213609375
3 0.2786002515625 0.5943284046875 0.28162469375 0.6091440671874999 0.32346785 0.597145734375 0.3201663859375 0.5813639796875 0.2786002515625 0.5943284046875
3 0.27250575781249997 0.5730743781250001 0.2755301984375 0.5878900390624999 0.3128497703125 0.5771888234375 0.3075635375 0.563021721875 0.27250575781249997 0.5730743781250001
3 0.2638724484375 0.5515028171874999 0.2680277859375 0.5659941984375 0.3143945265625 0.55269875 0.3102391890625 0.5382073671875001 0.2638724484375 0.5515028171874999
3 0.2817971 0.4219452828125 0.277364740625 0.406487809375 0.23665247968749997 0.4181618625 0.24080781718750002 0.43265324375 0.2817971 0.4219452828125
0 0.731450390625 0.21877685468750002 0.7151550249999999 0.2046299890625 0.63684951875 0.27726903125 0.6520139890625 0.291740175 0.731450390625 0.21877685468750002