0 0.4937477671875 0.49485420312499995 0.4905323328125 0.49485420312499995 0.490889603125 0.5120068609375 0.49410503749999996 0.5120068609375 0.4937477671875 0.49485420312499995
1 0.6702393718749999 0.8301886796875 0.6698820999999999 0.7933104625 0.6588067171875001 0.7933104625 0.6595212578125 0.8319039453125001 0.6702393718749999 0.8301886796875
1 0.6030725265625 0.3301886796875 0.6177206140625 0.3310463125 0.618077884375 0.30617495781250004 0.603429796875 0.304459690625 0.6030725265625 0.3301886796875
1 0.6262951046875 0.282161234375 0.611289746875 0.2795883359375 0.611289746875 0.3036020578125 0.62522329375 0.30617495781250004 0.6262951046875 0.282161234375
1 0.6198642375000001 0.3319039453125 0.6320114328125 0.3319039453125 0.6316541625000001 0.307032590625 0.6202215078125 0.30617495781250004 0.6198642375000001 0.3319039453125
1 0.6598785281249999 0.284734134375 0.6434440875 0.2813036015625 0.642729546875 0.30874785625 0.6588067171875001 0.3113207546875 0.6598785281249999 0.284734134375
1 0.6352268671875 0.33447684375 0.6498749546875 0.332761578125 0.6491604140625 0.30617495781250004 0.6341550546875 0.3096054890625 0.6352268671875 0.33447684375
1 0.6509467671875 0.336192109375 0.666309396875 0.3370497421875 0.6666666671875 0.31217838750000004 0.6513040375 0.3113207546875 0.6509467671875 0.336192109375
1 0.556270096875 0.197255575 0.57127545625 0.1981132078125 0.57127545625 0.1715265859375 0.556270096875 0.1715265859375 0.556270096875 0.197255575
1 0.5884244375 0.20068610625 0.603429796875 0.19982847343750001 0.603429796875 0.173241853125 0.5884244375 0.1740994859375 0.5884244375 0.20068610625
1 0.6041443375 0.202401371875 0.61736334375 0.19982847343750001 0.616648803125 0.170668953125 0.603429796875 0.1740994859375 0.6041443375 0.202401371875
1 0.6195069671875 0.20154373906249998 0.634869596875 0.202401371875 0.6352268671875 0.1775300171875 0.619149696875 0.176672384375 0.6195069671875 0.20154373906249998
1 0.6373704890624999 0.202401371875 0.6498749546875 0.20325900468749997 0.650589496875 0.180102915625 0.6377277593749999 0.1775300171875 0.6373704890624999 0.202401371875
1 0.705251875 0.2041166375 0.720257234375 0.20583190468749998 0.720257234375 0.17924528281250002 0.705251875 0.17838765 0.705251875 0.2041166375
1 0.7206145046875 0.20754717031249997 0.7334762421875001 0.208404803125 0.7341907828124999 0.1809605484375 0.720971775 0.180102915625 0.7206145046875 0.20754717031249997
1 0.7370489453125 0.20668953750000002 0.7513397640624999 0.2092624359375 0.7520543046875 0.1835334484375 0.7377634875 0.1809605484375 0.7370489453125 0.20668953750000002
1 0.7520543046875 0.2049742703125 0.7670596640625 0.2092624359375 0.768131475 0.1835334484375 0.7538406578125 0.180102915625 0.7520543046875 0.2049742703125
1 0.71168274375 0.326758146875 0.7263308328125 0.3276157796875 0.7270453734375 0.30188679218750003 0.7120400140625 0.3001715265625 0.71168274375 0.326758146875
1 0.7506252234375 0.28301886718749997 0.735977134375 0.2813036015625 0.735977134375 0.30617495781250004 0.7499106828125 0.307032590625 0.7506252234375 0.28301886718749997
1 0.5877098968750001 0.3310463125 0.60164344375 0.332761578125 0.60164344375 0.30617495781250004 0.5877098968750001 0.30617495781250004 0.5877098968750001 0.3310463125
1 0.5716327265625 0.32847341406249997 0.5837799218749999 0.3310463125 0.585209003125 0.30617495781250004 0.5727045375 0.3036020578125 0.5716327265625 0.32847341406249997
1 0.5559128265625 0.3310463125 0.568060021875 0.3310463125 0.5684172921874999 0.304459690625 0.5559128265625 0.3036020578125 0.5559128265625 0.3310463125
1 0.490889603125 0.3276157796875 0.5055376921875 0.3276157796875 0.5055376921875 0.30102915937499997 0.490889603125 0.30102915937499997 0.490889603125 0.3276157796875
1 0.42693819218750007 0.32161235 0.44051446875 0.323327615625 0.44051446875 0.2984562609375 0.42693819218750007 0.2958833625 0.42693819218750007 0.32161235
1 0.4430153625 0.32161235 0.456591640625 0.32418524843749996 0.45694891093749995 0.29931389375 0.44372990312500005 0.29674099531250003 0.4430153625 0.32161235
1 0.4508753125 0.342195540625 0.46480886093749996 0.3447684390625 0.4655234015625 0.32161235 0.4519471234375 0.31818181874999996 0.4508753125 0.342195540625
1 0.45909253281250006 0.3207547171875 0.4733833515625 0.3224699828125 0.47374062187500005 0.297598628125 0.45909253281250006 0.29674099531250003 0.45909253281250006 0.3207547171875
1 0.47588424375000005 0.32418524843749996 0.4880314390625 0.32418524843749996 0.48874598125 0.3001715265625 0.47588424375000005 0.29931389375 0.47588424375000005 0.32418524843749996
1 0.467309753125 0.345626071875 0.4805287609375 0.3447684390625 0.4805287609375 0.323327615625 0.467309753125 0.3224699828125 0.467309753125 0.345626071875
1 0.4823151125 0.3430531734375 0.49660593124999997 0.34734133749999996 0.4976777421875 0.323327615625 0.4833869234375 0.31989708437500003 0.4823151125 0.3430531734375
1 0.514469453125 0.27358490625 0.49946409375 0.2718696390625 0.49910682343749996 0.2958833625 0.5133976421875001 0.297598628125 0.514469453125 0.27358490625
1 0.53876384375 0.32847341406249997 0.552340121875 0.3310463125 0.5530546625 0.3078902234375 0.539478384375 0.304459690625 0.53876384375 0.32847341406249997
1 0.4976777421875 0.3447684390625 0.5116112890625 0.3481989703125 0.5126831015625 0.3224699828125 0.49946409375 0.3190394515625 0.4976777421875 0.3447684390625
1 0.5080385859375001 0.3276157796875 0.5198285109375 0.326758146875 0.5194712390625 0.30188679218750003 0.5080385859375001 0.30188679218750003 0.5080385859375001 0.3276157796875
1 0.5155412640625 0.3396226421875 0.528760271875 0.3413379078125 0.5298320828125 0.31989708437500003 0.5158985359375 0.3190394515625 0.5155412640625 0.3396226421875
1 0.5284030015625001 0.2744425390625 0.5158985359375 0.27358490625 0.51625580625 0.2984562609375 0.52804573125 0.29931389375 0.5284030015625001 0.2744425390625
1 0.5237584859375 0.326758146875 0.538049303125 0.32933104687500003 0.538049303125 0.302744425 0.52411575625 0.30188679218750003 0.5237584859375 0.326758146875
1 0.5451947125000001 0.2770154375 0.531618434375 0.2761578046875 0.5305466234375 0.30102915937499997 0.5448374421875 0.30188679218750003 0.5451947125000001 0.2770154375
1 0.5634155062499999 0.27787307031249997 0.5491246875 0.2744425390625 0.5469810640625 0.2984562609375 0.561629153125 0.3036020578125 0.5634155062499999 0.27787307031249997
1 0.7656305828125001 0.284734134375 0.7527688453125 0.2838765015625 0.7527688453125 0.3078902234375 0.7652733125 0.30874785625 0.7656305828125001 0.284734134375
1 0.783136834375 0.2873070328125 0.7684887453125 0.2855917671875 0.7677742046875 0.3113207546875 0.781707753125 0.313893653125 0.783136834375 0.2873070328125
1 0.8002858156249999 0.284734134375 0.7827795640625 0.2838765015625 0.7834941046874999 0.30874785625 0.799571275 0.31046312187499997 0.8002858156249999 0.284734134375
1 0.7702750984375 0.8010291593750001 0.769917828125 0.8319039453125001 0.7799214 0.832761578125 0.7802786703125 0.8010291593750001 0.7702750984375 0.8010291593750001
1 0.62915326875 0.8593481984375 0.62915326875 0.8241852484375001 0.6187924265625 0.823327615625 0.618077884375 0.8584905656249999 0.62915326875 0.8593481984375
1 0.628438728125 0.8970840484375 0.6295105390625 0.86277873125 0.6177206140625 0.8610634640624999 0.61736334375 0.8945111499999999 0.628438728125 0.8970840484375
1 0.6673812078125 0.88850771875 0.666309396875 0.9210977703125 0.675598428125 0.9228130359375 0.6766702390625 0.890222984375 0.6673812078125 0.88850771875
1 0.747767059375 0.944253859375 0.7474097890625 0.9116638078125 0.7349053234375 0.9116638078125 0.735977134375 0.9468267578124999 0.747767059375 0.944253859375
1 0.7445516249999999 0.8893653515625 0.7449088953125 0.855060034375 0.7363344046875 0.8542024015624999 0.73526259375 0.8876500859374999 0.7445516249999999 0.8893653515625
1 0.6884601640625 0.836192109375 0.6884601640625 0.8687821609374999 0.697391925 0.86963979375 0.6981064671875 0.837907375 0.6884601640625 0.836192109375
1 0.7466952484375 0.7701543734375 0.747767059375 0.7384219546875 0.7377634875 0.73584905625 0.7370489453125 0.769296740625 0.7466952484375 0.7701543734375
1 0.783851375 0.7770154375 0.777777778125 0.8096054890625 0.787066809375 0.8207547171874999 0.7934976781249999 0.788164665625 0.783851375 0.7770154375
1 0.6305823515625 0.7847341343750001 0.6305823515625 0.7504288171875 0.619149696875 0.7495711828125 0.6187924265625 0.7855917671875 0.6305823515625 0.7847341343750001
1 0.704537334375 0.7049742703125 0.7041800640625 0.7418524875 0.7145409078125 0.7427101203124999 0.714898178125 0.7058319046875 0.704537334375 0.7049742703125
1 0.7491961421875 0.7109777015625001 0.7488388703125 0.680102915625 0.7377634875 0.6809605484375 0.7384780281250001 0.7126929671875 0.7491961421875 0.7109777015625001
1 0.7484816000000001 0.654373928125 0.7488388703125 0.6209262437499999 0.7374062171875 0.6183533453125001 0.7363344046875 0.6526586625 0.7484816000000001 0.654373928125
1 0.6591639875 0.6500857640625 0.645587709375 0.6526586625 0.6463022515625 0.676672384375 0.6591639875 0.67495711875 0.6591639875 0.6500857640625
1 0.6484458734375 0.6792452828125 0.6480886031249999 0.7126929671875 0.6577349046875 0.7144082328125 0.658449446875 0.680102915625 0.6484458734375 0.6792452828125
1 0.6713111828125 0.7135506 0.6713111828125 0.6775300171875 0.6602357984375 0.6775300171875 0.6598785281249999 0.7135506 0.6713111828125 0.7135506
1 0.6698820999999999 0.7504288171875 0.6702393718749999 0.7169811328125 0.6602357984375 0.7161234984375 0.6602357984375 0.7504288171875 0.6698820999999999 0.7504288171875
1 0.6302250796875 0.82161235 0.6305823515625 0.7890222984374999 0.6187924265625 0.7873070328125 0.618077884375 0.8207547171874999 0.6302250796875 0.82161235
1 0.6273669171875 0.7495711828125 0.62915326875 0.7135506 0.6184351546875 0.711835334375 0.616648803125 0.7461406515625 0.6273669171875 0.7495711828125
1 0.7906395140625 0.332761578125 0.8052876031249999 0.33447684375 0.806716684375 0.31217838750000004 0.790996784375 0.30874785625 0.7906395140625 0.332761578125
1 0.773847803125 0.44596912499999997 0.7888531624999999 0.447684390625 0.789567703125 0.42367066875 0.7742050734375 0.4228130359375 0.773847803125 0.44596912499999997
1 0.7763486953125 0.32933104687500003 0.7888531624999999 0.3310463125 0.7888531624999999 0.3113207546875 0.7770632375 0.3096054890625 0.7763486953125 0.32933104687500003
1 0.7599142546875 0.3310463125 0.77456234375 0.3310463125 0.7749196140625 0.307032590625 0.7599142546875 0.30617495781250004 0.7599142546875 0.3310463125
1 0.74312254375 0.32933104687500003 0.758127903125 0.3310463125 0.7584851734375 0.304459690625 0.743837084375 0.3036020578125 0.74312254375 0.32933104687500003
1 0.8456591640625 0.28987993125 0.831725615625 0.2890222984375 0.831725615625 0.31217838750000004 0.8456591640625 0.313893653125 0.8456591640625 0.28987993125
1 0.8235083953125001 0.33447684375 0.8377992140625 0.336192109375 0.838156484375 0.31217838750000004 0.8238656656250001 0.3113207546875 0.8235083953125001 0.33447684375
1 0.8713826359375 0.337907375 0.886745265625 0.3396226421875 0.8871025359375 0.31560891875 0.8717399078125 0.313893653125 0.8713826359375 0.337907375
1 0.969274740625 0.8344768437500001 0.9549839234374999 0.8310463125 0.953554840625 0.8542024015624999 0.9682029296874999 0.8584905656249999 0.969274740625 0.8344768437500001
1 0.807431225 0.44939965624999995 0.8213647734375 0.44939965624999995 0.8213647734375 0.42367066875 0.8070739546875 0.42367066875 0.807431225 0.44939965624999995
1 0.6280814578125 0.71012006875 0.628438728125 0.680102915625 0.619149696875 0.67838765 0.619149696875 0.71012006875 0.6280814578125 0.71012006875
1 0.7734905328125 0.4245283015625 0.7602715250000001 0.4228130359375 0.759556984375 0.4511149234375 0.7731332625 0.453687821875 0.7734905328125 0.4245283015625
1 0.83494105 0.5471698109375 0.83494105 0.58319039375 0.8442300828124999 0.584048028125 0.8449446234375 0.5471698109375 0.83494105 0.5471698109375
1 0.8310110749999999 0.7349914234375 0.8306538046874999 0.7701543734375 0.8410146484375 0.7701543734375 0.8417291890625 0.73584905625 0.8310110749999999 0.7349914234375
1 0.83494105 0.7727272734375 0.8345837796875 0.8164665515625 0.8478027859375 0.8173241859375 0.8488745984375001 0.7744425390624999 0.83494105 0.7727272734375
1 0.6738120750000001 0.44339622656250005 0.6741693468750001 0.405660378125 0.6627366921875 0.40480274375 0.6627366921875 0.44339622656250005 0.6738120750000001 0.44339622656250005
1 0.64487316875 0.44939965624999995 0.6477313328125 0.4133790734375 0.63701321875 0.40823327656249997 0.633797784375 0.444253859375 0.64487316875 0.44939965624999995
1 0.6727402640625 0.48027444218750004 0.6738120750000001 0.4485420234375 0.6630939625 0.44682675781250003 0.662379421875 0.4785591765625 0.6727402640625 0.48027444218750004
1 0.418720971875 0.340480275 0.4333690609375 0.3413379078125 0.43372633125000004 0.3173241859375 0.41943551250000005 0.3147512859375 0.418720971875 0.340480275
1 0.40157199062500004 0.3370497421875 0.41693461875000004 0.3387650078125 0.41729189062499994 0.3147512859375 0.40157199062500004 0.313893653125 0.40157199062500004 0.3370497421875
1 0.38835298281249997 0.345626071875 0.4012147203125 0.33533447656250004 0.39835655625 0.31046312187499997 0.3844230078125 0.32161235 0.38835298281249997 0.345626071875
1 0.329760628125 0.35248713593750003 0.33476241562500003 0.32504288125 0.324401571875 0.313893653125 0.31904251562499997 0.3430531734375 0.329760628125 0.35248713593750003
1 0.34798142187500003 0.21955403125 0.3483386921875 0.1826758140625 0.3358342265625 0.1809605484375 0.33547695625 0.21783876562499999 0.34798142187500003 0.21955403125
1 0.3458377984375 0.2684391078125 0.34619507031249996 0.22641509375000002 0.3344051453125 0.22641509375000002 0.3333333328125 0.265866209375 0.3458377984375 0.2684391078125
1 0.3451232578125 0.3113207546875 0.345480528125 0.282161234375 0.33511968593749997 0.2813036015625 0.33476241562500003 0.31046312187499997 0.3451232578125 0.3113207546875
1 0.3215434078125 0.19897084062499998 0.3344051453125 0.1981132078125 0.3344051453125 0.17495711875 0.32118613749999997 0.17495711875 0.3215434078125 0.19897084062499998
1 0.32118613749999997 0.2384219546875 0.3344051453125 0.24185248750000002 0.33511968593749997 0.21698113281250003 0.32225795 0.21440823281250002 0.32118613749999997 0.2384219546875
1 0.31975705625 0.2813036015625 0.33511968593749997 0.2813036015625 0.33547695625 0.2581475125 0.320471596875 0.2572898796875 0.31975705625 0.2813036015625
1 0.32082886718750003 0.32161235 0.3326187921875 0.323327615625 0.3329760625 0.2933104625 0.320471596875 0.2933104625 0.32082886718750003 0.32161235
1 0.31868524531250003 0.21869639843750002 0.31975705625 0.1809605484375 0.30510896718749997 0.17838765 0.30475169687500003 0.21783876562499999 0.31868524531250003 0.21869639843750002
1 0.12290103593749999 0.31560891875 0.1207574140625 0.34905660312500003 0.13111825625 0.35248713593750003 0.1332618796875 0.3190394515625 0.12290103593749999 0.31560891875
1 0.3147552703125 0.24013722187500003 0.315112540625 0.20583190468749998 0.3043944265625 0.2041166375 0.30403715625 0.2392795890625 0.3147552703125 0.24013722187500003
1 0.31975705625 0.26415094375 0.320471596875 0.2281303609375 0.3076098609375 0.2272727265625 0.30796713124999997 0.26415094375 0.31975705625 0.26415094375
1 0.312611646875 0.2855917671875 0.3129689171875 0.24871355 0.3018935328125 0.24871355 0.3018935328125 0.2838765015625 0.312611646875 0.2855917671875
1 0.3161843515625 0.31560891875 0.31904251562499997 0.275300171875 0.30510896718749997 0.2701543734375 0.3018935328125 0.30874785625 0.3161843515625 0.31560891875
1 0.3090389421875 0.3336192109375 0.30975348281250004 0.304459690625 0.2990353703125 0.304459690625 0.299392640625 0.33533447656250004 0.3090389421875 0.3336192109375
1 0.31868524531250003 0.36277873125000004 0.3201143265625 0.32161235 0.306180778125 0.31989708437500003 0.3054662375 0.3610634640625 0.31868524531250003 0.36277873125000004
1 0.35512683125 0.39965694687500003 0.35512683125 0.4356775296875 0.3654876734375 0.4391080625 0.366202215625 0.4013722125 0.35512683125 0.39965694687500003
1 0.1221864953125 0.35162950312499996 0.1207574140625 0.3842195546875 0.1314755265625 0.386792453125 0.1325473390625 0.35334476875 0.1221864953125 0.35162950312499996
1 0.3726330828125 0.431389365625 0.38656663125 0.4296741 0.38656663125 0.4013722125 0.37227581249999997 0.4013722125 0.3726330828125 0.431389365625
1 0.126473740625 0.7384219546875 0.1268310109375 0.702401371875 0.116112896875 0.7015437390625 0.116112896875 0.737564321875 0.126473740625 0.7384219546875
1 0.060378706250000004 0.2958833625 0.0607359765625 0.2572898796875 0.0468024296875 0.25557461406250004 0.046445159375 0.2958833625 0.060378706250000004 0.2958833625
1 0.0382279390625 0.3053173234375 0.0382279390625 0.3396226421875 0.047874240624999995 0.340480275 0.047516970312500004 0.3053173234375 0.0382279390625 0.3053173234375
1 0.0364415859375 0.3481989703125 0.03679885625 0.38164665468750003 0.045373346875 0.3825042875 0.0460878890625 0.3499142359375 0.0364415859375 0.3481989703125
1 0.0357270453125 0.3927958828125 0.0421579140625 0.42538593437500005 0.051804215625000004 0.4150943390625 0.04573061875 0.3799313890625 0.0357270453125 0.3927958828125
1 0.02357985 0.453687821875 0.0225080390625 0.48970840468750004 0.032511610937500005 0.4931389359375 0.03394069375 0.45454545468749996 0.02357985 0.453687821875
1 0.1254019296875 0.9348198968749999 0.1254019296875 0.9039451109375 0.11539835624999999 0.903087478125 0.11539835624999999 0.9348198968749999 0.1254019296875 0.9348198968749999
1 0.1261164703125 0.8190394515625 0.1261164703125 0.7855917671875 0.114683815625 0.7838765015625 0.114683815625 0.81818181875 0.1261164703125 0.8190394515625
1 0.127902821875 0.6586620921875 0.1286173640625 0.6234991421875 0.11861379062499999 0.6209262437499999 0.11789925000000001 0.657804459375 0.127902821875 0.6586620921875
1 0.10289389062500001 0.355060034375 0.10503751406249999 0.32418524843749996 0.09503394062500001 0.31989708437500003 0.09289031875 0.3507718703125 0.10289389062500001 0.355060034375
1 0.1282600921875 0.619210978125 0.1286173640625 0.584048028125 0.11789925000000001 0.58319039375 0.11754197968749999 0.6183533453125001 0.1282600921875 0.619210978125
1 0.1275455515625 0.5771869640625 0.1286173640625 0.5411663812499999 0.11754197968749999 0.539451115625 0.117184709375 0.57632933125 0.1275455515625 0.5771869640625
1 0.12718828124999998 0.5343053171875 0.1286173640625 0.505145796875 0.11861379062499999 0.501715265625 0.11754197968749999 0.533447684375 0.12718828124999998 0.5343053171875
1 0.1282600921875 0.4974271015625 0.1293319046875 0.4622641515625 0.11897106093750001 0.46054888437499997 0.1182565203125 0.4957118359375 0.1282600921875 0.4974271015625
1 0.09860664531249999 0.43825042812500004 0.098963915625 0.4022298453125 0.0882458015625 0.4013722125 0.0875312609375 0.434819896875 0.09860664531249999 0.43825042812500004
1 0.09967845625 0.40051457968750004 0.100392996875 0.3653516296875 0.088603071875 0.3636363640625 0.08788853125 0.39794168124999996 0.09967845625 0.40051457968750004
1 0.06823865625 0.4022298453125 0.06859592656249999 0.43825042812500004 0.0803858515625 0.4373927953125 0.07967131093749999 0.40051457968750004 0.06823865625 0.4022298453125
1 0.3719185421875 0.421955403125 0.3719185421875 0.396226415625 0.3626295109375 0.39451115 0.3626295109375 0.421955403125 0.3719185421875 0.421955403125
1 0.3704894609375 0.46054888437499997 0.3862093609375 0.4622641515625 0.38656663125 0.43396226406249994 0.3704894609375 0.43396226406249994 0.3704894609375 0.46054888437499997
1 0.395141121875 0.3190394515625 0.40693104687500004 0.3190394515625 0.40728831718749997 0.29502572968749996 0.3947838515625 0.29502572968749996 0.395141121875 0.3190394515625
1 0.4294390859375 0.19039451093749998 0.44372990312500005 0.19039451093749998 0.44372990312500005 0.167238421875 0.4301536265625 0.1663807890625 0.4294390859375 0.19039451093749998
1 0.436941765625 0.644939965625 0.4498035015625 0.6629502578124999 0.4548052875 0.6432247 0.44230082187499997 0.6234991421875 0.436941765625 0.644939965625
1 0.448731690625 0.6457975984375001 0.4598070734375 0.6646655234375001 0.46588067187500004 0.644939965625 0.4548052875 0.6252144078125 0.448731690625 0.6457975984375001
1 0.460521615625 0.650943396875 0.47481243281249996 0.6723842203125 0.48124330156250006 0.6440823328125 0.467309753125 0.6234991421875 0.460521615625 0.650943396875
1 0.47588424375000005 0.6457975984375001 0.485530546875 0.6723842203125 0.49303322656250004 0.6552315609375 0.48374419375000005 0.63036020625 0.47588424375000005 0.6457975984375001
1 0.48481600625 0.6586620921875 0.49553411875000003 0.680102915625 0.5019649875 0.6586620921875 0.4901750625 0.6372212687500001 0.48481600625 0.6586620921875
0 0.4923186859375 0.3953687828125 0.49267595625 0.405660378125 0.50339406875 0.4039451109375 0.5030367984375 0.3953687828125 0.4923186859375 0.3953687828125
1 0.41264737343749996 0.1878216125 0.4262236515625 0.1869639796875 0.42586638125 0.1629502578125 0.412290103125 0.163807890625 0.41264737343749996 0.1878216125
1 0.444801715625 0.19125214375 0.4583779921875 0.189536878125 0.458020721875 0.167238421875 0.44408717343750004 0.1680960546875 0.444801715625 0.19125214375
1 0.46087888593750004 0.8619210984375 0.4458735265625 0.8593481984375 0.446230796875 0.883361921875 0.46016434375 0.8859348203125 0.46087888593750004 0.8619210984375
1 0.460521615625 0.1921097765625 0.47445516249999997 0.1946826765625 0.475169703125 0.1723842203125 0.4615934265625 0.1680960546875 0.460521615625 0.1921097765625
1 0.4012147203125 0.27101200625 0.3879957125 0.26929674062500003 0.387281171875 0.28987993125 0.400500178125 0.2933104625 0.4012147203125 0.27101200625
1 0.41729189062499994 0.2701543734375 0.40407288281250003 0.2684391078125 0.403001071875 0.291595196875 0.41657734843750005 0.2933104625 0.41729189062499994 0.2701543734375
1 0.4333690609375 0.27358490625 0.4197927828125 0.2718696390625 0.4197927828125 0.29502572968749996 0.433011790625 0.29502572968749996 0.4333690609375 0.27358490625
1 0.4505180421875 0.27358490625 0.4355126828125 0.2701543734375 0.43479814218749996 0.2933104625 0.44944623124999994 0.29674099531250003 0.4505180421875 0.27358490625
1 0.46516613125 0.2701543734375 0.4512325828125 0.2701543734375 0.4508753125 0.29502572968749996 0.46516613125 0.29502572968749996 0.46516613125 0.2701543734375
1 0.4976777421875 0.27272727343750003 0.483029653125 0.27101200625 0.483029653125 0.297598628125 0.497320471875 0.29674099531250003 0.4976777421875 0.27272727343750003
1 0.446230796875 0.7855917671875 0.4598070734375 0.7924528296875 0.46195069687499996 0.7701543734375 0.44837441875 0.762435678125 0.446230796875 0.7855917671875
1 0.4197927828125 0.8576329328125001 0.40478742343749996 0.8559176671875001 0.40407288281250003 0.8799313890624999 0.41943551250000005 0.883361921875 0.4197927828125 0.8576329328125001
1 0.388710253125 0.43396226406249994 0.3879957125 0.46483705000000003 0.39621293281250003 0.46483705000000003 0.396570203125 0.434819896875 0.388710253125 0.43396226406249994
1 0.4587352625 0.4391080625 0.44408717343750004 0.4356775296875 0.4433726328125 0.45626072031250003 0.4576634515625 0.46054888437499997 0.4587352625 0.4391080625
1 0.3869239015625 0.4022298453125 0.38656663125 0.42710119999999996 0.3958556625 0.42795883437500004 0.396570203125 0.40308747812499995 0.3869239015625 0.4022298453125
1 0.40550196562499996 0.393653515625 0.3915684171875 0.39022298437499997 0.391211146875 0.4150943390625 0.404430153125 0.4176672390625 0.40550196562499996 0.393653515625
1 0.41050375156249996 0.431389365625 0.412290103125 0.396226415625 0.400500178125 0.3927958828125 0.3987138265625 0.4262435671875 0.41050375156249996 0.431389365625
1 0.41014648125 0.46483705000000003 0.41157556250000005 0.43224699843750003 0.4008574484375 0.43053173281249996 0.40014290781249995 0.463121784375 0.41014648125 0.46483705000000003
1 0.4151482671875 0.44682675781250003 0.42979635624999996 0.44682675781250003 0.42979635624999996 0.4228130359375 0.4151482671875 0.4228130359375 0.4151482671875 0.44682675781250003
1 0.430510896875 0.3953687828125 0.4315827078125 0.4288164671875 0.4430153625 0.42710119999999996 0.44230082187499997 0.393653515625 0.430510896875 0.3953687828125
1 0.4308681671875 0.43224699843750003 0.43122543750000003 0.46483705000000003 0.4433726328125 0.46397941718749997 0.4433726328125 0.43224699843750003 0.4308681671875 0.43224699843750003
1 0.45158985312500005 0.440823328125 0.46695248281249996 0.43996569531249996 0.46695248281249996 0.41595197187500005 0.45158985312500005 0.4176672390625 0.45158985312500005 0.440823328125
1 0.40693104687500004 0.8653516296875001 0.3969274734375 0.8430531734375 0.3901393359375 0.8610634640624999 0.3997856375 0.883361921875 0.40693104687500004 0.8653516296875001
1 0.475169703125 0.4373927953125 0.460521615625 0.43653516249999996 0.46123615625000003 0.45540308749999997 0.47481243281249996 0.45540308749999997 0.475169703125 0.4373927953125
1 0.47588424375000005 0.4013722125 0.46123615625000003 0.3970840484375 0.46016434375 0.4202401375 0.47445516249999997 0.4245283015625 0.47588424375000005 0.4013722125
1 0.4598070734375 0.3953687828125 0.44444444375 0.3970840484375 0.44551625625 0.421955403125 0.46016434375 0.42109777031249995 0.4598070734375 0.3953687828125
0 0.47374062187500005 0.5703259 0.47374062187500005 0.581475128125 0.4880314390625 0.5806174953125 0.4880314390625 0.5711835328125 0.47374062187500005 0.5703259
1 0.46945337656249997 0.5008576328125 0.46873883593750004 0.46397941718749997 0.45730618125 0.466552315625 0.4583779921875 0.5 0.46945337656249997 0.5008576328125
1 0.41443372656250005 0.7041166375000001 0.4255091109375 0.7281303609374999 0.43265451875 0.7109777015625001 0.42086459375 0.6852487140625 0.41443372656250005 0.7041166375000001
1 0.3997856375 0.836192109375 0.39907109687500003 0.7984562609375 0.38835298281249997 0.8001715265625 0.38835298281249997 0.836192109375 0.3997856375 0.836192109375
1 0.6702393718749999 0.791595196875 0.6705966421875 0.7555746140624999 0.6588067171875001 0.7538593484375 0.658449446875 0.791595196875 0.6702393718749999 0.791595196875
1 0.6480886031249999 0.7933104625 0.6470167921875001 0.8276157796874999 0.6577349046875 0.8284734140625 0.658449446875 0.7941680953125 0.6480886031249999 0.7933104625
3 0.9792783140625 0.9228130359375 0.9792783140625 0.9288164671875 0.9853519109375 0.9288164671875 0.9853519109375 0.921955403125 0.9792783140625 0.9228130359375
1 0.6470167921875001 0.756432246875 0.646659521875 0.7873070328125 0.6555912828125 0.788164665625 0.6563058234375 0.7572898796875001 0.6470167921875001 0.756432246875
3 0.5276884609375 0.7924528296875 0.5284030015625001 0.8001715265625 0.53483386875 0.8001715265625 0.5344765984375 0.791595196875 0.5276884609375 0.7924528296875
3 0.5273311890625 0.8010291593750001 0.5276884609375 0.8096054890625 0.53483386875 0.8087478562499999 0.5351911390625 0.8018867921874999 0.5273311890625 0.8010291593750001
3 0.52804573125 0.8096054890625 0.52804573125 0.81818181875 0.5351911390625 0.81818181875 0.5351911390625 0.810463121875 0.52804573125 0.8096054890625
3 0.52804573125 0.8173241859375 0.5276884609375 0.826758146875 0.5344765984375 0.826758146875 0.5344765984375 0.8173241859375 0.52804573125 0.8173241859375
3 0.5337620578125 0.836192109375 0.5337620578125 0.826758146875 0.52697391875 0.826758146875 0.52697391875 0.836192109375 0.5337620578125 0.836192109375
3 0.5273311890625 0.840480275 0.5276884609375 0.8507718703125 0.53483386875 0.8499142359375 0.53483386875 0.840480275 0.5273311890625 0.840480275
3 0.5276884609375 0.8507718703125 0.5276884609375 0.8584905656249999 0.5344765984375 0.8593481984375 0.534119328125 0.8507718703125 0.5276884609375 0.8507718703125
3 0.5266166484375 0.8584905656249999 0.5266166484375 0.8670668953125 0.534119328125 0.8670668953125 0.5337620578125 0.8593481984375 0.5266166484375 0.8584905656249999
3 0.52697391875 0.8670668953125 0.5273311890625 0.8765008578125 0.534119328125 0.8747855921875001 0.5337620578125 0.8679245281249999 0.52697391875 0.8670668953125
3 0.5491246875 0.6998284734375 0.5487674171875 0.7075471703125 0.5559128265625 0.7092624359374999 0.5555555562500001 0.7015437390625 0.5491246875 0.6998284734375
3 0.548410146875 0.7075471703125 0.5487674171875 0.7161234984375 0.5551982843750001 0.7161234984375 0.55448374375 0.7075471703125 0.548410146875 0.7075471703125
3 0.5480528765625 0.7409948546875 0.548410146875 0.7504288171875 0.5555555562500001 0.7495711828125 0.5555555562500001 0.7409948546875 0.5480528765625 0.7409948546875
3 0.54769560625 0.7315608921875 0.5480528765625 0.740137221875 0.5555555562500001 0.7409948546875 0.5548410140625 0.732418525 0.54769560625 0.7315608921875
3 0.5487674171875 0.7495711828125 0.5491246875 0.7572898796875001 0.5559128265625 0.7572898796875001 0.5559128265625 0.7504288171875 0.5487674171875 0.7495711828125
3 0.5487674171875 0.7847341343750001 0.5491246875 0.7941680953125 0.5555555562500001 0.7933104625 0.5555555562500001 0.7847341343750001 0.5487674171875 0.7847341343750001
3 0.547338334375 0.802744425 0.54769560625 0.8121783875 0.556270096875 0.8121783875 0.556270096875 0.8018867921874999 0.547338334375 0.802744425
3 0.5862808140625 0.7135506 0.5862808140625 0.721269296875 0.59378349375 0.721269296875 0.5934262234375 0.7135506 0.5862808140625 0.7135506
3 0.5276884609375 0.782161234375 0.5273311890625 0.78987993125 0.5344765984375 0.7924528296875 0.5351911390625 0.7847341343750001 0.5276884609375 0.782161234375
3 0.53483386875 0.7813036015625 0.53483386875 0.775300171875 0.5284030015625001 0.7744425390624999 0.52804573125 0.7804459687499999 0.53483386875 0.7813036015625
3 0.52804573125 0.76415094375 0.52804573125 0.7727272734375 0.5351911390625 0.7727272734375 0.5351911390625 0.765866209375 0.52804573125 0.76415094375
3 0.53483386875 0.6869639796875 0.53483386875 0.680102915625 0.5276884609375 0.6792452828125 0.5276884609375 0.686106346875 0.53483386875 0.6869639796875
3 0.5155412640625 0.5583190390625 0.5187566984374999 0.5583190390625 0.5187566984374999 0.542881646875 0.5155412640625 0.542881646875 0.5155412640625 0.5583190390625
3 0.53197570625 0.5420240140625 0.5284030015625001 0.542881646875 0.52804573125 0.5608919375 0.53197570625 0.561749571875 0.53197570625 0.5420240140625
3 0.506609503125 0.6020583187499999 0.5098249375 0.6037735843750001 0.510539478125 0.5883361921875 0.50732404375 0.587478559375 0.506609503125 0.6020583187499999
3 0.514469453125 0.5866209265625 0.5108967484375 0.5866209265625 0.510539478125 0.6037735843750001 0.5137549124999999 0.60548885 0.514469453125 0.5866209265625
3 0.5141121828124999 0.6046312171875 0.5173276171875 0.60548885 0.5176848875 0.587478559375 0.5148267234375 0.58576329375 0.5141121828124999 0.6046312171875
3 0.5176848875 0.6029159515625 0.5212575921875 0.6029159515625 0.5216148625 0.587478559375 0.5180421578125001 0.587478559375 0.5176848875 0.6029159515625
3 0.5255448375 0.60548885 0.5291175421875 0.60548885 0.5291175421875 0.587478559375 0.5251875671875 0.587478559375 0.5255448375 0.60548885
3 0.52804573125 0.6878216125 0.5284030015625001 0.6963979421875 0.53590568125 0.695540309375 0.535548409375 0.6878216125 0.52804573125 0.6878216125
3 0.5276884609375 0.7572898796875001 0.52804573125 0.76415094375 0.53590568125 0.7650085765625 0.53590568125 0.7572898796875001 0.5276884609375 0.7572898796875001
3 0.5284030015625001 0.6963979421875 0.5284030015625001 0.7041166375000001 0.5351911390625 0.7049742703125 0.53483386875 0.6963979421875 0.5284030015625001 0.6963979421875
3 0.5284030015625001 0.7049742703125 0.52804573125 0.711835334375 0.535548409375 0.711835334375 0.535548409375 0.7058319046875 0.5284030015625001 0.7049742703125
3 0.5284030015625001 0.7135506 0.5284030015625001 0.7204116640625 0.5362629515624999 0.721269296875 0.53590568125 0.7135506 0.5284030015625001 0.7135506
3 0.528760271875 0.721269296875 0.5284030015625001 0.72898799375 0.535548409375 0.730703259375 0.5351911390625 0.7229845625 0.528760271875 0.721269296875
3 0.52804573125 0.730703259375 0.52804573125 0.7392795890625 0.5351911390625 0.7392795890625 0.53483386875 0.7315608921875 0.52804573125 0.730703259375
3 0.52697391875 0.7392795890625 0.5276884609375 0.7478559171875 0.5351911390625 0.74871355 0.5351911390625 0.740137221875 0.52697391875 0.7392795890625
3 0.5351911390625 0.756432246875 0.53483386875 0.7504288171875 0.5273311890625 0.74871355 0.5273311890625 0.756432246875 0.5351911390625 0.756432246875
3 0.5862808140625 0.698970840625 0.5862808140625 0.7066895375 0.593068953125 0.7092624359374999 0.593068953125 0.7032590046875 0.5862808140625 0.698970840625
3 0.58592354375 0.689536878125 0.58592354375 0.6963979421875 0.5927116828125001 0.697255575 0.5927116828125001 0.689536878125 0.58592354375 0.689536878125
3 0.5855662734375 0.6792452828125 0.5855662734375 0.6878216125 0.5934262234375 0.6878216125 0.59378349375 0.6792452828125 0.5855662734375 0.6792452828125
3 0.9478385140625001 0.9433962265625 0.95141121875 0.9433962265625 0.9517684890625 0.9271012000000001 0.9478385140625001 0.9253859343749999 0.9478385140625001 0.9433962265625
3 0.8417291890625 0.5883361921875 0.8417291890625 0.5977701546875 0.8488745984375001 0.5986277875 0.848517328125 0.5900514578125 0.8417291890625 0.5883361921875
3 0.840657378125 0.6020583187499999 0.840657378125 0.60806175 0.8478027859375 0.6106346484375 0.848517328125 0.6029159515625 0.840657378125 0.6020583187499999
3 0.8270811 0.8533447687500001 0.8270811 0.845626071875 0.8199356906249999 0.8464837046874999 0.8206502328124999 0.8533447687500001 0.8270811 0.8533447687500001
3 0.8210075031249999 0.8747855921875001 0.8202929625 0.8825042875 0.8274383703125 0.8850771875 0.8281529125 0.8782161234375 0.8210075031249999 0.8747855921875001
3 0.9396212937499999 0.8825042875 0.9360485890625 0.8825042875 0.936405859375 0.899656946875 0.9392640234374999 0.8987993140625001 0.9396212937499999 0.8825042875
3 0.9431939984375 0.8816466546875 0.9396212937499999 0.883361921875 0.9396212937499999 0.8987993140625001 0.9428367281250001 0.8987993140625001 0.9431939984375 0.8816466546875
3 0.94355126875 0.9425385937499999 0.9471239734375001 0.9425385937499999 0.9471239734375001 0.9262435671875 0.94355126875 0.9262435671875 0.94355126875 0.9425385937499999
3 0.9596284390625 0.9433962265625 0.9632011437499999 0.9433962265625 0.9635584140625 0.9288164671875 0.9599857093749999 0.9271012000000001 0.9596284390625 0.9433962265625
3 0.70382279375 0.6012006859375 0.7034655234375 0.609777015625 0.7120400140625 0.61149228125 0.7120400140625 0.6029159515625 0.70382279375 0.6012006859375
3 0.956055734375 0.9433962265625 0.9596284390625 0.9425385937499999 0.95927116875 0.9262435671875 0.95534119375 0.9262435671875 0.956055734375 0.9433962265625
3 0.9389067531249999 0.9451114921875 0.9421221859375001 0.9459691250000001 0.9424794562500001 0.9279588343749999 0.9389067531249999 0.9262435671875 0.9389067531249999 0.9451114921875
3 0.950696678125 0.8816466546875 0.9474812437500001 0.8816466546875 0.9474812437500001 0.9005145796875 0.95141121875 0.9005145796875 0.950696678125 0.8816466546875
3 0.8010003578125 0.6157804453125 0.7999285453125 0.622641509375 0.8063594140625 0.6234991421875 0.8070739546875 0.6174957125 0.8010003578125 0.6157804453125
3 0.7892104328125 0.663807890625 0.7888531624999999 0.6715265859375 0.796355840625 0.673241853125 0.7967131125 0.66552315625 0.7892104328125 0.663807890625
3 0.789567703125 0.680102915625 0.7892104328125 0.6886792453125 0.7959985703125 0.689536878125 0.796355840625 0.6818181812499999 0.789567703125 0.680102915625
3 0.789567703125 0.6921097765625001 0.7892104328125 0.7006861062499999 0.7959985703125 0.6998284734375 0.7959985703125 0.6938250421875 0.789567703125 0.6921097765625001
3 0.6430868171874999 0.5643224703125 0.6420150046875001 0.5711835328125 0.649517684375 0.5754716984375 0.6502322265625 0.5677530015625 0.6430868171874999 0.5643224703125
3 0.6705966421875 0.826758146875 0.6745266171875001 0.8284734140625 0.6748838875 0.8078902234375 0.6709539125 0.807032590625 0.6705966421875 0.826758146875
3 0.58592354375 0.6698113203125 0.58592354375 0.67838765 0.593068953125 0.67838765 0.5927116828125001 0.6698113203125 0.58592354375 0.6698113203125
3 0.5459092531249999 0.8927958828125 0.5459092531249999 0.903087478125 0.5548410140625 0.9022298453125 0.5555555562500001 0.8936535156250001 0.5459092531249999 0.8927958828125
3 0.586638084375 0.6500857640625 0.58699535625 0.6603773578125 0.5948553046875 0.6603773578125 0.594498034375 0.650943396875 0.586638084375 0.6500857640625
3 0.58592354375 0.6406518015625 0.586638084375 0.6475128640625 0.5941407640625 0.64665523125 0.59378349375 0.6389365359375 0.58592354375 0.6406518015625
3 0.54769560625 0.8447684390625 0.547338334375 0.8524871359375 0.5551982843750001 0.8524871359375 0.5548410140625 0.8447684390625 0.54769560625 0.8447684390625
3 0.5469810640625 0.851629503125 0.54662379375 0.8584905656249999 0.5548410140625 0.8593481984375 0.5548410140625 0.851629503125 0.5469810640625 0.851629503125
3 0.5469810640625 0.8584905656249999 0.54662379375 0.8679245281249999 0.5551982843750001 0.8687821609374999 0.5548410140625 0.8584905656249999 0.5469810640625 0.8584905656249999
3 0.5469810640625 0.8679245281249999 0.5469810640625 0.877358490625 0.5548410140625 0.8765008578125 0.5548410140625 0.8687821609374999 0.5469810640625 0.8679245281249999
3 0.547338334375 0.877358490625 0.54769560625 0.8859348203125 0.5541264734375 0.8859348203125 0.55448374375 0.8765008578125 0.547338334375 0.877358490625
3 0.61343336875 0.7109777015625001 0.6130760984375 0.7041166375000001 0.6070025015625 0.7075471703125 0.607359771875 0.7144082328125 0.61343336875 0.7109777015625001
3 0.603429796875 0.589193825 0.603429796875 0.5823327609375 0.596998928125 0.584048028125 0.5973561984375 0.5909090906250001 0.603429796875 0.589193825
3 0.6130760984375 0.6921097765625001 0.612718828125 0.6826758140625 0.6045016078125001 0.6852487140625 0.604858878125 0.6938250421875 0.6130760984375 0.6921097765625001
3 0.61343336875 0.6809605484375 0.612718828125 0.673241853125 0.606287959375 0.6758147515624999 0.6070025015625 0.68439108125 0.61343336875 0.6809605484375
3 0.6116470171875 0.66552315625 0.6102179343749999 0.65608919375 0.603429796875 0.6612349921875 0.6045016078125001 0.6689536875 0.6116470171875 0.66552315625
3 0.6102179343749999 0.650943396875 0.608788853125 0.6432247 0.602357984375 0.6483704968749999 0.6041443375 0.65608919375 0.6102179343749999 0.650943396875
3 0.6077170421875 0.626072040625 0.6070025015625 0.616638078125 0.5991425515625 0.6183533453125001 0.5998570921875 0.6269296734375 0.6077170421875 0.626072040625
3 0.6162915328125 0.596912521875 0.6145051796875001 0.589193825 0.6080743125 0.59519725625 0.6091461234375 0.6037735843750001 0.6162915328125 0.596912521875
3 0.6052161484374999 0.5977701546875 0.604858878125 0.5900514578125 0.5980707390625 0.594339621875 0.598428009375 0.6012006859375 0.6052161484374999 0.5977701546875
3 0.5108967484375 0.5574614062500001 0.514469453125 0.5574614062500001 0.5148267234375 0.542881646875 0.51125401875 0.5420240140625 0.5108967484375 0.5574614062500001
3 0.5080385859375001 0.5411663812499999 0.50446588125 0.5411663812499999 0.50446588125 0.5583190390625 0.5080385859375001 0.5583190390625 0.5080385859375001 0.5411663812499999
3 0.50339406875 0.5411663812499999 0.5001786359375 0.5411663812499999 0.50053590625 0.5566037734375 0.50339406875 0.5574614062500001 0.50339406875 0.5411663812499999
3 0.14290818125 0.3722126921875 0.14326545156249998 0.38164665468750003 0.15183994218750002 0.38078902187499997 0.151482671875 0.371355059375 0.14290818125 0.3722126921875
3 0.14683815625000002 0.29674099531250003 0.14683815625000002 0.3036020578125 0.153269025 0.3053173234375 0.1536262953125 0.297598628125 0.14683815625000002 0.29674099531250003
3 0.1529117546875 0.3164665515625 0.153269025 0.30874785625 0.146123615625 0.3078902234375 0.146123615625 0.31560891875 0.1529117546875 0.3164665515625
3 0.15398356562499999 0.326758146875 0.1536262953125 0.31818181874999996 0.1471954265625 0.3190394515625 0.1471954265625 0.3259005140625 0.15398356562499999 0.326758146875
3 0.1536262953125 0.336192109375 0.15398356562499999 0.32847341406249997 0.146123615625 0.32847341406249997 0.146123615625 0.336192109375 0.1536262953125 0.336192109375
3 0.1450518046875 0.3413379078125 0.144694534375 0.34905660312500003 0.15255448437500002 0.35162950312499996 0.1529117546875 0.3430531734375 0.1450518046875 0.3413379078125
3 0.1521972140625 0.35849056562500003 0.1521972140625 0.35248713593750003 0.1457663453125 0.35162950312499996 0.1457663453125 0.35849056562500003 0.1521972140625 0.35849056562500003
3 0.1439799921875 0.36020583125 0.1443372640625 0.3687821609375 0.151482671875 0.36963979375 0.151482671875 0.3619210984375 0.1439799921875 0.36020583125
3 0.1275455515625 0.302744425 0.1268310109375 0.31046312187499997 0.1346909609375 0.31217838750000004 0.13504823125 0.304459690625 0.1275455515625 0.302744425
3 0.1479099671875 0.2770154375 0.1479099671875 0.28301886718749997 0.1543408359375 0.28301886718749997 0.15469810625 0.2761578046875 0.1479099671875 0.2770154375
3 0.127902821875 0.2924528296875 0.1282600921875 0.30102915937499997 0.13504823125 0.30188679218750003 0.1354055015625 0.2933104625 0.127902821875 0.2924528296875
3 0.1275455515625 0.2795883359375 0.12718828124999998 0.2890222984375 0.1346909609375 0.2907375640625 0.1346909609375 0.282161234375 0.1275455515625 0.2795883359375
3 0.1282600921875 0.2701543734375 0.127902821875 0.2770154375 0.1346909609375 0.2795883359375 0.1354055015625 0.2718696390625 0.1282600921875 0.2701543734375
3 0.06788138593750001 0.38593482031250004 0.06538049375 0.38078902187499997 0.06145051875 0.39022298437499997 0.06430868125 0.396226415625 0.06788138593750001 0.38593482031250004
3 0.076813146875 0.6329331046875 0.0735977140625 0.6346483703125 0.07324044375 0.6518010296875001 0.076813146875 0.6526586625 0.076813146875 0.6329331046875
3 0.057163271875 0.91423670625 0.05752054375 0.9065180109375 0.051089675 0.90737564375 0.051089675 0.91423670625 0.057163271875 0.91423670625
3 0.3497677734375 0.9313893656250001 0.3497677734375 0.9228130359375 0.341550553125 0.9228130359375 0.341907825 0.9305317328125 0.3497677734375 0.9313893656250001
3 0.1464808859375 0.28301886718749997 0.1464808859375 0.2907375640625 0.1536262953125 0.2924528296875 0.15398356562499999 0.2855917671875 0.1464808859375 0.28301886718749997
3 0.14683815625000002 0.26758147499999996 0.14683815625000002 0.275300171875 0.1543408359375 0.275300171875 0.1543408359375 0.26758147499999996 0.14683815625000002 0.26758147499999996
3 0.37227581249999997 0.9433962265625 0.3751339765625 0.94939965625 0.379421221875 0.9373927953125 0.3772775984375 0.9322469984374999 0.37227581249999997 0.9433962265625
1 0.67238299375 0.5660377359375001 0.673097534375 0.53173241875 0.662379421875 0.530017153125 0.6616648796875 0.565180103125 0.67238299375 0.5660377359375001
1 0.6473740625 0.7161234984375 0.6480886031249999 0.7521440828125 0.658092175 0.753001715625 0.6577349046875 0.7161234984375 0.6473740625 0.7161234984375
1 0.12468738906250001 0.899656946875 0.125044659375 0.8653516296875001 0.11361200468749999 0.8653516296875001 0.11361200468749999 0.899656946875 0.12468738906250001 0.899656946875
1 0.126473740625 0.7770154375 0.12718828124999998 0.7478559171875 0.1168274390625 0.7461406515625 0.116112896875 0.7761578046875 0.126473740625 0.7770154375
1 0.4905323328125 0.197255575 0.5055376921875 0.1981132078125 0.5058949625 0.1680960546875 0.49124687343750006 0.1663807890625 0.4905323328125 0.197255575
1 0.6420150046875001 0.282161234375 0.628438728125 0.2795883359375 0.6277241874999999 0.30188679218750003 0.6413004640625 0.304459690625 0.6420150046875001 0.282161234375
1 0.6463022515625 0.5 0.646659521875 0.46740994843749994 0.6366559484375001 0.46569468281250004 0.63701321875 0.5 0.6463022515625 0.5
1 0.6741693468750001 0.5222984562499999 0.6741693468750001 0.48627787343750006 0.6627366921875 0.48627787343750006 0.6630939625 0.5231560890625 0.6741693468750001 0.5222984562499999
1 0.7041800640625 0.6475128640625 0.70382279375 0.6809605484375 0.7159699890625 0.6826758140625 0.7163272593750001 0.6483704968749999 0.7041800640625 0.6475128640625
3 0.1471954265625 0.25471698125 0.1471954265625 0.262435678125 0.153269025 0.26415094375 0.1536262953125 0.25557461406250004 0.1471954265625 0.25471698125
1 0.71561271875 0.7718696390625001 0.71561271875 0.7958833624999999 0.7256162921875 0.7967409953125 0.7256162921875 0.7727272734375 0.71561271875 0.7718696390625001
1 0.7163272593750001 0.823327615625 0.7166845296875 0.8593481984375 0.7259735625 0.86020583125 0.7263308328125 0.823327615625 0.7163272593750001 0.823327615625
1 0.74705251875 0.8276157796874999 0.74705251875 0.7984562609375 0.7356198640625 0.797598628125 0.735977134375 0.8276157796874999 0.74705251875 0.8276157796874999
1 0.8356555906249999 0.8190394515625 0.8360128625 0.855060034375 0.8470882453125 0.855060034375 0.8470882453125 0.8198970843750001 0.8356555906249999 0.8190394515625
1 0.769917828125 0.8370497421875 0.769917828125 0.8662092625 0.7809932125 0.8679245281249999 0.7809932125 0.8370497421875 0.769917828125 0.8370497421875
1 0.8788853156249999 0.28987993125 0.8638799578125 0.2907375640625 0.8635226859375 0.31560891875 0.8792425859374999 0.3147512859375 0.8788853156249999 0.28987993125
1 0.8871025359375 0.3413379078125 0.902465165625 0.340480275 0.902465165625 0.3130360203125 0.8874598078125 0.31217838750000004 0.8871025359375 0.3413379078125
3 0.371561271875 0.9674099484375001 0.375491246875 0.9674099484375001 0.3758485171875 0.9511149234375 0.37227581249999997 0.950257290625 0.371561271875 0.9674099484375001
3 0.40264380156249996 0.918524871875 0.403001071875 0.9125214406250001 0.3947838515625 0.9125214406250001 0.3954983921875 0.9193825046875 0.40264380156249996 0.918524871875
3 0.49946409375 0.5420240140625 0.49660593124999997 0.5420240140625 0.49624866093750003 0.5574614062500001 0.49946409375 0.5574614062500001 0.49946409375 0.5420240140625
3 0.458020721875 0.5343053171875 0.4598070734375 0.5385934812500001 0.46588067187500004 0.5325900515625 0.46409431874999996 0.5265866203125 0.458020721875 0.5343053171875
3 0.46981064687499996 0.6012006859375 0.4726688109375 0.6029159515625 0.47374062187500005 0.5883361921875 0.47088245781250004 0.5866209265625 0.46981064687499996 0.6012006859375
3 0.4726688109375 0.6020583187499999 0.47624151406250004 0.6037735843750001 0.4773133265625 0.5866209265625 0.47445516249999997 0.584048028125 0.4726688109375 0.6020583187499999
3 0.4801714890625 0.6029159515625 0.48374419375000005 0.6046312171875 0.4844587359375 0.5883361921875 0.48088603125 0.5866209265625 0.4801714890625 0.6029159515625
3 0.4844587359375 0.6029159515625 0.486959628125 0.6046312171875 0.4880314390625 0.589193825 0.4851732765625 0.5883361921875 0.4844587359375 0.6029159515625
3 0.49910682343749996 0.6029159515625 0.5030367984375 0.6037735843750001 0.50339406875 0.58576329375 0.4998213640625 0.584048028125 0.49910682343749996 0.6029159515625
3 0.5030367984375 0.6046312171875 0.506609503125 0.60548885 0.5069667734375 0.5883361921875 0.50339406875 0.5866209265625 0.5030367984375 0.6046312171875
3 0.46623794218750003 0.5248713546875 0.46516613125 0.516295025 0.4576634515625 0.5231560890625 0.4598070734375 0.530017153125 0.46623794218750003 0.5248713546875
3 0.4583779921875 0.5411663812499999 0.45944980312499994 0.54802744375 0.46623794218750003 0.542881646875 0.4655234015625 0.5351629499999999 0.4583779921875 0.5411663812499999
3 0.4623079671875 0.6012006859375 0.46588067187500004 0.6012006859375 0.46623794218750003 0.584048028125 0.4623079671875 0.584048028125 0.4623079671875 0.6012006859375
3 0.45909253281250006 0.55060034375 0.46016434375 0.5574614062500001 0.467309753125 0.552315609375 0.46588067187500004 0.5454545453125 0.45909253281250006 0.55060034375
3 0.4676670234375 0.54802744375 0.46695248281249996 0.554030875 0.47195426874999996 0.5608919375 0.4733833515625 0.5557461406249999 0.4676670234375 0.54802744375
3 0.46802429375 0.5385934812500001 0.46623794218750003 0.5437392796875 0.47195426874999996 0.5514579765625001 0.4740978921875 0.5454545453125 0.46802429375 0.5385934812500001
3 0.46802429375 0.527444253125 0.46623794218750003 0.5343053171875 0.47195426874999996 0.542881646875 0.4740978921875 0.5360205828125 0.46802429375 0.527444253125
3 0.468381565625 0.517152659375 0.46659521249999997 0.5248713546875 0.4726688109375 0.5325900515625 0.47445516249999997 0.5265866203125 0.468381565625 0.517152659375
3 0.490889603125 0.5257289875 0.4873168984375 0.5248713546875 0.4873168984375 0.5403087484375 0.490889603125 0.539451115625 0.490889603125 0.5257289875
3 0.4958913890625 0.539451115625 0.49267595625 0.5403087484375 0.4923186859375 0.5566037734375 0.4951768484375 0.5566037734375 0.4958913890625 0.539451115625
3 0.46623794218750003 0.6020583187499999 0.46945337656249997 0.6029159515625 0.4701679171875 0.58319039375 0.46623794218750003 0.5806174953125 0.46623794218750003 0.6020583187499999
3 0.4623079671875 0.584048028125 0.4587352625 0.584048028125 0.45909253281250006 0.600343053125 0.4626652375 0.600343053125 0.4623079671875 0.584048028125
3 0.41193283281250004 0.91423670625 0.412290103125 0.9228130359375 0.421221865625 0.92367066875 0.4215791359375 0.9150943390625 0.41193283281250004 0.91423670625
3 0.4794569484375 0.4391080625 0.48374419375000005 0.440823328125 0.48481600625 0.418524871875 0.4805287609375 0.4176672390625 0.4794569484375 0.4391080625
3 0.40907466875000004 0.6740994859375 0.413361915625 0.673241853125 0.4137191859375 0.6492281296875 0.40943194062500005 0.6500857640625 0.40907466875000004 0.6740994859375
3 0.40514469531249997 0.6740994859375 0.40943194062500005 0.67495711875 0.40943194062500005 0.6518010296875001 0.40514469531249997 0.650943396875 0.40514469531249997 0.6740994859375
3 0.41264737343749996 0.6363636359375 0.416220078125 0.6363636359375 0.416220078125 0.6183533453125001 0.41300464375 0.6174957125 0.41264737343749996 0.6363636359375
3 0.393712040625 0.5883361921875 0.3901393359375 0.5883361921875 0.389782065625 0.60806175 0.393712040625 0.6072041171875 0.393712040625 0.5883361921875
3 0.40728831718749997 0.58319039375 0.40728831718749997 0.5917667234375 0.4151482671875 0.59262435625 0.41550553749999997 0.58319039375 0.40728831718749997 0.58319039375
3 0.3844230078125 0.578044596875 0.380850303125 0.5771869640625 0.3804930328125 0.594339621875 0.3844230078125 0.594339621875 0.3844230078125 0.578044596875
3 0.38513754843750003 0.60548885 0.3890675234375 0.606346484375 0.3890675234375 0.5849056609375001 0.38513754843750003 0.58576329375 0.38513754843750003 0.60548885
3 0.4548052875 0.507718696875 0.4508753125 0.505145796875 0.44908896093750006 0.518867925 0.45230439375 0.5214408234375 0.4548052875 0.507718696875
3 0.4548052875 0.5994854203125 0.4583779921875 0.6012006859375 0.4583779921875 0.58576329375 0.4551625578125 0.584048028125 0.4548052875 0.5994854203125
3 0.44551625625 0.5120068609375 0.44372990312500005 0.5197255578125 0.448731690625 0.5283018875 0.4512325828125 0.5222984562499999 0.44551625625 0.5120068609375
3 0.44551625625 0.5231560890625 0.44372990312500005 0.530017153125 0.448731690625 0.5377358484375 0.4505180421875 0.5325900515625 0.44551625625 0.5231560890625
3 0.44408717343750004 0.533447684375 0.4433726328125 0.5385934812500001 0.448731690625 0.5471698109375 0.4505180421875 0.5420240140625 0.44408717343750004 0.533447684375
3 0.4433726328125 0.5403087484375 0.44230082187499997 0.54802744375 0.44908896093750006 0.5566037734375 0.4505180421875 0.5514579765625001 0.4433726328125 0.5403087484375
3 0.44408717343750004 0.55060034375 0.44265809218749996 0.5566037734375 0.44837441875 0.5660377359375001 0.4505180421875 0.559176671875 0.44408717343750004 0.55060034375
3 0.44765987812499997 0.6012006859375 0.4512325828125 0.6020583187499999 0.45158985312500005 0.584048028125 0.44765987812499997 0.58319039375 0.44765987812499997 0.6012006859375
3 0.4512325828125 0.600343053125 0.4548052875 0.6012006859375 0.4548052875 0.584048028125 0.4512325828125 0.58319039375 0.4512325828125 0.600343053125
1 0.0625223296875 0.2632933109375 0.0646659515625 0.2281303609375 0.053233296875 0.22469982812499997 0.052161485937499995 0.25986277812499997 0.0625223296875 0.2632933109375