3 0.2637305703125 0.491611590625 0.2632124359375 0.4936451453125 0.2678756484375 0.494661921875 0.2683937828125 0.49211997968750004 0.2637305703125 0.491611590625
3 0.2678756484375 0.47585154999999996 0.2673575125 0.4778851046875 0.27150259062500004 0.47890188125 0.272538859375 0.477376715625 0.2678756484375 0.47585154999999996
3 0.26891191718749996 0.47330960781250003 0.2683937828125 0.4753431625 0.2730569953125 0.476868328125 0.2740932640625 0.47483477343749997 0.26891191718749996 0.47330960781250003
3 0.26994818593750003 0.4707676671875 0.26891191718749996 0.47330960781250003 0.2740932640625 0.47483477343749997 0.275129534375 0.4728012203125 0.26994818593750003 0.4707676671875
3 0.27046632187499997 0.4677173359375 0.26994818593750003 0.470259278125 0.2746113984375 0.47178444375 0.275129534375 0.4692425015625 0.27046632187499997 0.4677173359375
3 0.27150259062500004 0.46314184062499997 0.27098445625 0.4656837828125 0.2766839375 0.46720894687500003 0.277202071875 0.46466700625 0.27150259062500004 0.46314184062499997
3 0.423834196875 0.567869853125 0.42538860156249997 0.5658362984374999 0.4207253890625 0.5612608031249999 0.41865284999999997 0.5638027453125 0.423834196875 0.567869853125
3 0.43316062187500004 0.5780376203125 0.4352331609375 0.5765124562499999 0.4305699484375 0.5724453484375001 0.42849740937499997 0.5739705140625 0.43316062187500004 0.5780376203125
3 0.46165803125 0.547534315625 0.4626943 0.5444839859374999 0.45595854999999996 0.5429588203125 0.4554404140625 0.5460091515625 0.46165803125 0.547534315625
3 0.4673575125 0.5480427046874999 0.46787564843749996 0.5460091515625 0.462176165625 0.5449923734375 0.46165803125 0.547534315625 0.4673575125 0.5480427046874999
3 0.4766839375 0.550584646875 0.47772020781249996 0.5480427046874999 0.47046632187500004 0.5465175390625 0.4699481859375 0.54905948125 0.4766839375 0.550584646875
3 0.490155440625 0.5526182000000001 0.490155440625 0.550584646875 0.4839378234375 0.54905948125 0.48290155468749996 0.5516014234375 0.490155440625 0.5526182000000001
3 0.4984455953125 0.5546517546875 0.49896373125000004 0.5526182000000001 0.49274611406249996 0.5516014234375 0.49274611406249996 0.5536349765625 0.4984455953125 0.5546517546875
3 0.508808290625 0.5571936953125001 0.509326425 0.554143365625 0.5015544046875 0.5531265890625 0.50103626875 0.55566853125 0.508808290625 0.5571936953125001
3 0.51968911875 0.5587188609375 0.5202072531249999 0.5561769187500001 0.514507771875 0.55566853125 0.513471503125 0.5587188609375 0.51968911875 0.5587188609375
3 0.49430051875 0.5673614640625 0.4968911921875 0.567869853125 0.49740932656250003 0.5622775796874999 0.494818653125 0.5622775796874999 0.49430051875 0.5673614640625
3 0.48756476718749997 0.5602440265624999 0.48549222812500004 0.55922725 0.4834196890625 0.564311134375 0.48549222812500004 0.5653279109375 0.48756476718749997 0.5602440265624999
3 0.4502590671875 0.6456532796875 0.45233160625 0.64717844375 0.45595854999999996 0.643619725 0.45440414531249995 0.6426029484375 0.4502590671875 0.6456532796875
3 0.542487046875 0.641586171875 0.5430051812500001 0.6390442296875001 0.5357512953125 0.6380274531250001 0.5357512953125 0.6405693953125 0.542487046875 0.641586171875
3 0.5031088078125 0.7132689375 0.5025906734375 0.7163192671874999 0.509326425 0.7173360453125001 0.5098445593750001 0.7142857140625 0.5031088078125 0.7132689375
3 0.571502590625 0.72394509375 0.571502590625 0.7264870359375 0.5772020718750001 0.7264870359375 0.5772020718750001 0.72394509375 0.571502590625 0.72394509375
3 0.648186528125 0.6542958828125001 0.6461139890625 0.6532791046875001 0.6445595859375 0.6583629890625 0.647150259375 0.6583629890625 0.648186528125 0.6542958828125001
3 0.5792746109375 0.5704117953125001 0.579792746875 0.567869853125 0.5735751296875 0.5673614640625 0.5735751296875 0.56990340625 0.5792746109375 0.5704117953125001
3 0.585492228125 0.5709201828125 0.58497409375 0.5729537359375 0.590155440625 0.5739705140625 0.5906735750000001 0.5714285718750001 0.585492228125 0.5709201828125
3 0.2626943 0.4941535328125 0.262176165625 0.49618708749999996 0.2678756484375 0.49720386406249995 0.2678756484375 0.494661921875 0.2626943 0.4941535328125
3 0.2647668390625 0.4885612609375 0.2642487046875 0.49110320312500005 0.26994818593750003 0.49211997968750004 0.27046632187499997 0.4895780375 0.2647668390625 0.4885612609375
3 0.2445595859375 0.48093543437499997 0.24559585468749998 0.4783934921875 0.238860103125 0.476868328125 0.23834196875 0.4799186578125 0.2445595859375 0.48093543437499997
3 0.26632124375 0.4834773765625 0.2652849734375 0.4855109296875 0.27046632187499997 0.48703609531250003 0.27150259062500004 0.48500254218750005 0.26632124375 0.4834773765625
3 0.246632125 0.4763599390625 0.24559585468749998 0.47890188125 0.2512953375 0.48093543437499997 0.25233160625 0.4783934921875 0.246632125 0.4763599390625
3 0.2487046625 0.4707676671875 0.24766839375 0.47330960781250003 0.253367875 0.4753431625 0.2544041453125 0.4728012203125 0.2487046625 0.4707676671875
3 0.24974093281249998 0.46822572500000004 0.24974093281249998 0.4707676671875 0.25492227968750003 0.47178444375 0.2554404140625 0.4692425015625 0.24974093281249998 0.46822572500000004
3 0.2512953375 0.463650228125 0.2507772015625 0.4656837828125 0.25595855 0.46619217031250004 0.25595855 0.46466700625 0.2512953375 0.463650228125
3 0.2502590671875 0.4656837828125 0.2502590671875 0.46314184062499997 0.2445595859375 0.4621250640625 0.24404145000000002 0.46415861718749996 0.2502590671875 0.4656837828125
3 0.24818652812500003 0.46975088906250007 0.2487046625 0.46720894687500003 0.243523315625 0.46619217031250004 0.24300518124999998 0.46873411249999997 0.24818652812500003 0.46975088906250007
3 0.246632125 0.473817996875 0.24766839375 0.4707676671875 0.24300518124999998 0.46975088906250007 0.24196891250000002 0.47229283125 0.246632125 0.473817996875
3 0.251813471875 0.46009150937500004 0.2507772015625 0.4626334515625 0.25595855 0.46415861718749996 0.25699481875 0.461616675 0.251813471875 0.46009150937500004
3 0.251813471875 0.4575495671875 0.2512953375 0.46009150937500004 0.25699481875 0.4605998984375 0.257512953125 0.45805795624999995 0.251813471875 0.4575495671875
3 0.252849740625 0.45399084843750004 0.252849740625 0.456024403125 0.257512953125 0.456532790625 0.257512953125 0.45399084843750004 0.252849740625 0.45399084843750004
3 0.25388601093749996 0.4504321296875 0.252849740625 0.452465684375 0.2580310875 0.45399084843750004 0.25854922343750003 0.45195729531250006 0.25388601093749996 0.4504321296875
3 0.25492227968750003 0.44839857656250004 0.2544041453125 0.4504321296875 0.2590673578125 0.45094051874999996 0.2595854921875 0.449415353125 0.25492227968750003 0.44839857656250004
3 0.253367875 0.4499237421875 0.25388601093749996 0.4478901875 0.2487046625 0.4468734109375 0.24818652812500003 0.448906965625 0.253367875 0.4499237421875
3 0.27098445625 0.45195729531250006 0.27150259062500004 0.449415353125 0.265803109375 0.4478901875 0.2652849734375 0.4504321296875 0.27098445625 0.45195729531250006
3 0.26994818593750003 0.4550076265625 0.27046632187499997 0.45297407187500005 0.265803109375 0.45195729531250006 0.2647668390625 0.45399084843750004 0.26994818593750003 0.4550076265625
3 0.26994818593750003 0.45805795624999995 0.27046632187499997 0.456024403125 0.2647668390625 0.4550076265625 0.2642487046875 0.45704117968749997 0.26994818593750003 0.45805795624999995
3 0.26891191718749996 0.4611082875 0.2694300515625 0.45907473281250005 0.2642487046875 0.45805795624999995 0.2637305703125 0.459583121875 0.26891191718749996 0.4611082875
3 0.2678756484375 0.463650228125 0.26891191718749996 0.461616675 0.2632124359375 0.46009150937500004 0.2626943 0.4621250640625 0.2678756484375 0.463650228125
3 0.2678756484375 0.466700559375 0.2683937828125 0.46466700625 0.2626943 0.46415861718749996 0.262176165625 0.46619217031250004 0.2678756484375 0.466700559375
3 0.26683937812499997 0.470259278125 0.2673575125 0.46822572500000004 0.26165803125 0.46720894687500003 0.261139896875 0.4692425015625 0.26683937812499997 0.470259278125
3 0.265803109375 0.4753431625 0.26632124375 0.4728012203125 0.261139896875 0.47178444375 0.2606217609375 0.47432638593750004 0.265803109375 0.4753431625
3 0.2632124359375 0.48144382343750003 0.2637305703125 0.47890188125 0.25699481875 0.4783934921875 0.257512953125 0.48093543437499997 0.2632124359375 0.48144382343750003
3 0.26683937812499997 0.48093543437499997 0.26632124375 0.48296898906249996 0.27150259062500004 0.484494153125 0.272020725 0.4824606 0.26683937812499997 0.48093543437499997
3 0.58134715 0.56278596875 0.5844559578124999 0.56329435625 0.585492228125 0.5582104734375 0.5829015546874999 0.557702084375 0.58134715 0.56278596875
3 0.5844559578124999 0.56329435625 0.5870466328124999 0.5638027453125 0.5880829015625 0.5587188609375 0.585492228125 0.5582104734375 0.5844559578124999 0.56329435625
3 0.5870466328124999 0.5638027453125 0.58963730625 0.564311134375 0.5906735750000001 0.55922725 0.5875647671875 0.5587188609375 0.5870466328124999 0.5638027453125
3 0.590155440625 0.564311134375 0.5927461140625 0.564819521875 0.59430051875 0.5597356375 0.591191709375 0.55922725 0.590155440625 0.564311134375
3 0.8606217609375 0.886629384375 0.8637305703125 0.886629384375 0.8632124359375 0.8820538890625 0.8606217609375 0.8820538890625 0.8606217609375 0.886629384375
3 0.8352331609375 0.8703609562500001 0.8326424875 0.8703609562500001 0.8331606218750001 0.8769700046875 0.8357512953124999 0.8764616171874999 0.8352331609375 0.8703609562500001
3 0.8388601031249999 0.8698525671875 0.8362694296875001 0.8693441796875 0.8352331609375 0.8744280625 0.8378238343750001 0.8749364515625 0.8388601031249999 0.8698525671875
3 0.8409326421875001 0.8688357906249999 0.8388601031249999 0.8688357906249999 0.8388601031249999 0.8734112859375 0.8414507765625 0.8729028984375 0.8409326421875001 0.8688357906249999
3 0.8461139890625 0.8668022375 0.84404145 0.8657854593750001 0.8414507765625 0.8708693437499999 0.8435233156249999 0.8723945093750001 0.8461139890625 0.8668022375
3 0.8487046625 0.8662938484374999 0.846632125 0.8657854593750001 0.8455958546875 0.8703609562500001 0.8481865281250001 0.8703609562500001 0.8487046625 0.8662938484374999
3 0.851813471875 0.865277071875 0.8487046625 0.8647686828125 0.8481865281250001 0.8693441796875 0.8507772015624999 0.8698525671875 0.851813471875 0.865277071875
3 0.8544041453125001 0.8642602953124999 0.851813471875 0.8637519062499999 0.8512953375000001 0.8678190140625001 0.8538860109374999 0.8688357906249999 0.8544041453125001 0.8642602953124999
3 0.9326424875000001 0.851042196875 0.9300518140625 0.851042196875 0.9305699484375 0.85663446875 0.933160621875 0.85663446875 0.9326424875000001 0.851042196875
3 0.8740932640624999 0.7646161671875 0.8740932640624999 0.7671581093750001 0.8813471500000001 0.767666496875 0.8813471500000001 0.7651245546875 0.8740932640624999 0.7646161671875
3 0.7637305703124999 0.6690391453125 0.765803109375 0.6670055921875 0.762176165625 0.662430096875 0.7595854921875 0.66446365 0.7637305703124999 0.6690391453125
3 0.780829015625 0.6710727000000001 0.779792746875 0.6685307578125 0.7740932640625 0.6700559234375 0.775129534375 0.6725978640625 0.780829015625 0.6710727000000001
3 0.7803108812499999 0.66802236875 0.7792746109375 0.6654804265625 0.7735751296875 0.6670055921875 0.7746113984375 0.6690391453125 0.7803108812499999 0.66802236875
3 0.7782383421875 0.6649720390625 0.7782383421875 0.6629384843749999 0.772020725 0.6629384843749999 0.772538859375 0.665988815625 0.7782383421875 0.6649720390625
3 0.7839378234375001 0.669547534375 0.786528496875 0.66802236875 0.7839378234375001 0.6629384843749999 0.78134715 0.6649720390625 0.7839378234375001 0.669547534375
3 0.7854922281250001 0.665988815625 0.7880829015625 0.665988815625 0.7875647671875 0.6609049312499999 0.78497409375 0.6609049312499999 0.7854922281250001 0.665988815625
3 0.7886010359375 0.6654804265625 0.790673575 0.6654804265625 0.7896373062500001 0.6603965421875 0.7875647671875 0.6609049312499999 0.7886010359375 0.6654804265625
3 0.7911917093749999 0.6634468734375 0.7932642484375 0.6634468734375 0.7917098453125 0.6583629890625 0.7891191703125 0.658871378125 0.7911917093749999 0.6634468734375
3 0.7911917093749999 0.66446365 0.7922279796875 0.6670055921875 0.7974093265625 0.66446365 0.79637305625 0.6619217078124999 0.7911917093749999 0.66446365
3 0.7922279796875 0.6664972031249999 0.7932642484375 0.6690391453125 0.7984455953125 0.6670055921875 0.7979274609375 0.66446365 0.7922279796875 0.6664972031249999
3 0.8637305703125 0.886120996875 0.8658031093749999 0.886120996875 0.8658031093749999 0.8805287234374999 0.8632124359375 0.8810371124999999 0.8637305703125 0.886120996875
3 0.8735751296875 0.8820538890625 0.8756476687499999 0.8820538890625 0.875129534375 0.8769700046875 0.8730569953125 0.87747839375 0.8735751296875 0.8820538890625
3 0.8709844562500001 0.8835790546875 0.8735751296875 0.8830706656249999 0.8730569953125 0.8784951703124999 0.8709844562500001 0.8784951703124999 0.8709844562500001 0.8835790546875
3 0.752849740625 0.7681748859375 0.7502590671875 0.7681748859375 0.7497409328125 0.7737671578125 0.752849740625 0.7737671578125 0.752849740625 0.7681748859375
3 0.6067357515625 0.5622775796874999 0.6056994812500001 0.564819521875 0.6124352328125 0.5663446875 0.6129533671875 0.5638027453125 0.6067357515625 0.5622775796874999
3 0.5124352328125 0.4941535328125 0.5124352328125 0.496695475 0.518134715625 0.49720386406249995 0.518134715625 0.494661921875 0.5124352328125 0.4941535328125
3 0.5139896375 0.4885612609375 0.5129533671875001 0.49110320312500005 0.518134715625 0.491611590625 0.5186528499999999 0.4895780375 0.5139896375 0.4885612609375
3 0.5155440421875 0.48042704687500004 0.51502590625 0.48296898906249996 0.5207253890625 0.48398576562500006 0.5212435234374999 0.48195221093749996 0.5155440421875 0.48042704687500004
3 0.5160621765625 0.477376715625 0.5155440421875 0.4799186578125 0.5212435234374999 0.48093543437499997 0.5217616578125 0.4783934921875 0.5160621765625 0.477376715625
0 0.5259067359375 0.725470259375 0.5259067359375 0.7229283171875001 0.518134715625 0.7219115406250001 0.5176165796875 0.7249618703125 0.5259067359375 0.725470259375
0 0.5310880828125 0.718352821875 0.5305699484375 0.720386375 0.5393782390624999 0.7214031515625 0.5398963734375 0.7193695984375 0.5310880828125 0.718352821875
3 0.59430051875 0.8734112859375 0.5917098453125 0.8729028984375 0.591191709375 0.87747839375 0.5937823828125001 0.87798678125 0.59430051875 0.8734112859375
3 0.748186528125 0.7559735640625 0.7497409328125 0.7580071171875 0.7544041453125 0.7559735640625 0.753367875 0.753431621875 0.748186528125 0.7559735640625
3 0.7419689125 0.7646161671875 0.7445595859374999 0.7651245546875 0.7461139890624999 0.760549059375 0.74404145 0.7600406703125 0.7419689125 0.7646161671875
3 0.7 0.8490086421875 0.6994818656249999 0.8464667 0.6937823828125 0.8474834781249999 0.69430051875 0.8505338078125 0.7 0.8490086421875
3 0.8512953375000001 0.889679715625 0.8487046625 0.889679715625 0.8492227984375 0.8942552109375 0.851813471875 0.893746821875 0.8512953375000001 0.889679715625
0 0.799481865625 0.7524148453125 0.79896373125 0.755465175 0.8196891187500001 0.7574987296875 0.8196891187500001 0.7539400109375001 0.799481865625 0.7524148453125
3 0.8139896375 0.98983223125 0.8139896375 0.9918657859375 0.8207253890624999 0.9918657859375 0.8207253890624999 0.98932384375 0.8139896375 0.98983223125
3 0.81502590625 0.9938993390625 0.81502590625 0.9959328921875 0.8212435234375001 0.9959328921875 0.8212435234375001 0.9938993390625 0.81502590625 0.9938993390625
3 0.81502590625 0.9969496703124999 0.81502590625 0.9994916109374999 0.8217616578125 0.9989832234374999 0.8212435234375001 0.9969496703124999 0.81502590625 0.9969496703124999
3 0.8134715031249999 0.9801728515624999 0.8129533671875 0.9822064062500001 0.81865285 0.9837315703125 0.8191709843750001 0.9816980171875 0.8134715031249999 0.9801728515624999
3 0.8134715031249999 0.9852567359375 0.8139896375 0.987798678125 0.8191709843750001 0.987798678125 0.8191709843750001 0.9852567359375 0.8134715031249999 0.9852567359375
3 0.8544041453125001 0.9013726484375001 0.851813471875 0.902389425 0.853367875 0.907473309375 0.8559585500000001 0.9064565328124999 0.8544041453125001 0.9013726484375001
3 0.8352331609375 0.9044229796875 0.8347150265625001 0.902389425 0.829533678125 0.9028978140625 0.8300518140625 0.9049313671875 0.8352331609375 0.9044229796875
3 0.8362694296875001 0.8973055421874999 0.8362694296875001 0.8947635999999999 0.8300518140625 0.8947635999999999 0.8300518140625 0.8973055421874999 0.8362694296875001 0.8973055421874999
3 0.8481865281250001 0.889679715625 0.8455958546875 0.8891713265625001 0.8455958546875 0.8947635999999999 0.8487046625 0.8947635999999999 0.8481865281250001 0.889679715625
3 0.24559585468749998 0.48042704687500004 0.2445595859375 0.48296898906249996 0.2492227984375 0.48398576562500006 0.2502590671875 0.48144382343750003 0.24559585468749998 0.48042704687500004
3 0.243523315625 0.484494153125 0.2445595859375 0.48144382343750003 0.238860103125 0.4799186578125 0.23782383437500001 0.4824606 0.243523315625 0.484494153125
3 0.79430051875 0.6720894765625001 0.7953367874999999 0.67463141875 0.800518134375 0.6725978640625 0.8 0.6700559234375 0.79430051875 0.6720894765625001
3 0.0347150265625 0.43060498281250004 0.037823834375 0.43111337031249997 0.038860103125 0.42348754375000003 0.0357512953125 0.42348754375000003 0.0347150265625 0.43060498281250004
3 0.0461139890625 0.4346720890625 0.0487046625 0.4346720890625 0.0497409328125 0.426537875 0.047150259374999996 0.426537875 0.0461139890625 0.4346720890625
3 0.0492227984375 0.4346720890625 0.051813471874999996 0.43518047812500005 0.053367874999999995 0.4275546515625 0.0497409328125 0.4270462640625 0.0492227984375 0.4346720890625
3 0.052331606249999996 0.435688865625 0.0549222796875 0.43619725468750004 0.056476684374999996 0.428571428125 0.053367874999999995 0.428063040625 0.052331606249999996 0.435688865625
3 0.11761657968749999 0.452465684375 0.12072538906250001 0.452465684375 0.1217616578125 0.4448398578125 0.118134715625 0.4448398578125 0.11761657968749999 0.452465684375
3 0.1212435234375 0.452465684375 0.1233160625 0.45297407187500005 0.12435233125 0.44636502343749995 0.1212435234375 0.4453482453125 0.1212435234375 0.452465684375
3 0.123834196875 0.45297407187500005 0.1269430046875 0.4534824609375 0.127461140625 0.44636502343749995 0.12435233125 0.445856634375 0.123834196875 0.45297407187500005
3 0.1269430046875 0.45399084843750004 0.129533678125 0.45399084843750004 0.1305699484375 0.4478901875 0.127979275 0.4478901875 0.1269430046875 0.45399084843750004
3 0.1300518140625 0.4544992375 0.13264248750000002 0.4550076265625 0.13367875625 0.44839857656250004 0.1305699484375 0.4478901875 0.1300518140625 0.4544992375
3 0.133160621875 0.45551601406250003 0.13575129531250002 0.456024403125 0.1367875640625 0.4499237421875 0.13367875625 0.449415353125 0.133160621875 0.45551601406250003
3 0.19896373125 0.4016268421875 0.20155440468750002 0.40111845468749996 0.2020725390625 0.3960345703125 0.1984455953125 0.3960345703125 0.19896373125 0.4016268421875
3 0.200518134375 0.40416878437500003 0.19896373125 0.4026436203125 0.195854921875 0.4067107265625 0.1984455953125 0.40823589218749995 0.200518134375 0.40416878437500003
3 0.1891191703125 0.407727503125 0.186528496875 0.4067107265625 0.18497409375 0.412303 0.18756476718749998 0.4128113875 0.1891191703125 0.407727503125
3 0.1953367875 0.41992882500000006 0.1932642484375 0.41840366093750003 0.1917098453125 0.42297915625 0.19430051875 0.42348754375000003 0.1953367875 0.41992882500000006
3 0.1979274609375 0.41992882500000006 0.195854921875 0.4194204375 0.19430051875 0.42348754375000003 0.19637305625 0.42450432187500003 0.1979274609375 0.41992882500000006
3 0.20103626874999997 0.420945603125 0.1984455953125 0.41992882500000006 0.19637305625 0.42501270937499996 0.199481865625 0.42602948593749995 0.20103626874999997 0.420945603125
3 0.20362694375 0.421453990625 0.20103626874999997 0.420945603125 0.19896373125 0.4255210984375 0.2020725390625 0.426537875 0.20362694375 0.421453990625
3 0.1891191703125 0.43518047812500005 0.1917098453125 0.435688865625 0.1927461140625 0.43060498281250004 0.190155440625 0.43060498281250004 0.1891191703125 0.43518047812500005
3 0.1917098453125 0.43619725468750004 0.19430051875 0.43619725468750004 0.1953367875 0.43111337031249997 0.1927461140625 0.43111337031249997 0.1917098453125 0.43619725468750004
3 0.194818653125 0.43670564375 0.1968911921875 0.43721403125 0.1979274609375 0.43111337031249997 0.1953367875 0.43111337031249997 0.194818653125 0.43670564375
3 0.19740932656250001 0.43721403125 0.2 0.43721403125 0.200518134375 0.43213014687499995 0.1984455953125 0.431621759375 0.19740932656250001 0.43721403125
3 0.1937823828125 0.4377224203125 0.19119170937500002 0.43721403125 0.190155440625 0.4417895265625 0.1927461140625 0.44229791562500004 0.1937823828125 0.4377224203125
3 0.19119170937500002 0.43670564375 0.18808290156250002 0.435688865625 0.186528496875 0.44077275 0.18963730625 0.4417895265625 0.19119170937500002 0.43670564375
3 0.1647668390625 0.4478901875 0.16269430000000001 0.44738179999999994 0.16113989687500002 0.45195729531250006 0.1642487046875 0.452465684375 0.1647668390625 0.4478901875
3 0.03834196875 0.431621759375 0.0419689125 0.431621759375 0.04300518125 0.42450432187500003 0.0398963734375 0.4239959328125 0.03834196875 0.431621759375
3 0.075129534375 0.428063040625 0.075129534375 0.4255210984375 0.0689119171875 0.4255210984375 0.0689119171875 0.4275546515625 0.075129534375 0.428063040625
3 0.23782383437500001 0.4824606 0.23678756406249998 0.4855109296875 0.242487046875 0.48754448437500003 0.243523315625 0.484494153125 0.23782383437500001 0.4824606
3 0.076165803125 0.4194204375 0.075129534375 0.4168784953125 0.0683937828125 0.41840366093750003 0.0694300515625 0.420945603125 0.076165803125 0.4194204375
3 0.172538859375 0.0406710734375 0.170466321875 0.040162684375 0.1699481859375 0.04524656875 0.172538859375 0.04524656875 0.172538859375 0.0406710734375
3 0.170466321875 0.0421962375 0.1683937828125 0.0411794609375 0.166839378125 0.04524656875 0.1689119171875 0.046263345312499995 0.170466321875 0.0421962375
3 0.038860103125 0.060498220312499996 0.037823834375 0.062531775 0.043523315624999996 0.0655821046875 0.0445595859375 0.0630401625 0.038860103125 0.060498220312499996
3 0.142487046875 0.10879511875 0.1398963734375 0.10879511875 0.1398963734375 0.11337061562499999 0.142487046875 0.11337061562499999 0.142487046875 0.10879511875
3 0.1450777203125 0.11540416875 0.142487046875 0.1148957796875 0.142487046875 0.1199796640625 0.1450777203125 0.1199796640625 0.1450777203125 0.11540416875
3 0.0927461140625 0.1687849515625 0.0927461140625 0.1718352828125 0.09896373124999999 0.1723436703125 0.09896373124999999 0.169293340625 0.0927461140625 0.1687849515625
3 0.1590673578125 0.2038637515625 0.15595855 0.2038637515625 0.15595855 0.2089476359375 0.1590673578125 0.2089476359375 0.1590673578125 0.2038637515625
3 0.1445595859375 0.2196237921875 0.14715025937499998 0.2196237921875 0.146632125 0.2145399078125 0.14404145 0.2145399078125 0.1445595859375 0.2196237921875
3 0.2072538859375 0.22521606562500002 0.2046632125 0.22521606562500002 0.2031088078125 0.23029994843749999 0.2062176171875 0.2308083375 0.2072538859375 0.22521606562500002
3 0.2108808296875 0.22724961875 0.20777202031250003 0.2262328421875 0.2062176171875 0.23131672656250002 0.208808290625 0.2318251140625 0.2108808296875 0.22724961875
3 0.20777202031250003 0.24300965937500002 0.20932642499999998 0.24097610625 0.2031088078125 0.2384341640625 0.2020725390625 0.24097610625 0.20777202031250003 0.24300965937500002
3 0.077202071875 0.2516522625 0.077202071875 0.24961870937500003 0.070466321875 0.24911032031250002 0.06994818593749999 0.2511438734375 0.077202071875 0.2516522625
3 0.0512953375 0.3085917640625 0.0492227984375 0.308083375 0.047668393749999996 0.313167259375 0.05025906718749999 0.3136756484375 0.0512953375 0.3085917640625
3 0.0108808296875 0.29689883125 0.009326425000000001 0.295373665625 0.005181346875 0.2979156078125 0.0067357515625000005 0.30045755 0.0108808296875 0.29689883125
3 0.015025906250000002 0.29893238437499997 0.013471503125000001 0.29689883125 0.009844559375 0.2999491609375 0.0108808296875 0.3014743265625 0.015025906250000002 0.29893238437499997
3 0.020207253124999998 0.3009659375 0.019170984375 0.29842399531249997 0.013989637499999999 0.30045755 0.015544042187500001 0.3029994921875 0.020207253124999998 0.3009659375
3 0.0176165796875 0.30452465625 0.0160621765625 0.302491103125 0.011917098437499999 0.30604982187499996 0.013471503125000001 0.308083375 0.0176165796875 0.30452465625
3 0.013471503125000001 0.30401626875 0.011917098437499999 0.3019827140625 0.0072538859375 0.305541434375 0.008808290625 0.3075749875 0.013471503125000001 0.30401626875
3 0.008808290625 0.30350787968750004 0.0072538859375 0.3014743265625 0.0031088078125000003 0.3050330453125 0.005181346875 0.3065582109375 0.008808290625 0.30350787968750004
3 0.02901554375 0.3629893234375 0.029533678125 0.36095577031250003 0.0233160625 0.3589222171875 0.022797928125 0.361464159375 0.02901554375 0.3629893234375
3 0.056476684374999996 0.3680732078125 0.05388601093749999 0.3680732078125 0.052849740624999995 0.3731570921875 0.055958549999999996 0.37366547968749997 0.056476684374999996 0.3680732078125
3 0.061139896875 0.41179461093749997 0.0590673578125 0.410777834375 0.056994818749999995 0.41535332968749994 0.0595854921875 0.41637010625000004 0.061139896875 0.41179461093749997
3 0.0740932640625 0.42348754375000003 0.0740932640625 0.420945603125 0.0683937828125 0.4219623796875 0.0689119171875 0.4239959328125 0.0740932640625 0.42348754375000003
3 0.170466321875 0.44839857656250004 0.1673575125 0.44738179999999994 0.16632124375 0.452465684375 0.1689119171875 0.45297407187500005 0.170466321875 0.44839857656250004
3 0.190155440625 0.4478901875 0.1870466328125 0.44738179999999994 0.1860103625 0.452465684375 0.1891191703125 0.45297407187500005 0.190155440625 0.4478901875
3 0.1932642484375 0.448906965625 0.190155440625 0.44839857656250004 0.1891191703125 0.45297407187500005 0.1927461140625 0.4534824609375 0.1932642484375 0.448906965625
3 0.1917098453125 0.46720894687500003 0.1886010359375 0.46720894687500003 0.18756476718749998 0.47178444375 0.19067357499999998 0.47229283125 0.1917098453125 0.46720894687500003
3 0.2357512953125 0.5129639046875 0.23471502656249998 0.515505846875 0.2409326421875 0.5170310109375 0.24196891250000002 0.5144890703125 0.2357512953125 0.5129639046875
0 0.2373057 0.5099135734375 0.23678756406249998 0.5124555156249999 0.24196891250000002 0.5134722921875 0.242487046875 0.5114387390624999 0.2373057 0.5099135734375
3 0.23834196875 0.5073716312500001 0.2373057 0.5099135734375 0.24300518124999998 0.5109303515625 0.24300518124999998 0.508896796875 0.23834196875 0.5073716312500001
3 0.23056994843749998 0.5073716312500001 0.23056994843749998 0.5099135734375 0.23678756406249998 0.5104219624999999 0.23678756406249998 0.508388409375 0.23056994843749998 0.5073716312500001
3 0.2321243515625 0.5038129125 0.23160621718750002 0.50686324375 0.23782383437500001 0.508388409375 0.238860103125 0.5058464671875 0.2321243515625 0.5038129125
3 0.2253886015625 0.505338078125 0.2259067359375 0.5027961359375 0.2207253890625 0.501779359375 0.22020725312499997 0.5043213015625 0.2253886015625 0.505338078125
3 0.22176165781249998 0.49720386406249995 0.2207253890625 0.49974580625 0.22642487031249997 0.5012709703125 0.2269430046875 0.4987290296875 0.22176165781249998 0.49720386406249995
3 0.2222797921875 0.4941535328125 0.22176165781249998 0.496695475 0.2269430046875 0.49822064062500004 0.22797927499999998 0.49618708749999996 0.2222797921875 0.4941535328125
3 0.2233160625 0.49110320312500005 0.22279792812500002 0.4936451453125 0.228497409375 0.4956786984375 0.229533678125 0.49313675625000003 0.2233160625 0.49110320312500005
3 0.223834196875 0.4885612609375 0.2233160625 0.49110320312500005 0.22901554375000002 0.49313675625000003 0.2300518140625 0.4905948140625 0.223834196875 0.4885612609375
3 0.22435233124999998 0.4855109296875 0.223834196875 0.488052871875 0.229533678125 0.49008642656249995 0.23056994843749998 0.48703609531250003 0.22435233124999998 0.4855109296875
3 0.2259067359375 0.4824606 0.22487046562500002 0.4855109296875 0.2300518140625 0.48703609531250003 0.2310880828125 0.484494153125 0.2259067359375 0.4824606
3 0.23471502656249998 0.49923741718750003 0.234196890625 0.501779359375 0.2398963734375 0.5027961359375 0.2404145078125 0.50025419375 0.23471502656249998 0.49923741718750003
0 0.23471502656249998 0.49618708749999996 0.234196890625 0.4987290296875 0.2404145078125 0.49974580625 0.2409326421875 0.4977122515625 0.23471502656249998 0.49618708749999996
3 0.2404145078125 0.50025419375 0.2398963734375 0.5027961359375 0.2450777203125 0.5038129125 0.24559585468749998 0.5012709703125 0.2404145078125 0.50025419375
3 0.2409326421875 0.49618708749999996 0.2404145078125 0.4987290296875 0.24559585468749998 0.50025419375 0.246632125 0.49822064062500004 0.2409326421875 0.49618708749999996
3 0.25854922343750003 0.50025419375 0.2590673578125 0.4977122515625 0.25233160625 0.49618708749999996 0.251813471875 0.4987290296875 0.25854922343750003 0.50025419375
3 0.26010362656249997 0.5038129125 0.2590673578125 0.5063548546875001 0.2647668390625 0.5078800203125 0.265803109375 0.505338078125 0.26010362656249997 0.5038129125
3 0.24196891250000002 0.4936451453125 0.2409326421875 0.49618708749999996 0.246632125 0.4977122515625 0.24766839375 0.495170309375 0.24196891250000002 0.4936451453125
3 0.242487046875 0.4905948140625 0.24145077656249997 0.49313675625000003 0.247150259375 0.494661921875 0.24818652812500003 0.49211997968750004 0.242487046875 0.4905948140625
3 0.242487046875 0.48703609531250003 0.24196891250000002 0.49008642656249995 0.24766839375 0.49110320312500005 0.24818652812500003 0.4890696484375 0.242487046875 0.48703609531250003
3 0.23678756406249998 0.48500254218750005 0.2357512953125 0.488052871875 0.24145077656249997 0.49008642656249995 0.242487046875 0.48703609531250003 0.23678756406249998 0.48500254218750005
3 0.24404145000000002 0.484494153125 0.242487046875 0.48703609531250003 0.24818652812500003 0.4890696484375 0.2492227984375 0.4865277078125 0.24404145000000002 0.484494153125
3 0.25233160625 0.531774275 0.251813471875 0.5343162171875 0.25699481875 0.53533299375 0.2580310875 0.532791053125 0.25233160625 0.531774275
3 0.253367875 0.5266903921874999 0.252849740625 0.5292323328124999 0.257512953125 0.5307574984375 0.25854922343750003 0.5282155562499999 0.253367875 0.5266903921874999
3 0.2544041453125 0.5216065078125001 0.2544041453125 0.52414845 0.2595854921875 0.5251652265625 0.26010362656249997 0.522623284375 0.2544041453125 0.5216065078125001
3 0.055958549999999996 0.5038129125 0.0549222796875 0.5063548546875001 0.0601036265625 0.5078800203125 0.061139896875 0.505338078125 0.055958549999999996 0.5038129125
3 0.190155440625 0.47229283125 0.1870466328125 0.47229283125 0.186528496875 0.477376715625 0.18963730625 0.4778851046875 0.190155440625 0.47229283125
3 0.18497409375 0.4712760546875 0.18238342031250002 0.4707676671875 0.180829015625 0.47585154999999996 0.1834196890625 0.4763599390625 0.18497409375 0.4712760546875
3 0.18238342031250002 0.4707676671875 0.179792746875 0.46975088906250007 0.1782383421875 0.47483477343749997 0.180829015625 0.47585154999999996 0.18238342031250002 0.4707676671875
0 0.1606217609375 0.5149974578125 0.16165803125 0.5124555156249999 0.153367875 0.5109303515625 0.152849740625 0.5129639046875 0.1606217609375 0.5149974578125
0 0.1601036265625 0.5185561765625 0.1606217609375 0.5165226234375 0.152849740625 0.5144890703125 0.151813471875 0.5165226234375 0.1601036265625 0.5185561765625
0 0.1585492234375 0.52109811875 0.1590673578125 0.5185561765625 0.15077720156250002 0.5170310109375 0.15025906718749998 0.519572953125 0.1585492234375 0.52109811875
0 0.156476684375 0.5266903921874999 0.15699481875000001 0.52414845 0.1492227984375 0.522623284375 0.1487046625 0.5251652265625 0.156476684375 0.5266903921874999
0 0.1362694296875 0.574987290625 0.13367875625 0.5729537359375 0.128497409375 0.5800711749999999 0.1310880828125 0.5815963390625 0.1362694296875 0.574987290625
3 0.06165803125 0.48093543437499997 0.061139896875 0.48296898906249996 0.066839378125 0.484494153125 0.06735751250000001 0.4824606 0.06165803125 0.48093543437499997
3 0.0590673578125 0.49110320312500005 0.0585492234375 0.4936451453125 0.0637305703125 0.494661921875 0.0642487046875 0.49262836875 0.0590673578125 0.49110320312500005
3 0.0544041453125 0.5078800203125 0.05388601093749999 0.5099135734375 0.0590673578125 0.5114387390624999 0.0595854921875 0.5094051859375 0.0544041453125 0.5078800203125
3 0.2512953375 0.5236400609375 0.2512953375 0.5216065078125001 0.2461139890625 0.5216065078125001 0.2461139890625 0.5236400609375 0.2512953375 0.5236400609375
3 0.053367874999999995 0.5109303515625 0.053367874999999995 0.5134722921875 0.0590673578125 0.5144890703125 0.0590673578125 0.511947128125 0.053367874999999995 0.5109303515625
3 0.004145078125 0.5663446875 0.0031088078125000003 0.5688866296875 0.009326425000000001 0.5714285718750001 0.01036269375 0.5688866296875 0.004145078125 0.5663446875
3 0.11398963749999999 0.5536349765625 0.11502590625 0.5516014234375 0.108808290625 0.5495678703125 0.1082901546875 0.5521098125 0.11398963749999999 0.5536349765625
3 0.1461139890625 0.543975596875 0.1461139890625 0.5460091515625 0.151813471875 0.5455007625 0.15077720156250002 0.5434672093749999 0.1461139890625 0.543975596875
3 0.1538860109375 0.5526182000000001 0.15077720156250002 0.5526182000000001 0.1497409328125 0.557702084375 0.152849740625 0.557702084375 0.1538860109375 0.5526182000000001
3 0.16217616562499998 0.5571936953125001 0.16217616562499998 0.5551601421875 0.15595855 0.5536349765625 0.1554404140625 0.5561769187500001 0.16217616562499998 0.5571936953125001
3 0.2310880828125 0.5566853078125 0.23056994843749998 0.5587188609375 0.2362694296875 0.5602440265624999 0.23678756406249998 0.5582104734375 0.2310880828125 0.5566853078125
3 0.2129533671875 0.526182003125 0.2119170984375 0.5287239453125 0.21761657968749998 0.529740721875 0.21813471562500003 0.5271987796875 0.2129533671875 0.526182003125
3 0.23523316093750002 0.5256736140625 0.23523316093750002 0.523131671875 0.229533678125 0.5236400609375 0.22901554375000002 0.5256736140625 0.23523316093750002 0.5256736140625
3 0.23367875625 0.522623284375 0.23471502656249998 0.5205897312500001 0.2300518140625 0.519064565625 0.229533678125 0.52109811875 0.23367875625 0.522623284375
3 0.7927461140625 0.669547534375 0.79430051875 0.6715810875 0.799481865625 0.6700559234375 0.7984455953125 0.66751398125 0.7927461140625 0.669547534375
3 0.795854921875 0.67463141875 0.7968911921874999 0.6776817484375 0.8020725390625 0.6761565843749999 0.8010362687500001 0.673106253125 0.795854921875 0.67463141875
3 0.5823834203125 0.01779359375 0.58031088125 0.0167768171875 0.5777202078125 0.020843925 0.58031088125 0.0218607015625 0.5823834203125 0.01779359375
3 0.5875647671875 0.018810371875000002 0.58497409375 0.0183019828125 0.5829015546874999 0.022877478125 0.5860103624999999 0.023894254687499998 0.5875647671875 0.018810371875000002
3 0.5891191703125 0.0320284703125 0.586528496875 0.031011692187500002 0.585492228125 0.0355871890625 0.5880829015625 0.036603965625 0.5891191703125 0.0320284703125
0 0.7077720203125 0.0477885109375 0.7082901546875 0.04524656875 0.6994818656249999 0.0427046265625 0.6984455953125 0.04524656875 0.7077720203125 0.0477885109375
0 0.7062176171875 0.05236400625 0.7067357515625 0.049313675 0.69896373125 0.0477885109375 0.6984455953125 0.050330453124999994 0.7062176171875 0.05236400625
3 0.529533678125 0.2018301984375 0.5321243515625 0.2018301984375 0.5316062171875 0.19623792499999998 0.528497409375 0.19623792499999998 0.529533678125 0.2018301984375
3 0.5409326421875 0.16420945625 0.5404145078125 0.1616675140625 0.5347150265625 0.1616675140625 0.5347150265625 0.16420945625 0.5409326421875 0.16420945625
3 0.279792746875 0.050330453124999994 0.2829015546875 0.050838840625000006 0.28393782343749996 0.04524656875 0.280829015625 0.044738179687500004 0.279792746875 0.050330453124999994
3 0.275129534375 0.0482968984375 0.277202071875 0.0488052875 0.2782383421875 0.043721403125 0.27564766875 0.0432130140625 0.275129534375 0.0482968984375
3 0.2694300515625 0.046771734375 0.272020725 0.047280121875 0.2730569953125 0.04168785 0.26994818593750003 0.04168785 0.2694300515625 0.046771734375
3 0.28134715 0.033045246875 0.2792746109375 0.0325368578125 0.2782383421875 0.037112353125000004 0.28031088125000003 0.0376207421875 0.28134715 0.033045246875
3 0.28031088125000003 0.0289781390625 0.2829015546875 0.029486528125 0.28393782343749996 0.02440264375 0.28134715 0.023894254687499998 0.28031088125000003 0.0289781390625
3 0.299481865625 0.2943568890625 0.299481865625 0.29689883125 0.305181346875 0.29689883125 0.305181346875 0.2943568890625 0.299481865625 0.2943568890625
3 0.3031088078125 0.2892730046875 0.3015544046875 0.2913065578125 0.3062176171875 0.2938485 0.3077720203125 0.292323334375 0.3031088078125 0.2892730046875
3 0.30569948125 0.2862226734375 0.30362694375 0.2877478390625 0.3077720203125 0.291814946875 0.309844559375 0.29028978125 0.30569948125 0.2862226734375
3 0.309844559375 0.2836807328125 0.30725388593749997 0.28520589687500003 0.30932642499999996 0.2892730046875 0.3113989640625 0.28825622812499996 0.309844559375 0.2836807328125
3 0.3124352328125 0.2826639546875 0.309844559375 0.2836807328125 0.31191709843750004 0.2877478390625 0.31398963750000003 0.2867310625 0.3124352328125 0.2826639546875
3 0.3170984453125 0.2826639546875 0.31398963750000003 0.28317234375 0.31502590625 0.2877478390625 0.3176165796875 0.28723945156249997 0.3170984453125 0.2826639546875
3 0.320207253125 0.2821555671875 0.3176165796875 0.2826639546875 0.318134715625 0.28723945156249997 0.32072538906250003 0.28723945156249997 0.320207253125 0.2821555671875
3 0.3233160625 0.2821555671875 0.32072538906250003 0.2821555671875 0.32072538906250003 0.28723945156249997 0.3233160625 0.2867310625 0.3233160625 0.2821555671875
3 0.32694300468750004 0.2826639546875 0.32435233124999996 0.2826639546875 0.323834196875 0.28723945156249997 0.3264248703125 0.28723945156249997 0.32694300468750004 0.2826639546875
3 0.3310880828125 0.28317234375 0.328497409375 0.2821555671875 0.32694300468750004 0.28723945156249997 0.329533678125 0.28825622812499996 0.3310880828125 0.28317234375
3 0.33367875625 0.28520589687500003 0.3310880828125 0.2841891203125 0.32901554375000003 0.288764615625 0.3316062171875 0.28978139375 0.33367875625 0.28520589687500003
3 0.3367875640625 0.2862226734375 0.33471502656249996 0.2841891203125 0.3321243515625 0.2892730046875 0.334196890625 0.2907981703125 0.3367875640625 0.2862226734375
3 0.58497409375 0.0183019828125 0.5823834203125 0.01779359375 0.58031088125 0.022369090624999997 0.5829015546874999 0.0233858671875 0.58497409375 0.0183019828125
3 0.6238341968750001 0.0843924765625 0.6212435234375 0.08388408750000001 0.619170984375 0.088967971875 0.6222797921875001 0.0899847484375 0.6238341968750001 0.0843924765625
3 0.6538860109375 0.1113370609375 0.65233160625 0.1128622265625 0.65595855 0.116929334375 0.6580310875000001 0.11540416875 0.6538860109375 0.1113370609375
3 0.6207253890625 0.0843924765625 0.6186528499999999 0.0833756984375 0.6160621765625 0.0879511953125 0.619170984375 0.0884595828125 0.6207253890625 0.0843924765625
3 0.6694300515625 0.120488053125 0.6715025906250001 0.1199796640625 0.6715025906250001 0.11540416875 0.6689119171875 0.11540416875 0.6694300515625 0.120488053125
3 0.672538859375 0.12150482968750001 0.67564766875 0.12099644062499999 0.675129534375 0.11591255781250001 0.672020725 0.11591255781250001 0.672538859375 0.12150482968750001
3 0.6860103625 0.1179461109375 0.6839378234375 0.11743772187499998 0.6823834203125 0.12252160625 0.68497409375 0.1230299953125 0.6860103625 0.1179461109375
3 0.6891191703125 0.11896288749999999 0.6865284968750001 0.1179461109375 0.68497409375 0.1235383828125 0.6880829015625001 0.12404677187499999 0.6891191703125 0.11896288749999999
3 0.6834196890625 0.11743772187499998 0.680829015625 0.1164209453125 0.6787564765625 0.12201321875 0.6818652843749999 0.1230299953125 0.6834196890625 0.11743772187499998
3 0.71865285 0.1108286734375 0.7160621765624999 0.109811896875 0.713471503125 0.1148957796875 0.7160621765624999 0.11591255781250001 0.71865285 0.1108286734375
3 0.7160621765624999 0.109811896875 0.713471503125 0.10879511875 0.7108808296875 0.1128622265625 0.7129533671875 0.1143873921875 0.7160621765624999 0.109811896875
3 0.713471503125 0.10879511875 0.7108808296875 0.1077783421875 0.7082901546875 0.11184544999999999 0.7108808296875 0.1128622265625 0.713471503125 0.10879511875
3 0.700518134375 0.1057447890625 0.6979274609375 0.10421962343749999 0.694818653125 0.10828673124999999 0.6974093265625 0.1093035078125 0.700518134375 0.1057447890625
3 0.6968911921875 0.1047280125 0.694818653125 0.10371123593750001 0.6922279796875 0.1077783421875 0.69430051875 0.10879511875 0.6968911921875 0.1047280125
3 0.694818653125 0.10371123593750001 0.6927461140625 0.1026944578125 0.6896373062500001 0.1072699546875 0.6922279796875 0.1077783421875 0.694818653125 0.10371123593750001
3 0.6922279796875 0.103202846875 0.6896373062500001 0.10167768125000001 0.6870466328125 0.10625317812499999 0.6896373062500001 0.1072699546875 0.6922279796875 0.103202846875
3 0.6891191703125 0.1026944578125 0.6870466328125 0.10116929374999999 0.6839378234375 0.1057447890625 0.6860103625 0.1072699546875 0.6891191703125 0.1026944578125
3 0.6839378234375 0.10116929374999999 0.6823834203125 0.099644128125 0.6792746109375 0.10421962343749999 0.6818652843749999 0.10523640000000001 0.6839378234375 0.10116929374999999
3 0.68134715 0.1001525171875 0.6787564765625 0.09913573906249999 0.676165803125 0.10371123593750001 0.6782383421875 0.1047280125 0.68134715 0.1001525171875
3 0.6782383421875 0.09913573906249999 0.676165803125 0.097610575 0.6730569953125001 0.1026944578125 0.67564766875 0.10371123593750001 0.6782383421875 0.09913573906249999
3 0.5487046624999999 0.0635485515625 0.54766839375 0.0655821046875 0.55233160625 0.0686324359375 0.553367875 0.06659888124999999 0.5487046624999999 0.0635485515625
3 0.5502590671875 0.060498220312499996 0.5492227984375 0.062531775 0.5528497406249999 0.065073715625 0.5544041453124999 0.0635485515625 0.5502590671875 0.060498220312499996
3 0.551813471875 0.057956278125 0.5502590671875 0.0599898328125 0.5544041453124999 0.062531775 0.5554404140625 0.060498220312499996 0.551813471875 0.057956278125
3 0.5632124359375 0.06609049375 0.5626943 0.068124046875 0.5678756484374999 0.0696492125 0.5683937828125 0.0676156578125 0.5632124359375 0.06609049375
3 0.56165803125 0.0686324359375 0.56165803125 0.0711743765625 0.5689119171875 0.07219115468750001 0.5689119171875 0.0701576 0.56165803125 0.0686324359375
3 0.5735751296875 0.0655821046875 0.571502590625 0.0655821046875 0.5709844562499999 0.0706659890625 0.5740932640625 0.0706659890625 0.5735751296875 0.0655821046875
3 0.5777202078125 0.07320793125 0.5772020718750001 0.0757498734375 0.5829015546874999 0.07676665 0.5834196890625 0.0742247078125 0.5777202078125 0.07320793125
3 0.33937823906250003 0.2867310625 0.33730570000000004 0.28571428593750003 0.33471502656249996 0.28978139375 0.33730570000000004 0.2907981703125 0.33937823906250003 0.2867310625
3 0.3233160625 0.29944077343750003 0.32590673593749997 0.30045755 0.327979275 0.2963904421875 0.32590673593749997 0.2948652765625 0.3233160625 0.29944077343750003
3 0.32590673593749997 0.3009659375 0.328497409375 0.302491103125 0.3316062171875 0.29689883125 0.32901554375000003 0.29588205312500004 0.32590673593749997 0.3009659375
3 0.34404145 0.31265887187499997 0.3414507765625 0.3116420953125 0.338860103125 0.3157092015625 0.3414507765625 0.31723436718750003 0.34404145 0.31265887187499997
3 0.3124352328125 0.3075749875 0.31036269375000003 0.305541434375 0.3067357515625 0.31011692968750004 0.30932642499999996 0.3116420953125 0.3124352328125 0.3075749875
3 0.309844559375 0.3116420953125 0.3124352328125 0.3136756484375 0.31502590625 0.309608540625 0.3124352328125 0.308083375 0.309844559375 0.3116420953125
3 0.3124352328125 0.3136756484375 0.31502590625 0.314692425 0.3165803109375 0.31113370625000003 0.314507771875 0.31011692968750004 0.3124352328125 0.3136756484375
3 0.3155440421875 0.3152008140625 0.3176165796875 0.316217590625 0.31968911875 0.3121504828125 0.3176165796875 0.31113370625000003 0.3155440421875 0.3152008140625
3 0.318134715625 0.316217590625 0.320207253125 0.3177427546875 0.32227979218749997 0.3136756484375 0.320207253125 0.3121504828125 0.318134715625 0.316217590625
3 0.320207253125 0.3177427546875 0.322797928125 0.3192679203125 0.32435233124999996 0.314692425 0.32227979218749997 0.3141840359375 0.320207253125 0.3177427546875
3 0.3414507765625 0.28825622812499996 0.3398963734375 0.2867310625 0.33730570000000004 0.2913065578125 0.3398963734375 0.292323334375 0.3414507765625 0.28825622812499996
3 0.34404145 0.28978139375 0.3419689125 0.288764615625 0.33937823906250003 0.2928317234375 0.3414507765625 0.2938485 0.34404145 0.28978139375
3 0.3492227984375 0.2928317234375 0.34766839374999997 0.2913065578125 0.34404145 0.295373665625 0.346632125 0.29689883125 0.3492227984375 0.2928317234375
3 0.3606217609375 0.3019827140625 0.3590673578125 0.2999491609375 0.3554404140625 0.30401626875 0.357512953125 0.30604982187499996 0.3606217609375 0.3019827140625
3 0.366839378125 0.30604982187499996 0.36476683906249996 0.3050330453125 0.362176165625 0.309100153125 0.36476683906249996 0.3106253171875 0.366839378125 0.30604982187499996
3 0.3699481859375 0.3075749875 0.3678756484375 0.30604982187499996 0.36476683906249996 0.31113370625000003 0.36735751250000004 0.3121504828125 0.3699481859375 0.3075749875
3 0.372020725 0.309608540625 0.370466321875 0.308083375 0.36735751250000004 0.3116420953125 0.36943005156250003 0.313167259375 0.372020725 0.309608540625
3 0.3580310875 0.3009659375 0.3554404140625 0.29842399531249997 0.351813471875 0.302491103125 0.35440414531250003 0.30452465625 0.3580310875 0.3009659375
3 0.34766839374999997 0.3487544484375 0.3461139890625 0.3507880015625 0.35129533749999997 0.3538383328125 0.352849740625 0.3523131671875 0.34766839374999997 0.3487544484375
3 0.3549222796875 0.3538383328125 0.353367875 0.35587188593749997 0.3580310875 0.3594306046875 0.3601036265625 0.3573970515625 0.3549222796875 0.3538383328125
3 0.362176165625 0.358413828125 0.3606217609375 0.36044738125000003 0.3652849734375 0.36349771249999996 0.36735751250000004 0.361464159375 0.362176165625 0.358413828125
3 0.3689119171875 0.36248093593749997 0.3678756484375 0.3640061 0.372538859375 0.3665480421875 0.3735751296875 0.3645144890625 0.3689119171875 0.36248093593749997
3 0.3746113984375 0.365531265625 0.3730569953125 0.36756481875 0.37772020781250004 0.3701067609375 0.3787564765625 0.3680732078125 0.3746113984375 0.365531265625
3 0.3839378234375 0.3701067609375 0.3834196890625 0.372648703125 0.38808290156249997 0.3751906453125 0.3891191703125 0.3731570921875 0.3839378234375 0.3701067609375
3 0.3937823828125 0.37417386874999997 0.39274611406250004 0.376207421875 0.3984455953125 0.37874936406250004 0.39896373125 0.3767158109375 0.3937823828125 0.37417386874999997
3 0.408808290625 0.38078291875 0.408808290625 0.3833248609375 0.413471503125 0.3838332484375 0.413471503125 0.3817996953125 0.408808290625 0.38078291875
3 0.275129534375 0.313167259375 0.27564766875 0.3106253171875 0.27098445625 0.3085917640625 0.26994818593750003 0.3106253171875 0.275129534375 0.313167259375
3 0.309844559375 0.305541434375 0.3077720203125 0.30401626875 0.304145078125 0.3085917640625 0.3062176171875 0.31011692968750004 0.309844559375 0.305541434375
3 0.3077720203125 0.30401626875 0.3062176171875 0.3019827140625 0.3025906734375 0.305541434375 0.3046632125 0.3075749875 0.3077720203125 0.30401626875
3 0.3062176171875 0.302491103125 0.30569948125 0.2999491609375 0.3 0.3014743265625 0.3 0.30350787968750004 0.3062176171875 0.302491103125
3 0.3419689125 0.32486019375 0.33937823906250003 0.32384341562499996 0.33730570000000004 0.3284189125 0.33937823906250003 0.3299440765625 0.3419689125 0.32486019375
3 0.35440414531250003 0.3192679203125 0.351813471875 0.3177427546875 0.3487046625 0.3223182515625 0.351813471875 0.32384341562499996 0.35440414531250003 0.3192679203125
3 0.35440414531250003 0.31825114375 0.35699481875 0.3192679203125 0.3595854921875 0.3152008140625 0.357512953125 0.3141840359375 0.35440414531250003 0.31825114375
3 0.3487046625 0.316725978125 0.3461139890625 0.3152008140625 0.343523315625 0.3192679203125 0.3455958546875 0.3207930859375 0.3487046625 0.316725978125
3 0.36269429999999997 0.32435180468749997 0.3606217609375 0.323335028125 0.357512953125 0.3274021359375 0.3595854921875 0.32892730000000003 0.36269429999999997 0.32435180468749997
3 0.3652849734375 0.3385866796875 0.36269429999999997 0.3385866796875 0.3642487046875 0.344178953125 0.36632124374999997 0.3436705640625 0.3652849734375 0.3385866796875
3 0.362176165625 0.3385866796875 0.3601036265625 0.3385866796875 0.3601036265625 0.34316217656250003 0.36269429999999997 0.34316217656250003 0.362176165625 0.3385866796875
3 0.3549222796875 0.333502796875 0.35233160625000004 0.3329944078125 0.35129533749999997 0.3385866796875 0.35440414531250003 0.33909506875 0.3549222796875 0.333502796875
3 0.3502590671875 0.33045246562499997 0.347150259375 0.33045246562499997 0.347150259375 0.3360447375 0.34974093281249996 0.3365531265625 0.3502590671875 0.33045246562499997
3 0.3595854921875 0.337061515625 0.35699481875 0.337061515625 0.35699481875 0.34214539843749997 0.3595854921875 0.34214539843749997 0.3595854921875 0.337061515625
3 0.34404145 0.326893746875 0.3419689125 0.32536858125 0.338860103125 0.3299440765625 0.3414507765625 0.33146924218749996 0.34404145 0.326893746875
3 0.334196890625 0.3274021359375 0.33730570000000004 0.32892730000000003 0.33937823906250003 0.323335028125 0.33730570000000004 0.3223182515625 0.334196890625 0.3274021359375
3 0.3124352328125 0.2999491609375 0.31502590625 0.3014743265625 0.318134715625 0.29689883125 0.3155440421875 0.295373665625 0.3124352328125 0.2999491609375
3 0.3316062171875 0.32536858125 0.334196890625 0.3274021359375 0.3367875640625 0.3223182515625 0.334196890625 0.321301475 0.3316062171875 0.32536858125
3 0.3300518140625 0.32435180468749997 0.3321243515625 0.32536858125 0.33471502656249996 0.320284696875 0.3321243515625 0.3187595328125 0.3300518140625 0.32435180468749997
3 0.3326424875 0.3050330453125 0.33471502656249996 0.30604982187499996 0.33730570000000004 0.302491103125 0.3352331609375 0.3009659375 0.3326424875 0.3050330453125
3 0.3300518140625 0.30350787968750004 0.3321243515625 0.3050330453125 0.3352331609375 0.3009659375 0.3326424875 0.29893238437499997 0.3300518140625 0.30350787968750004
3 0.337823834375 0.308083375 0.3404145078125 0.309100153125 0.3419689125 0.30401626875 0.33937823906250003 0.30401626875 0.337823834375 0.308083375
3 0.3419689125 0.309608540625 0.34404145 0.3116420953125 0.348186528125 0.3075749875 0.346632125 0.30604982187499996 0.3419689125 0.309608540625
3 0.3253886015625 0.3070665984375 0.32694300468750004 0.308083375 0.32901554375000003 0.30401626875 0.327461140625 0.3029994921875 0.3253886015625 0.3070665984375
3 0.322797928125 0.305541434375 0.32435233124999996 0.3070665984375 0.327461140625 0.3029994921875 0.32590673593749997 0.3014743265625 0.322797928125 0.305541434375
3 0.31968911875 0.30452465625 0.3217616578125 0.305541434375 0.32435233124999996 0.3014743265625 0.32227979218749997 0.2999491609375 0.31968911875 0.30452465625
3 0.3160621765625 0.3014743265625 0.318134715625 0.3029994921875 0.3212435234375 0.29842399531249997 0.319170984375 0.29689883125 0.3160621765625 0.3014743265625
3 0.6647668390625 0.11896288749999999 0.6678756484374999 0.11896288749999999 0.6678756484374999 0.11337061562499999 0.6642487046875 0.11337061562499999 0.6647668390625 0.11896288749999999
3 0.64404145 0.1194712765625 0.6461139890625 0.12150482968750001 0.6512953375 0.1179461109375 0.6492227984375 0.11591255781250001 0.64404145 0.1194712765625
3 0.7968911921874999 0.6776817484375 0.7974093265625 0.679715303125 0.8025906734375001 0.6781901375 0.8020725390625 0.6756481953125 0.7968911921874999 0.6776817484375
3 0.6414507765625 0.30401626875 0.6445595859375 0.30401626875 0.64404145 0.29944077343750003 0.6414507765625 0.29944077343750003 0.6414507765625 0.30401626875
3 0.652849740625 0.2999491609375 0.6502590671874999 0.29944077343750003 0.6497409328125 0.30452465625 0.652849740625 0.30452465625 0.652849740625 0.2999491609375
3 0.6554404140625001 0.2999491609375 0.653367875 0.2999491609375 0.65233160625 0.3050330453125 0.6549222796875 0.3050330453125 0.6554404140625001 0.2999491609375
3 0.6554404140625001 0.30604982187499996 0.6585492234375 0.30604982187499996 0.6585492234375 0.30045755 0.65595855 0.30045755 0.6554404140625001 0.30604982187499996
3 0.6590673578125 0.30604982187499996 0.661139896875 0.30604982187499996 0.661139896875 0.3009659375 0.6585492234375 0.3009659375 0.6590673578125 0.30604982187499996
3 0.6642487046875 0.30045755 0.66165803125 0.30045755 0.66165803125 0.3065582109375 0.6642487046875 0.3065582109375 0.6642487046875 0.30045755
3 0.6668393781249999 0.3009659375 0.6647668390625 0.3009659375 0.6642487046875 0.30604982187499996 0.6673575125 0.30604982187499996 0.6668393781249999 0.3009659375
3 0.670466321875 0.30045755 0.6673575125 0.2999491609375 0.6668393781249999 0.30604982187499996 0.670466321875 0.3065582109375 0.670466321875 0.30045755
3 0.6735751296875 0.30045755 0.67098445625 0.30045755 0.6715025906250001 0.3065582109375 0.6740932640625 0.3065582109375 0.6735751296875 0.30045755
3 0.6766839375 0.3009659375 0.6740932640625 0.3009659375 0.6740932640625 0.3065582109375 0.6766839375 0.3065582109375 0.6766839375 0.3009659375
3 0.6818652843749999 0.3009659375 0.6787564765625 0.3009659375 0.6787564765625 0.3070665984375 0.6818652843749999 0.3070665984375 0.6818652843749999 0.3009659375
3 0.6823834203125 0.3070665984375 0.68497409375 0.3070665984375 0.685492228125 0.3019827140625 0.6823834203125 0.3019827140625 0.6823834203125 0.3070665984375
3 0.6880829015625001 0.3019827140625 0.685492228125 0.3019827140625 0.6860103625 0.3075749875 0.6880829015625001 0.3075749875 0.6880829015625001 0.3019827140625
3 0.691191709375 0.3014743265625 0.6886010359375 0.3014743265625 0.6886010359375 0.3075749875 0.691191709375 0.3075749875 0.691191709375 0.3014743265625
3 0.691191709375 0.3075749875 0.69430051875 0.3075749875 0.69430051875 0.3014743265625 0.691191709375 0.3014743265625 0.691191709375 0.3075749875
3 0.6968911921875 0.3085917640625 0.7 0.308083375 0.6994818656249999 0.3029994921875 0.69637305625 0.3029994921875 0.6968911921875 0.3085917640625
3 0.700518134375 0.3085917640625 0.7031088078125001 0.3085917640625 0.7025906734375 0.3029994921875 0.7 0.3029994921875 0.700518134375 0.3085917640625
3 0.70569948125 0.3029994921875 0.7025906734375 0.3029994921875 0.7031088078125001 0.309100153125 0.70569948125 0.309608540625 0.70569948125 0.3029994921875
3 0.7088082906250001 0.30401626875 0.7062176171875 0.30350787968750004 0.7062176171875 0.309100153125 0.7088082906250001 0.309100153125 0.7088082906250001 0.30401626875
3 0.7176165796875 0.30452465625 0.71502590625 0.30401626875 0.7145077718749999 0.3106253171875 0.7170984453125 0.3106253171875 0.7176165796875 0.30452465625
3 0.7046632125000001 0.29588205312500004 0.70362694375 0.2979156078125 0.709844559375 0.29893238437499997 0.709844559375 0.2963904421875 0.7046632125000001 0.29588205312500004
3 0.705181346875 0.292323334375 0.7046632125000001 0.2948652765625 0.7108808296875 0.29588205312500004 0.7113989640625 0.2933401125 0.705181346875 0.292323334375
3 0.7067357515625 0.2892730046875 0.70569948125 0.2913065578125 0.7113989640625 0.2928317234375 0.7119170984375 0.29028978125 0.7067357515625 0.2892730046875
3 0.7129533671875 0.29028978125 0.7119170984375 0.2928317234375 0.718134715625 0.2938485 0.71865285 0.2913065578125 0.7129533671875 0.29028978125
3 0.6492227984375 0.29944077343750003 0.6461139890625 0.29944077343750003 0.6461139890625 0.3050330453125 0.6492227984375 0.3050330453125 0.6492227984375 0.29944077343750003
3 0.6388601031250001 0.30401626875 0.6414507765625 0.30401626875 0.6409326421875 0.29893238437499997 0.63834196875 0.29893238437499997 0.6388601031250001 0.30401626875
3 0.647150259375 0.12150482968750001 0.6487046624999999 0.1235383828125 0.653367875 0.1199796640625 0.6512953375 0.11845449999999999 0.647150259375 0.12150482968750001
3 0.6357512953125 0.29893238437499997 0.6326424875 0.29893238437499997 0.6326424875 0.30401626875 0.6357512953125 0.30401626875 0.6357512953125 0.29893238437499997
3 0.7979274609375 0.679715303125 0.7984455953125 0.6822572453125 0.8041450781249999 0.6812404671875 0.8041450781249999 0.6781901375 0.7979274609375 0.679715303125
3 0.748186528125 0.63294356875 0.7455958546875 0.6344687343750001 0.7487046625 0.63955261875 0.7512953375 0.638535840625 0.748186528125 0.63294356875
3 0.8010362687500001 0.6629384843749999 0.8025906734375001 0.6654804265625 0.8072538859374999 0.6639552625 0.8067357515625 0.6614133203125 0.8010362687500001 0.6629384843749999
3 0.8020725390625 0.665988815625 0.8031088078125 0.6685307578125 0.8082901546875 0.6664972031249999 0.8077720203125001 0.66446365 0.8020725390625 0.665988815625
3 0.80362694375 0.6690391453125 0.8046632125000001 0.6710727000000001 0.8093264250000001 0.6690391453125 0.8082901546875 0.6670055921875 0.80362694375 0.6690391453125
3 0.79430051875 0.6924250125 0.7953367874999999 0.694458565625 0.800518134375 0.691916625 0.79896373125 0.6893746828125 0.79430051875 0.6924250125
3 0.7927461140625 0.6898830703125001 0.79430051875 0.6924250125 0.79896373125 0.6893746828125 0.7974093265625 0.687341128125 0.7927461140625 0.6898830703125001
3 0.7968911921874999 0.6985256734374999 0.794818653125 0.7000508390625 0.7984455953125 0.7036095578125 0.8 0.7020843921875 0.7968911921874999 0.6985256734374999
3 0.8 0.6964921203125 0.7974093265625 0.6985256734374999 0.800518134375 0.70259278125 0.8020725390625 0.7005592265625 0.8 0.6964921203125
3 0.8031088078125 0.6939501781249999 0.800518134375 0.69598373125 0.80362694375 0.7000508390625 0.8062176171875001 0.6985256734374999 0.8031088078125 0.6939501781249999
3 0.805181346875 0.6929334015624999 0.8025906734375001 0.694458565625 0.8062176171875001 0.6980172859375 0.8082901546875 0.6970005078125 0.805181346875 0.6929334015624999
3 0.8072538859374999 0.6908998468750001 0.805181346875 0.6924250125 0.8082901546875 0.6970005078125 0.8103626937499999 0.6949669546874999 0.8072538859374999 0.6908998468750001
3 0.809844559375 0.6898830703125001 0.8072538859374999 0.6914082359375 0.8103626937499999 0.6949669546874999 0.8129533671875 0.6934417890625 0.809844559375 0.6898830703125001
3 0.8082901546875 0.683274021875 0.8062176171875001 0.6847991859375 0.809844559375 0.6893746828125 0.8119170984374999 0.6878495171875 0.8082901546875 0.683274021875
3 0.7129533671875 0.41992882500000006 0.7108808296875 0.4194204375 0.709326425 0.42450432187500003 0.7113989640625 0.42501270937499996 0.7129533671875 0.41992882500000006
3 0.694818653125 0.4112862234375 0.69430051875 0.40925266875000005 0.6886010359375 0.4097610578125 0.6886010359375 0.41179461093749997 0.694818653125 0.4112862234375
3 0.5974093265625 0.2948652765625 0.5953367875 0.2948652765625 0.5953367875 0.2999491609375 0.5979274609375 0.2999491609375 0.5974093265625 0.2948652765625
3 0.600518134375 0.29588205312500004 0.5979274609375 0.295373665625 0.5979274609375 0.3009659375 0.6010362687499999 0.3009659375 0.600518134375 0.29588205312500004
3 0.6010362687499999 0.3009659375 0.604145078125 0.3009659375 0.604145078125 0.29588205312500004 0.6015544046875 0.29588205312500004 0.6010362687499999 0.3009659375
3 0.604145078125 0.3014743265625 0.6072538859375001 0.3009659375 0.6072538859375001 0.29588205312500004 0.604145078125 0.29588205312500004 0.604145078125 0.3014743265625
3 0.6072538859375001 0.3014743265625 0.609844559375 0.3014743265625 0.609844559375 0.29588205312500004 0.6072538859375001 0.2963904421875 0.6072538859375001 0.3014743265625
3 0.609844559375 0.3019827140625 0.6129533671875 0.3019827140625 0.6129533671875 0.29689883125 0.609844559375 0.29689883125 0.609844559375 0.3019827140625
3 0.6310880828125 0.29740721875 0.6316062171875 0.2943568890625 0.624870465625 0.2928317234375 0.62435233125 0.295373665625 0.6310880828125 0.29740721875
3 0.7165803109375 0.3009659375 0.718134715625 0.29842399531249997 0.7124352328125 0.29588205312500004 0.7108808296875 0.29842399531249997 0.7165803109375 0.3009659375
3 0.71865285 0.2892730046875 0.7196891187500001 0.2867310625 0.7129533671875 0.28520589687500003 0.7124352328125 0.2877478390625 0.71865285 0.2892730046875
3 0.7160621765624999 0.279613625 0.7165803109375 0.27656329375 0.7103626937499999 0.27605490625 0.7103626937499999 0.2785968484375 0.7160621765624999 0.279613625
3 0.5860103624999999 0.28317234375 0.5839378234375 0.28317234375 0.5834196890625 0.2877478390625 0.585492228125 0.2877478390625 0.5860103624999999 0.28317234375
3 0.6803108812499999 0.1911540421875 0.6777202078125 0.1911540421875 0.6777202078125 0.1967463140625 0.6803108812499999 0.1967463140625 0.6803108812499999 0.1911540421875
3 0.6544041453125 0.190137265625 0.65699481875 0.1911540421875 0.6585492234375 0.18556176875 0.6554404140625001 0.18505338124999998 0.6544041453125 0.190137265625
3 0.6637305703124999 0.1753940015625 0.6606217609375 0.1748856125 0.6601036265625 0.1809862734375 0.6632124359375 0.1809862734375 0.6637305703124999 0.1753940015625
3 0.6430051812500001 0.176410778125 0.64404145 0.1789527203125 0.6502590671874999 0.176410778125 0.6487046624999999 0.1738688359375 0.6430051812500001 0.176410778125
3 0.6430051812500001 0.1682765640625 0.642487046875 0.17081850468749998 0.6487046624999999 0.1703101171875 0.6487046624999999 0.1682765640625 0.6430051812500001 0.1682765640625
3 0.64766839375 0.159125571875 0.6450777203125 0.1581087953125 0.64404145 0.1637010671875 0.647150259375 0.16420945625 0.64766839375 0.159125571875
3 0.7088082906250001 0.13370615156250001 0.7077720203125 0.1316725984375 0.7020725390625 0.134722928125 0.70362694375 0.13675648125 0.7088082906250001 0.13370615156250001
3 0.6538860109375 0.15302491093749998 0.65595855 0.1535333 0.657512953125 0.148449415625 0.6549222796875 0.14794102656250002 0.6538860109375 0.15302491093749998
3 0.6502590671874999 0.152516521875 0.653367875 0.15302491093749998 0.6544041453125 0.14743263906249998 0.6518134718749999 0.14692425 0.6502590671874999 0.152516521875
3 0.6455958546875 0.1509913578125 0.648186528125 0.1509913578125 0.6487046624999999 0.1459074734375 0.6455958546875 0.1459074734375 0.6455958546875 0.1509913578125
3 0.65595855 0.1408235890625 0.6580310875000001 0.1428571421875 0.662176165625 0.137773259375 0.6601036265625 0.13573970468750002 0.65595855 0.1408235890625
3 0.65233160625 0.138281646875 0.6538860109375 0.1408235890625 0.6580310875000001 0.13675648125 0.65595855 0.134722928125 0.65233160625 0.138281646875
3 0.648186528125 0.1372648703125 0.6502590671874999 0.1392984234375 0.6549222796875 0.1352313171875 0.653367875 0.13319776249999998 0.648186528125 0.1372648703125
3 0.6450777203125 0.13573970468750002 0.647150259375 0.137773259375 0.6512953375 0.134214540625 0.6492227984375 0.132689375 0.6450777203125 0.13573970468750002
3 0.6461139890625 0.1235383828125 0.643523315625 0.12455515937499999 0.6450777203125 0.1306558203125 0.64766839375 0.12963904375 0.6461139890625 0.1235383828125
3 0.6497409328125 0.1250635484375 0.646632125 0.1255719375 0.6487046624999999 0.1306558203125 0.6518134718749999 0.12913065625 0.6497409328125 0.1250635484375
3 0.65233160625 0.12455515937499999 0.6497409328125 0.1255719375 0.65233160625 0.12963904375 0.6549222796875 0.12913065625 0.65233160625 0.12455515937499999
3 0.65595855 0.1255719375 0.6538860109375 0.1265887140625 0.6564766843750001 0.1321809859375 0.6590673578125 0.1306558203125 0.65595855 0.1255719375
3 0.6606217609375 0.1270971015625 0.657512953125 0.12760549062499998 0.6601036265625 0.132689375 0.6626943 0.1316725984375 0.6606217609375 0.1270971015625
3 0.6637305703124999 0.12760549062499998 0.661139896875 0.1286222671875 0.6632124359375 0.132689375 0.665803109375 0.1316725984375 0.6637305703124999 0.12760549062499998
3 0.6590673578125 0.1255719375 0.66165803125 0.12760549062499998 0.665803109375 0.12404677187499999 0.6642487046875 0.12201321875 0.6590673578125 0.1255719375
3 0.6544041453125 0.1230299953125 0.6564766843750001 0.1255719375 0.661139896875 0.12252160625 0.6595854921875001 0.120488053125 0.6544041453125 0.1230299953125
3 0.6497409328125 0.12252160625 0.65233160625 0.12404677187499999 0.6564766843750001 0.12099644062499999 0.6544041453125 0.11896288749999999 0.6497409328125 0.12252160625
3 0.6787564765625 0.197763090625 0.676165803125 0.19623792499999998 0.6746113984375001 0.2018301984375 0.677202071875 0.20233858593749998 0.6787564765625 0.197763090625
3 0.675129534375 0.1967463140625 0.6730569953125001 0.19623792499999998 0.6715025906250001 0.200813421875 0.6746113984375001 0.2018301984375 0.675129534375 0.1967463140625
3 0.6730569953125001 0.19623792499999998 0.670466321875 0.1947127609375 0.6683937828125 0.2003050328125 0.6715025906250001 0.201321809375 0.6730569953125001 0.19623792499999998
3 0.6233160625 0.26182003125 0.6212435234375 0.264361971875 0.624870465625 0.26741230312500003 0.6269430046875 0.26537875 0.6233160625 0.26182003125
3 0.58963730625 0.2836807328125 0.5875647671875 0.28317234375 0.5870466328124999 0.2877478390625 0.58963730625 0.28825622812499996 0.58963730625 0.2836807328125
3 0.5927461140625 0.2841891203125 0.590155440625 0.2836807328125 0.58963730625 0.288764615625 0.5927461140625 0.288764615625 0.5927461140625 0.2841891203125
3 0.595854921875 0.2841891203125 0.5927461140625 0.2836807328125 0.5932642484375 0.288764615625 0.5953367875 0.288764615625 0.595854921875 0.2841891203125
3 0.5984455953125 0.2836807328125 0.595854921875 0.2836807328125 0.595854921875 0.28978139375 0.59896373125 0.28978139375 0.5984455953125 0.2836807328125
3 0.6020725390624999 0.2836807328125 0.5994818656249999 0.28317234375 0.59896373125 0.28825622812499996 0.6015544046875 0.288764615625 0.6020725390624999 0.2836807328125
3 0.605181346875 0.2836807328125 0.6031088078125 0.28317234375 0.6020725390624999 0.28825622812499996 0.6046632125 0.288764615625 0.605181346875 0.2836807328125
3 0.6077720203125 0.284697509375 0.6056994812500001 0.2841891203125 0.605181346875 0.28978139375 0.6077720203125 0.28978139375 0.6077720203125 0.284697509375
3 0.59637305625 0.27402135156249996 0.595854921875 0.270971021875 0.590155440625 0.2724961875 0.5906735750000001 0.2755465171875 0.59637305625 0.27402135156249996
3 0.6129533671875 0.26893746875 0.6119170984375 0.2663955265625 0.6056994812500001 0.2684290796875 0.6062176171875 0.270971021875 0.6129533671875 0.26893746875
3 0.6207253890625 0.263853584375 0.618134715625 0.2658871375 0.6233160625 0.26944585625 0.624870465625 0.26792069218750003 0.6207253890625 0.263853584375
3 0.62435233125 0.2587697 0.6222797921875001 0.2613116421875 0.6269430046875 0.264361971875 0.62901554375 0.26232841875 0.62435233125 0.2587697
3 0.6673575125 0.1947127609375 0.6647668390625 0.194204371875 0.6632124359375 0.19928825625 0.66632124375 0.2003050328125 0.6673575125 0.1947127609375
3 0.62901554375 0.25622775781249996 0.6269430046875 0.2582613109375 0.6321243515625 0.26182003125 0.6336787562499999 0.26029486562500004 0.62901554375 0.25622775781249996
3 0.6305699484375 0.25368581562500003 0.628497409375 0.25571937031249997 0.6336787562499999 0.2592780890625 0.6352331609374999 0.257244534375 0.6305699484375 0.25368581562500003
3 0.6326424875 0.2506354859375 0.6305699484375 0.253177428125 0.6352331609374999 0.256736146875 0.6367875640625 0.25521098124999997 0.6326424875 0.2506354859375
3 0.6347150265625 0.24809354374999998 0.6321243515625 0.250127096875 0.6367875640625 0.2547025921875 0.6388601031250001 0.253177428125 0.6347150265625 0.24809354374999998
3 0.5906735750000001 0.222165734375 0.5891191703125 0.2241992875 0.5927461140625 0.228774784375 0.594818653125 0.22724961875 0.5906735750000001 0.222165734375
3 0.5886010359375 0.2247076765625 0.586528496875 0.2267412296875 0.5906735750000001 0.23029994843749999 0.5927461140625 0.228774784375 0.5886010359375 0.2247076765625
3 0.6564766843750001 0.1916624296875 0.6538860109375 0.19064565312499998 0.652849740625 0.1957295375 0.6554404140625001 0.19623792499999998 0.6564766843750001 0.1916624296875
3 0.6590673578125 0.19267920624999998 0.6564766843750001 0.1916624296875 0.6549222796875 0.1967463140625 0.657512953125 0.19725470312499999 0.6590673578125 0.19267920624999998
3 0.662176165625 0.19318759531250002 0.6595854921875001 0.19267920624999998 0.657512953125 0.19725470312499999 0.6601036265625 0.197763090625 0.662176165625 0.19318759531250002
3 0.6647668390625 0.193695984375 0.662176165625 0.19267920624999998 0.6601036265625 0.1982714796875 0.6632124359375 0.19928825625 0.6647668390625 0.193695984375
3 0.1782383421875 0.0340620234375 0.17564766874999999 0.0340620234375 0.17564766874999999 0.039145907812500005 0.1787564765625 0.039145907812500005 0.1782383421875 0.0340620234375