1 0.9144204859375 0.6452205875 0.924191375 0.6294117640625 0.9059973046875 0.6169117640625 0.8975741234375001 0.6338235296875 0.9144204859375 0.6452205875
1 0.5148247984375 0.282352940625 0.51987870625 0.30294117656249997 0.5400943390624999 0.2985294125 0.5347035046874999 0.2779411765625 0.5148247984375 0.282352940625
1 0.14858490625 0.6522058828125 0.1290431265625 0.643382353125 0.12028301875 0.66323529375 0.137803234375 0.6735294125 0.14858490625 0.6522058828125
1 0.1091644203125 0.5095588234374999 0.14049865156250002 0.531617646875 0.158692721875 0.5080882359375 0.133086253125 0.48125 0.1091644203125 0.5095588234374999
1 0.1900269546875 0.5610294125 0.2024932609375 0.5731617640625 0.2156334234375 0.5577205875 0.20047169843749998 0.5452205875 0.1900269546875 0.5610294125
1 0.2146226421875 0.58125 0.23113207500000002 0.5955882359375 0.24494609218750002 0.5772058828125 0.2304582203125 0.562867646875 0.2146226421875 0.58125
1 0.2405660375 0.6040441171875 0.25673854375 0.61875 0.268530996875 0.6018382359375 0.25471698125 0.5875 0.2405660375 0.6040441171875
1 0.29615902968749996 0.6485294125000001 0.31401617187499997 0.66176470625 0.32614555312500004 0.6419117640625001 0.3069407015625 0.6272058828125 0.29615902968749996 0.6485294125000001
1 0.3406334234375 0.6669117640625 0.3618598375 0.6625 0.357479784375 0.6371323531249999 0.3359164421875 0.6415441171875 0.3406334234375 0.6669117640625
1 0.3733153640625 0.655882353125 0.3928571421875 0.651102940625 0.3881401625 0.625 0.36758760156250003 0.630147059375 0.3733153640625 0.655882353125
1 0.4127358484375 0.6371323531249999 0.42520215625 0.6227941171875 0.4120619953125 0.606617646875 0.3979110515625 0.6216911765625001 0.4127358484375 0.6371323531249999
1 0.4804582203125 0.537867646875 0.48382749374999995 0.519852940625 0.463611859375 0.5102941171875 0.458221025 0.5294117640625 0.4804582203125 0.537867646875
1 0.43598382812500003 0.5481617640625001 0.43733153593749996 0.5279411765625001 0.416105121875 0.525 0.41374663125 0.5459558828125 0.43598382812500003 0.5481617640625001
1 0.48584905625 0.5029411765625 0.484838275 0.48455882343749995 0.46091644218749994 0.4830882359375 0.46091644218749994 0.5014705875 0.48584905625 0.5029411765625
1 0.47035040468749995 0.44080882343749994 0.46495956875 0.4231617640625 0.44508086249999995 0.4286764703125 0.4514824796875 0.4485294125 0.47035040468749995 0.44080882343749994
1 0.46125336875 0.41176470624999995 0.455862534375 0.393382353125 0.434299190625 0.399632353125 0.440700809375 0.419117646875 0.46125336875 0.41176470624999995
1 0.4487870625 0.3860294125 0.44272237187499996 0.3658088234375 0.4245283015625 0.3727941171875 0.4302560640625 0.392647059375 0.4487870625 0.3860294125
1 0.3975741234375 0.3727941171875 0.3793800546875 0.380147059375 0.3881401625 0.40477941250000005 0.40700808593750004 0.3977941171875 0.3975741234375 0.3727941171875
1 0.4804582203125 0.22169117656249998 0.49966307343749994 0.2375 0.510781671875 0.21323529375 0.490902965625 0.19926470624999998 0.4804582203125 0.22169117656249998
1 0.44272237187499996 0.2375 0.46125336875 0.23382352968750003 0.4572102421875 0.20588235312499997 0.4363207546875 0.2095588234375 0.44272237187499996 0.2375
1 0.3995956875 0.2856617640625 0.411388140625 0.268382353125 0.39454177968750004 0.251102940625 0.38106469062500004 0.269117646875 0.3995956875 0.2856617640625
1 0.40229110468749996 0.23602941249999998 0.42216981093749995 0.22757352968750003 0.4130727765625 0.201102940625 0.3931940703125 0.2088235296875 0.40229110468749996 0.23602941249999998
1 0.38376010781250003 0.12169117656249999 0.37196765468750004 0.1360294125 0.3874663078125 0.1522058828125 0.398247978125 0.137867646875 0.38376010781250003 0.12169117656249999
1 0.015498651562499998 0.7158088234375 0.033692721875 0.7330882359374999 0.0512129375 0.7139705875 0.029986523437500003 0.69448529375 0.015498651562499998 0.7158088234375
1 0.5245956875 0.31838235312499996 0.5296495953125 0.33823529375 0.5545822109375 0.3330882359375 0.5475067390625 0.3125 0.5245956875 0.31838235312499996
1 0.9295822109375 0.624632353125 0.9390161718750001 0.6091911765625 0.9218328843749999 0.5948529406249999 0.9103773578125001 0.6110294125 0.9295822109375 0.624632353125
1 0.53504043125 0.3547794125 0.541105121875 0.375 0.563005390625 0.36911764687500004 0.556266846875 0.34852941249999997 0.53504043125 0.3547794125
1 0.621630728125 0.1654411765625 0.602762803125 0.15441176406249998 0.59097035 0.17279411718749998 0.6078167109375 0.1875 0.621630728125 0.1654411765625
1 0.6462264156249999 0.1852941171875 0.6266846359375 0.17426470624999998 0.6091644203125 0.1959558828125 0.6317385437499999 0.21176470625000002 0.6462264156249999 0.1852941171875
1 0.88173854375 0.3 0.8915094343750001 0.28492647031249996 0.872641509375 0.267647059375 0.8618598375 0.2841911765625 0.88173854375 0.3
1 0.78504043125 0.10514705937499999 0.7708894875000001 0.119117646875 0.787398921875 0.1393382359375 0.8012129375000001 0.12316176406249998 0.78504043125 0.10514705937499999
1 0.7631401624999999 0.6849264703125 0.7644878703125 0.667647059375 0.7439353093750001 0.6595588234374999 0.738207546875 0.6794117640625 0.7631401624999999 0.6849264703125
1 0.6650943390624999 0.7977941171875 0.6536388140625 0.8147058828124999 0.6711590296875001 0.830147059375 0.6826145546875 0.8154411765624999 0.6650943390624999 0.7977941171875
1 0.5518867921874999 0.8709558828124999 0.56907008125 0.8845588234375 0.5822102421875 0.8661764703125 0.5653638812499999 0.85073529375 0.5518867921874999 0.8709558828124999
1 0.502358490625 0.8275735296875 0.51415094375 0.8397058828124999 0.5276280328125 0.823897059375 0.511455525 0.8113970593750001 0.502358490625 0.8275735296875
1 0.4754043125 0.7029411765625 0.47371967656249997 0.7264705874999999 0.493935309375 0.730147059375 0.496630728125 0.70551470625 0.4754043125 0.7029411765625
1 0.52931266875 0.630147059375 0.5148247984375 0.6455882359375 0.5323450140625 0.6639705874999999 0.5461590296875001 0.6485294125000001 0.52931266875 0.630147059375
1 0.5522237203125 0.6040441171875 0.5384097031249999 0.6213235296875 0.55390835625 0.6371323531249999 0.5697439359375001 0.6205882359375 0.5522237203125 0.6040441171875
1 0.5825471703125 0.5849264703125 0.5653638812499999 0.5922794125 0.5751347703125 0.6147058828125 0.5916442046875 0.6036764703124999 0.5825471703125 0.5849264703125
1 0.6688005390625 0.5904411765625001 0.648247978125 0.587132353125 0.6445417796874999 0.6143382359375 0.6654312671875 0.6169117640625 0.6688005390625 0.5904411765625001
1 0.6947439359375001 0.5955882359375 0.6755390828125 0.5922794125 0.6721698109375 0.6154411765625001 0.6910377359375001 0.61875 0.6947439359375001 0.5955882359375
1 0.71967655 0.6018382359375 0.7014824796875 0.5974264703125 0.6957547171875 0.619852940625 0.71597035 0.625 0.71967655 0.6018382359375
1 0.74528301875 0.6080882359374999 0.7260781671875 0.6033088234374999 0.719339621875 0.6272058828125 0.7398921828125 0.63198529375 0.74528301875 0.6080882359374999
1 0.8402964953125001 0.5330882359375 0.8355795140625 0.5525735296875001 0.8547843671875001 0.5588235296875 0.8598382750000001 0.537867646875 0.8402964953125001 0.5330882359375
1 0.7708894875000001 0.4974264703125 0.792115903125 0.5011029406249999 0.7948113203125 0.475367646875 0.7725741234375 0.4735294125 0.7708894875000001 0.4974264703125
1 0.738207546875 0.499632353125 0.75842318125 0.5029411765625 0.7601078171875 0.4779411765625 0.739218328125 0.47610294062499997 0.738207546875 0.499632353125
1 0.6688005390625 0.4900735296875 0.6903638812499999 0.4959558828125 0.69407008125 0.468382353125 0.670822103125 0.4643382359375 0.6688005390625 0.4900735296875
1 0.5400943390624999 0.394117646875 0.551549865625 0.42426470624999996 0.5798517515625 0.4125 0.5704177890625 0.3834558828125 0.5400943390624999 0.394117646875
1 0.337601078125 0.187867646875 0.3237870625 0.20147058750000002 0.33928571406249997 0.21875 0.3524258765625 0.2029411765625 0.337601078125 0.187867646875