2 0.8302235343750001 0.3602248578125 0.8425306890625001 0.37398129375 0.8855134437500001 0.3508494734375 0.8737109828125 0.337172975 0.8302235343750001 0.3602248578125
2 0.8538625140624999 0.36776406875 0.8657301281249999 0.3810292015625 0.8959321250000001 0.3634634359375 0.8850739000000001 0.3503581734375 0.8538625140624999 0.36776406875
4 0.3089972671875 0.7929695125 0.2999127546875 0.7915306671875 0.29854452343750004 0.800169340625 0.3076290359375 0.8016081859374999 0.3089972671875 0.7929695125
4 0.16943881875 0.798696821875 0.1558120515625 0.796538553125 0.1541180515625 0.807234053125 0.16774481875 0.809392321875 0.16943881875 0.798696821875
4 0.1812918765625 0.7891886718750001 0.1676651078125 0.7870304031249999 0.165905953125 0.7981372703125 0.179532721875 0.8002955390625001 0.1812918765625 0.7891886718750001
4 0.32002113906249996 0.5535118375 0.29831925 0.5500745953124999 0.295647940625 0.5669405765625 0.31734983125 0.5703778171875 0.32002113906249996 0.5535118375
4 0.34183581093750004 0.5725692765625 0.32114331093750004 0.5692919078124999 0.31853715625 0.5857465234375 0.33922965625 0.5890238937500001 0.34183581093750004 0.5725692765625
4 0.37208345625 0.5971792171875 0.35088626093749997 0.5938219109375 0.348019490625 0.611921990625 0.3692166859375 0.6152792953125 0.37208345625 0.5971792171875
4 0.39490751875 0.6163965296875 0.37421501875 0.613119159375 0.37147855625 0.6303965078125 0.39217105625 0.633673878125 0.39490751875 0.6163965296875
4 0.42522031718750003 0.6405951046875 0.40402312343749996 0.6372378000000001 0.40122150625 0.6549265125 0.42241870156249994 0.6582838171875001 0.42522031718750003 0.6405951046875
4 0.44690468125000005 0.6604752781250001 0.4262121828125 0.6571979078125 0.42347571874999995 0.6744752546874999 0.44416821874999995 0.677752625 0.44690468125000005 0.6604752781250001
4 0.430423021875 0.5195522343750001 0.4183103390625 0.517633775 0.41681179999999995 0.527095178125 0.42892448281249995 0.5290136390625 0.430423021875 0.5195522343750001
4 0.37822317656250004 0.7870664296875 0.37014805625 0.78578745625 0.36910559374999996 0.7923693015625 0.3771807140625 0.793648275 0.37822317656250004 0.7870664296875
4 0.3727988703125 0.8245806171875 0.36220027187500003 0.8229019640624999 0.36089719374999996 0.8311292734375 0.3714957921875 0.8328079265625 0.3727988703125 0.8245806171875
4 0.3881361734375 0.812672525 0.3815751375 0.8116333593749999 0.3806629828125 0.8173924749999999 0.38722402031250003 0.818431640625 0.3881361734375 0.812672525
4 0.3816723734375 0.8175523453125001 0.376625421875 0.8167529874999999 0.375843575 0.8216893734375 0.3808905265625 0.8224887328125 0.3816723734375 0.8175523453125001
4 0.169709334375 0.66633065 0.160120125 0.66481186875 0.158686740625 0.6738619078125 0.1682759484375 0.6753806890625 0.169709334375 0.66633065
4 0.15950067031249998 0.6752558750000001 0.14991146093750002 0.67373709375 0.1486735375 0.6815530359374999 0.1582627453125 0.6830718171875 0.15950067031249998 0.6752558750000001
2 0.23164621875 0.383069575 0.21757891875 0.39349207656249996 0.2545334546875 0.4280196640625 0.2691054484375 0.41767709843749995 0.23164621875 0.383069575