4 0.12900754375 0.26794765 0.1263744546875 0.26704100468749997 0.1250080875 0.271009225 0.1276411765625 0.27191587031250003 0.12900754375 0.26794765
4 0.15558204375 0.0741284296875 0.153906440625 0.0735514734375 0.1531611484375 0.07571595625000001 0.1548367515625 0.0762929140625 0.15558204375 0.0741284296875
4 0.1577545078125 0.07326239531249999 0.1563182765625 0.0727678609375 0.15544876875 0.07529309375 0.156885 0.07578762812499999 0.1577545078125 0.07326239531249999
4 0.15526374999999998 0.07038716874999999 0.15382751875 0.0698926359375 0.153082228125 0.07205711875000001 0.1545184578125 0.072551653125 0.15526374999999998 0.07038716874999999
4 0.1596086765625 0.0686551046875 0.157693703125 0.0679957265625 0.15669998125 0.070881703125 0.1586149546875 0.07154108125 0.1596086765625 0.0686551046875
4 0.2327128734375 0.063966565625 0.227207321875 0.062070851562499994 0.223977725 0.07145027968749999 0.22948327656249998 0.07334599375 0.2327128734375 0.063966565625
4 0.24079976875 0.0606983359375 0.23553358906250002 0.058885045312499995 0.2326766390625 0.06718223281249999 0.2379428171875 0.0689955234375 0.24079976875 0.0606983359375
4 0.250837871875 0.054873818750000004 0.24413546249999998 0.05256599375 0.2405332203125 0.06302766562499999 0.2472356296875 0.0653354890625 0.250837871875 0.054873818750000004
4 0.1256291640625 0.2692054875 0.1229960734375 0.2682988421875 0.121505490625 0.272627809375 0.1241385796875 0.27353445625 0.1256291640625 0.2692054875
4 0.1255748109375 0.2740289890625 0.1231810921875 0.27320476562499996 0.12181472499999998 0.27717298437500004 0.12420844375 0.27799720781250004 0.1255748109375 0.2740289890625
4 0.1291925625 0.2728535734375 0.126559475 0.271946928125 0.12519310625 0.2759151484375 0.1278261953125 0.27682179375 0.1291925625 0.2728535734375
4 0.13238592656249998 0.2666898109375 0.12999220625000002 0.2658655875 0.1287500546875 0.2694730609375 0.1311437734375 0.270297284375 0.13238592656249998 0.2666898109375
4 0.1962309375 0.27333972812499996 0.194555334375 0.272762771875 0.193685828125 0.275288003125 0.19536143125 0.275864959375 0.1962309375 0.27333972812499996
4 0.132331571875 0.2715133125 0.13017722812500002 0.2707715109375 0.128935075 0.2743789859375 0.13108942031249998 0.2751207859375 0.132331571875 0.2715133125
4 0.13619775625 0.269616403125 0.1338040375 0.2687921796875 0.1325618859375 0.2723996515625 0.134955603125 0.273223875 0.13619775625 0.269616403125
4 0.13649148125 0.2648753234375 0.133858390625 0.263968678125 0.1323678078125 0.2682976453125 0.13500089843750002 0.2692042921875 0.13649148125 0.2648753234375
4 0.139700353125 0.26799781718750004 0.1373066359375 0.26717359375 0.13594026718750002 0.27114181406250004 0.1383339859375 0.27196603750000004 0.139700353125 0.26799781718750004
4 0.1418637578125 0.2679357015625 0.1401881546875 0.26735874531250003 0.13907021718749998 0.2706054703125 0.1407458203125 0.27118242656249997 0.1418637578125 0.2679357015625
4 0.13915174531250002 0.26337021875 0.137236771875 0.262710840625 0.13611883593750002 0.265957565625 0.138033809375 0.26661694375 0.13915174531250002 0.26337021875
4 0.158962646875 0.28592886093750003 0.1565689296875 0.28510463750000004 0.1552025609375 0.28907285781250003 0.15759627812500002 0.28989708125 0.158962646875 0.28592886093750003
4 0.15927188125 0.2904740359375 0.1568781640625 0.2896498140625 0.15551179531249998 0.293618034375 0.1579055125 0.29444225625 0.15927188125 0.2904740359375
4 0.16053215 0.28525873125 0.1593352921875 0.2848466203125 0.1585900015625 0.2870111015625 0.15978685937499998 0.28742321406250004 0.16053215 0.28525873125
4 0.1607352875 0.28855681875 0.1592990578125 0.2880622859375 0.158553765625 0.2902267703125 0.15998999687499998 0.290721303125 0.1607352875 0.28855681875
4 0.1534095796875 0.0749944609375 0.15149460625 0.0743350828125 0.15050088281250001 0.0772210609375 0.1524158578125 0.0778804390625 0.1534095796875 0.0749944609375
4 0.1506341578125 0.076056396875 0.14871918281250002 0.07539701875 0.1477254609375 0.078282996875 0.1496404359375 0.078942375 0.1506341578125 0.076056396875
4 0.1505552359375 0.07239756093750001 0.14840088906249999 0.071655759375 0.1472829515625 0.074902484375 0.1494372984375 0.07564428437500001 0.1505552359375 0.07239756093750001
4 0.1477798125 0.0734594953125 0.1458648390625 0.0728001171875 0.144746903125 0.07604684218749999 0.14666187656250002 0.07670622031249999 0.1477798125 0.0734594953125
4 0.12431988125 0.1828053328125 0.12240490625 0.1821459546875 0.12128697031249999 0.185392678125 0.12320194531249999 0.1860520578125 0.12431988125 0.1828053328125
4 0.1207474234375 0.1799611640625 0.1190718203125 0.1793842078125 0.118078096875 0.1822701859375 0.11975370156250001 0.1828471421875 0.1207474234375 0.1799611640625
4 0.1240015890625 0.1790640734375 0.12184724218750001 0.178322271875 0.12072930468750001 0.18156899843750002 0.1228836515625 0.1823107984375 0.1240015890625 0.1790640734375
4 0.1206775609375 0.175498409375 0.1187625859375 0.17483903125 0.1177688625 0.177725009375 0.1196838375 0.17838438750000002 0.1206775609375 0.175498409375
4 0.124055940625 0.174240571875 0.12190159375000001 0.173498771875 0.1206594421875 0.17710624375 0.12281378750000001 0.1778480453125 0.124055940625 0.174240571875
4 0.12048348125 0.17139640312499999 0.11856850625 0.17073702500000001 0.11745056875 0.17398375 0.11936554375 0.1746431296875 0.12048348125 0.17139640312499999
4 0.123737646875 0.1704993125 0.12158329999999999 0.1697575109375 0.12046536249999999 0.1730042375 0.122619709375 0.1737460375 0.123737646875 0.1704993125
4 0.08504863593749999 0.19188016562500002 0.08217617499999999 0.19089109843750002 0.0806855921875 0.195220065625 0.083558053125 0.19620913281250002 0.08504863593749999 0.19188016562500002
4 0.08866638906249999 0.19070475 0.085793928125 0.1897156828125 0.0843033453125 0.1940446484375 0.08717580625 0.1950337171875 0.08866638906249999 0.19070475
4 0.0885965265625 0.18624199531250002 0.08572406406250001 0.185252928125 0.084357696875 0.1892211484375 0.087230159375 0.190210215625 0.0885965265625 0.18624199531250002
4 0.0884115078125 0.1813360734375 0.08553904531249999 0.1803470046875 0.0840484625 0.184675971875 0.08692092500000001 0.1856650390625 0.0884115078125 0.1813360734375
4 0.13721741406250001 0.232440325 0.1338662109375 0.23128641249999998 0.131878765625 0.23705836875 0.1352299703125 0.23821228125 0.13721741406250001 0.232440325
4 0.1420410859375 0.23087310312499998 0.13868988124999998 0.2297191921875 0.1369508671875 0.234769653125 0.140302071875 0.2359235640625 0.1420410859375 0.23087310312499998
4 0.1472374015625 0.228223640625 0.14412556875 0.22715215 0.142262340625 0.232563359375 0.1453741734375 0.23363485 0.1472374015625 0.228223640625
4 0.1572573890625 0.2240069578125 0.1541455546875 0.22293546718749999 0.15253075625 0.2276251828125 0.1556425921875 0.228696671875 0.1572573890625 0.2240069578125
4 0.152424659375 0.2263780953125 0.1490734546875 0.22522418281249998 0.14745865625000001 0.229913896875 0.1508098625 0.2310678109375 0.152424659375 0.2263780953125
4 0.162329490625 0.2217182421875 0.1592176578125 0.22064675312499998 0.15747864375 0.22569721406249998 0.160590478125 0.226768703125 0.162329490625 0.2217182421875
4 0.142307890625 0.0792422046875 0.139914171875 0.07841798125 0.1386720203125 0.08202545312500001 0.1410657375 0.0828496765625 0.142307890625 0.0792422046875
4 0.1448348828125 0.0789017625 0.1429199078125 0.078242384375 0.141926184375 0.0811283625 0.143841159375 0.0817877421875 0.1448348828125 0.0789017625
4 0.1477345203125 0.0774790796875 0.14558017343750002 0.0767372796875 0.1445864515625 0.0796232578125 0.14674079843750001 0.0803650578125 0.1477345203125 0.0774790796875
4 0.14500439062499998 0.07452143125 0.1433287875 0.073944475 0.142335065625 0.076830453125 0.14401066875 0.077407409375 0.14500439062499998 0.07452143125
4 0.1626683796875 0.28760836562500003 0.1612321484375 0.28711383125 0.16036264218750002 0.2896390609375 0.1617988734375 0.2901335953125 0.1626683796875 0.28760836562500003
4 0.1650802140625 0.2868247546875 0.1634046125 0.2862477984375 0.16253510468750001 0.2887730296875 0.1642107078125 0.2893499859375 0.1650802140625 0.2868247546875
4 0.16701330625 0.2858762984375 0.1658164484375 0.2854641875 0.1649469421875 0.28798941875 0.1661438 0.2884015296875 0.16701330625 0.2858762984375
4 0.1355208328125 0.3936668625 0.1328877421875 0.3927602171875 0.13139715937500002 0.397089184375 0.13403025 0.39799583125 0.1355208328125 0.3936668625
4 0.1421533796875 0.391511934375 0.140477778125 0.390934978125 0.1396082703125 0.39346020937500004 0.14128387343749998 0.394037165625 0.1421533796875 0.391511934375
4 0.14481364531250002 0.3900068296875 0.143377415625 0.3895122953125 0.142507909375 0.3920375265625 0.14394413749999999 0.392532059375 0.14481364531250002 0.3900068296875
4 0.14734063749999998 0.38966638750000004 0.145665034375 0.38908943125 0.14479552812500002 0.3916146640625 0.1464711296875 0.3921916203125 0.14734063749999998 0.38966638750000004
4 0.15024027499999998 0.38824370625000004 0.14832530156249998 0.387584328125 0.1473315796875 0.3904703046875 0.149246553125 0.3911296828125 0.15024027499999998 0.38824370625000004
4 0.13579383125 0.40142770624999996 0.13363948750000001 0.40068590625 0.13252155000000002 0.4039326328125 0.1346758953125 0.40467443281250004 0.13579383125 0.40142770624999996
4 0.138817684375 0.3996442765625 0.1369027109375 0.3989848984375 0.135784775 0.4022316234375 0.1376997484375 0.40289100156249996 0.138817684375 0.3996442765625
4 0.1414688921875 0.3989430875 0.139314546875 0.3982012875 0.138196609375 0.40144801250000006 0.1403509546875 0.4021898140625 0.1414688921875 0.3989430875
4 0.144244315625 0.397881153125 0.142329340625 0.3972217734375 0.141211403125 0.4004685 0.143126378125 0.40112787812499995 0.144244315625 0.397881153125
4 0.147143953125 0.3964584703125 0.145228978125 0.3957990921875 0.144111040625 0.3990458171875 0.146026015625 0.39970519531250004 0.147143953125 0.3964584703125
4 0.1506465484375 0.394839884375 0.1484922015625 0.3940980828125 0.147125834375 0.398066303125 0.14928018125 0.3988081046875 0.1506465484375 0.394839884375
4 0.13587275468749999 0.40508654374999997 0.1339577796875 0.40442716562500003 0.1328398421875 0.40767389062500003 0.1347548171875 0.40833326875 0.13587275468749999 0.40508654374999997
4 0.139251134375 0.40382870625 0.137096790625 0.40308690468749997 0.135978853125 0.4063336296875 0.1381331984375 0.4070754296875 0.139251134375 0.40382870625
4 0.1420265578125 0.4027667703125 0.140111584375 0.40210739218749997 0.138993646875 0.4053541171875 0.1409086203125 0.4060134953125 0.1420265578125 0.4027667703125
4 0.14443839375 0.401983159375 0.14252341875000002 0.4013237796875 0.1416539109375 0.4038490125 0.1435688859375 0.40450839062500005 0.14443839375 0.401983159375
4 0.1507164109375 0.39930263906249996 0.149040809375 0.3987256828125 0.147922871875 0.401972409375 0.149598475 0.4025493640625 0.1507164109375 0.39930263906249996
4 0.1380684203125 0.45547528593750003 0.1330416109375 0.4537444171875 0.13043309218750002 0.461320109375 0.13545990000000002 0.46305097812499996 0.1380684203125 0.45547528593750003
4 0.1402499421875 0.45380533593749994 0.13857434062500001 0.45322838125000003 0.13758061875 0.456114359375 0.1392562203125 0.456691315625 0.1402499421875 0.45380533593749994
4 0.252113396875 0.2082463390625 0.2501984234375 0.2075869609375 0.2492047015625 0.21047293906250003 0.251119675 0.2111323171875 0.252113396875 0.2082463390625
4 0.25243169062500004 0.2119875984375 0.2507560875 0.21141064375 0.250010796875 0.21357512656250002 0.2516863984375 0.2141520828125 0.25243169062500004 0.2119875984375
4 0.2549586828125 0.21164715781250001 0.253043709375 0.21098777968750002 0.2520499859375 0.2138737578125 0.2539649609375 0.2145331359375 0.2549586828125 0.21164715781250001
4 0.2579734765625 0.21066764531249998 0.256058503125 0.21000826718750001 0.2551889953125 0.21253349687499998 0.25710396874999997 0.213192875 0.2579734765625 0.21066764531249998
4 0.13985670156250002 0.392738715625 0.138181096875 0.39216175781249996 0.137187375 0.39504773593750003 0.1388629796875 0.39562469375 0.13985670156250002 0.392738715625
4 0.1499400984375 0.38289461406249997 0.1468282640625 0.38182312343749997 0.14533768125 0.3861520890625 0.148449515625 0.3872235796875 0.1499400984375 0.38289461406249997
4 0.13600355 0.34016518125 0.13289171718749998 0.33909369218749996 0.131152703125 0.34414415468750004 0.1342645375 0.34521564374999997 0.13600355 0.34016518125
4 0.14619813125 0.3844307765625 0.143565040625 0.3835241296875 0.14195024218750002 0.3882138453125 0.1445833328125 0.389120490625 0.14619813125 0.3844307765625
4 0.13664013749999998 0.3476477 0.13328893125000002 0.3464937875 0.131674134375 0.3511835015625 0.1350253390625 0.3523374140625 0.13664013749999998 0.3476477
4 0.139869734375 0.33826827187499997 0.13723664375 0.337361625 0.1357460609375 0.34169059375 0.1383791515625 0.3425972390625 0.139869734375 0.33826827187499997
4 0.1411092796875 0.34555488749999996 0.13799744687499998 0.34448339843750003 0.13613421718750002 0.34989460625 0.13924605 0.350966096875 0.1411092796875 0.34555488749999996
4 0.14397528906249998 0.336453784375 0.1413421984375 0.3355471390625 0.1396031859375 0.3405976 0.14223627656249999 0.3415042453125 0.14397528906249998 0.336453784375
4 0.14532999062500002 0.3441835703125 0.1419787859375 0.3430296578125 0.1403639875 0.3477193703125 0.1437151921875 0.34887328281249996 0.14532999062500002 0.3441835703125
4 0.1486838015625 0.33444339218749997 0.14557196875 0.333371903125 0.1438329546875 0.338422365625 0.1469447890625 0.33949385468750004 0.1486838015625 0.33444339218749997
4 0.14895680312499998 0.3422042375 0.1463237125 0.3412975921875 0.14495734531249999 0.34526581093750003 0.14759043593750001 0.34617245625000004 0.14895680312499998 0.3422042375
4 0.1371861375 0.36316938906249996 0.13431367656249998 0.36218032031249997 0.13282309375 0.3665092875 0.1356955546875 0.36749835468750003 0.1371861375 0.36316938906249996
4 0.1409281046875 0.36163322343750004 0.1380556453125 0.36064415625 0.13668927656250002 0.3646123765625 0.1395617375 0.36560144375000003 0.1409281046875 0.36163322343750004
4 0.1450336609375 0.35981873593749997 0.14216120000000002 0.35882966875 0.1407948328125 0.3627978890625 0.14366729218750002 0.36378695625 0.1450336609375 0.35981873593749997
4 0.14889984375 0.35792182499999997 0.1462667546875 0.35701517968749996 0.1449003875 0.3609834 0.1475334765625 0.3618900453125 0.14889984375 0.35792182499999997
4 0.1387012890625 0.3673227578125 0.1370256875 0.3667458015625 0.13615618125 0.3692710328125 0.1378317828125 0.3698479890625 0.1387012890625 0.3673227578125
4 0.14123734062499999 0.3661784015625 0.1395617375 0.36560144375000003 0.13869223125000002 0.36812667499999996 0.140367834375 0.36870363125 0.14123734062499999 0.3661784015625
4 0.14364917500000002 0.365394790625 0.1419735734375 0.36481783437500004 0.1411040671875 0.36734306562499996 0.14277966875 0.367920021875 0.14364917500000002 0.365394790625
4 0.1461852265625 0.36425043125 0.1442702515625 0.363591053125 0.1434007453125 0.366116284375 0.1453157203125 0.3667756640625 0.1461852265625 0.36425043125
4 0.1488454921875 0.36274532812500004 0.1474092609375 0.36225079375 0.1464155390625 0.365136771875 0.14785177031250002 0.36563130625 0.1488454921875 0.36274532812500004
4 0.1424859453125 0.3726611 0.1398528546875 0.3717544546875 0.1384864875 0.375722675 0.141119578125 0.3766293203125 0.1424859453125 0.3726611
4 0.14586432656249998 0.3714032609375 0.1432312375 0.37049661562499997 0.14186486874999998 0.3744648359375 0.14449795781250002 0.37537148125 0.14586432656249998 0.3714032609375
4 0.14960629375 0.3698670984375 0.14673383281250002 0.3688780296875 0.14524325 0.373206996875 0.1481157125 0.37419606562499996 0.14960629375 0.3698670984375
4 0.1383506078125 0.38778142656250003 0.1354781453125 0.386792359375 0.13373913125 0.3918428203125 0.13661159375 0.3928318890625 0.1383506078125 0.38778142656250003
4 0.14245616249999998 0.3859669390625 0.1395837 0.3849778703125 0.1378446875 0.3900283328125 0.1407171484375 0.3910174 0.14245616249999998 0.3859669390625
4 0.1210566578125 0.184506340625 0.1191416828125 0.1838469609375 0.11814796093749999 0.1867329390625 0.12006293593749999 0.18739231875 0.1210566578125 0.184506340625
4 0.10944357812500001 0.36209073593749996 0.1072892328125 0.3613489359375 0.1060470796875 0.3649564078125 0.10820142656250001 0.3656982078125 0.10944357812500001 0.36209073593749996
4 0.10924689375 0.36888281875 0.10733191875 0.368223440625 0.1060897671875 0.3718309125 0.1080047421875 0.3724902921875 0.10924689375 0.36888281875
4 0.0382617921875 0.558708746875 0.0346712140625 0.5574724125 0.0328079859375 0.5628836203125 0.036398562499999995 0.56411995625 0.0382617921875 0.558708746875
4 0.0441762234375 0.5563065500000001 0.040106903124999996 0.554905371875 0.038119459375 0.5606773281249999 0.0421887796875 0.5620785078125 0.0441762234375 0.5563065500000001
4 0.0473967609375 0.5477310375 0.04404555625 0.5465771265625 0.042306542187500004 0.5516275875 0.045657746875 0.5527815 0.0473967609375 0.5477310375
4 0.0530718203125 0.5452464203125 0.049241871874999996 0.5439276640624999 0.047254428125 0.54969961875 0.0510843765625 0.5510183765625001 0.0530718203125 0.5452464203125
4 0.057789395312500005 0.5424321140624999 0.0546775609375 0.5413606234375 0.052690117187499996 0.5471325796875 0.05580195 0.5482040703125 0.057789395312500005 0.5424321140624999
4 0.0470849203125 0.5540799515625 0.0454093171875 0.5535029953125 0.0444155953125 0.5563889734374999 0.046091198437499994 0.5569659296875 0.0470849203125 0.5540799515625
4 0.048618190625 0.5566254890625 0.046703215625 0.555966109375 0.045585278125 0.5592128359374999 0.047500253125 0.5598722140625 0.048618190625 0.5566254890625
4 0.04986034375 0.553018015625 0.048184739062499995 0.552441059375 0.0471910171875 0.5553270375 0.0488666203125 0.55590399375 0.04986034375 0.553018015625
4 0.05176625781250001 0.5544813109375 0.0500906546875 0.5539043546875 0.0490969328125 0.5567903328125 0.050772535937499995 0.5573672890625 0.05176625781250001 0.5544813109375
4 0.0527599796875 0.5515953328125 0.050845006250000005 0.5509359546875 0.0500997140625 0.5531004375 0.052014687500000004 0.553759815625 0.0527599796875 0.5515953328125
4 0.055659617187499996 0.55017265 0.05374464375 0.549513271875 0.05262670625 0.552759996875 0.0545416796875 0.553419375 0.055659617187499996 0.55017265
4 0.057956295312499996 0.5489458703125 0.056520065625000004 0.5484513375 0.055650559375 0.5509765671875 0.0570867890625 0.5514711015625 0.057956295312499996 0.5489458703125
4 0.05960472343749999 0.5519345765625 0.0581684921875 0.5514400421875 0.057423201562500005 0.5536045265625 0.058859431250000004 0.5540990609375 0.05960472343749999 0.5519345765625
4 0.0607317171875 0.5478839359375 0.059056115625 0.5473069796875001 0.058062393749999996 0.55019295625 0.059737996875 0.5507699125000001 0.0607317171875 0.5478839359375
4 0.06677036562500001 0.545120990625 0.0648553921875 0.5444616124999999 0.0637374546875 0.5477083390625 0.065652428125 0.5483677171875 0.06677036562500001 0.545120990625
4 0.084692228125 0.5327301546875 0.08158039375000001 0.531658665625 0.079965596875 0.5363483796875 0.08307742968750001 0.5374198703124999 0.084692228125 0.5327301546875
4 0.08453438437500001 0.52541248125 0.0821406671875 0.5245882578125001 0.0807742984375 0.528556478125 0.0831680171875 0.5293807015625001 0.08453438437500001 0.52541248125
4 0.0903672875 0.5302455375 0.0872554546875 0.5291740468749999 0.085516440625 0.534224509375 0.088628275 0.5352959984375001 0.0903672875 0.5302455375
4 0.08803698125000001 0.523793896875 0.0856432640625 0.5229696734375 0.08415268125 0.527298640625 0.0865463984375 0.5281228640625 0.08803698125000001 0.523793896875
4 0.093712040625 0.521309278125 0.0908395796875 0.5203202109375 0.08910056718750001 0.525370671875 0.0919730265625 0.526359740625 0.093712040625 0.521309278125
4 0.0958029765625 0.527678496875 0.09269114218749999 0.52660700625 0.09095212968750001 0.5316574671875001 0.0940639640625 0.5327289578125 0.0958029765625 0.527678496875
4 0.06285243593749999 0.5409473140625 0.059261859375 0.5397109796875 0.0575228453125 0.5447614421875 0.0611134234375 0.5459977765625 0.06285243593749999 0.5409473140625
4 0.042688246875 0.5497414296875001 0.0390976703125 0.5485050953124999 0.0372344421875 0.5539163031250001 0.04082501875 0.5551526390625 0.042688246875 0.5497414296875001
4 0.0373767734375 0.551947721875 0.033546825 0.550628965625 0.031683596875 0.5560401734375 0.0355135453125 0.55735893125 0.0373767734375 0.551947721875
4 0.0700335890625 0.543419984375 0.068118615625 0.5427606046875 0.0670006796875 0.5460073296875 0.068915653125 0.5466667078125 0.0700335890625 0.543419984375
4 0.0318259296875 0.55407159375 0.027756609375 0.5526704140625001 0.025893379687500002 0.558081621875 0.0299627015625 0.559482803125 0.0318259296875 0.55407159375
4 0.0387675828125 0.6311126265625 0.0323045453125 0.6288872249999999 0.028702303125000002 0.6393488953124999 0.035165340625 0.6415742984375 0.0387675828125 0.6311126265625
4 0.050844876562499995 0.625586740625 0.0443818390625 0.6233613375 0.040779596875000004 0.633823009375 0.047242634374999995 0.6360484109375 0.050844876562499995 0.625586740625
4 0.039251540625 0.60948929375 0.030873528125 0.6066045140625 0.026277564062499998 0.6199521609375 0.0346555765625 0.6228369421875 0.039251540625 0.60948929375
4 0.038369129687499996 0.5918341828125 0.0299911171875 0.5889494015625 0.025395153124999997 0.6022970484375 0.033773165625000004 0.6051818296875 0.038369129687499996 0.5918341828125
4 0.04864660625 0.5860920875 0.0421835671875 0.583866684375 0.0387055390625 0.5939676078125 0.045168578125 0.5961930109375 0.04864660625 0.5860920875
4 0.0495199578125 0.604551115625 0.043296290625 0.6024081359375 0.0398182640625 0.612509059375 0.04604193125 0.6146520390625 0.0495199578125 0.604551115625
4 0.0609632703125 0.5806486234375 0.054500231249999996 0.5784232203124999 0.0508979890625 0.5888848906249999 0.057361028125000005 0.59111029375 0.0609632703125 0.5806486234375
4 0.0622002109375 0.598829328125 0.05501905625 0.5963566578124999 0.0511683828125 0.6075398234375 0.05834953750000001 0.6100124921875001 0.0622002109375 0.598829328125
4 0.075119834375 0.5931899609375 0.0674599375 0.5905524468750001 0.063609265625 0.6017356109375 0.07126916250000001 0.6043731250000001 0.075119834375 0.5931899609375
4 0.0731557203125 0.57556590625 0.06693205468749999 0.573422925 0.06345402812499999 0.5835238484375 0.06967769375 0.5856668296875001 0.0731557203125 0.57556590625
4 0.087675871875 0.58782891875 0.08049471875 0.58535625 0.07651983125 0.5969001609375 0.083700984375 0.5993728296875 0.087675871875 0.58782891875
4 0.086438934375 0.5696482140625 0.07949715 0.5672579671875 0.0758949078125 0.5777196375 0.0828366921875 0.5801098859375 0.086438934375 0.5696482140625
4 0.103858721875 0.58048854375 0.09476259375 0.577356496875 0.0899182 0.5914256390625 0.099014328125 0.5945576875 0.103858721875 0.58048854375
4 0.10080384687499999 0.563699465625 0.094340809375 0.5614740625 0.0908627828125 0.5715749859375 0.0973258203125 0.5738003890625001 0.10080384687499999 0.563699465625
4 0.02715104375 0.5637604046875 0.0228423515625 0.562276803125 0.0206064765625 0.5687702546875 0.02491516875 0.57025385625 0.02715104375 0.5637604046875
4 0.0261508703125 0.5565562125 0.02208155 0.5551550328125 0.019969890625 0.5612877359375 0.0240392109375 0.562688915625 0.0261508703125 0.5565562125
4 0.026959573437500002 0.548764309375 0.022411509375 0.5471982859375 0.020175634375 0.5536917359375 0.0247236984375 0.5552577609375 0.026959573437500002 0.548764309375
4 0.03295031875 0.5609150406250001 0.0288809984375 0.5595138609375 0.026893554687499998 0.565285815625 0.0309628765625 0.5666869953125 0.03295031875 0.5609150406250001
4 0.067933596875 0.5378546828124999 0.064582390625 0.5367007703125 0.06271916250000001 0.542111978125 0.0660703671875 0.5432658906250001 0.067933596875 0.5378546828124999
4 0.072569640625 0.5422756265625 0.071133409375 0.5417810921874999 0.070263903125 0.5443063234375 0.071700134375 0.54480085625 0.072569640625 0.5422756265625
4 0.10557739531250002 0.36398764687499996 0.10366242187500001 0.36332826875 0.102544484375 0.36657499375 0.10445945781249999 0.367234371875 0.10557739531250002 0.36398764687499996
4 0.029464857812500002 0.37974587031249996 0.027310510937499997 0.3790040703125 0.0261925734375 0.3822507953125 0.028346920312500003 0.3829925953125 0.029464857812500002 0.37974587031249996
4 0.0399726453125 0.3748901140625 0.0366214421875 0.3737362015625 0.03500664375 0.3784259171875 0.038357848437499995 0.37957982968750004 0.0399726453125 0.3748901140625
4 0.045647706249999996 0.3724054953125 0.042535873437499996 0.37133400625 0.041045290625 0.37566297187500003 0.0441571234375 0.3767344625 0.045647706249999996 0.3724054953125
4 0.0652917046875 0.38845038125000003 0.0633767296875 0.3877910015625 0.0622587921875 0.39103772812500004 0.0641737671875 0.3916971078125 0.0652917046875 0.38845038125000003
4 0.06524901718750001 0.3815758765625 0.0630946703125 0.3808340765625 0.061852518749999995 0.3844415484375 0.0640068640625 0.38518335000000004 0.06524901718750001 0.3815758765625
4 0.0687943 0.3868317953125 0.0668793265625 0.3861724171875 0.0658856046875 0.3890583953125 0.067800578125 0.3897177734375 0.0687943 0.3868317953125
4 0.0687516125 0.37995729218749996 0.0665972671875 0.3792154921875 0.065603546875 0.38210146875 0.067757890625 0.38284326874999997 0.0687516125 0.37995729218749996
4 0.0722542109375 0.37833870625 0.07009986406249999 0.37759690468749996 0.06885771093750001 0.38120437812499997 0.0710120578125 0.381946178125 0.0722542109375 0.37833870625
4 0.07253626875 0.3852956328125 0.0701425515625 0.3844714109375 0.0689003984375 0.3880788828125 0.071294115625 0.38890310625 0.07253626875 0.3852956328125
4 0.0773689984375 0.3829244953125 0.0744965359375 0.381935428125 0.07288173906249999 0.386625140625 0.07575420000000001 0.387614209375 0.0773689984375 0.3829244953125
4 0.0773263109375 0.376049990625 0.07445385 0.375060921875 0.0728390515625 0.37975063750000004 0.0757115125 0.38073970468749996 0.0773263109375 0.376049990625
4 0.0828046859375 0.38035745468750004 0.07969285312499999 0.37928596406250004 0.0779538390625 0.384336425 0.0810656734375 0.385407915625 0.0828046859375 0.38035745468750004
4 0.0826377828125 0.37384369687499996 0.07952595 0.3727722078125 0.0777869375 0.37782266875000003 0.0808987703125 0.37889415937500004 0.0826377828125 0.37384369687499996
4 0.088116159375 0.37815116249999997 0.085004325 0.377079671875 0.0832653125 0.3821301328125 0.086377146875 0.3832016234375 0.088116159375 0.37815116249999997
4 0.087709884375 0.37155498124999997 0.0845980515625 0.3704834921875 0.082983253125 0.37517320625 0.08609508593750001 0.376244696875 0.087709884375 0.37155498124999997
4 0.0930640453125 0.3762231921875 0.090191584375 0.37523412500000003 0.0885767859375 0.3799238390625 0.091449246875 0.3809129078125 0.0930640453125 0.3762231921875
4 0.09265777187499999 0.36962701249999996 0.0897853109375 0.3686379453125 0.08829472656250001 0.3729669140625 0.0911671890625 0.37395598125 0.09265777187499999 0.36962701249999996
4 0.0983755171875 0.3740169 0.09550305625 0.37302783125 0.0940124734375 0.37735679843750003 0.096884934375 0.378345865625 0.0983755171875 0.3740169
4 0.098093459375 0.3670599734375 0.0949816265625 0.3659884828125 0.093366828125 0.3706781984375 0.0964786609375 0.37174968750000004 0.098093459375 0.3670599734375
4 0.10248107343749999 0.3722024109375 0.1003267265625 0.3714606109375 0.099084575 0.37506808281250004 0.1012389203125 0.375809884375 0.10248107343749999 0.3722024109375
4 0.10219901406250001 0.3652454859375 0.10028403906250001 0.36458610625 0.09904188750000001 0.3681935796875 0.1009568625 0.3688529578125 0.10219901406250001 0.3652454859375
4 0.1059836703125 0.3705838265625 0.1038293234375 0.36984202499999996 0.1027113875 0.37308875 0.1048657328125 0.3738305515625 0.1059836703125 0.3705838265625
4 0.034900545312499996 0.3771788296875 0.031788712499999996 0.376107340625 0.030298129687499998 0.38043630624999997 0.0334099625 0.38150779687499997 0.034900545312499996 0.3771788296875
4 0.026210690624999998 0.3806429609375 0.024056345312499998 0.3799011609375 0.022689978125 0.3838693796875 0.0248443234375 0.38461117968749997 0.026210690624999998 0.3806429609375
4 0.0785112484375 0.5374616796875 0.076596275 0.5368023015625 0.0754783375 0.5400490265625 0.0773933109375 0.5407084046875 0.0785112484375 0.5374616796875
4 0.022947465625 0.38234396875 0.0207931203125 0.3816021671875 0.0195509671875 0.38520964062499996 0.0217053140625 0.38595144062500003 0.022947465625 0.38234396875
4 0.1110762375 0.5050947609375 0.1072462890625 0.5037760046875001 0.1050104140625 0.5102694546875 0.1088403625 0.5115882125 0.1110762375 0.5050947609375
4 0.11699066875 0.5026925640625 0.11292135 0.5012913859375 0.11080969062499998 0.5074240890625 0.1148790109375 0.5088252671875 0.11699066875 0.5026925640625
4 0.110448709375 0.49680832500000005 0.106858134375 0.49557199062499996 0.10499490468749999 0.5009832000000001 0.10858548125 0.502219534375 0.110448709375 0.49680832500000005
4 0.11028180624999999 0.49029456875 0.1064518578125 0.48897581093750003 0.1045886296875 0.4943870203125 0.108418578125 0.4957057765625 0.11028180624999999 0.49029456875
4 0.11648735625 0.49404538125 0.1126574078125 0.492726625 0.11079417968750001 0.4981378328125 0.114624128125 0.49945659062500003 0.11648735625 0.49404538125
4 0.1160810828125 0.4874492015625 0.11272987812499999 0.48629529062500004 0.1109908640625 0.49134575312499995 0.11434206875 0.4924996640625 0.1160810828125 0.4874492015625
4 0.114699203125 0.4821311671875 0.11182674374999999 0.4811421 0.11033616093750001 0.4854710671875 0.11320862031250001 0.486460134375 0.114699203125 0.4821311671875
4 0.11149033125 0.47900867500000005 0.109335984375 0.4782668734375 0.108218046875 0.4815136 0.11037239375 0.4822554 0.11149033125 0.47900867500000005
4 0.0785760265625 0.48906182343750004 0.076182309375 0.4882376 0.074815940625 0.49220582031250004 0.0772096578125 0.49303004375 0.0785760265625 0.48906182343750004
4 0.07962410156250001 0.4813523453125 0.0769910109375 0.48044570000000003 0.07562464375 0.48441392031249997 0.078257734375 0.48532056562500003 0.07962410156250001 0.4813523453125
4 0.025339817187500002 0.4259406296875 0.0229461 0.42511640625 0.0215797328125 0.4290846265625 0.02397345 0.4299088484375 0.025339817187500002 0.4259406296875
4 0.0253941703125 0.421117128125 0.022761079687499998 0.4202104828125 0.021270495312500002 0.42453945 0.0239035859375 0.425446096875 0.0253941703125 0.421117128125
4 0.028533178125000003 0.41977686875 0.026139460937499998 0.4189526453125 0.024648878125000002 0.4232816125 0.0270425953125 0.424105834375 0.028533178125000003 0.41977686875
4 0.0196117734375 0.3904763109375 0.0174574265625 0.3897345109375 0.0164637046875 0.3926204890625 0.018618051562499998 0.39336228906250004 0.0196117734375 0.3904763109375
4 0.023229525 0.3893008953125 0.0210751796875 0.38855909375 0.020081457812500002 0.3914450734375 0.022235803125000002 0.39218687343749997 0.023229525 0.3893008953125
4 0.02649275 0.3875998875 0.024577775 0.386940509375 0.023584053125 0.38982648750000004 0.025499028125 0.390485865625 0.02649275 0.3875998875
4 0.030110503125 0.386424471875 0.027716784374999998 0.38560024843749996 0.026598846875 0.388846975 0.028992565625 0.389671196875 0.030110503125 0.386424471875
4 0.03530681875 0.383775009375 0.0321949859375 0.38270351874999997 0.0305801875 0.387393234375 0.0336920203125 0.3884647234375 0.03530681875 0.383775009375
4 0.04025470625 0.38184704062499997 0.037142871875 0.38077554999999996 0.035652287500000004 0.38510451875 0.0387641234375 0.386176009375 0.04025470625 0.38184704062499997
4 0.04569039375 0.37928 0.04281793125 0.37829093125 0.0413273484375 0.3826199 0.0441998109375 0.38360896875 0.04569039375 0.37928
4 0.0194448703125 0.38396255468749996 0.017051153125 0.38313833124999996 0.015933215625 0.3863850578125 0.0183269328125 0.3872092796875 0.0194448703125 0.38396255468749996
4 0.1936948859375 0.2744840859375 0.192019284375 0.27390712968750003 0.1911497765625 0.276432359375 0.1928253796875 0.27700931562500003 0.1936948859375 0.2744840859375
4 0.1940041203125 0.27902926250000004 0.19232851875 0.27845230625 0.1915832265625 0.2806167890625 0.1932588296875 0.2811937453125 0.1940041203125 0.27902926250000004
4 0.8245877437500001 0.0946562046875 0.8231515125 0.0941616703125 0.82228200625 0.09668690156250001 0.8237182359374999 0.0971814359375 0.8245877437500001 0.0946562046875
4 0.7677230984375 0.22558835156249998 0.762696290625 0.2238574828125 0.7597151249999999 0.2325154171875 0.7647419328125 0.2342462859375 0.7677230984375 0.22558835156249998
4 0.7671318046875 0.2140862484375 0.761865625 0.2122729578125 0.7591328890625 0.22020939843749998 0.76439906875 0.22202268906249997 0.7671318046875 0.2140862484375
4 0.777991515625 0.22065017187499997 0.7724859656249999 0.21875445937500002 0.7695047984375 0.22741239375000002 0.77501035 0.22930810781250002 0.777991515625 0.22065017187499997
4 0.77716085 0.209065646875 0.77213404375 0.20733477968749997 0.7692770921875 0.215631965625 0.7743038999999999 0.21736283437499998 0.77716085 0.209065646875
4 0.8044442765625 0.090948396875 0.8015718171874999 0.0899593296875 0.79995701875 0.09464904375 0.802829478125 0.09563811250000001 0.8044442765625 0.090948396875
4 0.8060021171875 0.101976271875 0.8036084000000001 0.1011520484375 0.802366246875 0.104759521875 0.804759965625 0.1055837453125 0.8060021171875 0.101976271875
4 0.8098683 0.1000793625 0.8072352109375001 0.09917271718750001 0.8058688437500001 0.1031409359375 0.8085019328125 0.10404758124999999 0.8098683 0.1000793625
4 0.8169886500000001 0.0972853609375 0.8145949328125001 0.0964611390625 0.81310435 0.1007901046875 0.8154980671875001 0.101614328125 0.8169886500000001 0.0972853609375
4 0.8198882875000001 0.095862678125 0.8177339421875001 0.095120878125 0.8163675734375 0.0990890984375 0.8185219203124999 0.09983089843750001 0.8198882875000001 0.095862678125
4 0.8222910640625001 0.09588298437500001 0.8203760890625 0.09522360625000001 0.8193823671875 0.098109584375 0.821297340625 0.0987689625 0.8222910640625001 0.09588298437500001
4 0.82664505 0.09334700312500001 0.8249694468750001 0.09277004531250001 0.8240999406249999 0.0952952765625 0.8257755437500001 0.0958722328125 0.82664505 0.09334700312500001
4 0.196540171875 0.2778849046875 0.19486456875 0.2773079484375 0.19411927812500002 0.27947243125 0.19579488125 0.28004938749999997 0.196540171875 0.2778849046875
4 0.7849295796875 0.1274053734375 0.7822964906250001 0.12649872812500002 0.7809301234375 0.1304669484375 0.7835632125 0.13137359375 0.7849295796875 0.1274053734375
4 0.8267989203124999 0.1543312015625 0.8162665609375 0.1507046203125 0.8106768750000001 0.166938246875 0.8212092343749999 0.170564828125 0.8267989203124999 0.1543312015625
4 0.8280177421875001 0.1741197390625 0.8172460109375 0.1704107359375 0.81190475625 0.1859228671875 0.8226764859375001 0.189631871875 0.8280177421875001 0.1741197390625
2 0.641847634375 0.6696956984375 0.641804946875 0.6628211953124999 0.62503725625 0.6687496375 0.62471635625 0.6759024671875 0.641847634375 0.6696956984375
4 0.8417849093750001 0.146578715625 0.8317312953125 0.143116978125 0.8262658234375 0.1589898578125 0.8363194390625001 0.1624515953125 0.8417849093750001 0.146578715625
4 0.8431188890625 0.16681042343750002 0.8328259015624999 0.1632662640625 0.8274846453125001 0.1787783953125 0.8377776328125 0.1823225546875 0.8431188890625 0.16681042343750002
4 0.8409230937500001 0.19107246718749998 0.8356569140625 0.1892591765625 0.8329241796875 0.19719561562500001 0.838190359375 0.19900890625 0.8409230937500001 0.19107246718749998
4 0.8257067906250001 0.1979386140625 0.8204406125 0.196125321875 0.8177078765625 0.2040617625 0.82297405625 0.20587505468749998 0.8257067906250001 0.1979386140625
4 0.8295908359374999 0.34373544218749996 0.8224096812499999 0.3412627734375 0.8186832234375 0.352085190625 0.8258643781250001 0.354557859375 0.8295908359374999 0.34373544218749996
4 0.7391253046874999 0.20444283749999997 0.7357741 0.203288925 0.7341593015625001 0.20797863906249997 0.73751050625 0.2091325515625 0.7391253046874999 0.20444283749999997
4 0.7334502453125 0.20692745625 0.7303384125 0.205855965625 0.7287236140625 0.2105456796875 0.731835446875 0.2116171703125 0.7334502453125 0.20692745625
4 0.7534627875 0.3502074109375 0.7458028890625 0.34756989531250004 0.7414553546875 0.36019605 0.749115253125 0.3628335640625 0.7534627875 0.3502074109375
4 0.7419884515625 0.35553739375000004 0.733849809375 0.352735034375 0.7296264921875 0.3650004421875 0.7377651328125 0.3678028015625 0.7419884515625 0.35553739375000004
4 0.6222843109375 0.39058485468750004 0.614863784375 0.3880297625 0.610640465625 0.40029517031250006 0.6180609921875 0.4028502625 0.6222843109375 0.39058485468750004
4 0.6210201953125 0.3748159015625 0.6138390421875 0.37234323125 0.609864153125 0.3838871453125 0.61704530625 0.38635981406250003 0.6210201953125 0.3748159015625
4 0.6151652000000001 0.42525720624999996 0.605111584375 0.42179546874999996 0.59989454375 0.4369468515625 0.6099481609375 0.440408590625 0.6151652000000001 0.42525720624999996
4 0.6160294937499999 0.4445201515625 0.6062152515625 0.4411408359375 0.6009982109374999 0.45629222187499996 0.6108124546875 0.45967153749999995 0.6160294937499999 0.4445201515625
4 0.630882209375 0.43793232968750007 0.621546709375 0.43471785937499996 0.6163296703125 0.44986924375 0.62566516875 0.4530837140625 0.630882209375 0.43793232968750007
4 0.6295391734375 0.41850453906249996 0.6199643 0.415207646875 0.614871475 0.429998284375 0.6244463484375 0.43329517656250005 0.6295391734375 0.41850453906249996
4 0.6333950578125 0.385533196875 0.6262139046875 0.3830605265625 0.6222390171875001 0.394604440625 0.6294201703125 0.39707710937499996 0.6333950578125 0.385533196875
4 0.6321309421875 0.3697642421875 0.6249497890625 0.3672915734375 0.6210991171875 0.3784747390625 0.6282802703125 0.3809474078125 0.6321309421875 0.3697642421875
4 0.644447609375 0.364320778125 0.6370270828125 0.36176568750000004 0.6329279796875 0.373670346875 0.64034850625 0.3762254375 0.644447609375 0.364320778125
4 0.656046159375 0.3586300484375 0.6488650046875 0.356157378125 0.6447659015625 0.3680620375 0.6519470562499999 0.3705347078125 0.656046159375 0.3586300484375
4 0.6451087656250001 0.38028563593750003 0.6379276109375 0.377812965625 0.6340769390625 0.38899613125 0.6412580921875 0.3914688 0.6451087656250001 0.38028563593750003
4 0.6569466859374999 0.37467732656249997 0.6495261625000001 0.372122234375 0.645427059375 0.38402689375 0.652847584375 0.38658198593750004 0.6569466859374999 0.37467732656249997
4 0.5983482421875 0.48887175781250003 0.5837465625 0.48384399531250005 0.5762936468750001 0.5054888328125 0.590895328125 0.51051659375 0.5983482421875 0.48887175781250003
4 0.6199667796874999 0.47896434374999997 0.605604471875 0.4740190046875 0.5983999875 0.494942346875 0.6127622953125 0.4998876859375 0.6199667796874999 0.47896434374999997
4 0.6446312609375 0.41199913906249996 0.6348170171875 0.4086198234375 0.6298484078125 0.42304971562500004 0.63966265 0.42642903125 0.6446312609375 0.41199913906249996
4 0.6460985140625 0.43106618281250003 0.6362842703125 0.42768686718750004 0.6310672296875001 0.44283825312499997 0.6408814734375 0.44621756875 0.6460985140625 0.43106618281250003
4 0.64243670625 0.46813953125 0.6280743984375 0.46319419218749996 0.62049726875 0.485199775 0.634859575 0.49014511406250005 0.64243670625 0.46813953125
4 0.6642946140625 0.45831453906249997 0.6499323078125 0.4533692 0.6426036078124999 0.4746532890625 0.6569659156250001 0.47959862812500004 0.6642946140625 0.45831453906249997
4 0.6613148171875001 0.4242000359375 0.6517399453125 0.42090314375000004 0.646771334375 0.435333034375 0.6563462078125 0.43862992656250005 0.6613148171875001 0.4242000359375
4 0.6597324078125 0.4046898234375 0.6501575359375 0.4013929296875 0.645188925 0.41582282187499997 0.654763796875 0.41911971406250004 0.6597324078125 0.4046898234375
4 0.73063833125 0.36050663125 0.7220209468750001 0.357539428125 0.717797628125 0.3698048328125 0.7264150140625001 0.3727720375 0.73063833125 0.36050663125
4 0.830039796875 0.3572061265625 0.8230980156250001 0.35481587812500004 0.8193715578124999 0.365638296875 0.8263133390625 0.36802854375 0.830039796875 0.3572061265625
4 0.840337996875 0.33896210937500004 0.832917471875 0.3364070171875 0.8291910140625 0.347229434375 0.836611540625 0.34978452656250003 0.840337996875 0.33896210937500004
4 0.8407869578125 0.3524327921875 0.833605803125 0.34996012187500003 0.82975513125 0.3611432875 0.8369362859375 0.3636159578125 0.8407869578125 0.3524327921875
4 0.905418709375 0.33191437968750004 0.8965619531250001 0.3288647546875 0.8919659875000001 0.342212403125 0.9008227453125001 0.3452620296875 0.905418709375 0.33191437968750004
4 0.90666470625 0.3492911671875 0.897568578125 0.34615912031249996 0.892724184375 0.36022826406249997 0.9018203109374999 0.3633603109375 0.90666470625 0.3492911671875
4 0.9199569765625 0.342569559375 0.9111002218750001 0.339519934375 0.9062558265625 0.353589078125 0.9151125812500001 0.356638703125 0.9199569765625 0.342569559375
4 0.9081500765625 0.366750378125 0.8988145765625 0.3635359078125 0.894094396875 0.3772443046875 0.9034298968750001 0.3804587734375 0.9081500765625 0.366750378125
4 0.9210787609375 0.36030709375000003 0.912222003125 0.35725746875 0.907501825 0.3709658640625 0.9163585812499999 0.374015490625 0.9210787609375 0.36030709375000003
4 0.909156703125 0.3840447421875 0.900060575 0.3809126953125 0.8954646109375 0.39426034374999996 0.9045607375 0.3973923921875 0.909156703125 0.3840447421875
4 0.9226883453125 0.3774055578125 0.9135922171875 0.374273509375 0.9088720390624999 0.3879819046875 0.917968165625 0.39111395312499997 0.9226883453125 0.3774055578125
2 0.9722070265625 0.5251960390625 0.971800753125 0.518599859375 0.9491005140625 0.5285383328125 0.9490280437499999 0.53496966875 0.9722070265625 0.5251960390625
2 0.9407470703125 0.534135890625 0.9403226796874999 0.52914754375 0.9186161609375001 0.5362000375 0.9183133781249999 0.541745034375 0.9407470703125 0.534135890625
2 0.9476397140625 0.5195614609375 0.9476552249999999 0.528847715625 0.9734944734375001 0.5175689828125 0.9737002171875 0.5099729843749999 0.9476397140625 0.5195614609375
2 0.9403317390625 0.5283436265625 0.9404042078125 0.5219122921875 0.9184583171874999 0.5288823640625 0.9185100640625 0.5349529515625 0.9403317390625 0.5283436265625
2 1 0.5021129546875 0.9863442359375 0.5074668625000001 0.9863506875000001 0.517557034375 1 0.5120855703125 1 0.5021129546875
2 0.8237833562500001 0.60321543125 0.823634571875 0.5950938406249999 0.797086265625 0.6053213890625 0.7967563078125 0.6132781359374999 0.8237833562500001 0.60321543125
2 0.7619594171874999 0.5984719796875 0.7615350249999999 0.593483634375 0.7341443890625 0.6038246640625 0.7341961359375 0.6098952515625 0.7619594171874999 0.5984719796875
2 0.709613309375 0.5949744171875 0.7101373468750001 0.591119678125 0.7013504546875 0.59253280625 0.7010748484375 0.5956660515625 0.709613309375 0.5949744171875
2 0.8117746875 0.581325721875 0.8114473343749999 0.5783883796875 0.7937130984375 0.5847910515625 0.7939162343749999 0.588089140625 0.8117746875 0.581325721875
2 0.8361414703125 0.5727681234374999 0.8361867625 0.5687485375 0.8161558484375 0.5763779890625 0.8164741421875 0.5801192484375 0.8361414703125 0.5727681234374999
4 0.9188261359375 0.3256359421875 0.9097300078125 0.32250389375 0.9052582578124999 0.33549079531250003 0.9143543859375001 0.33862284374999996 0.9188261359375 0.3256359421875
4 0.9174559234374999 0.3086199015625 0.9088385375 0.3056526984375 0.9042425734374999 0.3190003453125 0.912859959375 0.32196755 0.9174559234374999 0.3086199015625
4 0.8310917171875 0.37048090624999996 0.8239105625 0.3680082359375 0.8201841046875 0.37883065625 0.827365259375 0.381303325 0.8310917171875 0.37048090624999996
4 0.9040484953125001 0.31489833906250003 0.8951917406250001 0.31184871406250003 0.8905957750000001 0.3251963640625 0.89945253125 0.3282459890625 0.9040484953125001 0.31489833906250003
4 0.8418388765625 0.36570757343750004 0.8344183515625 0.3631524828125 0.8306918953125001 0.3739749 0.83811241875 0.37652999062500003 0.8418388765625 0.36570757343750004
4 0.8320194203125 0.384116434375 0.8248382671875 0.381643765625 0.8209875953125 0.3928269296875 0.8281687484375 0.39529960000000003 0.8320194203125 0.384116434375
4 0.84276658125 0.3793431015625 0.835585428125 0.3768704328125 0.8318589718749999 0.38769285 0.839040125 0.39016551875 0.84276658125 0.3793431015625
4 0.8330622812499999 0.3981951328125 0.825402384375 0.39555761875 0.8215517125 0.406740784375 0.8292116093749999 0.4093782984375 0.8330622812499999 0.3981951328125
4 0.8438185031250001 0.3926178828125 0.8366373484375 0.3901452125 0.832786675 0.401328378125 0.8399678296875001 0.40380104843750003 0.8438185031250001 0.3926178828125
4 0.83387483125 0.41138749218750004 0.826933046875 0.40899724531250004 0.8229581593749999 0.42054115625 0.8298999437499999 0.4229314046875 0.83387483125 0.41138749218750004
4 0.8443826187499999 0.4065317359375 0.8374408375 0.4041414890625 0.8337143812500001 0.41496390625 0.8406561625 0.41735415312499996 0.8443826187499999 0.4065317359375
4 0.86422864375 0.3193455765625 0.85489314375 0.31613110624999996 0.8500487484375 0.3302002484375 0.8593842484374999 0.33341471875 0.86422864375 0.3193455765625
4 0.8657049546875 0.337608703125 0.8563694546875 0.33439423281249997 0.8514008453124999 0.348824121875 0.86073634375 0.3520385921875 0.8657049546875 0.337608703125
4 0.8664631500000001 0.3556245609375 0.8573670218749999 0.3524925125 0.8525226265624999 0.36656165625 0.8616187546875 0.3696937046875 0.8664631500000001 0.3556245609375
4 0.8784784 0.31295365625 0.8689035296875 0.3096567640625 0.86418335 0.323365159375 0.8737582203125 0.326662053125 0.8784784 0.31295365625
4 0.8797153390625001 0.33113436093750004 0.870379840625 0.327919890625 0.865535446875 0.34198903281250004 0.8748709453125001 0.345203503125 0.8797153390625001 0.33113436093750004
4 0.8808371234375001 0.34887189687500003 0.871501621875 0.345657425 0.866657228125 0.35972656875000003 0.8759927281250001 0.36294103906249997 0.8808371234375001 0.34887189687500003
4 0.8678243046875 0.3734445203125 0.8584888046874999 0.37023005000000003 0.8536444109374999 0.38429919218749997 0.8629799109375 0.3875136609375 0.8678243046875 0.3734445203125
4 0.8820740609375 0.3670526 0.872499190625 0.3637557078125 0.8675305812499999 0.3781855984375 0.8771054515625 0.381482490625 0.8820740609375 0.3670526
4 0.869300615625 0.391707646875 0.8597257453125 0.3884107546875 0.854757134375 0.40284064375 0.8643320062500001 0.4061375359375 0.869300615625 0.391707646875
4 0.8833110015625 0.38523330312500004 0.8737361312499999 0.38193641093749997 0.8688917359375001 0.3960055546875 0.87846660625 0.399302446875 0.8833110015625 0.38523330312500004
4 0.8927230734375 0.253699128125 0.8843450609374999 0.2508143484375 0.8799975265625 0.2634405015625 0.8883755390625 0.2663252828125 0.8927230734375 0.253699128125
4 0.8947479921875001 0.276589853125 0.8861306062500001 0.27362264999999997 0.8814104265625 0.28733104531250003 0.8900278125 0.29029824843749996 0.8947479921875001 0.276589853125
4 0.9123761296874999 0.26894009531249996 0.9042374890625 0.26613773749999997 0.89988995625 0.27876389218750003 0.9080285953124999 0.28156625 0.9123761296874999 0.26894009531249996
4 0.9108390140625 0.2454103 0.9022216296875 0.24244309687499999 0.8976256656249999 0.25579074375 0.9062430499999999 0.258757946875 0.9108390140625 0.2454103
4 0.6104463875 0.3961931640625 0.602786490625 0.39355565000000003 0.5986873875 0.405460309375 0.606347284375 0.4080978234375 0.6104463875 0.3961931640625
4 0.609067115625 0.37998103906249997 0.6021253343749999 0.3775907921875 0.59802623125 0.3894954515625 0.6049680125 0.3918857 0.609067115625 0.37998103906249997
4 0.6003408984374999 0.461311625 0.597229065625 0.4602401359375 0.5956142671875 0.46492985 0.5987261015625001 0.466001340625 0.6003408984374999 0.461311625
4 0.158666059375 0.45086560000000003 0.15675108437500002 0.450206221875 0.1556331484375 0.453452946875 0.1575481234375 0.454112325 0.158666059375 0.45086560000000003
4 0.1762825328125 0.4549138484375 0.17173446875 0.453347825 0.1693743796875 0.460202021875 0.17392244375000002 0.4617680453125 0.1762825328125 0.4549138484375
4 0.19221695156250002 0.44829496874999997 0.1893444890625 0.4473059015625 0.18785390625 0.45163486875 0.19072636874999999 0.45262393593750005 0.19221695156250002 0.44829496874999997
4 0.2261857828125 0.4406225109375 0.2161321671875 0.4371607734375 0.210915128125 0.452312159375 0.2209687421875 0.455773896875 0.2261857828125 0.4406225109375
4 0.257904596875 0.3873848125 0.245696634375 0.3831812734375 0.2391132265625 0.40230087968749995 0.2513211875 0.40650441718749997 0.257904596875 0.3873848125
4 0.26741071562499996 0.49274808593749997 0.2563996140625 0.48895666093749995 0.25056149687499996 0.50591178125 0.2615725984375 0.50970320625 0.26741071562499996 0.49274808593749997
4 0.26597063906249996 0.4712692921875 0.2551989078125 0.4675602875 0.24948500624999997 0.48415466093750004 0.2602567390625 0.48786366562500005 0.26597063906249996 0.4712692921875
4 0.28394809374999996 0.4859333046875 0.2731763625 0.48222430000000005 0.2677108921875 0.4980971796875 0.278482621875 0.501806184375 0.28394809374999996 0.4859333046875
4 0.28263223125 0.46409376093750004 0.27209987343750003 0.46046717968750006 0.266634403125 0.476340059375 0.27716676093750003 0.479966640625 0.28263223125 0.46409376093750004
4 0.2979403609375 0.48106679531249996 0.28908360625 0.4780171703125 0.28461185625 0.49100407187500006 0.2934686125 0.494053696875 0.2979403609375 0.48106679531249996
4 0.299533196875 0.45700065624999997 0.28852209375000004 0.453209228125 0.2829324078125 0.46944285468749997 0.29394351093750004 0.47323428125 0.299533196875 0.45700065624999997
4 0.30956608750000003 0.47296431562499996 0.3016668171875 0.47024437812500003 0.2966982078125 0.48467426874999997 0.304597478125 0.48739420468750005 0.30956608750000003 0.47296431562499996
4 0.326499440625 0.44167127968750003 0.31572771093749996 0.43796227656250003 0.310013809375 0.45455664999999995 0.32078554062500003 0.45826565468749997 0.326499440625 0.44167127968750003
4 0.3268306390625 0.4655928828125 0.31725576875 0.46229599062500004 0.3124113734375 0.47636513281250004 0.32198624531250003 0.479662025 0.3268306390625 0.4655928828125
4 0.34036228125 0.458953696875 0.33126615312499996 0.45582165 0.326421759375 0.46989079062499994 0.3355178875 0.47302283906250003 0.34036228125 0.458953696875
4 0.2919549546875 0.372477103125 0.27926825 0.3681087203125 0.2725606265625 0.387589071875 0.2852473328125 0.3919574546875 0.2919549546875 0.372477103125
4 0.2584067984375 0.28950285937500003 0.2562524515625 0.28876105937499996 0.2552587296875 0.2916470375 0.2574130765625 0.2923888390625 0.2584067984375 0.28950285937500003
4 0.25821272031250003 0.28540085312499996 0.2562977453125 0.284741475 0.2551798078125 0.28798819999999997 0.2570947828125 0.288647578125 0.25821272031250003 0.28540085312499996
4 0.261191278125 0.2876370078125 0.2595156765625 0.28706005156250003 0.25839773906249996 0.2903067765625 0.2600733421875 0.2908837328125 0.261191278125 0.2876370078125
4 0.2609881421875 0.28433891875 0.2590731671875 0.2836795390625 0.25820366093749997 0.2862047703125 0.2601186359375 0.28686414843749997 0.2609881421875 0.28433891875
4 0.29897702656249997 0.33575374999999996 0.2973014234375 0.33517679375 0.2961834859375 0.33842351875 0.297859090625 0.339000475 0.29897702656249997 0.33575374999999996
4 0.29917110468749997 0.33985575625000003 0.29725613125 0.339196378125 0.29626240937500004 0.34208235625 0.2981773828125 0.342741734375 0.29917110468749997 0.33985575625000003
4 0.1969693921875 0.48503743125 0.1914638390625 0.48314171874999995 0.1884826734375 0.4917996515625 0.1939882265625 0.493695365625 0.1969693921875 0.48503743125
4 0.156130009375 0.45200995781250003 0.1539756625 0.45126815625 0.152857725 0.45451488125 0.155012071875 0.45525668281250004 0.156130009375 0.45200995781250003
4 0.30170715625 0.3387113984375 0.300031553125 0.3381344421875 0.29891361562499996 0.3413811671875 0.30058921875 0.3419581234375 0.30170715625 0.3387113984375
4 0.1533545859375 0.45307189374999995 0.15120024062499998 0.45233009218750003 0.1499580875 0.4559375640625 0.152112434375 0.456679365625 0.1533545859375 0.45307189374999995
4 0.19864277187499998 0.27255611874999996 0.197206540625 0.272061584375 0.19646125 0.2742260671875 0.1978974796875 0.2747206015625 0.19864277187499998 0.27255611874999996
4 0.2011788234375 0.271411759375 0.1995032203125 0.27083480312499997 0.19863371406250002 0.273360034375 0.20030931562499998 0.273936990625 0.2011788234375 0.271411759375
4 0.206357021875 0.27037012968749996 0.20396330312500002 0.2695459078125 0.20272115156249998 0.2731533796875 0.20511486875 0.27397760312499997 0.206357021875 0.27037012968749996
4 0.210214146875 0.2692771375 0.207341684375 0.2682880703125 0.2059753171875 0.2722562890625 0.20884777968749998 0.27324535625 0.210214146875 0.2692771375
4 0.20763280312500002 0.2744410796875 0.205717828125 0.27378170156250003 0.204599890625 0.2770284265625 0.206514865625 0.2776878046875 0.20763280312500002 0.2744410796875
4 0.2108507328125 0.27675965625 0.207978271875 0.2757705890625 0.2066119046875 0.2797388078125 0.209484365625 0.280727875 0.2108507328125 0.27675965625
4 0.2150805046875 0.27458442031249997 0.21244741406249998 0.273677775 0.21095683125 0.2780067421875 0.213589921875 0.2789133875 0.2150805046875 0.27458442031249997
4 0.211880690625 0.27065801093749997 0.21020508750000003 0.2700810546875 0.209211365625 0.2729670328125 0.21088696875 0.2735439890625 0.211880690625 0.27065801093749997
4 0.21838902187499998 0.2688638296875 0.2167134203125 0.2682868734375 0.2158439125 0.27081210312500004 0.217519515625 0.271389059375 0.21838902187499998 0.2688638296875
4 0.21794651250000002 0.2654833171875 0.2162709109375 0.26490636093750003 0.21527718906249999 0.2677923390625 0.216952790625 0.2683692953125 0.21794651250000002 0.2654833171875
4 0.2183527859375 0.272079496875 0.216677184375 0.271502540625 0.215807678125 0.2740277703125 0.2174832796875 0.2746047265625 0.2183527859375 0.272079496875
4 0.1195770984375 0.5503912328125 0.11526840625000001 0.54890763125 0.11315674687499999 0.5550403328125 0.117465440625 0.5565239359375 0.1195770984375 0.5503912328125
4 0.119065965625 0.5744263140625 0.1104485828125 0.5714591109375 0.10610104843749998 0.584085265625 0.1147184328125 0.5870524703125 0.119065965625 0.5744263140625
4 0.1515921140625 0.5561691515625 0.1446503328125 0.5537789046875 0.140923875 0.564601321875 0.1478656578125 0.5669915703124999 0.1515921140625 0.5561691515625
4 0.151073290625 0.5382357140625 0.1436527640625 0.535680621875 0.13992630781249998 0.546503040625 0.1473468328125 0.54905813125 0.151073290625 0.5382357140625
4 0.16511469843749998 0.5503338828125 0.15817291718749998 0.5479436359375 0.15432224375 0.5591268015625 0.161264025 0.5615170484374999 0.16511469843749998 0.5503338828125
4 0.1642322859375 0.5326787703125 0.1568117609375 0.5301236796875 0.15283687343750002 0.541667590625 0.1602573984375 0.5442226812500001 0.1642322859375 0.5326787703125
4 0.176819346875 0.5458902375 0.1703563078125 0.5436648359375 0.1673751421875 0.5523227703125 0.17383818125 0.5545481734375 0.176819346875 0.5458902375
4 0.17618536406250002 0.52751363125 0.1697223265625 0.5252882296875 0.16624429999999998 0.535389153125 0.1727073375 0.5376145546875 0.17618536406250002 0.52751363125
4 0.1506244578125 0.45011424531250005 0.14511890624999998 0.44821853125000005 0.1425103859375 0.4557942234375 0.1480159375 0.4576899375 0.1506244578125 0.45011424531250005
4 0.14586804375 0.4670383078125 0.1439530703125 0.46637892968749994 0.1428351328125 0.46962565625 0.14475010625 0.47028503437499997 0.14586804375 0.4670383078125
4 0.3016282328125 0.3350525609375 0.29995263125 0.33447560468750004 0.29895890937499997 0.3373615828125 0.30063451093750004 0.3379385390625 0.3016282328125 0.3350525609375
4 0.3048461640625 0.33737113750000003 0.30293119062499996 0.33671175937500003 0.301813253125 0.3399584859375 0.303728228125 0.3406178640625 0.3048461640625 0.33737113750000003
4 0.5998466437500001 0.451860525 0.5969741828124999 0.4508714578125 0.5953593859375 0.45556117343749997 0.5982318453125 0.45655024062500005 0.5998466437500001 0.451860525
4 0.3843395625 0.384111775 0.3812277296875 0.383040284375 0.37961293125 0.3877299984375 0.3827247640625 0.3888014875 0.3843395625 0.384111775
4 0.39198655625 0.3665689453125 0.3874384921875 0.365002921875 0.3850784015625 0.37185712031249996 0.38962646562500003 0.37342314375 0.39198655625 0.3665689453125
4 0.39245226718750004 0.4212042328125 0.38862231875000003 0.41988547499999995 0.386634875 0.42565743125 0.3904648234375 0.4269761890625 0.39245226718750004 0.4212042328125
4 0.392568790625 0.3788749640625 0.38802072656250003 0.377308940625 0.38541220625 0.3848846328125 0.38996027031249997 0.3864506578125 0.392568790625 0.3788749640625
4 0.47253101875 0.17075365468749998 0.4696585578125 0.1697645875 0.46816797499999996 0.1740935546875 0.47104043593749995 0.175082621875 0.47253101875 0.17075365468749998
4 0.47809092187499996 0.16782586875 0.47545783124999996 0.166919221875 0.4738430328125 0.1716089375 0.4764761234375 0.17251558281249998 0.47809092187499996 0.16782586875
4 0.4724702140625 0.165486984375 0.46959775312499996 0.1644979171875 0.46810717031250004 0.1688268828125 0.47097963125 0.1698159515625 0.4724702140625 0.165486984375
4 0.477427159375 0.1627550984375 0.4747940703125 0.161848453125 0.47317927187500003 0.16653816875 0.47581236093749996 0.1674448140625 0.477427159375 0.1627550984375
4 0.472294253125 0.1597771453125 0.4696611625 0.1588705 0.4681705796875 0.163199465625 0.4708036703125 0.1641061125 0.472294253125 0.1597771453125
4 0.477729940625 0.15721010468750002 0.47461810781249997 0.15613861406250001 0.47287909531250005 0.161189075 0.475990928125 0.162260565625 0.477729940625 0.15721010468750002
4 0.3014763296875 0.6364282046875 0.29621015 0.6346149125 0.2933532 0.6429121 0.29861937968749996 0.644725390625 0.3014763296875 0.6364282046875
4 0.30872089375 0.63327345625 0.30321534375 0.63137774375 0.3003583921875 0.6396749296875 0.30586394375000003 0.64157064375 0.30872089375 0.63327345625
4 0.32908822031249996 0.62777743125 0.32549764375 0.6265410953125 0.32351019999999997 0.6323130515625001 0.3271007765625 0.6335493859375 0.32908822031249996 0.62777743125
4 0.3352510828125 0.624653740625 0.331421134375 0.6233349828125 0.32906104531249997 0.63018918125 0.33289099375000003 0.6315079375 0.3352510828125 0.624653740625
2 0.2831064890625 0.8165282765624999 0.28213349062500004 0.8069123328125001 0.2443139859375 0.8257679546875 0.24492339843750002 0.8356622249999999 0.2831064890625 0.8165282765624999
4 0.5967595078125 0.3846205875 0.5938870484375001 0.3836315203125 0.59227225 0.388321234375 0.595144709375 0.3893103015625 0.5967595078125 0.3846205875
4 0.5971567249999999 0.392020684375 0.594044890625 0.39094919375 0.5925543078125 0.3952781609375 0.5956661421875 0.39634965 0.5971567249999999 0.392020684375
4 0.598535996875 0.40823280625 0.5954241625 0.40716131562499996 0.5938093656250001 0.41185103125 0.5969211984375 0.41292252031250004 0.598535996875 0.40823280625
4 0.5983884515625 0.4319895640625 0.5955159890624999 0.431000496875 0.5939011921875 0.43569021093750004 0.596773653125 0.4366792796875 0.5983884515625 0.4319895640625
4 0.5988827046874999 0.4414406640625 0.595770871875 0.44036917343750004 0.5941560734375 0.4450588875 0.5972679078125 0.446130378125 0.5988827046874999 0.4414406640625
4 0.38186047031250003 0.36953854218750004 0.377073034375 0.36789009687499996 0.374216084375 0.376187284375 0.3790035203125 0.3778357296875 0.38186047031250003 0.36953854218750004
4 0.376882803125 0.38477235 0.3716166234375 0.38295905937499997 0.369008103125 0.3905347515625 0.37427428281249997 0.39234804218749997 0.376882803125 0.38477235
4 0.3045278703125 0.3336298796875 0.30285226875000004 0.33305292343750004 0.301858546875 0.3359389015625 0.3035341484375 0.3365158578125 0.3045278703125 0.3336298796875
4 0.3724434421875 0.373559325 0.36550166093750003 0.37116907656250003 0.3618994203125 0.381630746875 0.3688412015625 0.38402099375 0.3724434421875 0.373559325
4 0.307382215625 0.33622678125 0.3057066125 0.3356498234375 0.304712890625 0.3385358015625 0.30638849375 0.33911275937499996 0.307382215625 0.33622678125
4 0.3064609625 0.3326814234375 0.3052641046875 0.33226931249999997 0.3043945984375 0.33479454375 0.30559145625 0.3352066546875 0.3064609625 0.3326814234375
4 0.3095546796875 0.33536074843749997 0.3081184484375 0.3348662140625 0.3071247265625 0.3377521921875 0.30856095625 0.3382467265625 0.3095546796875 0.33536074843749997
4 0.3123301015625 0.33429881250000004 0.3106545 0.33372185625 0.3096607765625 0.3366078359375 0.3113363796875 0.337184790625 0.3123301015625 0.33429881250000004
4 0.3151055234375 0.333236878125 0.31366929374999997 0.33274234375 0.3129240015625 0.33490682656250004 0.31436023281250003 0.3354013609375 0.3151055234375 0.333236878125
4 0.30947575625 0.3317019109375 0.3078001546875 0.33112495468750003 0.306930646875 0.3336501859375 0.30860625 0.3342271421875 0.30947575625 0.3317019109375
4 0.3118875921875 0.3309183 0.31069073281250004 0.3305061890625 0.3099454421875 0.332670671875 0.3111423015625 0.3330827828125 0.3118875921875 0.3309183
4 0.31490238593750003 0.3299387875 0.31322678437499996 0.32936183125 0.312357278125 0.3318870625 0.3140328796875 0.33246401875 0.31490238593750003 0.3299387875
4 0.34363071875 0.43546451093750005 0.33166212968750003 0.4313433953125 0.325948228125 0.44793776875 0.33791681875 0.4520588859375 0.34363071875 0.43546451093750005
4 0.349664153125 0.4544897453125 0.3443979734375 0.45267645468750006 0.3415410234375 0.4609736421875 0.346807203125 0.46278693281249994 0.349664153125 0.4544897453125
4 0.3589440609375 0.43064936875 0.3508054203125 0.42784700937500003 0.3464578875 0.4404731625 0.354596528125 0.44327552187499997 0.3589440609375 0.43064936875
4 0.359320553125 0.4505513875 0.3538150015625 0.4486556734375 0.35095805 0.45695286093750004 0.35646360312500003 0.4588485734375 0.359320553125 0.4505513875
4 0.3778880609375 0.44483915312500005 0.37118565000000003 0.442531328125 0.36745919374999997 0.45335374531249995 0.374161603125 0.4556615703125 0.3778880609375 0.44483915312500005
4 0.399409559375 0.432880734375 0.3874409703125 0.42875961875 0.38135442343750003 0.446436234375 0.3933230125 0.45055734999999997 0.399409559375 0.432880734375
4 0.37567551875 0.42793659218749996 0.3704093390625 0.4261233015625 0.367676603125 0.4340597421875 0.3729427828125 0.43587303281249995 0.37567551875 0.42793659218749996
4 0.3747025203125 0.4183206484375 0.3699150828125 0.4166722015625 0.367430778125 0.423887146875 0.372218215625 0.42553559375 0.3747025203125 0.4183206484375
4 0.384234703125 0.41474303749999997 0.3816016140625 0.4138363921875 0.38011103125 0.4181653578125 0.3827441203125 0.419072003125 0.384234703125 0.41474303749999997
4 0.388340259375 0.4129285484375 0.385228425 0.41185705781250004 0.3836136265625 0.4165467734375 0.38672546093750004 0.4176182640625 0.388340259375 0.4129285484375
4 0.39499092343750003 0.4091657859375 0.3916397171875 0.40801187343749995 0.3897764890625 0.4134230828125 0.39312769531249997 0.4145769953125 0.39499092343750003 0.4091657859375
4 0.359600134375 0.393751615625 0.3540945828125 0.391855903125 0.3512376328125 0.40015309062500004 0.3567431828125 0.402048803125 0.359600134375 0.393751615625
4 0.36757187187499996 0.39004021718750004 0.3625450640625 0.3883093484375 0.35981232812499997 0.3962457890625 0.3648391375 0.3979766578125 0.36757187187499996 0.39004021718750004