4 0.42451976875 0.275148084375 0.42064977499999995 0.26603095 0.4121918421875 0.2696211296875 0.4160618359375 0.2787382625 0.42451976875 0.275148084375
2 0.7218872875 0.552417365625 0.7203322187500001 0.543854725 0.696533809375 0.5504980296875 0.698441290625 0.5589110765624999 0.7218872875 0.552417365625
4 0.7547267140625 0.41128107968750005 0.752377075 0.4057456765625 0.746033625 0.40843831093749994 0.7483832640625 0.4139737140625 0.7547267140625 0.41128107968750005
4 0.7507322624999999 0.39991109375 0.7472769109375 0.391770796875 0.7388189796875 0.395360975 0.74227433125 0.4035012734375 0.7507322624999999 0.39991109375
4 0.32647387499999997 0.5634740421875 0.3219128109375 0.55272885 0.3085210859375 0.5584132984375 0.31308215 0.5691584921875 0.32647387499999997 0.5634740421875
0 0.8188242656250001 0.163496396875 0.8182091796875 0.1610675234375 0.81033161875 0.16210566875000001 0.8104560749999999 0.1643585203125 0.8188242656250001 0.163496396875
0 0.841828103125 0.15988033125 0.8413512328125 0.1577770703125 0.8332594734375001 0.1592904171875 0.83373634375 0.161393678125 0.841828103125 0.15988033125
0 0.8491180937499999 0.15255883125 0.8487794375 0.15078118125 0.8405494640625 0.15196891562499998 0.8408881203125 0.153746565625 0.8491180937499999 0.15255883125
0 0.4428433625 0.20857529531250002 0.44468141875 0.20702652656249998 0.43860719843749996 0.20153499375 0.43690735937499997 0.20340937343749999 0.4428433625 0.20857529531250002
0 0.35294313125 0.24174003593750001 0.354995384375 0.239716065625 0.3492735796875 0.2340749421875 0.3475737390625 0.235949321875 0.35294313125 0.24174003593750001
0 0.4352350328125 0.2014292734375 0.43672067343750004 0.2000300953125 0.4317036953125 0.19408978906250002 0.43035626875000005 0.1958145796875 0.4352350328125 0.2014292734375
4 0.7180711921875 0.2896523625 0.7130954859374999 0.27793033437500003 0.7000561765625 0.2834651921875 0.7050318828125001 0.2951872203125 0.7180711921875 0.2896523625
4 0.413670925 0.278984584375 0.40993914531250003 0.2701930640625 0.4007763875 0.2740824234375 0.40450816562499997 0.28287394374999997 0.413670925 0.278984584375
4 0.43446334062499997 0.2701587265625 0.43073156093750004 0.26136720625 0.4212163890625 0.2654061578125 0.42494816718750006 0.274197678125 0.43446334062499997 0.2701587265625
0 0.078459175 0.509273715625 0.0805736578125 0.5083761703125 0.073822125 0.4993293375 0.0718458578125 0.5005524953125 0.078459175 0.509273715625
0 0.026430384374999998 0.44451128281249996 0.027425396875 0.44293608281249996 0.017702584375 0.43668760625 0.016845784375 0.43858841562500006 0.026430384374999998 0.44451128281249996
0 0.0474651546875 0.450953765625 0.0466083546875 0.45285457500000004 0.056054740625 0.45845182968750003 0.05718796875 0.45720224218750005 0.0474651546875 0.450953765625
4 0.7126808453125 0.2769534984375 0.707566925 0.2649058578125 0.6941752015625 0.27059030625 0.6992891218749999 0.282637946875 0.7126808453125 0.2769534984375
4 0.706938084375 0.26440422343750003 0.7018241640625 0.2523565828125 0.688784853125 0.2578914421875 0.6938987734375 0.2699390828125 0.706938084375 0.26440422343750003
4 0.70093265 0.2492764859375 0.69485123125 0.2349495609375 0.678640196875 0.2418307375 0.684721615625 0.2561576625 0.70093265 0.2492764859375
4 0.6803544359375 0.2576271390625 0.67441123125 0.24362582656249998 0.658200196875 0.25050700312499996 0.6641434015625001 0.2645083140625 0.6803544359375 0.2576271390625
4 0.6739965890625 0.2426489921875 0.66777695625 0.22799645625 0.651565921875 0.23487763125 0.6577855546875 0.2495301671875 0.6739965890625 0.2426489921875
4 0.6939459625 0.23379670468749997 0.68772633125 0.21914416874999998 0.6718677093750001 0.2258757546875 0.678087340625 0.240528290625 0.6939459625 0.23379670468749997
4 0.369495384375 0.3150286015625 0.36534896250000004 0.30526024375 0.35336689374999997 0.31034633125 0.357513315625 0.3201146875 0.369495384375 0.3150286015625
4 0.3649343203125 0.30428340781249996 0.3606496859375 0.29418944062499996 0.348315203125 0.2994251171875 0.3525998375 0.3095190859375 0.3649343203125 0.30428340781249996
4 0.3443231625 0.57319008125 0.343493878125 0.5712364109375 0.34032215312499997 0.572582728125 0.3411514375 0.5745363984375 0.3443231625 0.57319008125
4 0.3458435171875 0.5767718140625 0.3447378046875 0.57416691875 0.34191849375 0.5753636453125 0.34302420625 0.5779685406249999 0.3458435171875 0.5767718140625
4 0.34687324375 0.5801775234375001 0.34576753125000004 0.577572628125 0.34330063437499997 0.5786197640624999 0.344406346875 0.581224659375 0.34687324375 0.5801775234375001
4 0.7215428640625 0.374257509375 0.7180875125 0.3661172109375 0.7092771671875 0.36985698125 0.71273251875 0.3779972796875 0.7215428640625 0.374257509375
4 0.7309198234375 0.36989294687499996 0.7276026859375 0.3620782609375 0.71949716875 0.3655188484375 0.72281430625 0.373333534375 0.7309198234375 0.36989294687499996
2 0.5344521375 1 0.5374206703125 0.9869466250000001 0.334032790625 0.9614540953124999 0.32763495468750004 0.9914537156250001 0.394003475 1 0.5344521375 1
2 0.9572072484374999 0.5835695453125 0.95070463125 0.57902841875 0.93624910625 0.595924271875 0.9426135109375 0.6001397875000001 0.9572072484374999 0.5835695453125
2 0.8782868734375 0.6043880078125 0.8829167234374999 0.6054969953125 0.893274296875 0.5818864515625 0.8876631906249999 0.580425421875 0.8782868734375 0.6043880078125
2 0.8519934109375 0.59633490625 0.8612531140625 0.5985528812500001 0.868390490625 0.5732349875 0.858916590625 0.571492215625 0.8519934109375 0.59633490625
2 0.76000813125 0.685336778125 0.7652943390625 0.6830929171875 0.753359459375 0.6520366265625 0.747859053125 0.6547556906249999 0.76000813125 0.685336778125
2 0.753236284375 0.68897981875 0.7597179453125 0.6866127953125 0.746200484375 0.6508483468749999 0.739290421875 0.654165775 0.753236284375 0.68897981875
2 0.7470585640625 0.6881435812500001 0.75163994375 0.6861989015625001 0.740948990625 0.6580731171875 0.73531036875 0.6604665703125 0.7470585640625 0.6881435812500001
2 0.738418584375 0.61879778125 0.734680246875 0.620768890625 0.742344246875 0.6398039718749999 0.746435 0.6376832718750001 0.738418584375 0.61879778125
2 0.7386890953125 0.649809659375 0.7446801296875 0.647266615625 0.7310106953125 0.6131037953125 0.7241006343749999 0.6164212234375 0.7386890953125 0.649809659375
2 0.732822515625 0.65460555625 0.7388135515625 0.6520625124999999 0.7247917046875 0.6180492828124999 0.71858646875 0.6210675296875 0.732822515625 0.65460555625
2 0.7120340984375 0.5742766890625 0.7060430640625001 0.57681973125 0.720203125 0.6111585734375 0.7265465734375 0.6084659390625 0.7120340984375 0.5742766890625
2 0.7058288640625 0.577294934375 0.6994854140625 0.57998756875 0.713016634375 0.6138247765625 0.7192218703125 0.61080653125 0.7058288640625 0.577294934375
4 0.360725671875 0.293388625 0.3561646078125 0.2826434328125 0.3434777109375 0.2880287 0.3480387734375 0.29877389375 0.360725671875 0.293388625