2 0.618571428125 0.7287308234375 0.6078571421875 0.718270571875 0.5707142859375 0.750348675 0.5828571421875 0.7608089265625 0.618571428125 0.7287308234375
2 0.27999999999999997 0.6185495125 0.298571428125 0.598326359375 0.22071428593750003 0.532078103125 0.20428571406249998 0.5529986046875 0.27999999999999997 0.6185495125
2 0.385 0.222454671875 0.398571428125 0.2092050203125 0.36 0.1764295671875 0.34785714218749997 0.19107391875 0.385 0.222454671875
2 0.3542857140625 0.2608089265625 0.365 0.24755927500000002 0.3257142859375 0.216875871875 0.315 0.23082287343750002 0.3542857140625 0.2608089265625
2 0.34071428593749997 0.281729428125 0.3521428578125 0.2670850765625 0.31 0.2364016734375 0.2978571421875 0.248953975 0.34071428593749997 0.281729428125
2 0.318571428125 0.2991631796875 0.32928571406249996 0.285913528125 0.29357142812500003 0.2580195265625 0.2828571421875 0.2691771265625 0.318571428125 0.2991631796875
2 0.273571428125 0.150627615625 0.2607142859375 0.1666666671875 0.3007142859375 0.1980474203125 0.3121428578125 0.18479776875 0.273571428125 0.150627615625
2 0.26 0.1666666671875 0.24714285781249998 0.18131101875 0.2892857140625 0.214783821875 0.301428571875 0.19874477031249999 0.26 0.1666666671875
2 0.1392857140625 0.6422594140625 0.1242857140625 0.658995815625 0.20071428593750001 0.725941421875 0.21785714218750002 0.7071129703125 0.1392857140625 0.6422594140625
2 0.3707142859375 0.6799163187499999 0.3792857140625 0.6617852156249999 0.3271428578125 0.6304044625 0.316428571875 0.648535565625 0.3707142859375 0.6799163187499999
2 0.193571428125 0.5529986046875 0.2078571421875 0.534170153125 0.136428571875 0.4776847984375 0.121428571875 0.49651325 0.193571428125 0.5529986046875
2 0.6292857140625 0.7412831234375 0.618571428125 0.7308228734375 0.5828571421875 0.7642956765625 0.5942857140625 0.774058578125 0.6292857140625 0.7412831234375
2 0.2421428578125 0.40027894062499997 0.2542857140625 0.3863319390625 0.2142857140625 0.3563458859375 0.2028571421875 0.3709902375 0.2421428578125 0.40027894062499997
2 0.2 0.464435146875 0.21071428593750002 0.4483960953125 0.16928571406249998 0.4191073921875 0.158571428125 0.43584379375 0.2 0.464435146875
2 0.21142857187500003 0.2398884234375 0.2 0.25313807499999996 0.23642857187500002 0.281729428125 0.24714285781249998 0.2691771265625 0.21142857187500003 0.2398884234375
2 0.198571428125 0.25523012500000003 0.188571428125 0.2677824265625 0.225 0.2949790796875 0.233571428125 0.283821478125 0.198571428125 0.25523012500000003
2 0.16928571406249998 0.2928870296875 0.16142857187499998 0.30474198124999996 0.196428571875 0.33403068281250003 0.206428571875 0.32008368125 0.16928571406249998 0.2928870296875
2 0.158571428125 0.30962343125 0.148571428125 0.32147838281249996 0.1821428578125 0.34867503437499997 0.1928571421875 0.3354253828125 0.158571428125 0.30962343125
2 0.141428571875 0.3277545328125 0.131428571875 0.339609484375 0.166428571875 0.3675034875 0.1771428578125 0.35495118593749997 0.141428571875 0.3277545328125
2 0.103571428125 0.3807531375 0.09285714218749999 0.39191073906249996 0.1257142859375 0.4191073921875 0.1371428578125 0.408647140625 0.103571428125 0.3807531375
2 0.40857142812499997 0.2029288703125 0.4192857140625 0.18898186875 0.376428571875 0.159693165625 0.366428571875 0.1736401671875 0.40857142812499997 0.2029288703125
2 0.4192857140625 0.18340306875 0.43214285781250006 0.1694560671875 0.391428571875 0.1380753140625 0.38 0.152022315625 0.4192857140625 0.18340306875
2 0.4342857140625 0.160390515625 0.446428571875 0.14923291562500002 0.4078571421875 0.11854951250000001 0.3978571421875 0.1324965125 0.4342857140625 0.160390515625
2 0.45071428593749996 0.1443514640625 0.46285714218749996 0.1311018125 0.42142857187500005 0.10111575937499999 0.41 0.11506276093750001 0.45071428593749996 0.1443514640625
2 0.6678571421874999 0.7050209203125 0.6592857140625 0.69316596875 0.6221428578125 0.725941421875 0.633571428125 0.7357043234375 0.6678571421874999 0.7050209203125
2 0.6585714281249999 0.69246861875 0.6478571421875 0.6799163187499999 0.6092857140625 0.711994421875 0.621428571875 0.723152021875 0.6585714281249999 0.69246861875
2 0.241428571875 0.8675034875 0.26 0.8577405859375 0.231428571875 0.7928870296875 0.21000000000000002 0.8033472796875 0.241428571875 0.8675034875
2 0.8364285718750001 0.4860529984375 0.8142857140625 0.469316596875 0.7578571421875 0.55509065625 0.781428571875 0.5711297078124999 0.8364285718750001 0.4860529984375
2 0.8828571421875001 0.47140864687499995 0.8578571421875001 0.45746164531250005 0.781428571875 0.5725244078125 0.8042857140624999 0.589958159375 0.8828571421875001 0.47140864687499995
2 0.7471428578125 0.3877266390625 0.765 0.3675034875 0.6792857140625 0.31032078125 0.665 0.3284518828125 0.7471428578125 0.3877266390625
2 0.7657142859375 0.3668061359375 0.776428571875 0.3521617859375 0.6928571421874999 0.2907949796875 0.6785714281249999 0.30892608125 0.7657142859375 0.3668061359375
2 0.4728571421875 0.7384937234375 0.48857142812500004 0.714783821875 0.3907142859375 0.658995815625 0.3757142859375 0.68061366875 0.4728571421875 0.7384937234375
2 0.091428571875 0.3981868890625 0.08071428593749999 0.41004184062500004 0.11499999999999999 0.43654114374999997 0.1257142859375 0.4253835421875 0.091428571875 0.3981868890625