0 0.5723908437499999 0.6611308765625 0.5689533124999999 0.65784536875 0.5580708203125 0.6812482906249999 0.5615403171875 0.685143709375 0.5723908437499999 0.6611308765625
3 0.977157559375 0.1237382328125 0.9744595468749999 0.11898693125 0.970067890625 0.1312449734375 0.9728589703124999 0.1351759484375 0.977157559375 0.1237382328125
3 0.9705289296874999 0.269847275 0.968810490625 0.27340299687499997 0.9739614609375 0.2782296078125 0.9755229046875 0.2742743890625 0.9705289296874999 0.269847275
3 1 0.8965043828124999 0.9936025546874999 0.8918455421875 0.9919160828125 0.8960111749999999 0.9984558484375 0.9013765906250001 1 0.8977194328125 1 0.8965043828124999
3 0.983086865625 0.867729290625 0.9841481953125 0.86461573125 0.9788828531249999 0.860202840625 0.9776858390625 0.863323509375 0.983086865625 0.867729290625
3 0.9933461843750001 0.8765692953125 0.9948863187500001 0.8722074687499999 0.9877001 0.867487521875 0.9861706203124999 0.8720526515625 0.9933461843750001 0.8765692953125
3 0.9567574109375 0.5496567031249999 0.9598703000000001 0.5519399125 0.9639827640625 0.5421428515625 0.9608592171874999 0.5396563375000001 0.9567574109375 0.5496567031249999
3 0.914755240625 0.2752166 0.9120707093749999 0.273318665625 0.90843988125 0.284517521875 0.9111350640625 0.2866187609375 0.914755240625 0.2752166
3 0.968206115625 0.518885059375 0.9718617390625001 0.521139825 0.9758065531250001 0.5107399640625 0.9725366703124999 0.5080572578125 0.968206115625 0.518885059375
3 0.875199884375 0.36678522343750003 0.8781557828125001 0.3686689359375 0.8809859937500001 0.3603661125 0.8778944140625 0.3584895125 0.875199884375 0.36678522343750003
3 0.8859203828125001 0.348079628125 0.8833395718749999 0.345564671875 0.8794238921875 0.35392438125000003 0.8821297328125001 0.3562289234375 0.8859203828125001 0.348079628125
3 0.8939456968749999 0.3272727953125 0.8912505109375 0.32517155625 0.8880025937499999 0.3332924078125 0.8908441187499999 0.3355898390625 0.8939456968749999 0.3272727953125
3 0.9770900046875 0.2756192984375 0.9756535890625001 0.2793641015625 0.9815042843749999 0.284561765625 0.982919390625 0.2804103546875 0.9770900046875 0.2756192984375
3 0.97091315625 0.28756317187499997 0.9694554296875 0.29090136875 0.975138478125 0.2954962296875 0.9766068562499999 0.2923613390625 0.97091315625 0.28756317187499997
3 0.641104525 0.310759721875 0.643549653125 0.313281790625 0.647340303125 0.30513249375 0.6450415140625 0.3028066203125 0.641104525 0.310759721875
3 0.9626066765625 0.2796401359375 0.9611915703125 0.2837915484375 0.9670529203125 0.28919251562500004 0.9687500484375 0.2852301859375 0.9626066765625 0.2796401359375
3 0.9550575406249999 0.25761090000000003 0.953192765625 0.260970428125 0.9592935171875 0.2657472625 0.960615559375 0.262416178125 0.9550575406249999 0.25761090000000003
3 0.9471581125 0.24966653125 0.9455966671875 0.25362174843749996 0.95241845625 0.2591762453125 0.9539799 0.25522102812499997 0.9471581125 0.24966653125
3 0.6946063031249999 0.602129325 0.6921611734375 0.59960725625 0.68738095 0.6096431765625 0.6899617609375001 0.6121581328125 0.6946063031249999 0.602129325
3 0.714301040625 0.5911079078125 0.7168712 0.5934195609375 0.720451584375 0.5838542484375 0.71803841875 0.5819420921875 0.714301040625 0.5911079078125
3 0.701325228125 0.57976005625 0.703341996875 0.5818968484375 0.7067575609375 0.5743787984375001 0.7046157640625 0.5724524203125 0.701325228125 0.57976005625
3 0.7241933296874999 0.1386264265625 0.7214235609374999 0.135102059375 0.7156828984375 0.14498445 0.7183276390625 0.1487192328125 0.7241933296874999 0.1386264265625
3 0.721340353125 0.29187664375 0.7190628703125 0.289957378125 0.7157403718750001 0.2966551 0.7177571390625 0.2987918921875 0.721340353125 0.29187664375
3 0.7260062031250001 0.28225444375 0.7235504203125 0.279529071875 0.7198528343749999 0.2868580390625 0.7224549546875 0.28977960625 0.7260062031250001 0.28225444375
3 0.738398834375 0.28507063593750004 0.7356823390625 0.2825627890625 0.731859725 0.290102171875 0.73433681875 0.293234153125 0.738398834375 0.28507063593750004
3 0.7322496078125 0.3131181953125 0.732954334375 0.3083924265625 0.726742034375 0.306679375 0.72617299375 0.311398034375 0.7322496078125 0.3131181953125
3 0.9859560125 0.8861304078125001 0.9846659343749999 0.8900714031250001 0.9909023703125 0.8948411281249999 0.992338784375 0.8910963234375 0.9859560125 0.8861304078125001
3 0.978088546875 0.87879595 0.9762770453125 0.8831720000000001 0.9835165390625 0.888908465625 0.985067328125 0.8847499437499999 0.978088546875 0.87879595
3 0.9305276156250001 0.8825116875000001 0.9265686609375001 0.8796612328125001 0.922727565625 0.8894440703125 0.9265614921875001 0.8925049421875 0.9305276156250001 0.8825116875000001
3 0.9349512359375 0.8708635593749999 0.9322240859375001 0.8681524093749999 0.9286543578125 0.877921025 0.9315065359375 0.8804217609375 0.9349512359375 0.8708635593749999
3 0.9627040828125001 0.2633260359375 0.9611213296875001 0.2668746453125 0.9665436656249999 0.271687034375 0.9682407921875 0.2677247046875 0.9627040828125001 0.2633260359375
3 0.896720665625 0.2867626 0.8991338296875 0.28867475625 0.9019853515625 0.28077854062499996 0.8995828421875001 0.2790696875 0.896720665625 0.2867626
3 0.890862771875 0.714976878125 0.893432928125 0.71728853125 0.89705593125 0.7085364359375 0.8943607453125001 0.706435196875 0.890862771875 0.714976878125
3 0.8837659312499999 0.735327328125 0.8857720468749999 0.7372608171875 0.8886342218750001 0.72956790625 0.886356740625 0.7276486375 0.8837659312499999 0.735327328125
3 0.8991594515625 0.694155821875 0.90129059375 0.695878896875 0.9043921734374999 0.68756185 0.902271684375 0.68604208125 0.8991594515625 0.694155821875
3 0.9443963703125 0.2047576671875 0.9417729390625 0.20142949375 0.9373784546874999 0.21103747187500002 0.9399592671875 0.2135524296875 0.9443963703125 0.2047576671875
3 0.911793 0.6782040421875 0.9141955109375001 0.6799128953125 0.91778655 0.6705508859375 0.915373384375 0.6686387296875 0.911793 0.6782040421875
3 0.7391143 0.9555367312499999 0.7370314328124999 0.9599270015625001 0.742767753125 0.9655383843750001 0.74487193125 0.961554721875 0.7391143 0.9555367312499999
3 0.7491861765625 0.945223490625 0.751902671875 0.9477313359374999 0.7557863874999999 0.9387617140625 0.7530805468749999 0.936457171875 0.7491861765625 0.945223490625
3 0.7450958796875 0.9268863703125 0.7418259968750001 0.9242036625000001 0.7377668078124999 0.93501724375 0.740890353125 0.9375037562499999 0.7450958796875 0.9268863703125
3 0.70800085 0.9667488531249999 0.704877303125 0.9642623406249999 0.70084725 0.9730357703125 0.7037207390625 0.9759431125000001 0.70800085 0.9667488531249999
3 0.7033989265625 0.9775908765624999 0.70012904375 0.9749081703125 0.6961735734375 0.985104728125 0.699422146875 0.9873808265624999 0.7033989265625 0.9775908765624999
3 0.7533694796875 0.8355301171875 0.7506636390625 0.8332255749999999 0.7467188250000001 0.8436254359375001 0.7494566296875 0.8465398921875 0.7533694796875 0.8355301171875
3 0.6992692390624999 0.8832151296875 0.69655274375 0.8807072828125 0.6929084328124999 0.8890527718750001 0.695614271875 0.8913573124999999 0.6992692390624999 0.8832151296875
3 0.6688072390625 0.8886849609375 0.6673921328125 0.8928363718749999 0.6744028796875 0.8994002796875 0.6759749765625 0.8956483640625 0.6688072390625 0.8886849609375
3 0.683284796875 0.624943665625 0.6804965468749999 0.6236627546875 0.6784328171875 0.6362065203125 0.6812210671875001 0.6374874312500001 0.683284796875 0.624943665625
3 0.948194846875 0.1941616125 0.9460210859375 0.1916253234375 0.9423661187500001 0.19976750625 0.9446755640625 0.2022966859375 0.948194846875 0.1941616125
3 0.9041071531249999 0.3030922109375 0.9014119671874999 0.3009909734375 0.8981562234375 0.311558584375 0.9009764375 0.31344940625 0.9041071531249999 0.3030922109375
3 0.6943151109375 0.0358147046875 0.696353190625 0.0383581046875 0.7001544953125001 0.030412114062500002 0.6980126984374999 0.0284857359375 0.6943151109375 0.0358147046875
3 0.9123245359375 0.9219956734375 0.9093260187500001 0.9192987453124999 0.9045244859375 0.9289280546875001 0.9073979734375 0.9318354 0.9123245359375 0.9219956734375
3 0.974667328125 0.8810138750000001 0.9761037437500001 0.8772690703125001 0.9698673078125 0.872499346875 0.9684202375 0.8760408468750001 0.974667328125 0.8810138750000001
3 0.9698766484375 0.85190875 0.9681795203125001 0.8558710796875 0.9747512515625001 0.86184640625 0.9764377234375001 0.8576807734375 0.9698766484375 0.85190875
3 0.6468038828125 0.320858015625 0.649666715625 0.3235620546875 0.65483268125 0.3130981953125 0.6521055312499999 0.3103870453125 0.6468038828125 0.320858015625
3 0.6400979828125 0.2967459640625 0.6376315453125 0.2938172859375 0.63252668125 0.30285090625 0.6351501109375 0.30617908125 0.6400979828125 0.2967459640625
3 0.8587512343749999 0.172347034375 0.8573148171874999 0.1760918390625 0.8635832171875 0.181471475 0.8651446625 0.17751625625 0.8587512343749999 0.172347034375
3 0.315959775 0.29314321875 0.3179602328125 0.28977658125 0.312263703125 0.28232835 0.310106253125 0.2852954921875 0.315959775 0.29314321875
3 0.652574396875 0.44654258750000003 0.65492863125 0.44213809687500005 0.648146634375 0.43474675312500005 0.64604245625 0.438730415625 0.652574396875 0.44654258750000003
3 0.6569553984375001 0.43408124375 0.65843443125 0.43114965625 0.652719421875 0.42594488124999996 0.6513547609375 0.4284627484375 0.6569553984375001 0.43408124375
3 0.654299346875 0.41974620625 0.652841621875 0.423084403125 0.6582959203125001 0.42850670468749996 0.6600143578125001 0.42495098281250004 0.654299346875 0.41974620625
3 0.6600080453125 0.4092539046875 0.6580288953125 0.41302715156250003 0.6638078359375 0.4194517515625 0.6660476984375 0.41546097812499994 0.6600080453125 0.4092539046875
3 0.6627693296875 0.4048280796875 0.6610508937499999 0.4083838015625 0.6669548609375 0.4145979859375 0.66880898125 0.411035153125 0.6627693296875 0.4048280796875
3 0.664934609375 0.39941417968750004 0.6636019125 0.402541959375 0.6679494359375 0.407614540625 0.6695641515624999 0.40467584062500006 0.664934609375 0.39941417968750004
3 0.682356665625 0.420314409375 0.680339896875 0.41817761718749996 0.67601716875 0.4265586609375 0.6783159578125 0.42888453593750003 0.682356665625 0.420314409375
3 0.6581976578125001 0.47336159218749996 0.65563815625 0.47125324218750003 0.6522332453125 0.478974596875 0.6549390859375 0.48127913906249997 0.6581976578125001 0.47336159218749996
3 0.65343874375 0.48380411875 0.6508792390625 0.48169576875000003 0.647077934375 0.4896417609375 0.6496694015625 0.492360021875 0.65343874375 0.48380411875
3 0.6353595765625 0.46334605 0.6336304859374999 0.4666984671875 0.6386670796875 0.47193879687500007 0.6403961734375 0.4685863796875 0.6353595765625 0.46334605
3 0.6594548578125 0.37014130624999997 0.6609445468749999 0.36741302343750004 0.6563256562500001 0.36235466562499996 0.65497165 0.3650758375 0.6594548578125 0.37014130624999997
3 0.315816465625 0.2566593515625 0.313794696875 0.2596193828125 0.31852013437500004 0.26671078125 0.32055255625 0.2639540546875 0.315816465625 0.2566593515625
3 0.6360218265625 0.2916591609375 0.6335660437499999 0.2889337890625 0.6293498609375 0.299347871875 0.631648653125 0.30167374687500004 0.6360218265625 0.2916591609375
3 0.8712302453125 0.7842996953125 0.8740717703125 0.7865971265625 0.8763301125 0.7803628984375 0.873363559375 0.77827588125 0.8712302453125 0.7842996953125
3 0.0239518734375 0.4976310578125 0.0229140234375 0.4934043359375 0.0158719703125 0.49662746875 0.0167741375 0.5008613015625001 0.0239518734375 0.4976310578125
3 0.011462946875000001 0.5708606046875 0.008948890625 0.5722155359375 0.01074256875 0.58047989375 0.01355995625 0.579720653125 0.011462946875000001 0.5708606046875
3 0.0060277859375 0.5735917984375 0.0034313218749999997 0.5759703609375 0.0061321625 0.5833717265625 0.008760592187500001 0.581603078125 0.0060277859375 0.5735917984375
3 0.109427590625 0.45931029843750004 0.1078256984375 0.45470541249999996 0.10045117968749999 0.45937300781249996 0.1017817046875 0.4639921125 0.109427590625 0.45931029843750004
3 0.10977288437499999 0.4503222546875 0.1085567328125 0.445289428125 0.10049314218750001 0.449789271875 0.1018236671875 0.45440837968750003 0.10977288437499999 0.4503222546875
3 0.0898174328125 0.46156119687499997 0.08889395624999999 0.45692075781249997 0.0821339265625 0.4603329734375 0.083046746875 0.46477010781250006 0.0898174328125 0.46156119687499997
3 0.12600378437499998 0.44070554375000004 0.125059 0.435658496875 0.11646332968749999 0.4403900890625 0.1173761515625 0.44482722187499996 0.12600378437499998 0.44070554375000004
3 0.08985959375 0.41303972499999997 0.0909080984375 0.41746975 0.09753244531250001 0.4140646453125 0.09631629375 0.4090318203125 0.08985959375 0.41303972499999997
3 0.018048103125 0.452479134375 0.0193999390625 0.45750484843750006 0.02764183125 0.453811109375 0.026289996875 0.44878539531249995 0.018048103125 0.452479134375
3 0.0053123499999999995 0.4509041 0.006517846874999999 0.455733621875 0.012463776562499999 0.45236407187500005 0.0111332515625 0.447744965625 0.0053123499999999995 0.4509041
3 0.650430428125 0.4523630984375 0.65238826875 0.44818324374999996 0.6453242484375 0.440602815625 0.64364843125 0.4449717546875 0.650430428125 0.4523630984375
3 0.6478048265624999 0.4567818109375 0.6496696015625 0.45342228437500004 0.64318028125 0.44642332656250006 0.641586871875 0.44976863125 0.6478048265624999 0.4567818109375
3 0.6401582828125 0.45106667500000003 0.6384718109375 0.45523230937500003 0.6446578 0.46163557656250004 0.646501265625 0.457869440625 0.6401582828125 0.45106667500000003
3 0.6779517265624999 0.39078134531250003 0.6794414171875001 0.3880530625 0.6743835109375 0.38240612500000004 0.6730401609375 0.38533059999999997 0.6779517265624999 0.39078134531250003
3 0.62801408125 0.2115531625 0.62528693125 0.20884201249999998 0.6213925609375 0.21760833124999998 0.6237126609375 0.2203408125 0.62801408125 0.2115531625
3 0.7193733140624999 0.15049919218750002 0.7221430828125001 0.154023559375 0.7289024578125 0.14021439375 0.7260502796875 0.137713659375 0.7193733140624999 0.15049919218750002
3 0.7103216640625 0.1387418234375 0.7130701234375 0.14185958125 0.7186218296875 0.13096778125 0.7160303625 0.1282495203125 0.7103216640625 0.1387418234375
3 0.735868384375 0.574280203125 0.737983215625 0.5704998453125001 0.7321616578125 0.563262028125 0.7303181921874999 0.567028165625 0.735868384375 0.574280203125
3 0.7147665921875 0.1275003015625 0.71256086875 0.1243541 0.7071633265624999 0.1329953328125 0.709358396875 0.13593823124999999 0.7147665921875 0.1275003015625
3 0.70783043125 0.122359525 0.705385303125 0.11983745625 0.701083884375 0.12862510625 0.7036646953125001 0.1311400640625 0.70783043125 0.122359525
3 0.7046934031250001 0.11701964375 0.70240526875 0.114897071875 0.697925546875 0.1228786171875 0.7001206171875001 0.1258215140625 0.7046934031250001 0.11701964375
3 0.6876342625 0.11342870000000001 0.6900793921874999 0.11595076875000002 0.6938487328125 0.107394865625 0.691278575 0.1050832125 0.6876342625 0.11342870000000001
3 0.6764095078125 0.10953199218750001 0.6752977328124999 0.11427909218750001 0.68255570625 0.11777210468749999 0.68352114375 0.11282880937499999 0.6764095078125 0.10953199218750001
3 0.6415095484375 0.1523373734375 0.6387610890625 0.1492196140625 0.6338345249999999 0.159059340625 0.6364259921875 0.1617776015625 0.6415095484375 0.1523373734375
3 0.6407935109375 0.1464628875 0.6429566171875 0.1487958734375 0.6465078656250001 0.1412707125 0.6442197296875001 0.139148140625 0.6407935109375 0.1464628875
3 0.6768700296875 0.071589440625 0.67919013125 0.0743219234375 0.683105809375 0.0659622140625 0.68080701875 0.0636363390625 0.6768700296875 0.071589440625
3 0.6815678453125 0.06257715312499999 0.6840023203125 0.0648959171875 0.687521603125 0.056760845312499995 0.6850871296875 0.054442081249999996 0.6815678453125 0.06257715312499999
3 0.6938845812500001 0.043176315625 0.6919821875000001 0.040625803125 0.68777383125 0.0485931265625 0.689811909375 0.051136528125000004 0.6938845812500001 0.043176315625
3 0.716924559375 0.3010780125 0.7143544015625001 0.29876635937499996 0.7105424421875 0.30650904687499997 0.7131232546875 0.309024003125 0.716924559375 0.3010780125
3 0.7352581218750001 0.3056214765625 0.7355664515625 0.3011203453125 0.7287609749999999 0.30106928125 0.7285883296875 0.3055633015625 0.7352581218750001 0.3056214765625
3 0.727512003125 0.32396733125 0.7276739937500001 0.3192700046875 0.72084720625 0.31881233125 0.72066390625 0.32310305 0.727512003125 0.32396733125
3 0.7240218546875 0.3300622515625 0.7244658687500001 0.325554009375 0.71825356875 0.32384095625 0.71766321875 0.32815300625 0.7240218546875 0.3300622515625
3 0.64915863125 0.49299837812499997 0.6466921953125 0.4900697 0.641494265625 0.49992364843750003 0.6438356734374999 0.5030627390625 0.64915863125 0.49299837812499997
3 0.7352829734374999 0.446285265625 0.73754414375 0.4427011 0.7317012765625 0.4350566765625 0.7294507609374999 0.4388441453125 0.7352829734374999 0.446285265625
3 0.728144371875 0.437281709375 0.730269859375 0.4337046578125 0.7241875875 0.42668436718749997 0.7224691515624999 0.4302400890625 0.728144371875 0.437281709375
3 0.714630825 0.4208654796875 0.7162242328125 0.41752017343750003 0.7101632718750001 0.4109064921875 0.708444834375 0.41446221406249995 0.714630825 0.4208654796875
3 0.7352944859375 0.41794778125 0.738335621875 0.421457925 0.7439697375 0.4095424953125 0.7409499109375 0.40643895937499996 0.7352944859375 0.41794778125
3 0.9647988625 0.1527228046875 0.9620717125 0.1500116546875 0.9579592515625001 0.1598087140625 0.9606757453125001 0.16231656249999998 0.9647988625 0.1527228046875
3 0.8660226906249999 0.1786934140625 0.864607584375 0.1828448265625 0.87115800625 0.18841354375 0.87271945 0.1844583265625 0.8660226906249999 0.1786934140625
3 0.51511918125 0.6223405546875 0.5174499375 0.62527634375 0.5221264437500001 0.6158574484375 0.51954563125 0.613342490625 0.51511918125 0.6223405546875
3 0.7488379421875 0.697141140625 0.7466193890625 0.701538521875 0.7533481140625 0.70791334375 0.7557343125 0.7041187640625 0.7488379421875 0.697141140625
3 0.6479309390625 0.9368712671875 0.6443683796874999 0.933796175 0.6384124531250001 0.9473593703125 0.6421426593749999 0.951037265625 0.6479309390625 0.9368712671875
3 0.6504136875000001 0.945303375 0.6472688343749999 0.942410253125 0.6411985328124999 0.9563871687500001 0.64437535 0.9598902031250001 0.6504136875000001 0.945303375
3 0.6296880125000001 0.8509819359374999 0.628147878125 0.8553437625000001 0.6351160046875 0.8610944515625001 0.6367811671875 0.8565222109375 0.6296880125000001 0.8509819359374999
3 0.610922603125 0.83300618125 0.6094755328125 0.8365476812500001 0.61535819375 0.8423552578125 0.617065975 0.8385962328125001 0.610922603125 0.83300618125
3 0.59105141875 0.6199920156250001 0.5880209375 0.616685175 0.58287628125 0.6275556421874999 0.5858961078125 0.6306591796875 0.59105141875 0.6199920156250001
3 0.6068683 0.584302609375 0.6046838828125 0.581563015625 0.6002680890625001 0.590764384375 0.6027345265624999 0.5936930625 0.6068683 0.584302609375
3 0.5796755265625 0.5820581984375 0.5780714625 0.5852002 0.583400734375 0.5908329171875 0.5849728328125 0.587081003125 0.5796755265625 0.5820581984375
3 0.5643133125 0.6134426640624999 0.5624591921875 0.617005496875 0.5688341390625 0.6244181734375001 0.5708026328125 0.620441621875 0.5643133125 0.6134426640624999
3 0.5625046390625 0.6204687765625 0.5606292109375001 0.623625 0.5660117546875 0.6302742375 0.5680122125 0.6269075984375 0.5625046390625 0.6204687765625
3 0.598848184375 0.5610748812499999 0.600566621875 0.5575191609375 0.5943486671875 0.5505059812499999 0.5924838921875 0.553865509375 0.598848184375 0.5610748812499999
3 0.600867125 0.5554647875 0.6027318984375001 0.552105259375 0.5962319234375 0.5449029984375 0.594638515625 0.5482483046875 0.600867125 0.5554647875
3 0.2705468671875 0.6078404796875 0.272768246875 0.6060931625 0.26930375156249997 0.5971009203125 0.2668216609375 0.5990657625 0.2705468671875 0.6078404796875
3 0.6237415109375 0.55059646875 0.6215570953125 0.5478568734375 0.616848625 0.55666585625 0.619168725 0.5593983390624999 0.6237415109375 0.55059646875
3 0.60604243125 0.52441033125 0.60432399375 0.527966053125 0.610092278125 0.534187346875 0.6118000625 0.530428321875 0.60604243125 0.52441033125
3 0.62880875625 0.5356528078125 0.6259565765625 0.5331520734375 0.621844115625 0.5429491328125 0.624571265625 0.5456602828125 0.62880875625 0.5356528078125
3 0.5855009703125 0.5244675515624999 0.587094378125 0.5211222453125 0.5803443453125 0.514340815625 0.57874028125 0.517482815625 0.5855009703125 0.5244675515624999
3 0.5791962640625 0.533971778125 0.581050384375 0.5304089453125 0.5747393656249999 0.52421609375 0.57299961875 0.52736520625 0.5791962640625 0.533971778125
3 0.5731070234375 0.5008574593749999 0.5704011828125 0.4985529171875 0.5665174687500001 0.507522540625 0.5689412859375 0.5096379984375 0.5731070234375 0.5008574593749999
3 0.572157696875 0.5502419234375 0.5734903921875001 0.54711414375 0.5680041296875 0.54108193125 0.5666501234375 0.543803103125 0.572157696875 0.5502419234375
3 0.55655608125 0.582250525 0.5581494890625 0.57890521875 0.5513781468750001 0.571717178125 0.5501917875 0.575041153125 0.55655608125 0.582250525
3 0.5525843 0.58694365 0.5544384203125 0.5833808203124999 0.54758466875 0.577216409375 0.5461375984375 0.580757909375 0.5525843 0.58694365
3 0.44097967968749996 0.9548523093749999 0.43798681874999995 0.9574555078125 0.44267529375 0.9690338171875 0.4458144921875 0.9666268125 0.44097967968749996 0.9548523093749999
3 0.42530650937500003 0.9491501078125 0.4225956703125 0.9519423890625 0.42621715781249997 0.961334128125 0.4292526375 0.959544146875 0.42530650937500003 0.9491501078125
3 0.5629023484375 0.641038040625 0.564995871875 0.636851075 0.5580995015625 0.6298734500000001 0.5561203515625001 0.633646696875 0.5629023484375 0.641038040625
3 0.4383582203125 0.9827149859375 0.435051375 0.9845191921875 0.4392397328125 0.9969391609375 0.44266095468750005 0.9947212375 0.4383582203125 0.9827149859375
3 0.605578165625 0.4610334421875 0.6038490734375 0.4643858578125 0.6106097609375001 0.47137059375 0.6124532265625 0.46760445781250004 0.605578165625 0.4610334421875
3 0.5545497968750001 0.19868654218749998 0.552354725 0.19574364375 0.547686046875 0.20271577968750001 0.5501737921875 0.2060510640625 0.5545497968750001 0.19868654218749998
3 0.50761855 0.14691869375 0.5098349296875 0.15026820000000002 0.514607328125 0.142679040625 0.5126836234375001 0.1397219203125 0.50761855 0.14691869375
3 0.5459810921875 0.20912486874999997 0.5439912875 0.21269481250000002 0.5510048609375 0.22190877968749997 0.552984009375 0.2181355328125 0.5459810921875 0.20912486874999997
3 0.5514660421875 0.19436318125000002 0.5491352859374999 0.19142739375 0.5444772625 0.19860283437499998 0.5468080171875 0.20153862031249997 0.5514660421875 0.19436318125000002
3 0.5377350562500001 0.1893746421875 0.54025476875 0.19331984062500002 0.5453915968749999 0.18489613124999998 0.5429251609375 0.18196745625 0.5377350562500001 0.1893746421875
3 0.5125751625 0.23370819375 0.512820221875 0.23838418749999998 0.5208361953125 0.23816795000000002 0.520444796875 0.23329576406250002 0.5125751625 0.23370819375
3 0.5089706421875 0.24021683437500002 0.50905870625 0.24449332968749998 0.5172423265625 0.24487989531249998 0.517132953125 0.240196790625 0.5089706421875 0.24021683437500002
3 0.5016657062500001 0.25140437968749996 0.5015143703125 0.256305009375 0.5093015953125 0.2569162109375 0.5094635859375 0.252218884375 0.5016657062500001 0.25140437968749996
3 0.49732949531250004 0.2569320546875 0.4973138421875 0.2618255734375 0.5052474046875 0.2626329671875 0.5053880859375 0.2575290328125 0.49732949531250004 0.2569320546875
3 0.49386065625000003 0.2634335859375 0.49382369375 0.2679204953125 0.500775509375 0.2681677546875 0.500823128125 0.263884146875 0.49386065625000003 0.2634335859375
3 0.5382636515625 0.17609588125 0.5360685796875 0.17315298437499999 0.5311711531250001 0.18095255625 0.5333662234375 0.1838954546875 0.5382636515625 0.17609588125
3 0.518993128125 0.16405861093750002 0.5214915296875 0.1675971984375 0.5270965109375 0.15772191875 0.5247657546875 0.15478613125000001 0.518993128125 0.16405861093750002
3 0.5082508625 0.13302290781249998 0.5060984109375 0.1308932265625 0.5017650265625 0.1390709640625 0.503667421875 0.141621478125 0.5082508625 0.13302290781249998
3 0.56052400625 0.2218176296875 0.56299044375 0.2247463046875 0.5671561796875 0.21596576406249998 0.5645753671875 0.2134508078125 0.56052400625 0.2218176296875
3 0.5777535687500001 0 0.576624565625 0.0020255640625 0.5810573265625 0.0087245765625 0.5830684390624999 0.0055612421875 0.57958244375 0 0.5777535687500001 0
3 0.6213021515625 0.8077948562499999 0.618867678125 0.8054760921874999 0.6152233671875 0.8138215796875 0.6179398625 0.816329428125 0.6213021515625 0.8077948562499999
3 0.6053065125 0.7933434687500001 0.602840075 0.79041479375 0.5980918140625 0.8010606234375001 0.600672625 0.80357558125 0.6053065125 0.7933434687500001
3 0.6001235796875 0.787906946875 0.5973964296875 0.7851957953125 0.59352336875 0.794368721875 0.596386203125 0.7970727625 0.6001235796875 0.787906946875
3 0.5918355828124999 0.7777404546875 0.58897275 0.775036415625 0.5845569562499999 0.7842377843749999 0.5874624093749999 0.787755040625 0.5918355828124999 0.7777404546875
3 0.5523306140625001 0.74046536875 0.5490713859375 0.737985965625 0.545169190625 0.74919904375 0.5484177640625 0.75147514375 0.5523306140625001 0.74046536875
3 0.5374889125 0.6727454078124999 0.5359274671875001 0.6767006265625 0.5420097390625 0.683720915625 0.54384255 0.6797514765625 0.5374889125 0.6727454078124999
3 0.53208354375 0.6838333999999999 0.5306258203125 0.6871715968750001 0.5355480406249999 0.69282564375 0.5374234703125 0.6896694203125 0.53208354375 0.6838333999999999
3 0.5178981484375 0.7714222281249999 0.515849415625 0.7686755234375 0.5116197515625001 0.7762362390625 0.5136791390625 0.7791862484375 0.5178981484375 0.7714222281249999
3 0.4466314203125 0.9692342093749999 0.44387796249999995 0.971213275 0.4479704296875 0.9818035078125 0.45057755000000005 0.9796282484375001 0.4466314203125 0.9692342093749999
3 0.31565013125 0.2768504515625 0.31374273750000004 0.2793967640625 0.31904287343750004 0.2870696296875 0.3209396125 0.2843200140625 0.31565013125 0.2768504515625
3 0.328004571875 0.9383482140625 0.3316467125 0.9377496140625 0.32966125156250004 0.92582578125 0.3263117859375 0.9268167703125 0.328004571875 0.9383482140625
3 0.8803155468750001 0.1918070046875 0.879014815625 0.195544696875 0.8855545828125001 0.2009101125 0.8868659671874999 0.1973757234375 0.8803155468750001 0.1918070046875
3 0.44866787031250005 0.73550111875 0.4511393078125 0.733332971875 0.4473714796875 0.7237450375 0.44490004375 0.7259131859375 0.44866787031250005 0.73550111875
3 0.4176240328125 0.3326649609375 0.41515759531249996 0.3297362828125 0.4101138296875 0.33733966406250004 0.41233021093750005 0.3406891703125 0.4176240328125 0.3326649609375
3 0.411424559375 0.323408325 0.4092294890625 0.320465428125 0.4036643 0.3285038609375 0.4057236875 0.33145386875 0.411424559375 0.323408325
3 0.45160597343750003 0.3294570046875 0.4518403765625 0.33392969375 0.45916727812499997 0.33354570781250004 0.45892222031249996 0.3288697140625 0.45160597343750003 0.3294570046875
3 0.46386160781249997 0.31148640625 0.463667653125 0.3155738203125 0.4698053671875 0.31586374375 0.46998866875 0.311573025 0.46386160781249997 0.31148640625
3 0.4664126265625 0.30564456406249996 0.4663969734375 0.3105380828125 0.47374518437499996 0.31056070625 0.47361449999999994 0.30547099375000003 0.4664126265625 0.30564456406249996
3 0.4707701484375 0.3005234984375 0.47097258750000004 0.30438627500000004 0.478028121875 0.30401651093750004 0.47809704999999997 0.3001395109375 0.4707701484375 0.3005234984375
3 0.48257611406249995 0.2817610140625 0.48253915156250005 0.28624792656250003 0.4901480734375 0.28605302187500004 0.49004935468750005 0.281573221875 0.48257611406249995 0.2817610140625
3 0.38748892968750004 0.0380321375 0.3844371390625 0.0343186875 0.3790822171875 0.043773137499999996 0.3819983234375 0.047493696875000005 0.38748892968750004 0.0380321375
3 0.406076778125 0.7405872984374999 0.40438182187500005 0.7368027390624999 0.397456971875 0.7422622171875 0.399037553125 0.74646049375 0.406076778125 0.7405872984374999
3 0.38335949999999996 0.031928815625 0.380871753125 0.02859353125 0.3761206640625 0.036589296874999996 0.37849403593750003 0.0403383 0.38335949999999996 0.031928815625
3 0.3674097640625 0.0702753953125 0.364943325 0.0673467203125 0.359388790625 0.07558845625 0.36162648124999996 0.0793445703125 0.3674097640625 0.0702753953125
3 0.44374347968750005 0.7375939578125 0.44635059843749997 0.7354187 0.4427504203125 0.7264335671875 0.44013264531249996 0.7284055203124999 0.44374347968750005 0.7375939578125
3 0.31836039843749997 0.93864978125 0.32143849687500003 0.9376730156249999 0.318995540625 0.9274040609374999 0.31618880781250003 0.9283666046875 0.31836039843749997 0.93864978125
3 0.43986476249999995 0.74146675625 0.44237881874999996 0.7401118265625 0.4393213734375 0.7310982484374999 0.436943 0.7324460687500001 0.43986476249999995 0.74146675625
3 0.46079085 0.6812499562500001 0.4624964625 0.6852378171875 0.4679501046875 0.68026316875 0.46624449375 0.6762753078125 0.46079085 0.6812499562500001
3 0.44349079375 0.6964269843750001 0.4449250390625 0.70042906875 0.451985571875 0.6949624812499999 0.4505619828125 0.6911637015625 0.44349079375 0.6964269843750001
3 0.4348766421875 0.7034020328125 0.43628957812499997 0.70699750625 0.44282868750000004 0.701965971875 0.4414157515625 0.6983704953125 0.4348766421875 0.7034020328125
3 0.42688763593749995 0.7093250046875 0.42817554218750004 0.7131308953125 0.4335041546875 0.708366659375 0.43196619218750004 0.7049816 0.42688763593749995 0.7093250046875
3 0.4139557546875 0.7195842703124999 0.4153899984375 0.7235863546875 0.42102194375 0.7194178109375 0.41958769843750005 0.7154157265625 0.4139557546875 0.7195842703124999
3 0.7113326671875 0 0.7097597343750001 0.0034066062500000003 0.711933496875 0.005942896875 0.7145516656249999 0 0.7113326671875 0
3 0.7112685625 0.0088318171875 0.7085733765625 0.0067305796875 0.705264359375 0.016281671875 0.7076775234375 0.0181938265625 0.7112685625 0.0088318171875
3 0.6998561640625 0.0247196 0.7020299249999999 0.0272558890625 0.7056848921875 0.01911370625 0.70339675625 0.016991134375 0.6998561640625 0.0247196
3 0.8952650828125 0.7029221406249999 0.8976889015625 0.7050376 0.9008011343750001 0.6969238609375 0.898387971875 0.6950117031249999 0.8952650828125 0.7029221406249999
3 0.8969789484374999 0.20601953437499998 0.8955638421875 0.21017094531249997 0.9019359625 0.2149335578125 0.9036330906250001 0.21097122812500002 0.8969789484374999 0.20601953437499998
3 0.4473002109375 0.353738428125 0.44827413125 0.356745325 0.4531239421875 0.3532293578125 0.452139365625 0.350019159375 0.4473002109375 0.353738428125
3 0.4766701453125 0.6649242109375 0.47835444687499995 0.668505465625 0.484390615625 0.661665525 0.48244560156249994 0.658301796875 0.4766701453125 0.6649242109375
3 0.5052042984375 0.6330532953125 0.5031449125 0.6301032859375 0.4984549234375 0.6366688140625001 0.50038928125 0.6398292375 0.5052042984375 0.6330532953125
3 0.40521386093749995 0.0101933703125 0.4027261140625 0.006858084374999999 0.39707851562499996 0.0159201484375 0.399701946875 0.0192483203125 0.40521386093749995 0.0101933703125
3 0.300998584375 0.9448601 0.30501581093749996 0.943630253125 0.3027696390625 0.9319239484375 0.29903443125 0.9333428765624999 0.300998584375 0.9448601
3 0.2898540671875 0.9476866453125 0.2932141875 0.9468989609375 0.2912393796875 0.9351784343749999 0.288036253125 0.9363656171875 0.2898540671875 0.9476866453125
3 0.2777484546875 0.9399627125000001 0.27452401875 0.9407432874999999 0.2759213 0.9492322812499999 0.2791563921875 0.9486550125000001 0.2777484546875 0.9399627125000001
3 0.32632395625 0.9088762375 0.3252754515625 0.9044462125000001 0.318108371875 0.9078797609375 0.319156875 0.9123097843749999 0.32632395625 0.9088762375
3 0.2899224234375 0.6400546296875 0.2931042421875 0.638460840625 0.2901078953125 0.628017025 0.286926078125 0.6296108140625 0.2899224234375 0.6400546296875
3 0.29150386250000004 0.6157121171875 0.2890537359375 0.6182868734375 0.29270718906250004 0.6282885265625 0.295460646875 0.6263094609375 0.29150386250000004 0.6157121171875
3 0.2817531421875 0.6139806437499999 0.2846103203125 0.61138455625 0.28015342187500003 0.6016288734375 0.27729624375 0.604224959375 0.2817531421875 0.6139806437499999
3 0.2802186640625 0.6236425984375 0.28264748125 0.6206612359375 0.2764266984375 0.6109979921875001 0.274426240625 0.61436463125 0.2802186640625 0.6236425984375
3 0.3093812453125 0.6427043593749999 0.3064921046875 0.644690534375 0.3098955 0.65511301875 0.3129522890625 0.65372964375 0.3093812453125 0.6427043593749999
3 0.38576689218750004 0.74246714375 0.3873155109375 0.7460555078125 0.3928224265625 0.742097378125 0.39154517499999997 0.7384947921875 0.38576689218750004 0.74246714375
3 0.313612225 0.65593754375 0.3108481109375 0.65771330625 0.314405671875 0.665885221875 0.317023446875 0.66391326875 0.313612225 0.65593754375
3 0.263389128125 0.5906834296875 0.2662782703125 0.5886972546875 0.2623641046875 0.5789131281250001 0.2595893375 0.5804855843750001 0.263389128125 0.5906834296875
3 0.26362221875 0.5743622203125 0.266625734375 0.571962325 0.2623151734375 0.562402834375 0.25985439062500004 0.564774284375 0.26362221875 0.5743622203125
3 0.259411034375 0.5796794796875 0.2620394640625 0.577910828125 0.2585536578125 0.568511978125 0.25608222187499996 0.5706801234375 0.259411034375 0.5796794796875
3 0.27380846875 0.5636352578125 0.27119069218749997 0.5656072109375 0.2745195046875 0.574606565625 0.27702290625 0.57304833125 0.27380846875 0.5636352578125
3 0.2792251484375 0.56314751875 0.276607371875 0.5651194734375 0.28053219218750003 0.5751069046875 0.283160621875 0.5733382546875 0.2792251484375 0.56314751875
3 0.2859040828125 0.5815528359375 0.28328630781249997 0.5835247906250001 0.28721112656250003 0.5935122203125001 0.28983955781250004 0.591743571875 0.2859040828125 0.5815528359375
3 0.2606780890625 0.63241345 0.2631495265625 0.6302453015625 0.258942684375 0.6200687890625 0.2567532703125 0.6224260187499999 0.2606780890625 0.63241345
3 0.265782696875 0.5351074031249999 0.26811845 0.532946365625 0.2641218765625 0.5241858703125 0.2619111515625 0.5261364921875 0.265782696875 0.5351074031249999
3 0.2592053671875 0.6510421140625 0.2565982484375 0.6532173718750001 0.2602517015625 0.663219025 0.26301581406249996 0.661443265625 0.2592053671875 0.6510421140625
3 0.332146828125 0.936907953125 0.3355069484375 0.9361202703125 0.33383547187499996 0.9249954328125 0.3303822875 0.92660344375 0.332146828125 0.936907953125
3 0.4036686140625 0.73357831875 0.40182731718750003 0.72959756875 0.39544520156249996 0.7350286015624999 0.397129503125 0.73860985625 0.4036686140625 0.73357831875
3 0.4507549375 0.8817649781249999 0.449185009375 0.8777700062499999 0.44371005781250006 0.8823380468750001 0.4448516265625 0.8859477437500001 0.4507549375 0.8817649781249999
3 0.0329311125 0.5002184125 0.031621896875 0.4960059140625 0.02431913125 0.49944657187499997 0.0252212984375 0.5036804015625 0.0329311125 0.5002184125
3 0.112993778125 0.309284503125 0.110516684375 0.30615252187499997 0.10649445937499999 0.3124791921875 0.10886783281250001 0.3162281953125 0.112993778125 0.309284503125
3 0.019005114062500002 0.5667958140625 0.0156769578125 0.568193409375 0.018037506249999998 0.57948599375 0.0213550078125 0.5778850953125 0.019005114062500002 0.5667958140625
3 0.22223927968749999 0.20529748906249998 0.2242880109375 0.20804419375 0.22826761874999998 0.2009043078125 0.22597948437499998 0.1987817375 0.22223927968749999 0.20529748906249998
3 0.23628227812499997 0.1798941703125 0.23874871718750001 0.182822846875 0.2440212296875 0.17439202812500001 0.2415761 0.1718699578125 0.23628227812499997 0.1798941703125
3 0.30356400156249996 0.0721943734375 0.3059160640625 0.07553676875000001 0.3096349609375 0.0686144078125 0.30743988906249997 0.0656715109375 0.30356400156249996 0.0721943734375
3 0.32426679687500004 0.0570428765625 0.3271829046875 0.0607634359375 0.3321414296875 0.051533623437499995 0.3293823171875 0.048212560937499996 0.32426679687500004 0.0570428765625
3 0.24962855 0.53840035625 0.2521319515625 0.5368421203125 0.2489920953125 0.528852175 0.246781371875 0.530802796875 0.24962855 0.53840035625
3 0.20149292187499998 0.5415346234375 0.19992299375 0.5375396515624999 0.19325885468749998 0.542781603125 0.1946931 0.5467836859374999 0.20149292187499998 0.5415346234375
3 0.1806907484375 0.5418093703125 0.1785674328125 0.5376395359374999 0.1721533515625 0.542460659375 0.1737552421875 0.5470655421874999 0.1806907484375 0.5418093703125
3 0.1399226984375 0.093613784375 0.14205884062500002 0.09024003593749999 0.1344201234375 0.08207814062499999 0.1326910328125 0.08543055625 0.1399226984375 0.093613784375
3 0.2154364296875 0.24683422500000002 0.21790286874999998 0.24976290156249997 0.22211122187500001 0.2417955765625 0.21953041093749998 0.23928062031250003 0.2154364296875 0.24683422500000002
3 0.20735935625000002 0.2484807015625 0.20996147812500002 0.251402265625 0.2145342640625 0.2426003953125 0.2113681 0.2393006640625 0.20735935625000002 0.2484807015625
3 0.2312937578125 0.2197049234375 0.2336138578125 0.22243740625 0.237479090625 0.2157112390625 0.235023309375 0.21298586562500002 0.2312937578125 0.2197049234375
3 0.20647501406250002 0.231606465625 0.20906648125 0.234324725 0.213514240625 0.22573326875 0.21092277187500003 0.22301500624999998 0.20647501406250002 0.231606465625
3 0.22774053906249997 0.1960392328125 0.22992495625 0.198778825 0.23397631875 0.1904120046875 0.23166687343749998 0.1878828265625 0.22774053906249997 0.1960392328125
3 0.147119 0.7631286484375 0.148688928125 0.7671236203125 0.1556244328125 0.761867446875 0.1539081671875 0.75767628125 0.147119 0.7631286484375
3 0.21544097187500003 0.19240271250000002 0.21777172656250002 0.19533850156250002 0.22146931250000002 0.1880095328125 0.219159865625 0.185480353125 0.21544097187500003 0.19240271250000002
3 0.13610639687499998 0.11685024531249999 0.1328286859375 0.1166142984375 0.1332044296875 0.126380003125 0.1363358015625 0.1264197578125 0.13610639687499998 0.11685024531249999
3 0.196921678125 0.1116244265625 0.19385140625 0.1101544328125 0.1915454453125 0.12067226718749999 0.19475140156249998 0.12213515156250002 0.196921678125 0.1116244265625
3 0.1848536859375 0.10981053437499999 0.187788275 0.11128763906250001 0.189644565625 0.0999779203125 0.18672063125 0.09870411875 0.1848536859375 0.10981053437499999
3 0.132602309375 0.0707571109375 0.13117654843749998 0.07470521875 0.136684121875 0.08114403906249999 0.138391903125 0.07738501406250001 0.132602309375 0.0707571109375
3 0.140198234375 0.6648219234375 0.13850327812500002 0.6610373671875001 0.13251755625 0.6662437640625 0.1339518015625 0.670245846875 0.140198234375 0.6648219234375
3 0.1376808671875 0.06641370625000001 0.1397956984375 0.0626333484375 0.132856709375 0.05484250625 0.1312952640625 0.058797725 0.1376808671875 0.06641370625000001
3 0.20573367031249998 0.035733503124999996 0.203440534375 0.03870775625 0.20835492968749997 0.0468085640625 0.21077309375 0.043623896875 0.20573367031249998 0.035733503124999996
3 0.21574161875 0.024200437499999998 0.2129377140625 0.027813046875000004 0.2175700859375 0.035724771875 0.22037399062500002 0.0321121625 0.21574161875 0.024200437499999998
3 0.22229920781249998 0.016925445312500002 0.2202667859375 0.019682171875 0.22430315156249997 0.0266058203125 0.226346228125 0.0240523984375 0.22229920781249998 0.016925445312500002
3 0.1831368484375 0.77021098125 0.1860046796875 0.767818196875 0.18203724062499999 0.7570175484375 0.1791587546875 0.759207028125 0.1831368484375 0.77021098125
3 0.24361917656249998 0.1693165375 0.24609627031249998 0.1724485171875 0.250325934375 0.1648878015625 0.2475881296875 0.161973346875 0.24361917656249998 0.1693165375
3 0.2634104671875 0.17052180625 0.2660125875 0.173443371875 0.269678209375 0.16550449218750002 0.266951059375 0.162793340625 0.2634104671875 0.17052180625
3 0.27154035625 0.1205571625 0.2742781609375 0.123471615625 0.2790796953125 0.11384230625 0.2760705234375 0.1109420734375 0.27154035625 0.1205571625
3 0.298534375 0.093048071875 0.3010008140625 0.09597674843750001 0.3055842546875 0.0873781796875 0.3032641546875 0.084645696875 0.298534375 0.093048071875
3 0.22363758906250003 0.5668761890625 0.22652672968749998 0.5648900140625 0.22329098281249998 0.5550703328125 0.22029812187500003 0.5576735312500001 0.22363758906250003 0.5668761890625
3 0.2552172765625 0.6502318093749999 0.25810641875 0.6482456328125 0.2543918640625 0.63967421875 0.2519097734375 0.6416390625 0.2552172765625 0.6502318093749999
3 0.25593634062500004 0.6198186203125 0.2590861953125 0.61761491875 0.2555577703125 0.6074028499999999 0.252418571875 0.60980985625 0.25593634062500004 0.6198186203125
3 0.2261553296875 0.539630534375 0.229190809375 0.537840553125 0.2257156578125 0.5286450046875 0.2230978828125 0.530616959375 0.2261553296875 0.539630534375
3 0.34107390937500004 0.029863796874999998 0.3432902890625 0.033213303124999996 0.34835253437499997 0.0233664671875 0.34590740625 0.0208444 0.34107390937500004 0.029863796874999998
3 0.32044286718750004 0.0437883578125 0.322773621875 0.0467241453125 0.3273570640625 0.0381255765625 0.3249119359375 0.035603509374999995 0.32044286718750004 0.0437883578125
3 0.11586935000000001 0.597803028125 0.11242399375 0.596964278125 0.11143224843749999 0.6065977890625 0.11489891562500001 0.6078431453124999 0.11586935000000001 0.597803028125
3 0.3271286296875 0.25443560781249996 0.3295361375 0.2510476359375 0.32392201875 0.24257577343749998 0.3215038546875 0.2457604421875 0.3271286296875 0.25443560781249996
3 0.29850378125 0.2404422265625 0.29649266875 0.243605559375 0.301500128125 0.25088604062500003 0.303511240625 0.2477227046875 0.29850378125 0.2404422265625
3 0.2899261375 0.19359567187499999 0.2875847296875 0.19045658125 0.2833124453125 0.19720408125 0.28553948125 0.200756890625 0.2899261375 0.19359567187499999
3 0.28291039375000004 0.192128590625 0.28032958125 0.18961363281250002 0.275892478125 0.1984083953125 0.27820192499999996 0.2009375734375 0.28291039375000004 0.192128590625
3 0.2432965078125 0.1995050890625 0.2458986296875 0.20242665624999998 0.25071081875 0.1930006484375 0.24811935156249998 0.19028238749999998 0.2432965078125 0.1995050890625
3 0.2605437484375 0.23264622968749998 0.2578166 0.22993507968750002 0.252943309375 0.2407913234375 0.25524209999999997 0.24311719843750002 0.2605437484375 0.23264622968749998
3 0.24795064687499999 0.2571581125 0.24548420937499998 0.2542294359375 0.24169355937499998 0.2623787296875 0.24387797500000002 0.265118325 0.24795064687499999 0.2571581125
3 0.319643221875 0.27256393437500004 0.3173820515625 0.27614809687499997 0.32179350156250003 0.2824405015625 0.3241797015625 0.27864592187500004 0.319643221875 0.27256393437500004
3 0.3501741484375 0.2632171015625 0.3482880640625 0.266170021875 0.353045465625 0.2738713328125 0.3552029171875 0.2709041921875 0.3501741484375 0.2632171015625
3 0.3161099984375 0.22851095 0.3182674484375 0.22554380937500002 0.3131243078125 0.21827043906250002 0.31108123125 0.2208238625 0.3161099984375 0.22851095
3 0.333050421875 0.24800938593750002 0.331300021875 0.25095519374999997 0.33630748125 0.258235675 0.3383292484375 0.2552756453125 0.333050421875 0.24800938593750002
3 0.31344435000000004 0.1464940859375 0.3105282421875 0.142773525 0.3065486359375 0.1499134109375 0.309057690625 0.153655303125 0.31344435000000004 0.1464940859375
3 0.314869853125 0.054273550000000004 0.31704361406250003 0.056809840625 0.32061617187499997 0.0496912875 0.318442409375 0.047154996875 0.314869853125 0.054273550000000004
3 0.3006033609375 0.1636799109375 0.2983976359375 0.160533709375 0.29400032343750004 0.167491621875 0.2959346828125 0.170652046875 0.3006033609375 0.1636799109375
3 0.336271975 0.117368584375 0.3342019328125 0.1142152703125 0.32863674375 0.12225370312499999 0.33072809531249997 0.1258136234375 0.336271975 0.117368584375
3 0.2872796265625 0.1197323015625 0.2901957328125 0.12345286250000001 0.29629017343749997 0.1125326171875 0.29312400781250003 0.10923288906249999 0.2872796265625 0.1197323015625
3 0.1608962890625 0.7430396765625 0.1624555609375 0.7468313453125 0.168180571875 0.741842475 0.1667676359375 0.738247 0.1608962890625 0.7430396765625
3 0.158615121875 0.767011134375 0.1569308203125 0.76342988125 0.1481703328125 0.7702087343749999 0.14972960468750002 0.774000403125 0.158615121875 0.767011134375
3 0.10950297499999999 0.3049824734375 0.1070152265625 0.301647190625 0.1023785125 0.3092292375 0.10474123125000001 0.3127749375 0.10950297499999999 0.3049824734375
3 0.7100347 0.270859728125 0.70963265 0.2657842375 0.7023057484375 0.2661682234375 0.7025614609375 0.27104752187500003 0.7100347 0.270859728125
3 0.9053442421875 0.93418551875 0.902220696875 0.9316990031250001 0.8992895937500001 0.9432689125 0.9022987640625001 0.9461691468750001 0.9053442421875 0.93418551875
3 0.4969736328125 0.94070535625 0.5008416921875 0.936629253125 0.49626759218750005 0.9246372234375 0.493003365625 0.9272546437500001 0.4969736328125 0.94070535625
3 0.024369234375 0.70289866875 0.02445664375 0.696778215625 0.0189653796875 0.6958428265625 0.01910671875 0.7011358421875 0.024369234375 0.70289866875
3 0.8564945765624999 0.542067921875 0.8544245328125 0.5389146078125 0.8501657328125001 0.5485154734375 0.8526534796874999 0.5518507593749999 0.8564945765624999 0.542067921875
3 0.8904471796875001 0.57983785625 0.8873527703124999 0.575311190625 0.8843179484375 0.5874981218750001 0.8870024796875 0.58939605625 0.8904471796875001 0.57983785625
3 0.8932460859375 0.5813220703125 0.8904897984375 0.5806510703125001 0.8891790687500001 0.594582409375 0.8927281468749999 0.5948041359375 0.8932460859375 0.5813220703125
3 0.0294825265625 0.574605075 0.0306986765625 0.5796379015625 0.0367270171875 0.5752447203125 0.0352501546875 0.5704294203125 0.0294825265625 0.574605075
3 0.038318712500000005 0.6289809890625 0.038041690625 0.623695084375 0.029743695312500002 0.6237222390625 0.029999409375 0.6286015359375 0.038318712500000005 0.6289809890625
3 0.0060582359375 0.5923455484375 0.007920840625 0.596732909375 0.01102241875 0.5884158625 0.00881669375 0.5852696625 0.0060582359375 0.5923455484375
3 0.9549805296875 0.17566223281249999 0.951960703125 0.1725586953125 0.9490615640625 0.1847385171875 0.952185109375 0.18722503125 0.9549805296875 0.17566223281249999
3 0.4888827921875 0.303447640625 0.49126681874999995 0.30739994843749996 0.49650736718750005 0.29835921718749997 0.4938839375 0.29503104375 0.4888827921875 0.303447640625
3 0.1380666921875 0.740974328125 0.13975099375 0.74455558125 0.1462261734375 0.7383042203125 0.14430247031250001 0.7353471 0.1380666921875 0.740974328125
3 0.48391360937499994 0.31247415 0.48617260937499995 0.316636871875 0.49056992031249996 0.3096789578125 0.488121965625 0.304506825 0.48391360937499994 0.31247415
3 0.3422307890625 0.23366561562500002 0.34040863125 0.23783835937500003 0.34503035 0.24554678124999998 0.34737392968749997 0.24093898593750002 0.3422307890625 0.23366561562500002
3 0.1092244375 0.31784040468749997 0.11153671093749999 0.323019646875 0.1170912453125 0.3147779109375 0.1147576625 0.30919206250000003 0.1092244375 0.31784040468749997
3 0.10028367499999999 0.29262230312500004 0.0979927109375 0.2878496671875 0.0935769171875 0.2970510375 0.095918328125 0.3001901296875 0.10028367499999999 0.29262230312500004
3 0.0967076328125 0.28669384062500003 0.0948876484375 0.2831197 0.09065015625 0.2931271734375 0.092991565625 0.296266265625 0.0967076328125 0.28669384062500003
3 0.321381596875 0.1214107546875 0.323119171875 0.12600852812500002 0.3274873484375 0.12109076562500001 0.3261674765625 0.1166749640625 0.321381596875 0.1214107546875
3 0.334547625 0.0273517515625 0.3324029984375 0.022775309375 0.32797655 0.031773375 0.330474953125 0.0353119640625 0.334547625 0.0273517515625
3 0.7373289656249999 0.15302383749999998 0.7342665203125 0.1491070859375 0.7300290296874999 0.1591145609375 0.7332378125 0.16322750625 0.7373289656249999 0.15302383749999998
3 0.69855003125 0.1114295921875 0.6960729406249999 0.10829761093750001 0.6927426125 0.11744209375 0.69484461875 0.12120531875 0.69855003125 0.1114295921875
3 0.8290484890625001 0.06769135468750001 0.8265181234375 0.06354285468750001 0.8223950062500001 0.073136609375 0.8247257593749999 0.076072396875 0.8290484890625001 0.06769135468750001
3 0.962731534375 0.86614585625 0.961202053125 0.8707109859375001 0.9674384890625 0.8754807093749999 0.9689679703125 0.8709155796875001 0.962731534375 0.86614585625
3 0.234493 0.283346203125 0.23189087968750002 0.2804246375 0.2276825234375 0.28839196093749997 0.23003458906250002 0.29173435625 0.234493 0.283346203125
3 0.21581177187499997 0.33447540781249996 0.21348101718749998 0.3315396203125 0.20772970000000002 0.34121870625 0.2102067921875 0.34435068593749996 0.21581177187499997 0.33447540781249996
3 0.206838190625 0.3371881796875 0.20394339218750002 0.333874228125 0.1992455765625 0.342886515625 0.202140375 0.346200465625 0.206838190625 0.3371881796875
3 0.1877724765625 0.2823290609375 0.1899675484375 0.2852719578125 0.1943435515625 0.2779074359375 0.191866459375 0.27477545625 0.1877724765625 0.2823290609375
3 0.1948173578125 0.2817559921875 0.19745144375 0.28528746875 0.2019418203125 0.277509228125 0.19932904375 0.2743843578125 0.1948173578125 0.2817559921875
3 0.197060703125 0.2908122328125 0.1993914578125 0.29374802031249997 0.20324603749999998 0.28681855 0.2009259375 0.28408606718749996 0.197060703125 0.2908122328125
3 0.240162565625 0.28508769843750004 0.237842465625 0.282355215625 0.23324837031249998 0.2907504796875 0.23557912343749998 0.2936862671875 0.240162565625 0.28508769843750004
3 0.136461715625 0.6454469515625 0.1393402015625 0.6432574718749999 0.13602204375 0.634461421875 0.133268584375 0.6364404875 0.136461715625 0.6454469515625
3 0.23674534375 0.47689748906249996 0.23348111718750003 0.479514909375 0.23683123906249998 0.488920871875 0.2401274296875 0.48691336406249996 0.23674534375 0.47689748906249996
3 0.2498170515625 0.49007507656250004 0.24690660000000003 0.49165464375 0.2493680390625 0.4996801421875 0.2522997984375 0.498507184375 0.2498170515625 0.49007507656250004
3 0.24553279843750003 0.4758253703125 0.2424866640625 0.47741204843749996 0.2447193546875 0.4862649859375 0.24762980625000003 0.48468541875 0.24553279843750003 0.4758253703125
3 0.24219832968750002 0.4615258875 0.2387771109375 0.4637438125 0.241448815625 0.473185328125 0.24461997656249998 0.4713882359375 0.24219832968750002 0.4615258875
3 0.23563094062499998 0.4400567890625 0.23167764218750003 0.442506459375 0.2348842546875 0.45436629218749996 0.2390052015625 0.4525194234375 0.23563094062499998 0.4400567890625
3 0.2297980703125 0.42221871875000005 0.2265125328125 0.42442953125000005 0.23024056874999999 0.43585431249999995 0.2337974734375 0.433629278125 0.2297980703125 0.42221871875000005
3 0.220348509375 0.4288298234375 0.21745936718749997 0.4308159984375 0.2208414546875 0.4408318734375 0.2238875875 0.43924519531249995 0.220348509375 0.4288298234375
3 0.224691890625 0.4104584390625 0.22206346250000003 0.4122270875 0.2252033171875 0.4202170328125 0.2275710359375 0.4186659078125 0.224691890625 0.4104584390625
3 0.225941978125 0.44729202656249994 0.22175993125 0.4505691359375 0.227425153125 0.46780440468749995 0.23201425000000003 0.4645059625 0.225941978125 0.44729202656249994
3 0.19724925937499999 0.36969711875 0.1941150609375 0.3670073 0.1891352234375 0.37583050625 0.1920087109375 0.3787378484375 0.19724925937499999 0.36969711875
3 0.19725643125 0.356853409375 0.1946649625 0.354135146875 0.1911030609375 0.36145700468749997 0.1934231609375 0.3641894875 0.19725643125 0.356853409375
3 0.18677316093750002 0.38268175625 0.1842747609375 0.37914316718749996 0.178416896875 0.3867892140625 0.18081157812499998 0.3909448265625 0.18677316093750002 0.38268175625
3 0.1771622671875 0.4043871375 0.1749245765625 0.4006310234375 0.169149121875 0.4072534375 0.1713868125 0.41100955156249996 0.1771622671875 0.4043871375
3 0.163681996875 0.40937471875 0.16211206875 0.405379746875 0.1552404921875 0.41185574531249997 0.1569354484375 0.415640303125 0.163681996875 0.40937471875
3 0.1438387484375 0.42794683125 0.1419867984375 0.42376277656249994 0.13594780312500002 0.427952653125 0.1374033578125 0.43236134374999996 0.1438387484375 0.42794683125
3 0.149450040625 0.43376862968749996 0.147858803125 0.4293670484375 0.141684125 0.4335640359375 0.14300399531250002 0.4379798390625 0.149450040625 0.43376862968749996
3 0.1313543640625 0.4467448671875 0.12974181875 0.441936678125 0.1226067015625 0.4459801375 0.1237908875 0.4504030515625 0.1313543640625 0.4467448671875
3 0.2498960328125 0.603214596875 0.2529102015625 0.6010180046875 0.2489640734375 0.5906239656250001 0.24593924843749998 0.5926172515625 0.2498960328125 0.603214596875
3 0.24715737187500003 0.628840928125 0.24977514531249997 0.626868975 0.24550437656250002 0.6154726375 0.24330430625 0.6176265625 0.24715737187500003 0.628840928125
3 0.2675969984375 0.9539496515625 0.27040372968750004 0.9529871062499999 0.2685248140625 0.943096315625 0.2658537671875 0.9440517500000001 0.2675969984375 0.9539496515625
3 0.7744327375 0.209383971875 0.772237665625 0.2064410734375 0.76714345625 0.2156779984375 0.7696098921875001 0.21860667500000003 0.7744327375 0.209383971875
3 0.0384991859375 0.6220402093749999 0.0384217734375 0.617967015625 0.03027011875 0.6181903640625 0.03062955 0.6224526390625 0.0384991859375 0.6220402093749999
3 0.0307432671875 0.61164196875 0.030841989062500002 0.61612176875 0.037793803125 0.6163690265625 0.0375594 0.6118963374999999 0.0307432671875 0.61164196875
3 0.031187281249999997 0.607133725 0.0313897203125 0.610996503125 0.0380595140625 0.611054678125 0.0378570734375 0.6071919015625 0.031187281249999997 0.607133725
3 0.030460589062499998 0.6010559359375 0.031237725 0.6055001812499999 0.0376226703125 0.6027192109375 0.0365954765625 0.5986957953125 0.030460589062499998 0.6010559359375
3 0.026893031249999998 0.603077665625 0.02492670625 0.5993073296875 0.018847921875 0.6053340546875 0.0208355546875 0.6095109984375 0.026893031249999998 0.603077665625
3 0.0301196375 0.59455020625 0.030604098437499998 0.598602065625 0.036499584375 0.596866059375 0.036036432812500005 0.5932208078125 0.0301196375 0.59455020625
3 0.02892196875 0.5872739250000001 0.029584732812499997 0.5921318906249999 0.036712020312499996 0.590535190625 0.036320625 0.585663003125 0.02892196875 0.5872739250000001
3 0.029666484375000003 0.5807113078125 0.0301509453125 0.5847631671875 0.03689249375 0.5835944078125 0.036397378125000004 0.5793392453124999 0.029666484375000003 0.5807113078125
3 0.07039111718749999 0.2154980015625 0.067134715625 0.2156686625 0.06783510000000001 0.226436665625 0.0711021546875 0.22646930781250002 0.07039111718749999 0.2154980015625
3 0.3042870640625 0.23137305156250002 0.30202589375 0.234957215625 0.307629359375 0.2432257734375 0.31003686875 0.239837803125 0.3042870640625 0.23137305156250002
3 0.8536395703125 0.5369171203125 0.8503483781250001 0.5338278062499999 0.8459325828125 0.5430291765625 0.849098746875 0.5463289062500001 0.8536395703125 0.5369171203125
3 0.258716478125 0.9558420968749999 0.261555175 0.9554894640624999 0.259737359375 0.944168434375 0.256784290625 0.9449347843749999 0.258716478125 0.9558420968749999
3 0.8697189328125001 0.5711387796875 0.8723423640625001 0.574466953125 0.8771865171875 0.5656508578125 0.8748451078124999 0.5625117671875 0.8697189328125001 0.5711387796875
3 0.8489595781249999 0.5332890015625 0.8462324296875 0.5305778515624999 0.8418777359374999 0.5383489828125 0.8447618796875 0.54145963125 0.8489595781249999 0.5332890015625
3 0.8350176703125 0.5164874968750001 0.8325725437499999 0.5139654296875 0.8283961515625 0.5225426640624999 0.8307055968749999 0.5250718437499999 0.8350176703125 0.5164874968750001
3 0.85887571875 0.41616 0.8558665484375 0.41325976718749996 0.8511715609375001 0.42492211874999997 0.8544627546875001 0.42801143281250004 0.85887571875 0.41616
3 0.8636637703125001 0.40367732187499994 0.8608115921874999 0.4011765859375 0.8568667765625 0.411576446875 0.85971895625 0.41407718281249994 0.8636637703125001 0.40367732187499994
3 0.7903673921875 0.479685928125 0.792530496875 0.48201891406249997 0.79657120625 0.4734487890625 0.7941367328125 0.471130025 0.7903673921875 0.479685928125
3 0.775961675 0.44884222031250004 0.7733488984375 0.4457173515625 0.769308190625 0.4542874765625 0.7717852828125 0.45741945624999997 0.775961675 0.44884222031250004
3 0.7443469359375 0.2739541984375 0.7417341609375 0.270829328125 0.737025690625 0.27963831250000004 0.739356446875 0.2825741 0.7443469359375 0.2739541984375
3 0.766183675 0.2259214203125 0.7636135171875 0.2236097671875 0.7601872984375 0.23092451406249997 0.76249674375 0.23345369218749998 0.766183675 0.2259214203125
3 0.748917753125 0.233961475 0.7466296171875 0.2318389046875 0.742796346875 0.2391749828125 0.7452521296875 0.24190035468749999 0.748917753125 0.233961475
3 0.774234553125 0.4833854890625 0.7720984109375 0.4867592390625 0.7780663078125001 0.4941932484375 0.780484471875 0.4910085796875 0.774234553125 0.4833854890625
3 0.0173560609375 0.615809225 0.01771549375 0.6200714984375 0.024885403125 0.6192880140625 0.02424395 0.6148366578125 0.0173560609375 0.615809225
3 0.0216374859375 0.627408865625 0.022102809374999997 0.62330723125 0.014459093749999999 0.6202421593749999 0.014004425000000001 0.6245471 0.0216374859375 0.627408865625
3 0.016110117187500002 0.6024195984375 0.0188585765625 0.6055373578125 0.0235777015625 0.596931678125 0.0205685296875 0.594031446875 0.016110117187500002 0.6024195984375
3 0.01149036875 0.6259020296875 0.009907617187499999 0.6294506390625 0.0160616421875 0.63524399375 0.017915762499999998 0.6316811625 0.01149036875 0.6259020296875
3 0.07998924375000001 0.32854636875 0.0766291234375 0.3293340515625 0.0780718515625 0.341286325 0.081431971875 0.3404986421875 0.07998924375000001 0.32854636875
3 0.0764295109375 0.3281213375 0.07978963125 0.3273336546875 0.07845345000000001 0.3174144203125 0.07508267656249999 0.31799879999999997 0.0764295109375 0.3281213375
3 0 0.35817549375 0.003082228125 0.3564288 0.0014483734375 0.351214003125 0 0.3521045015625 0 0.35817549375
3 0 0.27188633281249996 0.004702346875 0.270517803125 0.0040608921875 0.2660664453125 0 0.267371121875 0 0.27188633281249996
3 0 0.2584231421875 0.0034350921875 0.2567215703125 0.00228286875 0.25290856875 0 0.25407571875 0 0.2584231421875
3 0 0.24777797656249997 0.0017344796874999998 0.247636884375 0.0014894203125 0.24296089062499998 0 0.24316618281250002 0 0.24777797656249997
3 0.0146554203125 0.5694701203125 0.012130709375 0.570621746875 0.014185098437499998 0.5786685796875 0.016731118750000003 0.5779235609375 0.0146554203125 0.5694701203125
3 0.01461194375 0.5971976921875 0.0170677265625 0.5999230640625 0.0202438890625 0.593029146875 0.017527393750000002 0.5905213015624999 0.01461194375 0.5971976921875
3 0.016391937500000002 0.6415464203125001 0.015750484375000002 0.6370950625 0.0087056046875 0.6376681328125 0.008804325 0.6421479328124999 0.016391937500000002 0.6415464203125001
3 0.028777399999999998 0.657206321875 0.028979840624999996 0.6610690984375001 0.034981871875 0.6613661328125 0.0350508 0.6574891328125 0.028777399999999998 0.657206321875
3 0.028979182812499997 0.6506721484375 0.029213585937499998 0.6551448375 0.036676171875000003 0.6547537390625 0.036284776562499996 0.649881553125 0.028979182812499997 0.6506721484375
3 0.03839178125 0.6485479546875 0.03842874375 0.6440610437500001 0.0300987859375 0.6434782859375 0.030479528125 0.64814716875 0.03839178125 0.6485479546875
3 0.030175540625000004 0.6371545281250001 0.0301598859375 0.6420480468750001 0.0371330109375 0.6427019140625 0.037295003125 0.6380045875 0.030175540625000004 0.6371545281250001
3 0.030377321875000002 0.6306203546875 0.030225984374999997 0.635520984375 0.0373454484375 0.6363710453125 0.0374967859375 0.6314704140625 0.030377321875000002 0.6306203546875
3 0.0172030109375 0.677791428125 0.017958839062500002 0.6818290671875 0.0233009359375 0.6799182 0.0225451078125 0.6758805625 0.0172030109375 0.677791428125
3 0.0159335859375 0.671742084375 0.0167000671875 0.6759830250000001 0.0231169765625 0.67381196875 0.022214810937500003 0.6695781359375 0.0159335859375 0.671742084375
3 0.022358321875 0.6671242656249999 0.021674248437499998 0.6618596937500001 0.012929412500000001 0.6637450281249999 0.013592176562499999 0.6686029921875 0.022358321875 0.6671242656249999
3 0.019369803125 0.654233690625 0.018603320312499998 0.64999275 0.0100978875 0.65125395 0.011000053125000001 0.65548778125 0.019369803125 0.654233690625
3 0.0188505484375 0.6469218546875 0.018198440625 0.6422671953125 0.0103820796875 0.6436961453125 0.0108771953125 0.647951309375 0.0188505484375 0.6469218546875
3 0.7445552328125 0.24417936562500003 0.7415460609375 0.24127913125 0.7357656078125 0.2529983703125 0.7387960890625 0.2563052109375 0.7445552328125 0.24417936562500003
3 0.756395334375 0.2182799078125 0.7538038671875 0.21556164687499998 0.7501489015625 0.22370383125 0.7527297125 0.2262187875 0.756395334375 0.2182799078125
3 0.7393625015625 0.2099987515625 0.7386784296875 0.204734178125 0.73115474375 0.206555515625 0.7318175078125 0.21141347968750002 0.7393625015625 0.2099987515625
3 0.03436435625 0.6989091859375 0.030011834375 0.6989334281249999 0.03004445625 0.7099402921875 0.034282603125 0.71032976875 0.03436435625 0.6989091859375
3 0.024220725000000002 0.7104493625 0.0245290546875 0.7059482312500001 0.017920360937499998 0.704459815625 0.0176226859375 0.7091642515625 0.024220725000000002 0.7104493625
3 0.019744489062500002 0.7314779234375 0.01644546875 0.7308353671875001 0.015786190624999998 0.739024415625 0.0191065203125 0.7400735796875 0.019744489062500002 0.7314779234375
3 0.8853205203125001 0.9596984109375001 0.8823006937500001 0.9565948734375 0.8785633171875 0.9657606890625001 0.8814261515625 0.968464728125 0.8853205203125001 0.9596984109375001
3 0.774244121875 0.9716355515625 0.7784957546875 0.9748783937500001 0.7832546687499999 0.9644358671875001 0.7791067578125 0.9605760015625 0.774244121875 0.9716355515625
3 0.7989898265625001 0.5195988109375 0.8008439453125 0.5160359796875 0.79532571875 0.509393853125 0.793482253125 0.5131599890625 0.7989898265625001 0.5195988109375
3 0.028557137500000003 0.66598395 0.029052253125 0.6702391140625 0.0365865921875 0.66862108125 0.03610213125 0.664569221875 0.028557137500000003 0.66598395
3 0.0359514515625 0.6798668015625 0.034695509375 0.6766708234375 0.028802853125 0.68105689375 0.029933765624999997 0.6844632859375 0.0359514515625 0.6798668015625
3 0.028747407812499997 0.6877872609375 0.030035314062500002 0.6915931515625 0.035552884374999996 0.687838325 0.034264978125 0.6840324359375 0.028747407812499997 0.6877872609375
3 0.2512212734375 0.9452263296875 0.24731841875 0.9460424578125 0.249732240625 0.958351565625 0.25322804374999996 0.9575567703125 0.2512212734375 0.9452263296875
3 0.324580409375 0.68349574375 0.321816296875 0.68527150625 0.3256373984375 0.695875959375 0.3281194890625 0.6939111171875 0.324580409375 0.68349574375
3 0.320309640625 0.67209940625 0.317138478125 0.6738965 0.3209489234375 0.68429765 0.32396309375 0.682101059375 0.320309640625 0.67209940625
3 0.27200702187500003 0.6850278249999999 0.2694212109375 0.6876096890625 0.27382766406250003 0.69899891875 0.27670615 0.6968094375 0.27200702187500003 0.6850278249999999
3 0.26868951874999997 0.686628725 0.27144297812499996 0.684649659375 0.2675181578125 0.674662228125 0.2651610953125 0.67641665625 0.26868951874999997 0.686628725
3 0.21981580312500001 0.9664430171875 0.22317592187500002 0.9656553328124999 0.22115066875 0.9555683500000001 0.2179368875 0.9565522265625 0.21981580312500001 0.9664430171875
3 0.224104396875 0.9651989484374999 0.22704681093749998 0.9642292937500001 0.2253675078125 0.9555512171875 0.22244640312500003 0.9569274796875 0.224104396875 0.9651989484374999
3 0.22868566562499998 0.9643472671875 0.2315030515625 0.963588028125 0.22953890000000002 0.9520708046875 0.22646080156249998 0.9530475703124999 0.22868566562499998 0.9643472671875
3 0.232638965625 0.961897596875 0.23560268906249998 0.9613345499999999 0.23415213437500002 0.9518290359374999 0.23120971875000002 0.9527986890625 0.232638965625 0.961897596875
3 0.2374809484375 0.9608283890625 0.24083041249999998 0.9598374015625 0.23866947500000002 0.949757528125 0.2351949828125 0.95095893125 0.2374809484375 0.9608283890625
3 0.2419371890625 0.9601871234375 0.24543299062499999 0.959392328125 0.24385740781249998 0.950097228125 0.240632971875 0.9508778015624999 0.2419371890625 0.9601871234375
3 0.3329563875 0.0229501703125 0.33587249531249996 0.026670731250000003 0.3399956109375 0.0170769734375 0.336986440625 0.014176742187499999 0.3329563875 0.0229501703125
3 0.170738215625 0.9671803015625 0.1700861078125 0.9625256421874999 0.162801825 0.96372284375 0.1635896171875 0.9683703937500001 0.170738215625 0.9671803015625
3 0.153899996875 0.96520868125 0.1541344 0.969681371875 0.1602188421875 0.9689547734374999 0.15998443906249998 0.964482084375 0.153899996875 0.96520868125
3 0.023636029687499997 0.7200615406249999 0.023776712499999998 0.7149576078125001 0.0176070328125 0.7140577718750001 0.017309357812500002 0.7187622078125 0.023636029687499997 0.7200615406249999
3 0.03402471875 0.7131973578124999 0.030632634375000002 0.713375128125 0.030904659374999997 0.7237578578125 0.034193025 0.7241971078125 0.03402471875 0.7131973578124999
3 0.827366615625 0.144635640625 0.8258371359375 0.149200771875 0.8314775640625 0.15298241875000002 0.83326775625 0.1481997609375 0.827366615625 0.144635640625
3 0.024410996875 0.7322526734375 0.02138334375 0.731595896875 0.020213296875 0.7404233015624999 0.02352296875 0.741269159375 0.024410996875 0.7322526734375
3 0.8258075421875001 0.10190623437499999 0.8233624140625 0.09938416718750001 0.81913275 0.10694488124999998 0.8217455250000001 0.11006975156250001 0.8258075421875001 0.10190623437499999
3 0.8354504015625001 0.0808107671875 0.8328695890625 0.07829580781249999 0.82894325625 0.086452215625 0.8315347234375 0.0891704765625 0.8354504015625001 0.0808107671875
3 0.8330757140625 0.0562678625 0.83076626875 0.05373868281250001 0.8267149078125 0.0621055046875 0.8293276828125 0.0652303734375 0.8330757140625 0.0562678625
3 0.847350946875 0.0430841203125 0.8443311203125001 0.0399805828125 0.8382075453125 0.052940978125 0.8412273703125001 0.056044514062499995 0.847350946875 0.0430841203125
3 0.7748401874999999 0.1314871640625 0.7740737046875 0.1272462203125 0.7673854296875 0.1294315015625 0.7681412578125 0.1334691390625 0.7748401874999999 0.1314871640625
3 0.769183534375 0.7971906484375 0.7663633187500001 0.7952998234375 0.7629079640625 0.804654721875 0.7656031484375 0.806755959375 0.769183534375 0.7971906484375
3 0.8069157609375001 0.48391522656249997 0.8041992656250001 0.4814073796875 0.8008050125 0.4893320390625 0.8035215078125001 0.49183988437500004 0.8069157609375001 0.48391522656249997
3 0.78241883125 0.4941690046875 0.7804503375 0.4981455546875 0.7859366015625 0.5041777671875 0.7878944406249999 0.49999791250000003 0.78241883125 0.4941690046875
3 0.1337106859375 0.7279515562500001 0.1349666265625 0.731147534375 0.14081666406249999 0.7259482484374999 0.1392787015625 0.7225631875 0.1337106859375 0.7279515562500001
3 0.09728581562500001 0.300322325 0.099762909375 0.3034543046875 0.10374251406249999 0.29631441875000003 0.1012867328125 0.293589046875 0.09728581562500001 0.300322325
3 0.07419984843750001 0.2829807265625 0.07041136875000001 0.283383134375 0.071968471875 0.2949216890625 0.075485584375 0.294533503125 0.07419984843750001 0.2829807265625
3 0.06468433125 0.1299709890625 0.068097725 0.1301998265625 0.0675436796875 0.11962801406250001 0.0640159140625 0.119812896875 0.06468433125 0.1299709890625
3 0.062770825 0.0778824859375 0.0663305578125 0.078307515625 0.06559538125 0.064279534375 0.0619425859375 0.0646748328125 0.062770825 0.0778824859375
3 0.062250259375000006 0.049776749999999995 0.0652352921875 0.0496203109375 0.0642848515625 0.039273135937499995 0.061321126562499995 0.039836182812499996 0.062250259375000006 0.049776749999999995
3 0.0624329015625 0.03508908125 0.0655429640625 0.034722228125 0.0646536234375 0.0229448140625 0.0615435609375 0.0233116671875 0.0624329015625 0.03508908125
3 0.1284475125 0.715791778125 0.13000678593749998 0.719583446875 0.13742109687499998 0.71307900625 0.1359868515625 0.7090769234375001 0.1284475125 0.715791778125
3 0.032887293750000005 0.7330316234375001 0.029181223437499997 0.7324104015625 0.029024887500000002 0.742407853125 0.03273095625 0.7430290765625001 0.032887293750000005 0.7330316234375001
3 0.7927718703125 0.51258563125 0.79486539375 0.5083986671875 0.7883760734374999 0.501399709375 0.7866576359375 0.5049554296875 0.7927718703125 0.51258563125
3 0.0251831359375 0.7417937421875 0.0282107875 0.74245051875 0.028638490625000002 0.7324388453124999 0.0254751546875 0.731789178125 0.0251831359375 0.7417937421875
3 0.8784166656249999 0.7500819046875 0.8805691171875001 0.7522115859375 0.8839953359375 0.7448968390624999 0.88145714375 0.7431950984375 0.8784166656249999 0.7500819046875