0 0.37237526718749997 0.4668296625 0.370971871875 0.474759375 0.3946928875 0.477995375 0.39505397656249996 0.4691596015625 0.37237526718749997 0.4668296625
2 0.8882429046875 0.4522935203125 0.899524378125 0.44563096093750004 0.8784739109374999 0.4245871671875 0.869208925 0.43208766875000004 0.8882429046875 0.4522935203125
2 0.758819853125 0.365406840625 0.7574845796874999 0.3743107359375 0.7900413687500001 0.3779078265625 0.7913766421874999 0.36900393125000003 0.758819853125 0.365406840625
2 0.7985365359375 0.3733979984375 0.7961589578125 0.38139583125 0.8198118515624999 0.3836576484375 0.8212152453125 0.3757279359375 0.7985365359375 0.3733979984375
2 0.8619804562500001 0.56670889375 0.8527359515624999 0.560502703125 0.8348190750000001 0.5842713578125001 0.8439954578125001 0.5895033656249999 0.8619804562500001 0.56670889375
3 0.9497384578125001 0.6457406609375 0.9485394265625 0.6565929234375 0.9740044453125 0.6567701312499999 0.975203475 0.6459178671875 0.9497384578125001 0.6457406609375
3 0.29735599687500003 0.5699702375 0.305285709375 0.5713736328125 0.30802437656250004 0.554540025 0.3001627859375 0.5541108125 0.29735599687500003 0.5699702375
3 0.7796450218750001 0.5372242515625001 0.781184659375 0.5312429062499999 0.7611560140625 0.5248118671875 0.7587784359375 0.5328097015625 0.7796450218750001 0.5372242515625001
3 0.377784028125 0.5721777390625 0.3819532484375 0.5758019875 0.3948424828125 0.564132265625 0.389562834375 0.558627771875 0.377784028125 0.5721777390625
3 0.74792571875 0.6716001484375 0.7493291125 0.6636704359375 0.725744340625 0.6623828015625 0.7252470078125001 0.669270209375 0.74792571875 0.6716001484375
3 0.6950882796875 0.6439685921875 0.6937530062499999 0.6528724875 0.7105184921875 0.6546369734375 0.7119218875 0.6467072609375 0.6950882796875 0.6439685921875
3 0.765113740625 0.6234087796875001 0.775059940625 0.625650115625 0.7806530390625 0.607637959375 0.77084308125 0.6073449906249999 0.765113740625 0.6234087796875001
3 0.7457391531249999 0.598332009375 0.74721066875 0.59137648125 0.7253699 0.587030053125 0.7239665046875 0.594959765625 0.7457391531249999 0.598332009375
3 0.38630680625 0.456066003125 0.38490341093749997 0.463995715625 0.40375350781249997 0.4675723234375 0.4061310859375 0.459574490625 0.38630680625 0.456066003125
3 0.4020776265625 0.47160530156249997 0.40158029375000004 0.47849270781250003 0.4193880859375 0.4811632546875 0.41988541875 0.4742758484375 0.4020776265625 0.47160530156249997
3 0.355841303125 0.49637529843749995 0.3647451984375 0.4977105703125 0.368389928125 0.4798346578125 0.358443728125 0.477593321875 0.355841303125 0.49637529843749995
3 0.2544099890625 0.62779435625 0.2567194453125 0.6188223390625 0.23884353281249998 0.615177609375 0.2355598921875 0.6242177484375 0.2544099890625 0.62779435625
3 0.811616328125 0.42045178125 0.8130197234375001 0.41252206874999997 0.7932635640625 0.40998776562500006 0.7908859859375 0.4179855984375 0.811616328125 0.42045178125
3 0.25112634843750004 0.6368344953125 0.25357204843750003 0.6298108453125 0.23354340312500002 0.6233798078125 0.2322081296875 0.6322837031249999 0.25112634843750004 0.6368344953125
3 0.807221353125 0.7075906265625 0.8058179578125 0.7155203390625 0.8284285468749999 0.71687609375 0.8288577578125 0.7090145031249999 0.807221353125 0.7075906265625
3 0.82528115 0.7278646 0.8266845437500001 0.7199348890625 0.8089448734375001 0.7182385250000001 0.8066354171875 0.7272105437499999 0.82528115 0.7278646
3 0.6710600359375001 0.8463329796875 0.67246343125 0.8384032671874999 0.6518012093750001 0.83691126875 0.6493555093750001 0.8439349187499999 0.6710600359375001 0.8463329796875
3 0.21099380625 0.7208934515625 0.20854810625 0.7279171015625 0.226492140625 0.7325360140625 0.228937840625 0.7255123640625001 0.21099380625 0.7208934515625
3 0.23423129375 0.6752159046874999 0.23570281093749998 0.6682603765625 0.2168527140625 0.6646837671875 0.21544931875 0.6726134796875 0.23423129375 0.6752159046874999
3 0.222084721875 0.6555073859375 0.219639021875 0.6625310359375 0.2405056078125 0.666945584375 0.24288318593749997 0.6589477515625 0.222084721875 0.6555073859375
3 0.2633886828125 0.6721980750000001 0.26486019843749997 0.6652425453124999 0.247890346875 0.6605555109375 0.24551276875 0.66855334375 0.2633886828125 0.6721980750000001
3 0.2601050421875 0.6812382140625 0.261440315625 0.6723343171875 0.24168415625 0.6698000140625 0.2411868234375 0.676687421875 0.2601050421875 0.6812382140625
3 0.763615065625 0.601976740625 0.7641805203125001 0.5960635171875001 0.7473469125000001 0.5933248484375 0.7458753953125 0.600280378125 0.763615065625 0.601976740625
3 0.8538739906249999 0.450781040625 0.8618037031249999 0.45218443593749996 0.869208925 0.43208766875000004 0.8602369078125 0.42977821250000003 0.8538739906249999 0.450781040625
3 0.8423529562500001 0.80400765 0.8428502890624999 0.7971202421875 0.8202396999999999 0.7957644875 0.8187681843749999 0.8027200156250001 0.8423529562500001 0.80400765
3 0.78480359375 0.06501099375 0.7919634859375 0.0694050609375 0.8017258046875 0.055017153124999996 0.7947021546874999 0.052571453125 0.78480359375 0.06501099375
3 0.693459584375 0.8026719234374999 0.694862978125 0.7947422109375 0.6741326359375 0.7922760281250001 0.6727292406250001 0.8002057406249999 0.693459584375 0.8026719234374999
3 0.852109959375 0.32755705156250003 0.851633109375 0.320737765625 0.8350719874999999 0.32189583125 0.8355488375 0.3287151171875 0.852109959375 0.32755705156250003
3 0.9217204703125 0.1190684 0.91268033125 0.11578475937499999 0.900404190625 0.1362221328125 0.9104185140625001 0.139437653125 0.9217204703125 0.1190684
3 0.613204353125 0.032957759375 0.613681203125 0.039777045312499995 0.635951184375 0.03626188125 0.633525965625 0.0295788390625 0.613204353125 0.032957759375
3 0.6520830953125001 0.04296540625 0.6495897546875 0.0353081796875 0.6314208734375 0.0414734078125 0.6329400296875 0.049198756249999996 0.6520830953125001 0.04296540625
3 0.6895994062499999 0.0334893796875 0.6967593 0.037883446875 0.70715519375 0.0185565 0.699157359375 0.0161789203125 0.6895994062499999 0.0334893796875
3 0.7060514437500001 0.058770515625 0.715159703125 0.06302833906250001 0.724785778125 0.0466920640625 0.7158137609375 0.04438260625 0.7060514437500001 0.058770515625
3 0.7176258859375 0.042297996875 0.7247176578125 0.045717879687500004 0.7335057921875 0.03139809375 0.724465653125 0.028114453125 0.7176258859375 0.042297996875
3 0.774339578125 0.0833637578125 0.7824055328124999 0.0867155203125 0.7920997296875 0.07135342812499999 0.783059590625 0.0680697890625 0.774339578125 0.0833637578125
3 0.7941162187499999 0.07219136875 0.8012079906249999 0.075611253125 0.8090900624999999 0.062333771875 0.8030405953124999 0.05981995 0.7941162187499999 0.07219136875
3 0.8642222453124999 0.41677321718749993 0.8721519578124999 0.4181766109375 0.8769071140625 0.40218094375 0.8689774015625 0.4007775484375 0.8642222453124999 0.41677321718749993
3 0.8014461890625 0.149015634375 0.7962346625000001 0.1444853234375 0.78341355 0.1571292296875 0.7895311390625 0.160617234375 0.8014461890625 0.149015634375
3 0.7822145203125 0.1679814921875 0.7759606890625 0.16254512031249999 0.76264224375 0.18207643281250002 0.7698021374999999 0.1864705 0.7822145203125 0.1679814921875
3 0.0874853390625 0.2146037953125 0.0879145515625 0.2067422046875 0.07010675937500001 0.2040716578125 0.067661059375 0.21109530781250002 0.0874853390625 0.2146037953125
3 0.4177678828125 0.12200294062499999 0.41819709375 0.11414135 0.3973986296875 0.110700984375 0.39606335625 0.1196048796875 0.4177678828125 0.12200294062499999
3 0.646748678125 0.1206752515625 0.63979315 0.11920373437500001 0.634063809375 0.13526752343749998 0.640045153125 0.1368071625 0.646748678125 0.1206752515625
3 0.6736852125 0.11389692968750001 0.665823621875 0.11346771874999999 0.663084953125 0.1303013265625 0.671014665625 0.13170472187499999 0.6736852125 0.11389692968750001
3 0.6675947812499999 0.1387964921875 0.661545315625 0.136282671875 0.6527571812499999 0.15060245781249998 0.659848953125 0.1540223421875 0.6675947812499999 0.1387964921875
3 0.6801229265625001 0.13596254531250002 0.6722613359375 0.13553333437499998 0.6695226671875 0.1523669421875 0.6764781953125001 0.15383845937500001 0.6801229265625001 0.13596254531250002
3 0.4581791328125 0.2239244578125 0.462484596875 0.2294970734375 0.4795430515625 0.22145160000000003 0.47516946562499995 0.2149048 0.4581791328125 0.2239244578125
3 0.28452730000000004 0.8204988343749999 0.28298766249999996 0.8264801796875 0.30190588125 0.831030971875 0.304419703125 0.82498150625 0.28452730000000004 0.8204988343749999